============================== SRIM-2013.00 ==============================
==============================================================================
====== SRIM Outputs\RANGE_3D.txt : File of Final Ion Positions =====

Ion =  F (09)   Ion Mass= 018.9984
Energy  = 2000000.E-05 keV
Ion Angle to Surface = 00.0 degrees
==================== TARGET =======================
  Layer # 1 - None
  Layer # 1 - Bottom Depth=500000.E-01 A
  Layer # 1 - Density =0007.8700 g/cm3
  Layer # 1 -  100 % of Fe
様様様様様様様様様様様様様様様様様様様様様様様様様様
                                            
Ion       Depth  X   Lateral Y   Lateral Z  
Number    (Angstrom) (Angstrom)  (Angstrom) 
-------  ----------- ----------- -----------
0000001   6.0564E+01 -1.1474E+00 -1.4355E+02
0000002   1.8470E+02 -6.4809E+01 -2.4548E+02
0000003   2.0664E+02 -4.5613E+01  4.0747E+01
0000004   1.9915E+02  3.2668E+02  1.0772E+02
0000005   1.2899E+02  1.0972E+02 -1.1922E+01
0000006   2.7176E+02  6.1473E+01  2.9415E+01
0000007   1.8088E+02  1.6353E+02  7.2215E+01
0000008   1.0089E+02  3.9375E+01 -3.7345E+01
0000010   1.0101E+02 -1.6756E+02  1.6718E+02
0000011   1.4609E+02 -1.7350E+02  1.4004E+02
0000012   1.9926E+02 -1.8283E+02  2.5035E+01
0000013   1.7057E+02  1.1955E+02  4.1041E+01
0000014   9.6764E+01 -6.7788E+01  2.1881E+01
0000015   7.8947E+01  8.0191E+01  7.7383E+01
0000017   2.8153E+02 -1.6631E+02 -2.9124E+02
0000018   1.6574E+02  2.0056E+02  1.8547E+02
0000019   1.6614E+02 -1.5378E+02 -7.3992E+01
0000020   8.4998E+01  1.4498E+01  5.8154E+01
0000021   1.2413E+02  1.1382E+01  1.1060E+02
0000022   2.1735E+02 -1.9107E+02 -2.7619E+01
0000023   7.5797E+01  9.4320E+01  3.2371E+00
0000024   3.4976E+02 -4.7068E+01  6.7675E+01
0000025   2.8558E+02  1.5131E+02 -1.6276E+01
0000026   2.2402E+02  4.6539E+01 -5.7379E+01
0000027   1.6594E+02  1.9429E+02  4.3592E+00
0000028   5.3304E+01  2.6128E+02 -8.8138E+01
0000029   2.5387E+02 -1.6732E+02  8.8046E+01
0000030   2.1876E+02  1.8497E+01  4.8027E+01
0000031   3.5690E+02  3.0416E+01 -1.8990E+02
0000032   6.9114E+01  5.7544E+01 -1.2470E+01
0000033   2.5718E+02 -5.9466E+01  5.6605E+01
0000034   1.3409E+02  6.7423E-01  7.4417E+01
0000035   3.0831E+02 -1.7989E+02  2.1658E+02
0000036   2.5030E+02  2.5169E+00  5.9187E+01
0000037   3.9069E+02 -2.5814E+01 -4.7022E+01
0000038   2.7120E+02 -1.2410E+02  1.5283E+02
0000039   2.2127E+02 -7.4559E+01 -1.8126E+02
0000040   1.3301E+02  1.3023E+01  6.6703E+01
0000041   2.6573E+02  2.0923E+02 -2.7888E+01
0000042   4.9707E+02  1.7154E+02  7.2440E+01
0000043   2.9399E+02 -1.3041E+02  1.6870E+02
0000044   1.6142E+02  7.9680E+00 -4.3654E+01
0000047   1.9326E+02  3.0875E+01 -1.1803E+02
0000048   1.1948E+02 -1.6102E+02 -9.7259E+01
0000049   1.9916E+02 -4.9475E+01 -9.7202E+01
0000050   2.8799E+02  2.5983E+01 -1.9826E+02
0000051   2.9997E+02  2.2081E+02 -2.5775E+01
0000052   1.4006E+02  5.6986E+01 -1.7075E+02
0000053   2.7271E+02  4.8009E+01 -9.7147E+01
0000054   1.7601E+02 -3.1598E+01 -7.1329E+00
0000055   6.2720E+01  5.5366E+01 -1.3527E+00
0000057   1.5654E+02 -4.4324E+01 -3.3982E+01
0000058   2.4081E+02  2.4210E+02  3.9824E+02
0000061   2.5419E+02 -1.6902E+02 -2.2456E+01
0000062   1.3019E+02  8.5739E+01 -2.1760E+01
0000063   5.3184E+01  1.0901E+01  8.2339E+01
0000064   1.1638E+02 -1.3052E+02  1.2461E+01
0000065   1.7483E+02 -1.5646E+02  1.8086E+02
0000066   4.5008E+02  5.5320E+01 -1.8912E+01
0000067   1.7326E+02 -8.7018E+01 -9.5372E+01
0000068   1.3715E+02  1.4420E+02  6.2429E+01
0000070   2.4432E+02  3.5234E+01  1.6484E+02
0000071   2.9985E+02 -7.3734E+01  1.1612E+02
0000072   3.5991E+01 -2.7600E+01 -9.9550E+01
0000073   2.3277E+02  1.1213E+02  8.4136E+01
0000074   3.2480E+02  1.9632E+02  3.0197E+02
0000075   2.6166E+02  1.4690E+01  4.8521E+01
0000076   2.2760E+02  2.4696E+02  1.5030E+02
0000077   3.0534E+02 -2.1225E+01 -1.3644E+02
0000078   1.7180E+02  2.6257E+01  2.4177E+01
0000079   4.4355E+02 -2.4841E-01 -4.9757E+01
0000080   1.2859E+02 -6.6322E+01 -4.8284E+01
0000081   6.4213E+01  5.4909E+00 -1.4737E+02
0000082   3.2770E+02  2.0472E+02 -1.3579E+01
0000083   3.1123E+02 -1.6687E+02 -8.6977E+01
0000084   2.0783E+02  1.6762E+02 -1.0881E+02
0000085   1.6473E+02 -4.1547E+00  3.0614E+00
0000087   3.2685E+02  2.0797E+02 -1.4217E+02
0000088   1.8625E+02 -1.8169E+02  6.1759E+01
0000089   2.2937E+02 -7.3520E+01  1.2249E+02
0000090   2.5938E+02 -3.9913E+01 -9.0540E+01
0000091   2.8123E+02  2.8909E+02  1.4644E+02
0000093   4.5405E+02 -3.4243E+02  2.0224E+02
0000094   2.4844E+02 -6.0611E+01 -4.6799E+01
0000095   6.0056E+01  6.4911E+01 -1.6055E+02
0000096   8.8128E+01  7.0059E+01  8.1614E+01
0000097   1.5688E+02  2.0393E+01  4.7536E+01
0000098   1.0569E+02 -1.2964E+01 -2.7619E+01
0000099   3.7358E+02 -8.2804E+01 -3.2605E+01
0000100   1.7669E+02 -7.5458E+01  1.5404E+02
0000101   9.2553E+01 -4.5843E+01  2.7193E+00
0000102   5.5603E+01 -5.5958E+01  5.9746E+01
0000104   2.4530E+02 -3.3024E+01  1.3676E+01
0000105   1.7317E+02 -7.1539E+00  6.9799E+01
0000106   8.4013E+01 -8.0948E+01 -1.0829E+02
0000108   2.3870E+02 -1.0265E+02 -1.4185E+02
0000109   3.9502E+02 -1.7502E+02  2.5002E+02
0000110   3.8014E+02 -6.7664E+00  3.0936E+01
0000111   1.9592E+02 -9.6711E+01  5.4263E+01
0000112   4.4671E+02 -1.5849E+02  1.3094E+02
0000113   2.8245E+02 -3.2454E+01 -2.7168E+01
0000114   2.2554E+02 -5.5069E+01 -1.0051E+02
0000116   1.8163E+02 -1.4257E+02 -3.1369E+01
0000117   1.7963E+02 -8.0074E+01  6.6696E+01
0000118   2.8129E+02  2.6362E+02 -1.1657E+02
0000119   2.0647E+02  2.1317E+02 -3.2315E+01
0000120   1.7207E+02  7.4822E+01 -3.3186E+01
0000121   1.4348E+02  2.0359E+02  1.3681E+01
0000122   8.0825E+01  2.9096E+02 -1.1099E+02
0000123   2.1225E+02 -1.7882E+02  2.7122E+02
0000124   2.6004E+02 -7.7849E+01  1.6070E+02
0000125   7.5490E+01 -7.1641E+01 -1.0502E+01
0000126   4.6356E+02  8.5549E+01  1.0886E+00
0000127   1.4293E+02  1.1232E+02  2.1954E+01
0000128   3.1001E+02  5.9729E+01  5.2538E+01
0000129   6.6099E+01 -4.3242E+01 -1.6411E+02
0000130   2.7700E+02 -1.4532E+02  4.6176E+01
0000131   2.1580E+02  6.6863E+01  7.2756E+01
0000132   3.5050E+01 -1.0595E+02 -1.6789E+02
0000133   1.5678E+01  7.9903E+01  1.5527E+02
0000134   3.5442E+02 -3.3918E+00  1.2401E+02
0000135   4.8671E+01  2.3030E+02 -4.2698E+01
0000136   1.7683E+02 -8.8072E+01 -5.2648E+01
0000137   1.2792E+02 -6.4569E+01  1.8091E+02
0000138   6.8159E+01 -1.2675E+02  9.0962E+01
0000139   1.1772E+02  2.3879E+02 -5.7536E+01
0000140   1.4213E+02  1.7592E+01 -3.4393E+00
0000141   1.7282E+02 -3.0050E+01 -9.8260E+01
0000142   6.9016E+01 -2.0045E+02 -9.2800E+01
0000143   1.3013E+02  4.9579E+01  1.8821E+02
0000144   3.1815E+02 -1.8822E+01 -8.7380E+01
0000145   2.4299E+02  7.3289E+00  5.3155E+01
0000146   1.1415E+02 -8.8554E+01 -7.1899E+01
0000148   3.6957E+02 -2.0803E+02  1.1879E+02
0000149   3.9260E+02  8.2463E+01 -9.0903E+01
0000150   2.5894E+02  1.3687E+02  1.4514E+02
0000151   1.5906E+02 -1.1705E+01 -1.2465E+02
0000152   1.6463E+01 -2.3070E+02  1.2529E+02
0000153   3.1627E+02 -5.3681E+00 -1.3184E+02
0000154   5.4437E+01  9.5686E+00 -9.8474E+00
0000155   1.8188E+02  4.1225E+01 -1.8729E+02
0000156   2.1046E+02 -1.9155E+02 -1.0486E+02
0000158   1.7991E+02 -8.8425E+01  4.7288E+01
0000159   4.2141E+02  4.7555E+01  1.5529E+02
0000160   2.6002E+02  1.0158E+02 -2.7611E+01
0000161   1.7949E+02 -7.5302E+00 -3.0655E+02
0000162   2.1348E+02 -9.8261E+01 -6.6080E+01
0000163   1.9864E+02  5.5351E+01 -2.5766E+01
0000165   2.2784E+02 -1.0709E+01 -3.1041E+02
0000166   9.1221E+01 -9.5322E+01  1.0578E+02
0000167   1.6203E+02  1.3655E+02 -4.7875E+01
0000168   3.5876E+02  1.9343E+02 -2.6842E+00
0000169   9.3540E+01  3.0431E+02 -1.0387E+02
0000170   2.5260E+02  3.4081E+01  1.2189E+02
0000171   1.3008E+02 -2.2431E+02  6.7675E+01
0000172   2.1531E+02 -4.3605E+00  3.7307E+01
0000174   2.8637E+02  1.5042E+02  1.1673E+02
0000175   1.2458E+02 -4.7571E+01 -5.6591E+01
0000176   1.5924E+02  7.1087E+01  1.4305E+02
0000177   1.6696E+02  3.5902E+01  3.4710E+01
0000178   2.1442E+02  1.9208E+00 -2.7191E+02
0000179   1.9212E+02  1.5138E+02  5.6703E+01
0000180   1.8187E+01 -5.7566E+01 -6.6460E+01
0000181   9.7747E+01  4.4471E+01  7.1639E+00
0000182   2.0230E+02 -9.7406E+01  3.9642E+01
0000183   3.5255E+02  2.9376E+02  1.5925E+02
0000184   3.7433E+02 -3.6122E+01  4.1601E+01
0000185   4.3186E+02 -2.2217E+01 -2.2248E+01
0000186   3.1894E+02  1.9577E+01  9.8298E+01
0000187   8.9479E+01 -2.1447E+01 -2.1200E+00
0000188   3.4970E+02 -6.1271E+01 -1.1935E+02
0000189   3.5927E+02  2.8220E+02  9.0799E+01
0000190   2.0606E+02  3.0396E+01  4.1209E+01
0000191   7.1820E+01 -1.0482E+01 -4.1459E+00
0000192   2.8882E+02  4.1094E+01  6.2050E+01
0000193   1.3664E+02  6.7397E+01 -7.9501E+01
0000194   3.5389E+02 -3.6325E+01 -7.8584E+01
0000195   1.0102E+02  1.1782E+02 -3.2101E+01
0000196   3.3861E+02 -7.4398E+01 -7.9575E+01
0000197   3.6309E+02 -8.9084E+01 -2.4118E+01
0000198   1.8343E+02  9.7334E+01 -1.1305E+01
0000199   2.5591E+02 -7.8380E+01 -3.4645E+01
0000201   1.3678E+02 -8.9737E+00  1.8480E+02
0000202   8.4232E+01 -8.8890E+01  9.9892E+00
0000203   9.6165E+01 -8.2762E-01  6.7084E+01
0000204   9.5726E+01 -2.2013E+02 -2.6225E+01
0000205   4.0481E+02 -7.8657E+01  1.5782E+02
0000206   2.3632E+02 -1.1222E+02  1.3095E+02
0000207   2.7290E+01 -8.1460E+01  7.8471E+01
0000208   2.2245E+02 -1.7498E+01  3.3432E+01
0000209   1.6909E+02 -2.3593E+02 -8.0926E+01
0000210   2.2002E+02 -3.4388E+00 -1.3684E+01
0000211   1.5536E+02  7.0391E+01  8.5487E+01
0000212   3.2969E+02  1.0953E+02 -1.1547E+02
0000213   2.1104E+02  1.1084E+02 -6.4173E+01
0000214   2.7296E+02 -1.4305E+02 -1.3122E+02
0000215   2.5346E+02 -1.2966E+02  2.5068E+02
0000216   9.3066E+01 -3.4431E+01 -1.3221E+02
0000217   2.5186E+01  1.7129E+02  8.1044E+01
0000218   2.4867E+02 -1.1934E+02 -3.2940E+01
0000220   3.8125E+02  8.9121E+01 -1.0324E+01
0000221   2.6650E+02  3.4163E+02  1.0549E+02
0000222   2.1208E+02  3.2850E+01  1.6776E+02
0000223   2.3191E+02  1.5233E+02 -9.5973E+00
0000224   2.4443E+02  4.6834E+01  8.0389E+01
0000225   3.6127E+02  6.4796E+01  1.6991E+02
0000226   3.0222E+02 -3.1598E+02 -1.7430E+02
0000227   2.7171E+02 -7.2577E+01 -5.9880E+01
0000228   2.1864E+02  7.5304E+01 -7.3978E+01
0000229   3.2560E+02  3.2686E+02  4.7513E+00
0000230   5.2637E+02  9.2066E+01  3.2164E+02
0000231   2.1610E+02 -7.3208E+01  2.8561E+02
0000232   2.2595E+02 -3.0950E+00 -2.0218E+02
0000233   2.4835E+02  1.4705E+02 -7.1155E+01
0000234   1.7151E+02  8.4298E+01  5.0309E+01
0000235   3.8121E+02  1.8564E+02 -1.6026E+02
0000236   2.0525E+02 -1.6743E+02 -8.5597E+01
0000237   1.5256E+02  7.6196E+01 -1.0263E+01
0000238   1.8556E+02  4.7795E+01  3.0638E+00
0000239   2.8570E+02  1.1732E+02  1.4459E+02
0000240   1.3857E+02  8.1359E-01  1.3199E+01
0000241   2.0517E+02 -2.4969E+01 -1.9702E+01
0000242   1.1905E+02 -1.8727E+02  2.3901E+02
0000243   1.5480E+02 -8.2626E+01  1.2503E+02
0000244   2.2276E+02  1.2405E+02 -6.8845E+01
0000245   9.2209E+01 -3.0288E+01  3.7848E+01
0000246   2.1379E+02  2.6775E+02  2.2156E+01
0000247   2.9987E+02  4.1790E+01  3.5312E+00
0000248   3.4474E+02 -1.5093E+02 -1.9473E+01
0000249   3.5400E+02  5.9382E+01 -4.0177E+01
0000250   5.2433E+02 -1.6892E+02 -5.0676E+01
0000251   2.8788E+02 -5.3042E+01  2.4721E+02
0000252   1.1886E+02  3.9264E+01  1.1246E+02
0000254   3.3961E+02 -8.0553E+01  2.1758E+01
0000255   3.0487E+01  3.8786E+01  2.6902E+00
0000256   1.5691E+02 -1.4876E+02 -1.4593E+02
0000257   2.2909E+02 -3.3575E+01 -1.0212E+02
0000258   2.2257E+02  1.8446E+00  1.0592E+02
0000260   1.7459E+02 -2.3099E+02 -4.8475E+01
0000261   1.2072E+02  4.1267E+01  1.7285E+02
0000262   3.5796E+02  6.4914E+01 -1.2216E+02
0000263   1.3134E+02 -1.2251E+02 -2.4830E+02
0000264   2.0108E+02 -4.0443E+01 -1.4670E+02
0000265   1.0164E+02 -2.5783E+00 -1.4666E+02
0000266   1.2620E+02 -5.0339E+01  2.3259E+02
0000267   2.4494E+02 -5.3079E+01  8.5537E+01
0000268   1.2371E+02  2.6258E+02  1.3734E+02
0000269   2.4691E+01  8.9357E+01  1.5570E+01
0000270   2.9740E+02  3.0679E+01 -1.3744E+02
0000271   3.1215E+02  2.0159E+02 -1.3248E+01
0000272   1.9708E+02 -1.4313E+02 -1.6285E+01
0000273   1.6446E+02 -3.5172E+01 -1.4373E+02
0000274   2.5807E+02 -1.3906E+02  2.4231E+02
0000275   2.8109E+01  9.4190E+00  3.6984E+01
0000276   9.3740E+01 -3.0164E+01  1.8399E+01
0000277   7.1539E+01  1.3555E+01 -1.3067E+02
0000278   2.2637E+02  1.0675E+02  1.1316E+02
0000279   1.4953E+02  4.3165E+01 -5.4717E+01
0000280   3.4837E+02  1.2756E+02 -9.3927E+01
0000281   3.1720E+02 -3.7243E+01  5.0510E+01
0000282   3.3564E+02 -1.5588E+02  2.6675E+01
0000283   3.5226E+02  1.7853E+02 -7.4807E+01
0000284   3.7091E+02 -5.2499E+01 -1.6583E+02
0000285   3.3849E+02 -1.4101E+02  1.4004E+02
0000286   2.8443E+02 -5.0682E+01 -1.5512E+02
0000287   5.0985E+02 -1.1230E+02 -1.0458E+02
0000288   2.6184E+02  1.5306E+02 -1.2308E+02
0000289   3.1601E+02  1.5549E+02  1.0073E+02
0000290   7.9436E+01 -1.0066E+02 -3.3603E+01
0000291   4.6900E+02  2.0432E+01  1.4140E+02
0000292   4.2483E+02  9.8712E+01  1.0858E+02
0000293   3.1498E+01  1.5551E+02 -1.0711E+02
0000294   1.3677E+02 -2.2833E+02  1.2027E+02
0000295   9.4670E+01 -8.2418E+01  9.3299E+01
0000296   1.8160E+02  9.4745E+01 -1.4428E+02
0000297   9.5153E+01 -1.0427E+01 -5.9329E+00
0000298   2.0074E+02 -1.0167E+02 -1.7241E+02
0000299   2.1882E+01 -6.6060E+01  1.0541E+01
0000301   2.5633E+02  6.6536E+01 -2.3450E+01
0000302   1.5882E+02  1.9368E+02  1.2080E+02
0000303   1.6231E+02  5.1516E+01  1.5088E+02
0000304   1.5618E+02  6.1045E+01  1.1382E+02
0000305   3.7709E+02  1.4960E+01  3.1522E+02
0000306   1.1226E+02  1.8263E+01  1.5047E+02
0000307   4.2554E+02 -3.1296E+02 -2.0734E+01
0000308   2.1861E+02 -1.2845E+02  2.6208E+02
0000309   3.8716E+02  9.1102E+01  1.7319E+02
0000310   2.8269E+02  6.6658E+01 -7.3286E+01
0000311   2.4271E+02 -2.1865E+02 -6.0548E+01
0000312   1.5547E+02  7.8146E+01 -6.8149E+00
0000313   3.7170E+01 -5.5572E+01 -5.2436E+01
0000314   2.8314E+02 -3.6134E+01 -3.2308E+01
0000315   2.2306E+02 -4.7896E+01  9.6707E+01
0000316   2.4242E+02  2.2696E+02  2.1737E+01
0000317   1.7567E+02  1.1998E+02 -1.8897E+01
0000318   2.5044E+02 -2.0768E+02 -1.5717E+01
0000320   1.9010E+02 -2.4234E+02  2.9459E+02
0000321   8.4055E+01  1.5197E+02 -1.5473E+02
0000322   5.6451E+01 -4.1727E+01  1.5949E+01
0000323   4.3524E+02  5.0822E+00 -1.4034E+02
0000324   1.4011E+02 -2.7505E+02 -5.5661E+01
0000325   4.4847E+02  4.9246E+01 -1.1623E+02
0000326   2.3374E+02  4.3423E+01  1.4688E+01
0000327   8.1216E+01 -6.1088E+00 -6.6556E+01
0000328   6.8613E+01 -2.0909E+02  1.2786E+02
0000329   1.2717E+02  1.3808E+02 -5.6080E+01
0000330   3.2233E+02  1.2968E+02  4.3385E+01
0000331   1.9859E+02 -1.1349E+02  8.6607E+01
0000332   8.2978E+01  2.1872E+02  4.8551E+01
0000333   1.8530E+02  8.8499E+01  1.3985E+02
0000334   6.7023E+01 -2.2254E+01 -9.7350E+01
0000335   1.5153E+02  2.5934E+01 -1.1761E+02
0000336   7.3776E+01  1.2792E+01  1.7732E+01
0000337   3.5308E+02  1.4152E+02 -8.2340E+01
0000338   6.0416E+01 -2.2170E+01  8.9765E+01
0000339   2.5530E+02 -5.7476E+00  2.7727E+02
0000340   3.5011E+01  6.5339E+01  1.2768E+01
0000341   3.2600E+02 -9.6559E+01 -6.2024E+01
0000342   1.4932E+02  1.2354E+02  3.3740E+01
0000343   2.9303E+02  1.7810E+02  2.2600E+02
0000344   2.8605E+02  2.9733E+02  6.0559E+01
0000345   3.7326E+02  1.9008E+01  3.1112E+01
0000347   2.0679E+02 -6.1404E+01  1.3168E+02
0000348   1.5055E+02  1.2808E+02 -5.2682E+01
0000349   9.9872E+01  1.9594E+00 -1.1074E+01
0000350   1.3824E+02  1.0432E+02  1.6890E+02
0000351   2.5921E+02 -2.1452E+01  1.2298E+01
0000352   8.5119E+01  1.4231E+02 -2.8110E+02
0000353   2.5764E+02  2.1331E-02 -3.1088E+01
0000354   4.2091E+02  1.6407E+02 -2.6296E+02
0000355   4.4058E+02 -1.1260E+02 -2.3713E+02
0000356   1.2490E+02 -8.6214E+01 -9.3127E+01
0000357   3.1371E+02  8.6280E+01  2.9048E+01
0000358   3.2621E+02 -5.2153E+00  9.8066E+01
0000359   2.0593E+02  1.7137E+02 -1.4546E+01
0000360   1.8480E+02 -2.2537E+01  4.6317E+00
0000361   4.1230E+02 -1.2561E+02 -6.5359E+01
0000362   3.0483E+02 -6.8821E+01  5.6005E+01
0000363   1.1785E+02 -1.1802E+02  1.5387E+00
0000364   1.0520E+02  3.7011E+01 -2.5963E+02
0000365   1.2543E+02 -2.2366E+01 -1.6381E+01
0000366   1.2237E+02  6.4311E+01  1.9539E+01
0000367   2.8302E+02  3.4653E+01  1.5229E+02
0000368   4.5628E+01 -6.1777E+01 -1.7000E+01
0000370   1.6357E+02 -2.0524E+02  1.2809E+02
0000371   3.2530E+02 -1.6537E+02 -2.0448E+02
0000372   2.0893E+02 -1.7309E+01 -9.1323E+01
0000373   5.9230E+01  2.3634E+02  5.9275E+01
0000374   3.0848E+02  1.3221E+02 -2.9858E+01
0000375   3.0621E+02  2.4967E+02 -1.9613E+02
0000376   8.3616E+01 -5.6622E+01 -6.2962E+01
0000377   2.1678E+02 -1.3885E+01  1.2014E+02
0000378   2.3600E+02 -3.2060E+02  1.3480E+02
0000379   6.2357E+01 -1.1414E+02  1.3862E+02
0000380   1.9426E+02 -3.3909E+01  9.7297E+01
0000381   3.4199E+02 -4.9399E+01  3.5918E+01
0000382   1.7492E+02 -2.4343E+02  2.0073E+01
0000383   1.9811E+02 -1.6567E+02 -5.7915E+00
0000384   1.5200E+02 -5.7270E+01 -1.8117E+01
0000385   1.4042E+02  5.3736E+01 -1.0274E+02
0000386   1.5531E+02  2.1426E+02  9.7032E+01
0000387   2.7452E+02 -9.4684E+01 -1.3586E+02
0000388   2.9571E+02  1.1065E+02  1.2076E+02
0000389   3.4051E+02  8.8137E+01 -1.6307E+02
0000390   2.2257E+02  2.0972E+01  1.4352E+01
0000391   3.6273E+02 -1.6490E+01  8.6180E+01
0000393   1.0329E+02 -2.9314E+01  4.1514E+01
0000394   1.0023E+02  1.9268E+01  8.7873E+01
0000395   2.7895E+02  1.4437E+02 -2.4311E+02
0000396   3.1980E+02 -5.4502E+01 -3.1353E+00
0000397   1.1525E+02 -3.2773E+01  6.7173E+01
0000398   2.2758E+02  7.5366E+01  1.2354E+01
0000399   2.2753E+02  1.6473E+01  2.5339E+02
0000400   1.3809E+02 -4.5647E+00 -5.3524E+00
0000401   1.9925E+02  1.2434E+02  6.4199E+01
0000402   3.3748E+02 -5.6311E+01  1.0854E+02
0000403   1.8327E+02  7.3568E+01 -5.9827E+01
0000404   4.6786E+02  6.9677E+01 -2.2249E+01
0000405   2.3016E+02 -1.0075E+02  1.9710E+02
0000406   3.7674E+02  7.7680E+01  9.0866E+00
0000407   5.2275E+02 -1.7087E+02 -2.0851E+01
0000408   2.8687E+01  1.1957E+02  7.4644E+01
0000409   1.7161E+02  1.2444E+02 -9.7808E+01
0000410   1.6389E+02  5.9580E+01 -3.4381E+01
0000411   1.5283E+02 -9.0867E+01  2.4456E+02
0000412   1.8609E+02  1.3128E+02 -1.1790E+02
0000413   1.4552E+02  1.3623E+02 -3.9255E+01
0000414   1.7007E+02 -2.4521E+02  1.9111E+01
0000415   1.4568E+02  4.1245E+01  2.8356E+02
0000416   3.4175E+02 -9.4076E+00  2.6524E+01
0000417   1.2617E+02  1.9090E+02 -6.3297E+01
0000418   2.7619E+02  1.0252E+02  1.3324E+02
0000419   2.9869E+02 -2.1496E+01  2.9796E+01
0000420   3.9505E+02  1.7093E+02 -1.3415E+01
0000421   2.7045E+02 -1.8163E+01  5.4177E+01
0000422   3.1230E+01 -9.6317E+01 -1.9286E+01
0000423   9.1319E+01  5.3903E+01  9.1149E+01
0000424   3.1469E+02  3.8648E+01  2.2138E+02
0000425   2.5015E+02 -7.2487E+01 -8.3086E+01
0000426   2.9445E+01 -1.4968E+00 -5.3974E+01
0000427   2.6413E+02  2.8867E+02 -1.1327E+02
0000428   2.0556E+02  1.9616E+02 -1.6699E+02
0000429   1.0374E+02 -2.1900E+00  1.1722E+02
0000430   2.9988E+02  6.7266E+01 -1.2066E+02
0000431   2.5385E+01  3.7098E+01 -6.7863E+01
0000432   4.4344E+02  9.2260E+01  4.6188E+01
0000433   3.3718E+02 -1.7334E+02  8.0992E+01
0000434   7.0343E+01  1.8160E+02 -2.3602E+02
0000435   2.0649E+02 -7.0771E+01  7.5250E+01
0000436   9.3763E+01  9.0079E+01  4.4521E+01
0000437   7.9766E+01  2.2991E+02  8.1174E+01
0000438   3.7470E+02 -2.0419E+01  4.0661E+01
0000439   1.6311E+02 -1.8211E+02 -3.3954E+00
0000440   2.9841E+02 -1.8407E+02 -1.0134E+02
0000442   9.1781E+01 -3.8412E+02 -9.5782E+01
0000443   2.9103E+02  1.5005E+02 -1.8084E+02
0000444   5.3594E+01 -2.3076E+02  1.4722E+01
0000445   3.0776E+02  2.0045E+02 -1.6503E+01
0000446   1.4200E+02 -8.3872E+01  3.4194E+02
0000447   1.9816E+02 -8.0092E+01 -1.4692E+02
0000448   2.2369E+02 -8.4597E+01  3.0840E+01
0000449   1.8831E+02 -4.9460E+00 -1.0102E+02
0000451   1.7431E+02 -1.5463E+02 -1.8801E+02
0000452   2.5475E+02 -8.8241E+01 -5.0823E+01
0000453   2.3194E+02  1.1061E+02 -2.9870E+01
0000454   1.7960E+02  2.3810E+02 -9.6280E+01
0000455   3.4227E+02 -5.2295E+01 -7.3220E+01
0000456   9.3579E+00 -1.8734E+02  2.2626E+01
0000457   1.9775E+02  1.0742E+02 -2.5217E+01
0000458   3.0259E+02 -6.9242E+01 -6.9907E+01
0000459   5.3874E+02 -3.6887E+01 -7.0932E+01
0000460   2.0894E+01 -1.0344E+01  5.5188E+01
0000461   1.4059E+02 -3.0539E+02  8.1778E+01
0000462   3.9861E+02  6.7305E+01 -1.1028E+01
0000463   2.2289E+02 -8.2987E+01  1.9734E+02
0000465   2.5247E+02 -2.4470E+01  6.4736E+01
0000466   1.7512E+02 -7.9707E+01  1.8991E+01
0000467   3.9902E+02  3.0792E+02  8.5594E+01
0000468   1.9037E+02 -8.5761E+01  1.1409E+02
0000469   3.1647E+01  2.2754E+02 -5.1852E+01
0000470   1.7902E+02  3.2983E+00  7.6792E+01
0000472   4.7346E+01 -1.9128E+02  2.1146E+00
0000474   1.5103E+02 -3.3856E+01 -2.3576E+02
0000475   2.5912E+02 -3.7661E+01 -2.4472E+01
0000476   2.5865E+01 -9.3931E+00 -9.3639E+01
0000477   1.5550E+02 -3.2563E+02  1.7481E+02
0000478   4.2118E+01  1.0655E+02  1.6982E+02
0000479   1.0528E+02 -1.1563E+02  2.6594E+02
0000481   2.4577E+02 -1.2350E+02 -1.3064E+02
0000482   1.4665E+02  5.5567E+01 -3.3448E+01
0000483   2.1819E+02 -3.2844E+01 -6.9514E+01
0000484   1.0978E+02  4.9731E+00  5.1727E+01
0000485   1.9529E+02  2.6013E+01  4.7683E+01
0000487   3.3226E+02  3.1264E+01  5.8582E+01
0000488   1.5850E+02 -1.2457E+02  1.3956E+01
0000489   2.6454E+02  2.1149E+02 -1.7134E+02
0000490   2.2805E+02 -1.2760E+01 -3.5833E+01
0000491   1.9599E+02  1.5160E+02  3.8098E+01
0000492   2.4246E+02 -1.3574E+02  1.3853E+02
0000493   4.6082E+02  1.5714E+02 -1.2708E+02
0000494   5.4927E+01 -6.7770E+01  2.7015E+02
0000495   7.9797E+01 -4.2733E+01 -1.0122E+02
0000496   6.5964E+00  3.4275E+01  1.0252E+02
0000497   2.0296E+02  4.4627E+00 -1.1711E+02
0000498   3.9674E+01  1.9171E+02  1.1260E+02
0000499   1.3596E+02 -3.4663E+02 -1.5855E+00
0000500   2.0845E+02  9.9204E+00 -6.0206E+01
0000501   2.2466E+02 -8.5175E+01  4.8417E+00
0000502   1.2352E+02 -4.5559E+01 -1.2266E+01
0000503   2.9547E+02 -6.2529E+01 -1.7626E+02
0000504   1.5819E+02  1.2116E+01  1.2807E+02
0000505   2.0339E+02  3.7474E+01 -9.6290E+01
0000506   3.7491E+02  7.6450E+01  1.7369E+02
0000507   2.5639E+02 -2.0541E+01  2.2276E+02
0000508   2.7017E+02  2.8588E+01 -1.5133E+01
0000509   3.0500E+02 -3.9864E+01  1.8651E+01
0000510   2.4650E+02 -6.6405E+01 -1.2548E+02
0000511   3.5683E+02 -4.8030E+01 -8.4709E+01
0000512   3.1562E+02  7.1134E+01 -9.4882E+01
0000513   3.1955E+02  1.7581E+02 -6.7271E+01
0000515   1.4882E+02  7.6342E+01  9.1066E+00
0000516   3.8288E+01  1.7242E+02 -1.2825E+02
0000517   3.7199E+02  2.4216E+02  1.0922E+02
0000519   3.5565E+02 -1.2272E+02 -3.4002E+01
0000522   7.6354E+01  1.1410E+02 -2.3483E+01
0000523   4.6339E+02  1.4899E+01 -5.5940E+01
0000525   1.2570E+01 -1.1475E+02 -9.2256E+01
0000526   2.3552E+01  6.0981E+01 -1.8051E+01
0000527   3.4771E+02  2.1166E+01  8.6045E+00
0000528   4.8388E+01  5.3461E+01  4.6213E+01
0000530   3.2011E+02  1.2088E+02  1.0592E+02
0000531   2.3129E+02 -4.0937E+01 -1.1446E+01
0000534   1.1230E+02  2.1864E+02  9.5410E+01
0000535   1.6356E+02  1.4453E+02  8.1006E+01
0000536   6.5712E+01 -1.3791E+02  1.7331E+02
0000537   1.6045E+02 -1.0628E+01 -1.1682E+02
0000538   1.8786E+02  1.4062E+02  2.8018E+02
0000539   1.0663E+02 -6.2175E+01  1.6882E+00
0000540   3.5308E+01  1.2602E+01  4.1304E+01
0000541   2.4275E+02 -9.2368E+01  8.4636E+01
0000542   3.1187E+02  5.3905E+01  3.7852E+01
0000544   8.1426E+01 -8.6573E+01 -2.5838E+01
0000545   1.3375E+02 -1.2750E+02  8.7193E+01
0000546   2.3066E+02 -7.7686E+01  1.0251E+02
0000547   2.1816E+02  1.7580E+01  7.6581E+01
0000549   2.4806E+02 -5.8106E+01  1.2536E+02
0000550   6.7537E+01  1.0132E+02 -1.4706E+01
0000551   1.5160E+02 -1.3623E+02 -3.1980E+02
0000552   1.9136E+02  1.3188E+01 -5.6313E+01
0000553   1.2869E+02  1.6370E+02 -1.9913E+02
0000555   2.0461E+02 -2.3705E+01 -2.2817E+02
0000556   2.3333E+02 -4.3658E+01  1.7270E+02
0000557   1.8804E+02 -1.5617E+02 -1.0715E+02
0000559   3.8899E+01 -1.3192E+02 -1.7984E+02
0000560   1.7121E+02  2.2106E+01 -2.5791E+01
0000561   3.3468E+02  1.8041E+02 -2.5875E+02
0000562   3.1898E+02 -1.9779E+02 -1.5249E+02
0000563   1.3073E+02  4.2841E+01 -6.4712E+01
0000564   1.3825E+02  1.1090E+02  6.2468E+01
0000565   3.3838E+02  1.0651E+02 -2.6236E+00
0000566   2.5184E+02 -1.2571E+02  2.6912E+02
0000567   4.0709E+02 -6.2988E+01 -1.0044E+02
0000568   3.2295E+02  1.3612E+02  2.5657E+02
0000569   2.3959E+02 -1.7139E+02 -1.9353E+02
0000570   7.5198E+01  1.3510E+02 -9.7602E+01
0000571   2.8888E+02  1.1545E+02 -5.8101E+01
0000572   3.0425E+02 -3.9726E+02  2.8171E+01
0000574   2.0369E+02 -1.1368E+02  1.6570E+02
0000575   2.0772E+02  1.8593E+01  6.2623E+01
0000576   3.5845E+02 -1.5209E+02 -1.0638E+02
0000577   3.7341E+02  1.3554E+02  2.1064E+01
0000578   2.7844E+02  1.9253E+02  9.2965E+00
0000579   1.3062E+02  1.6010E+02  7.9424E+01
0000580   2.2749E+02 -1.1879E+02 -1.4033E+00
0000581   2.4209E+02 -7.0158E+00 -9.5003E+01
0000582   9.0343E+01 -3.0819E+01  2.4898E+01
0000583   2.4459E+02 -1.4122E+02  3.6269E+01
0000584   7.5038E+01 -4.0883E+01 -1.4316E+02
0000585   2.3270E+02 -3.4473E+01 -5.8087E+01
0000586   2.1785E+02  9.0128E+01 -7.0338E+01
0000587   8.6339E+01 -5.7658E+01 -2.1863E+02
0000588   4.8126E+02 -1.1525E+01  1.0333E+02
0000589   4.8903E+02 -1.0651E+02 -2.2688E+00
0000590   1.8418E+02  1.8688E+02 -2.2005E+01
0000591   2.2494E+02 -2.5400E+01  2.7847E+02
0000592   2.3252E+01 -9.8736E+00  1.1033E+01
0000593   9.4591E+01  5.2542E+01  4.3319E+01
0000594   1.6635E+02  9.6525E+01 -8.5513E+01
0000595   3.5352E+02 -4.2236E+01  2.1140E+02
0000596   1.9971E+02  3.5221E+00  3.4818E+01
0000597   1.7249E+02  2.2672E+01  1.5513E+02
0000598   1.8893E+02  1.5282E+01  5.0208E+00
0000599   3.3068E+02 -1.0243E+02 -1.6730E+02
0000600   2.4111E+02  2.1032E+02  1.1634E+02
0000601   2.4290E+02 -1.7088E+02 -2.4946E+01
0000602   1.9168E+02  1.3354E+02  3.7091E+01
0000603   2.1855E+02 -3.1438E+02  9.2223E+01
0000604   2.2681E+02 -1.1267E+02 -4.8359E+01
0000605   2.9476E+02 -6.3882E+01 -4.8551E+01
0000606   3.2444E+02  1.1574E+02  1.3547E+02
0000607   2.2197E+02 -7.8608E+01  2.5833E+02
0000608   2.9471E+02 -5.3187E+01 -2.0235E+01
0000609   1.9183E+02  3.7651E+01 -2.2371E+02
0000610   5.5861E+01 -8.0930E+01 -3.7973E+00
0000611   4.4310E+02  4.5129E+01  4.6623E+01
0000612   2.5418E+02  7.2969E+01  3.5271E+01
0000613   2.6035E+02 -4.3572E+01 -1.6879E+02
0000614   2.4575E+02 -2.7470E+02  1.5439E+02
0000615   4.7740E+02 -4.4282E+00  4.2791E+01
0000616   3.1210E+02  1.2375E+02  5.8064E+00
0000617   1.8928E+02  4.9917E+01  1.5195E+02
0000618   3.1635E+02  9.4913E+01  3.7792E+01
0000619   3.7695E+02 -6.2042E+01 -1.2013E+02
0000620   2.6248E+02 -3.1186E+02 -1.1285E+02
0000621   1.9721E+02 -8.3299E+01  7.5477E+01
0000622   1.4438E+02 -7.4930E+01 -1.7888E+02
0000624   9.5300E+01  3.3025E+01 -7.8592E+01
0000625   6.5538E+01 -1.5527E+02 -2.4144E+01
0000626   4.1661E+02  1.7188E-01 -1.2214E+02
0000627   4.3057E+02 -8.3800E+01  1.2810E+02
0000628   1.6900E+02  1.4378E+02  3.9761E+00
0000630   3.4160E+02  1.3533E+02  1.8683E+02
0000631   3.9002E+02  6.1779E+01  9.7762E+01
0000632   3.4175E+02 -2.9755E+02 -5.0906E+01
0000633   1.0347E+02 -7.6457E+01 -1.9513E+00
0000634   1.3509E+02  5.8708E+01  3.3879E+01
0000635   9.9265E+01 -2.0153E+01  3.3004E+01
0000636   7.9087E+01  1.1642E+02 -1.2031E+02
0000637   3.4121E+02  1.9218E+02  1.8102E+02
0000638   4.5885E+02 -1.8275E+02  3.2255E+01
0000639   2.0201E+02  1.0801E+02 -1.4344E+02
0000640   1.9098E+02 -2.6054E+01  7.8847E-02
0000641   1.1841E+02 -6.0809E+01  9.0342E+01
0000642   2.3910E+02 -1.2114E+02 -1.0170E+01
0000643   2.9125E+02 -1.3421E+02 -1.6497E+01
0000644   1.4470E+01 -1.1240E+02  1.5348E+02
0000645   2.1468E+02 -7.9634E+01 -1.4069E+02
0000646   1.1160E+02  3.9857E+01 -1.3412E+02
0000647   2.7394E+02 -7.0795E+01 -1.3558E+02
0000648   3.6122E+02 -1.8250E+02  1.0316E+02
0000649   1.1961E+01  8.4446E+01  1.1376E+02
0000650   8.6499E+01 -8.5845E+01 -1.3868E+01
0000651   2.8809E+02  8.4807E+01 -6.3147E+01
0000652   3.2736E+01 -1.7123E+02 -4.7145E+00
0000653   3.1747E+02  2.2290E+02 -1.2504E+02
0000654   4.6193E+02 -8.7901E+00 -8.7814E+01
0000655   1.7042E+02 -2.7578E+02 -1.2789E+02
0000656   2.2354E+02 -1.9794E+02 -5.8174E+01
0000658   1.8634E+02 -1.4811E+02 -2.1771E+02
0000661   2.7592E+02 -1.5610E+02  9.2072E+01
0000662   2.1215E+02 -8.0960E+01 -2.7306E+01
0000663   1.0864E+02  2.7917E+01  9.5926E+01
0000664   4.3270E+02  2.6731E+02 -1.8057E+02
0000665   2.7762E+01  5.0490E-01  4.1301E+01
0000666   1.0269E+02 -5.4048E+01 -8.3941E+01
0000667   1.8639E+02  1.2501E+01 -1.6390E+01
0000668   7.6853E+01 -1.7783E+02  2.8703E+02
0000669   2.8745E+02  3.7416E+00 -2.0084E+01
0000670   2.1206E+02 -5.2142E+01  2.2659E+02
0000671   2.8900E+02  1.8086E+01 -8.4785E+01
0000672   6.7812E+01  6.6692E+01 -1.0493E+02
0000673   6.6685E+01 -5.8499E+00 -1.1129E+02
0000674   2.2583E+02 -2.9105E+02 -2.0799E+02
0000675   1.6430E+02 -1.0253E+02  7.4513E+01
0000676   1.8686E+02  2.5785E+02 -1.3402E+02
0000677   1.2347E+02 -9.2188E+00 -6.9759E+01
0000678   4.1737E+02  2.1065E+02  1.5985E+02
0000679   3.3736E+02 -9.9137E+01  8.5227E+01
0000680   1.4013E+02  1.0132E+02  7.1860E+01
0000681   1.1490E+02 -1.3571E+00  1.2647E+01
0000682   3.2348E+02 -8.9409E+01 -1.6344E+02
0000683   9.9772E+01 -5.0311E+01 -6.2002E+01
0000684   6.0295E+02  5.0890E+01  7.6481E+01
0000685   3.1577E+02  2.2306E+02  3.6459E+01
0000686   3.3593E+02  6.1597E+01 -1.2505E+02
0000687   1.6929E+02 -1.2753E+02 -1.1934E+02
0000688   2.4487E+02  9.9370E+01  9.1163E+01
0000689   4.7872E+01 -1.3492E+01  4.6160E+01
0000690   2.4202E+02 -1.1136E+02  2.2177E+02
0000691   3.8758E+02  1.3815E+02 -2.4138E+02
0000692   2.0934E+02 -3.6933E+00  6.4062E+01
0000693   2.5703E+01  1.5471E+02 -8.2895E+01
0000694   4.8224E+02  2.2221E+02  1.5135E+01
0000696   2.0708E+02 -1.3496E+01  2.6071E+01
0000697   1.7450E+02 -1.1883E+02  1.1711E+02
0000698   6.9693E+01  3.0311E+01 -1.0947E+02
0000700   3.9601E+02 -1.8728E+00  9.8802E+01
0000701   1.8114E+02 -1.1200E+02  1.7698E-01
0000702   1.8339E+02 -9.7009E+01 -6.3319E+01
0000703   2.1872E+02  1.1653E+02 -1.6221E+02
0000704   2.0085E+02  9.8009E+01 -2.6795E+01
0000705   1.1478E+02 -6.2695E+01 -4.5353E+00
0000706   1.5664E+02 -1.2598E+02  2.7300E+01
0000707   2.9681E+02  4.1798E+01  1.1639E+02
0000708   1.3803E+02  5.8755E+01  5.2531E+01
0000709   1.1250E+02 -3.5264E+01  1.7796E+02
0000710   1.7458E+02 -3.5738E+02  2.9034E+01
0000711   5.4784E+01  1.8998E+02  1.1048E+01
0000712   1.3278E+02 -6.3468E+01 -1.0079E+02
0000713   3.5314E+02  5.5700E+01 -1.6473E+02
0000714   1.9749E+01 -1.1039E+02 -4.4119E+01
0000715   8.4541E+01  9.4199E+01 -9.9881E+01
0000716   1.7372E+02  3.5632E+01 -2.3040E+00
0000717   6.9423E+01 -7.8196E+01 -2.0953E+01
0000718   2.7048E+02 -3.2170E+01  6.9389E+01
0000719   1.3146E+02  1.1208E+02 -9.3408E+01
0000720   7.5172E+01  1.3777E+02 -8.5854E+01
0000721   2.8331E+02 -1.9571E+02 -4.8595E+01
0000722   1.6927E+02 -1.7540E+02 -1.1046E+02
0000723   2.5173E+02  8.1887E+00  1.5660E+02
0000724   1.2512E+02  3.5100E+02  1.2051E+02
0000725   2.2032E+02  1.2911E+02  3.9777E+02
0000726   2.2857E+02 -9.5351E+01  4.7789E+01
0000727   3.4712E+02 -2.5713E+01 -2.3259E+01
0000728   3.5392E+02  9.5931E+01 -4.7115E+01
0000729   1.9321E+02 -1.0288E+02 -1.6632E+02
0000730   3.3011E+02  9.9153E+01 -1.3428E+02
0000731   2.5603E+02 -3.2096E+01 -5.4532E+01
0000732   1.5726E+02  1.1985E+01 -8.8115E+01
0000734   1.9797E+01  9.5614E+01 -1.6416E+02
0000735   2.4196E+02 -1.7242E+01  2.2650E+02
0000736   3.2444E+02 -2.2406E+02  1.1656E+02
0000737   2.9389E+01  4.4359E+01  6.4996E+01
0000738   4.0309E+02 -5.0643E+01  3.5120E+02
0000739   4.5008E+02  6.1360E+01  8.5220E+00
0000740   9.4728E+01 -2.1534E+02 -4.7621E+01
0000741   4.3358E+01  1.6107E+00  5.2260E+01
0000742   2.2957E+02  2.5482E+01  5.8951E+01
0000743   1.1834E+02  9.5100E+01  6.5074E+01
0000744   2.2239E+02 -9.0213E+01  2.8202E+01
0000745   7.9575E+01  5.1210E+01  5.2460E-02
0000746   4.5257E+01  1.0403E+02  2.7981E+01
0000747   1.1837E+02  1.0302E+02 -3.1078E+01
0000748   5.0106E+01 -4.5010E+01 -1.5542E+02
0000749   1.3400E+02 -1.9726E+01 -2.1928E+01
0000750   3.2560E+02  1.8375E+02 -1.5608E+02
0000751   2.8236E+02 -3.5957E+00 -1.5724E+01
0000753   5.2739E+01  2.0865E+02 -5.3631E+01
0000754   9.9807E+01 -4.2972E+00  2.3695E+01
0000755   1.3407E+02 -5.6159E+01 -1.9065E+02
0000756   1.0042E+02  7.9330E+01 -1.0985E+02
0000757   6.7177E+01 -4.4587E+01  6.1782E+00
0000758   2.9604E+02 -1.7890E+01 -1.3447E+02
0000759   1.6282E+01  7.5335E+01  1.9862E+01
0000760   2.9654E+02 -5.3449E+01  1.6268E+02
0000761   4.3046E+02 -1.3189E+01  1.6124E+02
0000762   4.1009E+02  1.7487E+02  2.7836E+00
0000763   1.2402E+02 -1.3870E+02  8.2533E-01
0000764   3.1522E+02 -5.1818E+01 -1.8605E+02
0000766   2.2107E+02 -1.6117E+02 -6.3988E+01
0000767   1.9873E+02  7.2456E+01 -1.1398E+02
0000768   3.3618E+02 -8.7091E+01 -4.2220E+01
0000769   2.0161E+02  1.2060E+02 -1.0225E+01
0000771   1.7532E+02 -1.3136E+02 -1.9884E+00
0000772   3.0016E+02 -8.6806E+00 -2.4644E+01
0000773   3.6020E+02  4.9134E+01 -1.9356E+02
0000774   3.3789E+02 -6.2526E+01  1.7718E+02
0000776   3.1107E+02 -7.9341E+01 -2.0898E+00
0000777   3.4291E+02  3.0932E+01  5.5796E+01
0000778   3.6702E+02  4.4269E+01 -1.1032E+02
0000779   2.7906E+02 -1.5324E+02 -4.4179E+02
0000780   1.0506E+02  3.4626E+01 -8.0693E+01
0000781   2.3958E+02  6.3631E+01 -1.1194E+02
0000782   1.5520E+02 -1.3363E+02 -2.0402E+02
0000783   1.3342E+02 -2.1090E+02  1.5112E+02
0000784   1.6975E+02 -7.3102E+01  4.5721E+01
0000785   2.8042E+02  2.4916E+02  2.1929E+02
0000786   3.0901E+02  2.5081E+01  1.0156E+02
0000789   9.2345E+01  5.0818E+01 -1.6095E+02
0000790   7.1451E+01 -9.5354E+01  1.7879E+02
0000791   1.1919E+02  1.8127E+02 -3.4366E+01
0000792   2.2466E+02 -3.3864E+01  5.6324E+01
0000793   3.8238E+02 -2.0619E+02  6.5633E+01
0000794   2.4184E+02 -8.8013E+01  1.6710E+02
0000795   4.1895E+02 -1.2634E+02 -7.4091E+00
0000796   1.2957E+02  7.1268E+01  4.4504E+01
0000797   7.7325E+01 -1.8221E+02  7.1200E+01
0000798   2.6283E+02  1.4156E+02  1.0792E+02
0000799   2.3056E+02 -1.4093E+01 -1.9385E+02
0000800   1.3793E+02  4.0495E+02  3.9308E+00
0000801   1.9358E+02  5.6507E+01  4.1665E+00
0000802   2.1838E+02  1.0180E+02  1.2928E+02
0000803   1.2661E+02  5.3740E+01  1.4674E+02
0000804   3.5509E+02  4.8686E+01 -2.6323E+00
0000805   1.5924E+02  1.8505E+02 -1.0514E+02
0000806   2.7144E+02 -5.9219E+01 -3.0066E+02
0000807   3.5897E+02  1.1060E+02  1.7496E+01
0000808   2.1048E+02 -1.9728E+02  9.6596E+01
0000809   5.6304E+01 -6.8652E-01 -6.6553E+01
0000810   2.1618E+02  2.1143E+01  2.1390E+01
0000811   2.2544E+02 -1.1901E+02 -2.2934E+01
0000812   1.7473E+02  1.1595E+02 -7.0974E+00
0000813   4.7668E+02  7.1941E+00 -2.0414E+01
0000814   2.1459E+02 -2.9060E+02 -2.0631E+02
0000815   2.4900E+02 -1.3614E+02 -4.3353E+01
0000816   1.6035E+01  2.5108E+02  6.6184E+00
0000817   8.7315E+01 -2.0409E+02 -3.1365E+01
0000818   2.6137E+02 -2.3749E+01  3.6185E+01
0000819   1.7296E+02 -1.7535E+02  6.1746E+01
0000820   2.0662E+02 -1.2613E+02 -1.5125E+02
0000821   3.6543E+02 -1.2446E+02 -4.3042E+01
0000822   2.3383E+02  2.1767E+01 -2.0385E+02
0000823   1.1197E+02 -5.9163E+01 -2.2939E+02
0000824   1.8836E+02  1.8401E+01  4.2687E+01
0000825   9.9811E+01 -2.8732E+01 -2.6317E+01
0000826   1.8781E+02  1.5192E+02 -9.2279E+01
0000827   4.4390E+02  1.9012E+02  2.0254E+02
0000828   1.4262E+02  1.3056E+02 -8.3651E+01
0000829   2.7884E+02  1.0638E+01 -2.8516E+01
0000830   5.6690E+01 -3.5337E+01  5.7606E+01
0000832   3.3444E+02 -7.1321E+01  5.6039E+01
0000833   2.3184E+02 -1.2017E+02  1.7386E+02
0000834   2.2635E+02 -2.1933E+02  3.2605E+01
0000836   3.3044E+02 -4.7157E+01 -8.9857E+01
0000837   1.4521E+02 -4.6510E+01  1.5654E+01
0000838   4.8596E+02 -1.1590E+02 -7.3710E+00
0000839   2.6649E+02 -1.1033E+01 -2.2494E+02
0000840   2.8736E+02 -1.6914E+01  1.8001E+01
0000841   4.9532E+02 -1.1021E+01 -1.2164E+02
0000842   5.9743E+01 -5.1802E+01  1.1475E+02
0000843   8.7131E+01  7.1354E+01  1.3796E+02
0000844   2.5090E+02  3.3041E+01 -1.0815E+02
0000845   1.0950E+02 -6.6589E+01  3.3239E+01
0000846   8.6812E+01 -4.8875E+01 -7.4762E+00
0000847   2.2743E+02 -1.1144E+02  1.3563E+02
0000848   1.1680E+02 -6.9123E+01 -5.5621E+01
0000849   3.2969E+02 -6.0176E+01 -8.6680E+01
0000850   2.8341E+02 -3.6522E+01  1.4046E+02
0000851   7.2841E+00 -1.1705E+01  1.5202E+01
0000852   1.0367E+02  2.6436E+01 -5.0867E+01
0000853   2.4298E+02  2.2501E+02  1.2894E+02
0000854   3.5265E+01  2.3677E+01 -1.2297E+02
0000855   2.0938E+02 -7.3390E+01  2.3865E+02
0000856   1.7437E+02 -1.8882E+01 -1.0364E+02
0000857   1.5920E+02 -1.4401E+02  1.8917E+02
0000858   1.4594E+02 -7.2126E-02  1.1922E+01
0000859   9.6326E+01 -2.7317E+02  5.1563E+01
0000860   2.0983E+02 -9.3414E+01 -4.1529E+02
0000861   4.0337E+02  5.8991E+01 -8.4993E+01
0000862   1.4956E+02  1.8481E+02 -5.6990E+01
0000863   2.3891E+02  2.2617E+02  9.1582E+01
0000864   1.9940E+02  2.5624E+00  7.0793E+01
0000865   1.4146E+02  3.6864E+00 -3.7036E+01
0000867   2.7229E+02  1.8797E+02  1.1268E+01
0000868   3.0326E+02 -8.3815E+01  1.3035E+02
0000870   3.1843E+02 -1.3726E+01  9.1511E+01
0000872   1.6391E+02  5.6199E+01  9.2447E+01
0000873   2.8311E+02 -2.0432E+02  2.1248E+02
0000874   1.2245E+02  2.4334E+01  1.6688E+02
0000875   1.6476E+02  8.6242E+01  1.1735E+02
0000876   2.7703E+02  1.0663E+01  7.0417E+01
0000877   1.0175E+02  4.5399E+01  3.0494E+01
0000878   1.6119E+02 -3.4341E+01  2.5079E+02
0000880   3.5463E+02 -1.8372E+02  7.6698E+01
0000881   9.0094E+01  1.3173E+01  9.2790E+01
0000882   3.6794E+02  2.3259E+00  1.0407E+02
0000883   1.0823E+02 -5.1611E+01  1.6551E+02
0000884   2.9289E+02 -3.4058E+01  6.1562E+01
0000885   1.4610E+02 -8.1004E+01 -9.1886E+01
0000886   3.8040E+02 -1.8831E+01 -1.9843E+02
0000887   2.4519E+02 -1.1157E+02 -6.0593E+01
0000888   1.2662E+02 -2.3914E+01 -2.1462E+02
0000889   1.2005E+02 -1.1291E+01  2.1039E+02
0000890   3.5162E+02 -1.2047E+01  1.3562E+01
0000891   3.2496E+02 -4.4122E+01  7.2605E+01
0000892   8.1372E+01 -1.1780E+02  1.3988E+02
0000894   3.5747E+01  4.2227E+01  5.1731E+01
0000895   2.8830E+02 -1.3332E+02  8.7403E+01
0000896   2.4767E+02 -9.5694E+01 -1.0004E+02
0000897   2.3716E+02 -1.2825E+02  1.2326E+02
0000898   4.4610E+02 -4.9506E+01 -1.4751E+01
0000899   1.3280E+02 -8.5472E+01 -4.6377E+01
0000900   1.6867E+02 -1.2498E+01 -7.9421E+01
0000901   2.7676E+02  1.8281E+01 -1.7197E+02
0000902   1.9800E+02  1.2328E+02 -1.5958E+02
0000903   8.7194E+01 -1.1418E+02 -5.4742E+01
0000904   1.8172E+02 -2.2941E+01 -4.0600E+01
0000905   1.8641E+02  5.3381E+01 -1.8007E+02
0000906   3.4695E+02  1.5702E+02 -1.3800E+02
0000907   4.6744E+01  4.3397E+01  2.0939E+02
0000908   1.1926E+02  1.5998E+02  7.9985E+01
0000909   4.3995E+02 -1.2167E+02  5.3939E+01
0000910   2.0079E+02  7.3784E+01  1.0149E+02
0000911   1.3208E+02  2.9400E+00  3.4416E+02
0000912   3.0198E+02 -1.0624E+02 -5.7484E+01
0000913   1.0611E+02  1.9212E+01  5.4637E+01
0000915   3.9683E+02 -9.2363E+01  2.3717E+01
0000916   2.3898E+02  8.9109E+01 -1.3024E+02
0000917   1.2789E+02  7.8564E+01 -2.2945E+02
0000918   1.0891E+02 -1.1858E+02  7.2826E+01
0000919   1.9094E+02 -1.0134E+01 -5.2783E+01
0000920   1.3075E+02 -1.3043E+02  1.1300E+02
0000921   2.1802E+02  9.8049E+01  2.1697E+01
0000923   1.8853E+02 -6.8380E+01 -1.5529E+02
0000924   2.2414E+02 -1.8235E+00  3.9801E+01
0000925   1.4147E+02  2.5161E+02 -3.2317E+02
0000926   6.1716E+01  2.2871E+02 -3.1854E+01
0000927   2.6686E+02  1.4637E+02  2.1160E+02
0000928   1.5614E+02 -7.0981E+01 -4.6245E+01
0000929   8.4137E+01 -1.5349E+01 -6.6649E-01
0000930   1.4184E+02 -2.4602E+00  1.4427E+02
0000931   3.7091E+02 -1.4240E+02  6.6636E+01
0000932   2.4734E+02  2.9314E+02  3.7578E+01
0000933   2.0680E+02 -2.3436E+02  8.3612E+01
0000934   3.6856E+02 -2.6659E+02  1.0836E+02
0000935   1.3425E+02 -6.5781E+01  1.6489E+02
0000936   2.2850E+02  1.1564E+02 -8.4212E+01
0000937   3.0065E+02 -6.1341E+01 -2.1942E+02
0000938   2.1471E+02 -4.1899E+01 -4.7064E+01
0000939   1.9296E+02 -7.8233E+01  1.4127E+01
0000940   1.9529E+02 -8.0456E+01  1.8794E+01
0000941   2.4319E+02 -1.4549E+02 -1.5297E+02
0000942   2.3169E+02 -9.7886E+01  1.1497E+01
0000943   3.8772E+02  3.0045E+01 -4.2760E+02
0000944   6.6113E+01  2.5013E+01  9.0160E+01
0000945   3.8336E+02 -4.0275E+01 -1.2334E+02
0000946   2.8331E+01  2.6077E+01 -2.0299E+01
0000947   2.4614E+02  3.5590E+01 -1.5923E+01
0000948   3.4509E+02  9.4485E+01  5.4618E+01
0000949   1.9523E+02  1.1991E+02  1.6825E+01
0000950   3.4362E+02 -2.4445E+02  2.5009E+01
0000951   1.5842E+02 -1.3953E+02  1.1128E+02
0000952   2.9880E+02  2.7983E+01  2.0176E+02
0000953   3.4246E+02 -2.5446E+01 -1.5219E+02
0000954   2.2182E+02  1.1884E+02 -1.5981E+02
0000955   1.9810E+02  1.5474E+02 -1.1709E+02
0000956   2.4859E+02 -6.2999E+01  4.3263E+01
0000957   2.6604E+02 -1.4994E+01  6.7528E+01
0000959   1.7618E+02  1.6819E+01 -1.3822E+02
0000960   3.3859E+02 -9.9813E+01  6.8340E+01
0000962   1.2548E+02  9.3301E+01  2.2673E+02
0000963   8.1830E+01 -2.3099E+02  2.1842E+02
0000964   1.3017E+02  1.1138E+02  1.9164E+02
0000966   4.2154E+01 -6.9684E+01  2.0695E+02
0000967   3.1812E+02  4.8933E+00  1.9955E+01
0000968   1.8320E+02 -6.0791E+01  3.8328E+01
0000969   2.2616E+02 -1.7158E+02 -4.2044E+01
0000970   1.9890E+02  5.8021E+01 -1.8219E+02
0000972   3.7986E+02 -1.1443E+02 -2.2130E+01
0000973   2.8490E+02 -8.8491E+01 -2.4621E+01
0000974   2.6619E+02  5.9598E+01  3.6443E+02
0000975   1.3675E+02 -4.9645E+00 -1.0920E+02
0000976   1.5133E+02 -6.1198E+01 -2.2312E+01
0000977   4.6167E+02 -1.9333E+01  1.4250E+02
0000978   1.6751E+02 -8.7375E+01  2.0047E+02
0000979   4.8170E+00  2.2156E+02  1.4019E+02
0000980   3.4282E+02 -8.2991E+01  8.7121E+01
0000981   1.6464E+02 -2.8667E+02 -2.0809E+02
0000982   2.0255E+02 -3.5074E+01 -1.3973E+02
0000983   2.1795E+02 -2.4775E+02  1.8412E+02
0000985   2.9406E+02 -1.5979E+02  4.1648E+00
0000986   9.3678E+01 -1.3426E+02 -7.5709E+01
0000987   3.1482E+02 -2.5878E+01  1.0855E+02
0000988   1.8147E+02 -1.8220E+02 -2.7337E+01
0000989   1.3121E+02 -2.4206E+02  2.2759E+01
0000990   2.5140E+02  2.2613E+01 -3.3671E+01
0000991   3.6358E+02 -1.0927E+01  1.0233E+01
0000992   2.3129E+02 -7.5639E+01 -7.0267E+01
0000994   3.3549E+02  1.2938E+02 -3.2536E+02
0000995   2.0952E+02 -4.3281E+01 -5.8812E+01
0000996   2.6735E+02 -6.0115E+01  1.1805E+02
0000997   1.1685E+02 -1.6209E+02 -3.5163E+00
0000998   2.3309E+02  5.4773E+01  3.3047E+02
0000999   2.4316E+02  2.1610E+01  1.0106E+02
0001000   2.7053E+02  2.0133E+01  2.3203E+00
