============================== SRIM-2013.00 ==============================
==============================================================================
====== SRIM Outputs\RANGE_3D.txt : File of Final Ion Positions =====

Ion =  F (09)   Ion Mass= 018.9984
Energy  = 4000000.E-05 keV
Ion Angle to Surface = 00.0 degrees
==================== TARGET =======================
  Layer # 1 - None
  Layer # 1 - Bottom Depth=500000.E-01 A
  Layer # 1 - Density =0007.8700 g/cm3
  Layer # 1 -  100 % of Fe
様様様様様様様様様様様様様様様様様様様様様様様様様様
                                            
Ion       Depth  X   Lateral Y   Lateral Z  
Number    (Angstrom) (Angstrom)  (Angstrom) 
-------  ----------- ----------- -----------
0000001   6.2047E+02  3.8915E+02  1.3469E+02
0000002   6.3349E+02  4.0122E+02  2.5355E+02
0000003   3.6254E+02  2.1668E+02 -6.4047E+01
0000004   1.9506E+02  3.6941E+02 -1.0449E+01
0000005   2.2491E+02  2.9379E+02  1.3771E+02
0000006   4.9087E+02 -2.5340E+02 -3.3242E+02
0000007   4.7110E+02  3.6619E+02 -4.2950E+01
0000008   6.4121E+02  3.1223E+02 -2.4474E+02
0000009   5.5749E+02  1.1612E+02  1.6895E+02
0000010   6.1043E+02 -2.0668E+02  1.7202E+01
0000011   3.4235E+02 -1.6750E+02 -1.6333E+02
0000012   6.6269E+02  1.5520E+01  2.7940E+02
0000013   8.7219E+01  5.0884E+02  2.0772E+02
0000014   2.1754E+02 -3.0581E+01 -4.2782E+02
0000015   3.1234E+02 -2.6309E+02  8.2477E+01
0000016   2.6134E+02 -3.6944E+02 -8.4821E+01
0000017   5.9653E+02 -3.7609E+00 -1.2683E+02
0000019   8.6578E+02 -4.2875E+02 -1.4433E+02
0000020   5.1050E+02  5.2639E+02  9.5146E+01
0000021   3.0135E+02 -1.5040E+02  5.0541E+01
0000022   3.3763E+02  8.0374E+01  4.6598E+01
0000023   4.9776E+02 -9.2401E+01  4.9751E+01
0000024   5.8613E+02 -3.8219E+02 -1.7249E+02
0000025   1.6650E+02  4.2444E+02  1.2688E+02
0000026   4.0903E+02  1.5151E+02 -1.4282E+02
0000027   1.9080E+02 -8.4839E+01  3.7714E+01
0000028   2.8009E+02 -2.1920E+02  6.3777E+02
0000029   4.3375E+02  8.3086E+01 -2.0631E+02
0000030   1.9754E+02 -3.0608E+02  3.1539E+01
0000031   8.4434E+02  3.1325E+02  1.5335E+02
0000032   2.5749E+02 -2.2061E+02  2.4879E+02
0000033   2.5567E+02  1.0287E+02 -1.5212E+02
0000034   5.4333E+02 -1.0142E+02 -1.5278E+01
0000035   6.1010E+02  1.6778E+02  1.8016E+02
0000038   1.3199E+02  1.1694E+01  6.1541E+02
0000040   5.4470E+02  5.9246E+01  8.2333E+01
0000041   6.8869E+02 -4.2174E+02 -3.2088E+02
0000042   6.1986E+02  4.9224E+01  4.0849E+02
0000043   6.7072E+02 -1.2593E+02 -1.5623E+02
0000044   3.2264E+02 -1.0755E+02  2.7225E+02
0000045   2.1730E+02 -1.6184E+01  1.8114E+02
0000046   1.3071E+02 -7.2492E+01 -4.5328E+01
0000047   3.0003E+02  3.1113E+02 -6.1510E+01
0000048   6.6434E+02 -1.9079E+02 -1.8397E+02
0000049   5.0903E+02 -6.2637E+01  4.4724E+02
0000050   5.7511E+02  1.0095E+02  1.9109E+02
0000051   4.0219E+02 -1.1436E+02  2.9874E+01
0000052   3.1931E+02 -6.4943E+01  1.8542E+02
0000053   5.6607E+02 -2.6596E+01  1.8752E+02
0000054   3.3104E+02 -2.3733E+02  3.8652E+02
0000055   1.6605E+02 -1.4621E+02 -1.1052E+02
0000056   3.2648E+02  4.1230E+00 -5.7387E+01
0000057   4.2353E+02  2.4090E+02  9.6863E+00
0000058   2.5907E+02 -4.7391E+01  3.2826E+01
0000059   1.8661E+02 -2.5871E+02 -1.3079E+02
0000060   9.1306E+02  2.5228E+02 -3.8385E+01
0000061   3.5766E+02 -2.3701E+02 -2.4147E+02
0000062   4.2560E+02 -8.2341E+01 -1.0522E+02
0000063   4.1560E+02 -1.5032E+02 -5.7869E+01
0000064   3.6743E+02  2.2019E+02  2.0881E+01
0000065   3.3966E+02  7.7941E+00 -1.3336E+02
0000066   2.6295E+02 -8.0009E+01 -1.4205E+02
0000067   4.3592E+02 -1.8281E+02  9.6110E+01
0000068   9.1617E+01 -2.9712E+02  3.3908E+02
0000069   3.8181E+02 -2.7554E+02  7.5374E+01
0000070   3.6785E+02 -3.0145E+02 -1.9393E+02
0000072   4.7414E+02 -6.1016E+02 -1.0738E+02
0000073   1.1376E+02  2.8004E+02 -2.8733E+01
0000074   2.3624E+02  2.8525E+02  1.4158E+02
0000075   6.0575E+02  2.3416E+02 -1.1542E+02
0000076   3.5780E+02  5.5855E+01  2.1026E+02
0000077   2.8755E+02  2.0578E+02 -1.2647E+02
0000078   4.1159E+02  2.8994E+02 -3.7350E+00
0000079   3.3251E+02 -4.3362E+02 -1.0899E+02
0000080   2.4604E+02 -5.2603E+01 -1.8824E+02
0000081   3.5099E+02  1.3141E+01  2.8322E+02
0000082   4.3065E+02  1.2516E+00 -2.4955E+02
0000083   7.4994E+02  2.7509E+02  1.4943E+02
0000084   4.4141E+02 -1.5435E+02  1.2008E+02
0000085   3.4038E+02  2.2822E+02 -1.5742E+02
0000086   3.9742E+02 -3.4217E+02 -1.3754E+02
0000087   2.4357E+02 -8.1100E+01 -2.5681E+02
0000088   3.5132E+02  2.6101E+02 -7.1430E+01
0000089   7.1715E+02 -1.0363E+02  5.0073E+01
0000090   3.8751E+02  4.2250E+01  9.5867E+01
0000091   2.7585E+02  6.7816E+01  2.8258E+02
0000092   6.1491E+02  2.7467E+02 -6.0463E+01
0000093   1.6119E+02 -5.7871E+01  2.8447E+01
0000094   1.3763E+02 -4.0851E+02  1.0890E+02
0000095   6.6881E+02  3.4219E+02 -6.0506E+01
0000096   1.8798E+02  2.2628E+02 -1.1903E+02
0000098   4.1245E+02 -1.5141E+02 -5.6501E+01
0000099   7.1855E+02 -4.4193E+01  9.3717E+01
0000100   3.9187E+02 -7.7634E+01 -1.7719E+01
0000101   4.1859E+02 -1.1348E+01  1.0568E+02
0000102   2.1756E+02  9.6484E+01  2.9859E+02
0000103   5.1682E+02  2.2285E+02 -1.6428E+02
0000104   5.7750E+02  9.5588E+01 -1.4606E+01
0000105   5.7637E+02  5.8971E+01  2.5236E+02
0000106   7.8122E+02  1.4085E+02 -2.6362E+02
0000107   3.4483E+02  8.5684E+01 -1.0293E+02
0000108   5.7601E+02 -2.3228E+01 -2.3791E+02
0000109   3.6733E+02 -2.3327E+02  2.6801E+01
0000110   8.9604E+01  1.8652E+02  2.0818E+01
0000111   6.7890E+02 -2.3619E+02 -2.7262E+02
0000112   4.3552E+02  3.7858E+02  2.3235E+02
0000113   6.1277E+02  3.3416E+02  3.7191E+02
0000114   4.2512E+02 -2.0590E+02  2.6910E+02
0000115   9.6846E+01  6.1941E+02  9.7947E+01
0000116   1.1809E+02  1.0132E+02 -2.4934E+02
0000117   2.0966E+02  1.1706E+01  2.4308E+01
0000118   2.5327E+02 -5.9689E+01  1.8158E+01
0000119   3.2775E+02  8.5087E+01 -4.7342E+02
0000120   9.7574E+02 -3.3146E+02 -2.9042E+02
0000121   5.3506E+02  2.1888E+02  4.3883E+01
0000122   2.3486E+02  2.8792E+00 -1.9983E+02
0000123   6.7058E+02 -4.6646E+02 -7.6419E+01
0000124   6.8042E+02 -6.8135E+02  1.3995E+02
0000125   5.6053E+02  2.3846E+02  1.4074E+02
0000126   1.3284E+02 -4.3245E+01 -1.4982E+02
0000127   2.2163E+02 -2.5975E+02 -3.7520E+01
0000128   4.6226E+02 -1.0143E+02 -1.8148E+02
0000129   5.3395E+02 -2.1461E+02  2.1544E+02
0000130   4.2788E+02  2.4070E+02 -1.7794E+02
0000131   3.0035E+02 -1.8530E+02  1.2846E+02
0000132   3.3508E+02 -3.6682E+01 -1.1524E+02
0000133   6.6616E+02 -4.2561E+01 -4.2937E+02
0000134   2.7391E+02  3.2778E+02 -4.1246E+02
0000135   4.3544E+02  4.9474E+02 -2.9802E+02
0000136   2.4454E+02 -4.5021E+02 -6.8749E+01
0000137   5.9310E+02 -1.5323E+02 -1.5720E+02
0000139   4.1045E+02 -2.8455E+01 -6.6571E+01
0000140   4.6820E+01 -4.7171E+01  1.1294E+02
0000141   2.6224E+02  4.2100E+02  1.4758E+02
0000142   5.6993E+02  6.8993E+01 -9.0229E+01
0000143   7.9900E+02 -1.1469E+02 -2.4625E+02
0000144   2.4057E+02 -1.1273E+02 -2.3359E+02
0000145   3.7933E+02  3.3052E+02 -1.5489E+02
0000147   2.9905E+02 -3.5379E+01 -2.8564E+02
0000148   3.9342E+02  1.1621E+02 -1.8523E+02
0000149   3.0268E+02  2.5658E+02 -2.9054E+01
0000150   6.2671E+02 -1.4574E+02 -2.6255E+01
0000151   5.0730E+02  2.1731E+02  1.6357E+02
0000152   1.1236E+02 -1.8045E+02  1.2413E+02
0000153   7.9984E+02 -2.7368E+02  1.8856E+00
0000154   3.6468E+02  2.0114E+02 -1.1930E+01
0000155   3.3174E+02  3.8721E+01 -4.5709E+02
0000156   2.2406E+02 -1.7098E+02  7.6443E+01
0000157   5.9158E+02  3.3004E+02 -1.3297E+02
0000159   1.7258E+02  1.8229E+02  3.1330E+02
0000160   2.5071E+02  2.2938E+02 -1.5330E+02
0000161   5.3192E+02 -2.7193E+02 -1.9924E+02
0000162   2.9694E+02  2.8982E+02  1.1029E+02
0000163   7.6801E+02  2.4431E+02  3.0570E+02
0000164   4.5282E+02 -1.1279E+02 -5.1088E+02
0000165   9.4488E+01  1.5863E+02 -4.4886E+01
0000166   6.0193E+02  8.1894E+01  8.1087E+01
0000167   6.4337E+02  3.7503E+02 -1.2982E+02
0000168   3.2137E+02  4.1303E+01 -1.5900E+02
0000169   4.6337E+02  6.3262E-01 -3.0303E+02
0000170   2.6920E+02 -1.3926E+02  8.7930E+01
0000171   4.1776E+02  1.9964E+02 -5.6736E+01
0000173   3.9467E+02 -2.1781E+01 -2.9058E+02
0000174   2.6318E+02  4.0508E+02  2.0321E+02
0000175   8.1105E+02 -2.4508E+02  3.4802E+01
0000176   2.5990E+02 -1.6834E+02  4.3292E+01
0000177   4.7991E+02  1.0994E+02 -3.7074E+02
0000179   1.7433E+02  6.2243E+01 -1.2526E+02
0000180   8.0863E+02 -2.7210E+02  3.3725E+02
0000181   6.1065E+02  6.8086E+01 -2.2996E+02
0000182   2.4202E+02 -2.7494E+02  2.0777E+01
0000183   3.2092E+02  5.3189E+01  4.0160E+02
0000184   3.7381E+02 -2.6947E+02 -3.6163E+01
0000185   5.0568E+02 -1.8356E+02 -2.0598E+02
0000186   4.3825E+02 -9.2383E+00  6.9565E+01
0000188   1.1889E+02 -2.0954E+02 -3.6376E+02
0000190   4.2150E+02  5.2893E+02 -8.4763E+01
0000191   8.5454E+02 -8.2603E+01  4.0925E+01
0000192   4.5301E+02 -1.3882E+02 -8.6637E+00
0000193   5.4403E+02 -3.0126E+02 -1.1887E+02
0000194   3.0793E+02  8.0025E+01 -4.8423E+01
0000195   1.8861E+02  1.5370E+02 -4.2927E+02
0000196   1.6007E+02 -1.7917E+02  2.1732E+02
0000197   2.7917E+02  4.2099E+01  3.1439E+02
0000198   4.6189E+02  9.6319E+01  2.0680E+02
0000199   2.9159E+02 -1.2073E+02  4.6871E+02
0000200   6.4553E+02 -3.8465E+02 -9.7208E+01
0000201   3.2749E+02 -7.3278E+01 -2.8369E+02
0000202   3.2627E+02 -3.3548E+01  1.1860E+02
0000203   3.6813E+02  2.2474E+01  7.7970E+01
0000204   2.6167E+02  5.0468E+01 -3.3422E+02
0000205   2.8981E+02 -1.9961E+02 -3.4592E+00
0000206   4.4976E+02  3.1498E+01  4.9026E+01
0000207   6.1575E+02  1.4988E+02  5.1474E+02
0000208   4.7810E+02 -1.5687E+02 -4.9689E+01
0000209   2.2828E+02  9.5839E+01  3.9961E+01
0000210   7.7287E+02 -5.8525E+01  2.2957E+01
0000211   2.2815E+02 -1.5257E+02 -2.9596E+02
0000212   5.3582E+02  5.7881E+00  2.6726E+02
0000213   3.1233E+02  2.4342E+02  4.9974E+02
0000214   2.0927E+02  2.2691E+01  2.9866E+02
0000215   5.3660E+02  1.0225E+02 -8.2119E+01
0000216   4.2446E+02  3.9466E+02 -9.5184E+01
0000217   5.2326E+02 -1.4286E+02 -2.4022E+02
0000218   2.6937E+02  1.9209E+02  2.0227E+01
0000219   1.8783E+02 -3.7490E+02  3.3151E+02
0000220   1.6706E+02  2.1824E+02  3.2004E+02
0000221   7.7131E+02 -7.4764E+01 -8.7547E+01
0000222   7.3466E+02  2.8200E+01 -2.2825E+02
0000223   6.8750E+02 -2.4246E+01  4.0760E+02
0000224   3.0570E+02 -1.3126E+02  3.2080E+02
0000226   4.5596E+02 -8.6632E+01 -3.5355E+02
0000227   6.9642E+02  1.1247E+02  5.7355E+02
0000228   3.9568E+02  5.2599E+01  1.6314E+02
0000229   4.1207E+02  2.8824E+01  2.3799E+02
0000230   1.1499E+02  2.2488E+02  2.7055E+02
0000231   4.1612E+02 -2.1810E+02  1.6257E+01
0000232   3.3507E+02 -1.1258E+02 -2.6629E+02
0000233   6.0768E+02 -8.6988E+01 -9.4567E+01
0000234   4.4542E+02 -9.3274E+01 -2.3019E+01
0000235   7.2775E+02  1.2244E+02 -1.3637E+02
0000236   1.6455E+02  6.9051E+01  2.2473E+01
0000237   6.3171E+02  1.7999E+02 -1.7126E+02
0000238   4.6599E+02  8.8691E+01  3.9501E+01
0000239   4.7545E+02 -7.4442E+01  4.1768E+02
0000240   1.0267E+02  4.6115E+01 -4.2643E+01
0000241   1.8956E+01 -3.6909E+02  1.5196E+02
0000242   1.5516E+02  2.3217E+02 -7.2491E+01
0000243   2.1709E+02  1.3259E+02  1.4051E+02
0000244   5.0979E+02  1.1661E+02  6.6481E+01
0000245   5.3772E+02 -1.3602E+02  4.9619E+02
0000246   3.5889E+02 -2.8281E+00 -4.3079E+01
0000247   3.5379E+02 -3.6009E+02  1.9721E+02
0000248   6.2612E+02  1.0060E+02  3.8160E+02
0000249   5.7887E+02  1.5245E+02  4.0398E+01
0000250   4.7754E+02 -9.3776E+01 -1.8858E+02
0000251   2.1372E+02  2.8202E+02 -2.2145E+02
0000252   3.8135E+02 -5.4568E+01  5.1485E+02
0000253   3.0731E+02  3.1311E+02  4.1000E+02
0000254   5.9293E+02 -1.0650E+02 -3.2172E+01
0000255   2.8863E+01 -4.4106E+01  2.1205E+02
0000256   4.5670E+02 -1.3131E+02 -9.3855E+01
0000258   9.0646E+01  1.2989E+01  4.0356E+01
0000259   7.2125E+02 -1.8658E+02  2.7452E+02
0000260   4.4102E+02  2.6153E+02  7.2395E+01
0000261   3.8104E+02  5.4903E+01  1.2038E+02
0000262   3.7732E+02  5.8281E+02  5.3772E+01
0000263   6.5069E+02  3.0283E+02  2.4019E+02
0000264   7.7061E+01 -7.9955E+01  5.6772E+02
0000265   2.9613E+02 -3.6450E+02 -6.6531E+01
0000266   6.3355E+02 -1.2648E+02  2.5396E+02
0000267   6.4066E+02  9.3273E+01  3.8556E+02
0000268   2.2590E+02  3.7020E+02  1.1893E+02
0000269   3.9819E+02  2.3119E+02  2.9704E+01
0000270   1.4832E+02 -2.8606E+02 -1.1057E+02
0000271   2.5102E+02  2.3935E+02  4.3354E+02
0000272   1.3136E+02  8.0894E+00  1.3409E+01
0000273   5.5649E+02 -3.0468E+02 -1.3322E+01
0000274   4.1853E+02 -2.7332E+02 -2.3864E+02
0000275   5.0465E+02  1.6992E+02  1.5736E+02
0000276   4.5613E+02 -2.9582E+02 -2.7219E+02
0000277   3.7140E+02  5.5712E+02  2.1237E+01
0000278   5.5288E+02 -4.8755E+02  2.2492E+02
0000279   3.3144E+02  5.7320E+01 -2.5028E+02
0000280   8.3145E+02  2.4292E+02 -1.1150E+02
0000281   5.1937E+02 -2.3713E+02  9.8057E+01
0000282   4.0585E+02  3.8671E+02  4.1562E+01
0000283   4.7064E+01  1.8501E+02 -2.6089E+02
0000284   4.5976E+02 -1.1868E+02 -4.3693E+01
0000285   2.0053E+02 -2.7458E+02  5.9519E+01
0000286   6.1527E+02 -4.8158E+02 -2.1935E+02
0000287   4.1363E+02 -7.7065E+01  1.6976E+01
0000288   6.4064E+02 -2.7417E+02  1.9842E+02
0000289   4.1229E+02  2.9423E+02 -2.0133E+02
0000290   3.4838E+02  4.4214E+02  1.8726E+02
0000291   2.0702E+02 -2.3730E+01 -1.5272E+02
0000292   5.2466E+02 -1.2563E+02 -6.8619E+01
0000293   7.3598E+02 -7.1087E+01 -2.1635E+02
0000295   1.9546E+02  2.8132E+02 -4.1713E+02
0000296   3.9909E+02  6.2656E+01 -2.3294E+02
0000297   4.7798E+02  1.0253E+02  5.8904E+02
0000298   6.2265E+02 -5.6209E+01 -5.8270E+02
0000299   3.9318E+02 -2.3543E+02  1.8822E+02
0000300   6.0333E+02 -5.7076E+01 -2.3169E+02
0000301   8.5040E+02  5.9166E+01  6.7045E+01
0000302   6.3888E+02 -1.9040E+01  2.7865E+02
0000303   2.9475E+02 -3.2195E+02 -1.8866E+02
0000304   4.5490E+02 -3.9530E+01  7.8724E+01
0000305   8.1631E+02  9.3083E+01 -1.4586E+02
0000306   4.0385E+02 -4.0330E+01 -2.2562E+02
0000307   3.8582E+02 -2.2292E+02  2.4137E+02
0000308   4.2223E+02  1.2060E+02 -3.5320E+02
0000309   1.5413E+02 -1.0313E+02 -1.1904E+02
0000310   3.2025E+02  5.3885E+02 -1.3230E+02
0000311   2.3660E+02 -2.3335E+02  5.2361E+02
0000312   5.8613E+02  1.0022E+01 -7.8301E+01
0000313   3.5677E+02 -1.7810E+01  6.0707E+02
0000315   5.1350E+02  1.8113E+02 -3.1012E+02
0000316   2.3437E+02  3.2293E+01  4.6148E+01
0000317   4.9096E+02 -8.2501E+01  3.9374E+01
0000318   1.8353E+02  1.1647E+02  2.6521E+02
0000319   5.5863E+02 -2.4835E+02  6.0745E+01
0000320   4.2951E+02  1.4044E+01  1.1891E+02
0000321   9.2361E+02 -7.9238E+00  5.9512E+01
0000322   2.8651E+02 -2.0500E+02  1.8048E+02
0000323   2.7607E+02  2.8278E+00  2.0540E+02
0000324   4.7138E+02 -8.7468E+01  1.9090E+02
0000325   1.1879E+02 -8.4901E+01  1.2964E+02
0000326   1.7344E+02 -1.3149E+02  1.4588E+02
0000327   1.9578E+02  3.2733E+02 -2.5970E+02
0000329   3.5574E+02  2.4294E+02  9.2654E+00
0000330   1.1710E+02  1.1250E+02 -1.6165E+02
0000331   1.8729E+02  7.9039E+01 -1.9509E+02
0000332   2.9377E+02  1.0870E+02 -1.7829E+02
0000333   6.0787E+02  3.8879E+02  8.2351E+01
0000334   8.0284E+02 -1.9967E+02 -2.9082E+02
0000336   4.0678E+02 -1.9265E+02  1.0721E+02
0000337   5.1378E+02 -1.1360E+02  1.0578E+02
0000338   2.3975E+02 -2.8587E+02  1.3688E+02
0000339   6.5136E+02 -1.1101E+02  3.0069E+01
0000340   5.0450E+02  2.5710E+02  3.6124E+01
0000341   5.1777E+02 -3.5530E+02  3.4134E+02
0000342   3.4375E+02 -1.1254E+02 -3.1305E+02
0000343   1.7932E+00  1.4931E+02 -1.3521E+02
0000344   1.7461E+02  7.8090E+01 -5.3103E+01
0000345   2.9349E+02 -4.2669E+02  7.2160E+01
0000346   6.6500E+02 -1.3894E+02  6.0087E+01
0000347   3.9679E+02 -2.7484E+02  2.1016E+02
0000348   6.7608E+02  6.0654E+01  1.3445E+02
0000349   2.9956E+02 -1.5710E+02 -2.9427E+02
0000350   2.9680E+02  8.5070E+01  3.5394E+02
0000351   2.1419E+02  4.3971E+01  1.7946E+02
0000352   3.2645E+02  9.7347E+01  2.1475E+02
0000353   3.5778E+02 -1.8915E+02  3.2545E+02
0000354   5.9593E+02 -2.5620E+02 -3.6942E+02
0000355   6.5872E+02  9.6320E+00 -4.2957E+02
0000356   4.1457E+02 -1.1704E+02 -1.5450E+02
0000357   3.8987E+02 -1.2299E+02 -4.4836E+02
0000358   6.5262E+02 -9.8871E+01  1.2305E+02
0000359   6.7411E+02 -1.5657E+02  1.2830E+01
0000360   3.8181E+02 -4.0866E+01  2.2024E+01
0000361   6.5093E+02 -1.3106E+02  4.7034E+02
0000362   2.1866E+02  9.3679E+01 -5.8741E+00
0000363   6.5335E+01 -3.6516E+01  5.6036E+01
0000364   2.7208E+02  2.4708E+02  1.2673E+02
0000365   7.6621E+02  1.2635E+02 -6.9379E+01
0000366   6.3572E+02  2.0334E+02  3.8580E+02
0000367   3.9720E+02 -8.5704E+01 -7.6906E+01
0000368   2.1926E+02 -5.0576E+01  9.3953E+01
0000369   3.8805E+02  9.2110E+01 -2.1565E+02
0000370   6.6223E+02 -2.4379E+02  3.7781E+02
0000371   9.1603E+02 -2.6023E+01 -9.8903E+01
0000372   7.0654E+02  3.5216E+02  1.7253E+02
0000373   1.2707E+02  1.5065E+02  6.8055E+01
0000374   5.3593E+02 -2.4067E+02 -1.3078E+02
0000376   3.6445E+02 -1.4155E+01 -6.8910E+01
0000377   2.3492E+02  3.1928E+01  3.5193E+02
0000378   5.5358E+02  1.5239E+01 -1.1328E+02
0000379   5.5986E+02  1.0856E+02  1.5101E+02
0000380   4.6485E+02 -1.2176E+02  4.4670E+01
0000381   2.7366E+02 -3.3842E+02 -1.8902E+02
0000382   2.5581E+02 -2.8381E+02 -2.7111E+00
0000383   1.5130E+02 -2.8436E+02  2.5626E+02
0000384   2.5633E+02 -3.4021E+02  5.4706E+01
0000385   5.6899E+02  1.7693E+02  1.2103E+02
0000386   4.0550E+02 -1.4025E+02 -1.3504E+02
0000387   3.1648E+02 -1.4868E+02 -1.8985E+02
0000388   2.9357E+02 -1.4056E+01 -5.4689E+01
0000389   3.6702E+02 -1.8774E+02  7.2928E+01
0000390   4.9020E+02 -1.9727E+01 -1.3986E+01
0000391   4.7925E+02 -1.3656E+01 -8.3838E+01
0000392   2.6067E+02  4.7138E+02 -5.2857E+01
0000393   5.3460E+02 -6.5352E+01  2.9959E+02
0000394   4.5134E+02 -6.6147E+01 -4.2724E+02
0000395   3.4680E+02  3.4308E+02 -2.9257E+02
0000396   7.6585E+02  9.2936E+01 -2.0736E+02
0000397   1.7945E+02  1.2997E+02 -3.4413E+02
0000398   2.0145E+02 -9.4364E+01  3.9173E+02
0000399   6.8778E+02  8.9743E+00  1.2024E+02
0000400   2.0103E+02  1.1733E+02  8.7403E+01
0000401   6.6530E+01 -2.3053E+02  2.0348E+02
0000402   2.0061E+02 -4.3211E+01  1.9638E+01
0000403   1.7845E+02 -4.1736E+02 -1.6647E+02
0000404   4.2772E+02 -1.8203E+02  5.5931E+01
0000405   4.4400E+02  1.7856E+02  1.3983E+02
0000406   3.1161E+02  6.0219E+02 -2.1659E+02
0000407   5.1273E+02  2.4954E+02  7.1320E+01
0000408   7.8794E+02  1.4778E+02 -6.7908E+01
0000409   7.0884E+02  4.1827E+02 -1.3390E+02
0000410   4.0742E+02 -2.7337E+02 -1.0567E+02
0000411   3.0080E+02  3.8777E+02 -1.7451E+02
0000412   2.8717E+02  2.8525E+01  1.7917E+01
0000413   5.1882E+02 -7.7193E+01 -3.8998E+02
0000414   5.5443E+02 -5.5118E+02  5.3217E+02
0000415   4.1127E+01  8.2439E+00  3.9044E+01
0000416   1.5032E+02 -6.9198E+01  2.8756E+02
0000417   3.4023E+02  7.5889E+01 -1.9152E+02
0000418   5.7450E+02  1.2122E+02 -2.2649E+00
0000419   6.2455E+02 -1.8592E+02  2.5231E+01
0000420   6.8935E+02 -5.1716E+01  3.7874E+02
0000421   6.1706E+02  1.0309E+02 -1.8440E+02
0000422   4.5063E+02 -5.3128E+01  7.3900E+01
0000423   6.9055E+02  1.4376E+02 -9.1875E+01
0000424   4.1148E+02  3.0985E+02 -1.4615E+02
0000425   4.6138E+02  1.9597E+02 -4.7884E+02
0000426   4.1540E+02  3.0922E+01  1.1665E+02
0000427   3.5300E+02  2.2447E+02 -1.2513E+02
0000428   3.5257E+02  3.9176E+01 -5.5477E+01
0000429   6.1211E+02  3.4253E+02  4.1529E+02
0000430   5.1159E+02  3.2264E+02  8.2264E+01
0000431   1.6616E+02  3.4148E+01 -1.0402E+02
0000432   5.6110E+02  1.1179E+02 -3.2686E+02
0000433   1.7614E+02 -5.8181E+01 -4.2763E+02
0000434   5.1241E+02 -1.0839E+02 -1.2991E+02
0000435   4.5343E+02  3.0416E+02  9.3690E+01
0000436   3.3079E+02  2.2213E+02 -4.5028E+02
0000437   1.4734E+02 -8.9776E+01  4.3234E+02
0000438   1.8636E+02  1.5244E+02  3.3530E+02
0000439   4.0518E+02 -3.6268E+02  2.8714E+02
0000440   1.6857E+02  2.3319E+02 -2.8428E+02
0000441   4.3287E+02 -2.9214E+02  1.8435E+02
0000442   5.9079E+02 -5.9781E+01 -2.7855E+00
0000443   4.8328E+02  9.5270E+01  2.1446E+02
0000444   3.7305E+02  2.7680E+02  7.9009E+01
0000446   1.6419E+02  1.9097E+02 -7.0982E+01
0000447   2.0699E+02 -1.2228E+02 -1.3774E+02
0000448   4.2468E+02  5.4829E+01 -5.8789E+01
0000449   3.7758E+02  4.9110E+02  1.6331E+02
0000450   3.5477E+02 -1.0357E+01 -7.4972E+01
0000451   6.9965E+00 -7.8207E+01  4.1388E+02
0000452   6.8989E+02  3.7750E+01  2.8033E+01
0000453   1.6137E+02  1.0542E+02 -3.9144E+01
0000454   4.8521E+02 -8.7787E+01  1.6653E+01
0000455   8.5709E+02  2.1023E+02 -3.2893E+01
0000456   1.7354E+02  8.0912E+01  4.8736E+01
0000457   2.5099E+02 -4.5785E+02 -2.7780E+02
0000458   2.5102E+02  2.3395E+02  3.2037E+02
0000459   4.6827E+02  2.6123E+02 -1.5095E+02
0000460   6.2541E+01 -6.5513E+01  5.9102E+01
0000461   2.5460E+02  8.2261E+01  1.2676E+02
0000462   3.5671E+02  2.1548E+02 -3.8058E+02
0000463   2.3675E+02 -6.1627E+01 -2.6752E+02
0000464   4.0803E+02  1.0411E+02  2.6982E+02
0000465   2.2018E+02  7.3435E+01 -1.9618E+02
0000466   2.7115E+02 -3.2030E+02  2.8922E+02
0000467   3.3365E+02 -1.2726E+01 -2.7421E+02
0000468   3.1786E+02  2.9181E+02  7.7180E+01
0000469   4.2653E+02 -8.9039E+01 -1.0531E+02
0000470   7.6172E+02 -1.6511E+02 -1.1437E+02
0000471   5.4551E+01  8.1127E+01  2.8881E+02
0000472   5.3661E+02 -8.2755E+01 -5.8368E+00
0000473   3.7826E+02  1.0841E+02 -5.0201E+01
0000474   1.2943E+02  8.0788E+01 -3.5963E+01
0000475   8.0298E+02  1.4781E+02  9.5095E+01
0000476   4.3107E+02  3.3021E+01  2.7990E+02
0000478   2.4773E+02 -1.1469E+01 -2.1326E+02
0000479   7.0166E+02 -1.7312E+01  1.9569E+02
0000480   1.3802E+02  3.1881E+02 -4.6171E+01
0000481   2.1674E+02  1.7870E+01  2.4910E+02
0000482   4.9495E+02 -5.4555E+02 -2.3921E+01
0000483   3.7782E+02 -7.8670E+01 -2.0283E+02
0000484   3.3265E+02  6.2281E+01 -2.7134E+02
0000485   1.9968E+01  2.4990E+02 -1.7966E+02
0000486   7.1161E+02  1.3679E+02  1.7306E+02
0000487   1.5859E+02  2.7780E+02  4.8616E+02
0000488   5.3499E+02  1.2620E+02  3.1068E+02
0000489   2.7936E+02 -5.3428E+01 -5.4534E+01
0000490   6.2204E+02  2.0064E+02  3.2758E+01
0000491   3.5407E+02 -2.9885E+02 -2.0973E+02
0000492   2.8879E+02 -2.2749E+02 -2.2623E+02
0000493   6.8581E+02 -1.1007E+02  1.6524E+02
0000494   2.9227E+02 -3.1942E+02 -8.6875E+01
0000495   6.5641E+02 -2.1958E+02  8.7188E+01
0000496   4.9265E+02 -1.5693E+02 -9.9834E+01
0000497   3.1969E+02  3.5047E+02 -1.9711E+02
0000499   3.2826E+02  3.5803E+01 -5.3015E+01
0000500   3.1062E+02  2.3379E+02 -2.5324E+01
0000501   4.5272E+02  5.4463E+02 -1.5874E+02
0000502   8.5657E+02 -3.7997E+01  1.3242E+02
0000503   8.5527E+01  1.4663E+02 -9.3117E+00
0000504   3.7651E+02  4.3829E+02  4.0485E+02
0000505   6.1014E+02  3.0673E+02  6.8163E+02
0000506   5.5830E+02  1.2388E+02  1.5983E+02
0000507   3.1422E+02  3.7610E+02  2.3982E+02
0000508   6.3946E+02 -3.3664E+02 -1.5848E+02
0000509   3.3360E+02  2.8698E+02 -1.3949E+02
0000510   4.8714E+02 -2.5277E+02 -2.1244E+02
0000511   1.5929E+02  1.5234E+02 -3.5703E+01
0000512   1.0125E+02 -9.2587E+01 -2.5099E+02
0000513   5.8522E+02  4.0189E+02  2.1890E+02
0000514   9.1882E+02  3.9748E+01  1.7909E+01
0000515   4.9227E+02  9.0429E+01 -2.1737E+02
0000516   6.2490E+02  9.4755E+01  1.1391E+02
0000519   4.6200E+02 -1.8034E+02 -1.8518E+01
0000520   1.0730E+02  3.3710E+02 -2.3558E+01
0000521   2.8384E+02  1.3561E+02  1.1073E+02
0000522   4.5660E+02 -8.9115E+01  1.9587E+02
0000523   1.0405E+02 -2.6953E+01 -5.3465E+02
0000524   9.7490E+01 -1.7957E+02 -2.0277E+01
0000525   4.4370E+02 -1.3877E+02 -8.0189E+00
0000526   5.3802E+02  2.8447E+02  3.9246E+02
0000527   1.6827E+02 -1.1390E+02  4.5248E+02
0000528   7.0486E+02 -1.1890E+02 -1.7606E+02
0000529   4.3366E+02 -1.3694E+02  1.1837E+02
0000530   1.2042E+02  3.2367E+02 -1.1041E+02
0000531   4.4948E+02  4.6720E+02  3.6503E+01
0000532   7.5599E+02 -1.7474E+01 -2.3206E+02
0000533   8.3345E+02 -2.9368E+01 -2.5804E+01
0000534   7.4447E+02 -1.3018E+02 -1.1269E+02
0000535   4.1666E+02  1.5415E+01 -2.8172E+02
0000536   5.9345E+02  3.8428E+02  6.2147E+00
0000537   8.6524E+02  8.1594E+01  2.2012E+01
0000538   6.1682E+02 -2.6925E+01 -4.8837E+01
0000539   6.0399E+02  6.0029E+01  2.7942E+02
0000540   7.4930E+02  3.1049E+02 -8.4273E+01
0000541   3.6276E+02  8.8644E+01  1.8212E+02
0000542   2.7562E+02 -3.6150E+02  1.0233E+02
0000543   2.1324E+02 -2.4172E+02  1.2139E+02
0000544   2.1100E+02  7.1025E+00 -1.2485E+02
0000545   6.6179E+02  3.8110E+02 -1.0400E+02
0000546   2.2605E+02  4.2346E+02 -3.3090E+02
0000547   1.1365E+02  1.4043E+02 -2.4415E+02
0000548   5.7624E+02  1.8355E+02  3.6317E+02
0000549   1.5614E+02  3.1887E+02 -3.1051E+02
0000550   5.1571E+02  3.0076E+01 -7.2002E+01
0000551   2.4835E+02  1.6508E+01  3.1943E+02
0000552   5.7488E+02 -1.9056E+02  9.3902E-01
0000553   2.8264E+01  6.2678E+01 -3.3177E+02
0000554   5.7330E+02 -6.5634E+01  2.7181E+01
0000555   3.5147E+02  5.2551E+02  7.3303E+01
0000556   4.2387E+02  4.7030E+02 -6.4645E+01
0000557   6.7178E+02 -2.3219E+01 -4.0790E+02
0000558   5.8583E+02  5.4932E+01 -2.4389E+02
0000559   5.6623E+02  2.8799E+02 -2.3693E+02
0000560   6.9322E+02  2.3510E+02 -1.6857E+02
0000561   2.9001E+02 -1.6937E+02 -4.2548E+02
0000562   1.8082E+02  6.0010E+02 -2.0648E+02
0000563   2.3640E+02  1.7443E+01  2.3313E+02
0000564   3.0051E+02  1.6837E+02  3.0194E+01
0000565   6.7922E+02  1.8302E+02  9.4283E+01
0000566   5.4629E+02  1.0147E+02 -1.0229E+02
0000567   4.0489E+02 -1.0488E+02 -3.0803E+01
0000568   5.7233E+02  1.1390E+02 -3.6626E+01
0000569   4.6010E+02  1.2605E+02  1.7837E+02
0000570   6.9486E+01 -2.7799E+02 -3.6258E+01
0000571   6.1188E+02  1.6324E+02 -1.2973E+01
0000572   5.4134E+02 -1.9479E+02  3.2040E+02
0000573   1.0770E+01 -2.4055E+02  3.5264E+02
0000574   6.6991E+02  8.1363E+01 -1.5217E+02
0000575   9.1712E+01  4.4315E+02 -1.5806E+02
0000576   3.4143E+02  1.7590E+02  1.4422E+02
0000577   5.9123E+02  3.9611E+02 -1.7150E+02
0000578   3.2056E+02  8.7547E+01  1.1974E+02
0000579   6.1359E+02  2.0079E+02 -1.4417E+02
0000580   3.3301E+02 -1.1900E+02 -3.1218E+02
0000581   3.4217E+02 -6.8917E+01  1.3961E+01
0000582   3.6475E+02  1.1705E+02  2.3259E+02
0000583   2.5656E+02 -4.1451E+01  1.9305E+01
0000584   3.0377E+02 -3.2210E+02  3.3831E+02
0000585   3.4656E+02 -1.2065E+02 -7.1931E+01
0000586   5.6347E+02  2.5589E+02  1.3540E+02
0000587   3.9593E+02 -1.2355E+02 -1.0044E+02
0000589   5.9201E+02  2.2967E+02  1.1821E+02
0000590   3.7650E+02 -9.2967E+01 -2.8289E+02
0000591   8.1878E+01  4.9941E+01  1.2533E+02
0000592   7.4253E+02  4.9503E+00 -8.1459E+01
0000593   4.4178E+02  4.3584E+02 -3.8521E+01
0000594   3.5743E+02  5.4369E+01  9.4420E+00
0000595   3.0068E+02 -2.1023E+02  1.1289E+02
0000596   3.4301E+02 -5.5557E+01 -4.5141E+02
0000597   6.8338E+02 -2.5460E+02 -3.3354E+02
0000598   7.1101E+02 -6.3406E+00  2.1904E+02
0000599   5.1440E+02 -2.7352E+01 -5.8436E+01
0000600   2.7873E+02 -2.0211E+02 -1.8768E+02
0000601   1.3718E+02 -1.6348E+02  6.5113E+01
0000602   5.2412E+02 -1.3654E+02 -9.5813E+01
0000603   1.1373E+02 -1.1145E+02  6.7070E+01
0000604   3.5188E+02 -3.1690E+01  7.3437E+01
0000605   5.1212E+02 -1.7693E+02  7.9918E+01
0000606   1.8263E+02 -2.8737E+02 -1.9599E+02
0000607   5.0481E+02  3.7047E+01 -4.6216E+01
0000608   3.2168E+02  3.8688E+00 -1.9732E+02
0000610   9.7003E+02 -1.7665E+01  1.7458E+02
0000611   7.1790E+02 -5.4576E+01 -7.9151E+00
0000612   4.4355E+02 -2.8590E+02 -6.0440E+01
0000613   2.6263E+02  1.6479E+02  3.4258E+02
0000615   4.7840E+02  4.8794E+01  7.1330E+01
0000616   2.4252E+02  1.9031E+02 -2.0909E+02
0000617   2.1711E+02  4.3714E+02 -1.6781E+02
0000618   5.7739E+02  3.0844E+02  1.3844E+02
0000619   3.8154E+02  1.8018E+02 -1.5128E+02
0000620   2.8775E+02  1.6303E+02 -1.5414E+00
0000621   6.6951E+02  1.2468E+02 -2.4440E+02
0000622   3.8942E+02 -8.4561E+01 -7.5431E+01
0000624   2.3215E+02 -5.6104E+01  2.3389E+02
0000625   5.3377E+02  1.9306E+01 -3.3311E+01
0000626   4.8323E+02  2.7222E+02  1.9728E+02
0000627   1.2433E+02  2.8543E+02 -3.7205E+02
0000628   6.1042E+02  1.6208E+02 -7.9513E+00
0000629   2.7074E+02 -9.2960E+01 -1.4995E+02
0000630   5.7060E+02 -2.2773E+01 -3.8420E+02
0000631   2.9374E+02 -5.6193E+01 -7.3868E+01
0000632   3.2818E+02  1.0616E+02  4.9107E+02
0000633   5.3762E+02  1.5133E+02 -1.4921E+02
0000634   3.6327E+02 -3.2927E+02  1.8113E+02
0000635   4.7272E+02  2.1548E+02  4.1520E+02
0000636   5.6816E+02  5.4753E+02 -3.2927E+02
0000637   1.3358E+02 -3.6223E+01  1.3129E+02
0000638   5.2749E+01  1.3523E+02  1.6608E+02
0000639   5.5453E+02  2.4291E+02 -8.9236E+01
0000640   3.0256E+02  3.5821E+02  6.1110E+01
0000642   2.0417E+02  1.3444E+02  1.3873E+02
0000643   6.9820E+02 -9.8581E-01  6.9613E+01
0000644   4.6337E+02  1.9954E+01  4.0624E+01
0000645   4.7002E+02  2.6404E+02  4.7571E+01
0000646   5.1272E+02  9.1634E+00 -2.4253E+02
0000647   7.4779E+02  7.9822E+01 -2.6465E+01
0000648   4.8549E+02 -3.7745E+01  2.7640E+01
0000649   4.2559E+02  1.1196E+02 -9.0455E+01
0000650   5.8759E+02 -5.3420E+00 -4.7666E+01
0000651   4.8839E+02  3.4793E+02 -5.4134E+02
0000652   2.3005E+02 -1.8676E+00  2.5000E+02
0000653   4.7716E+02 -2.4254E+02 -1.2431E+02
0000654   2.4388E+02 -1.1963E+02  5.6055E+01
0000655   6.1582E+02  6.2767E+01 -1.1565E+02
0000657   2.3390E+02 -1.2252E+02  3.0947E+02
0000658   2.6262E+01  2.4070E+02  6.5785E+01
0000659   6.7778E+02  1.3709E+02 -1.0847E+02
0000660   4.9266E+02  2.3544E+02 -1.2537E+02
0000661   6.8049E+02  2.3561E+01 -2.2053E+02
0000662   4.9600E+02  1.5261E+02 -2.8885E+02
0000663   6.6519E+02  1.1842E+02  3.2796E+01
0000664   3.7371E+02 -3.8515E+01  2.6812E+02
0000665   1.0981E+02 -9.0142E+01 -1.4828E+02
0000666   4.1794E+02 -2.2915E+02  9.4433E+01
0000667   8.3065E+02  2.5525E+02 -9.1959E+01
0000668   6.1438E+02  3.6624E+02 -1.9427E+02
0000669   3.1797E+02 -2.4409E+01 -1.1923E+02
0000670   5.4217E+02  2.5623E+01  1.1367E+02
0000671   6.2107E+02 -4.0794E+01  2.4731E+01
0000672   2.9674E+02 -2.8700E+02 -3.5804E+02
0000673   3.0007E+02 -4.7110E+01 -1.1131E+02
0000674   1.3921E+02  3.6669E+01  7.4959E+01
0000675   8.8440E+02  1.0548E+02 -2.1319E+02
0000676   4.8142E+01  5.6544E+01 -4.5340E+02
0000677   4.4826E+02 -1.7496E+02 -1.0049E+02
0000678   2.3906E+02 -6.8277E+01 -3.1558E+02
0000679   1.8883E+02 -8.6346E+01  3.6160E+02
0000680   3.0848E+02  5.9418E+02 -6.8180E+02
0000681   6.9406E+02  1.8810E+02 -2.4212E+02
0000682   4.4294E+02 -3.2649E+02  6.1596E+02
0000683   9.4342E+02  1.5688E+02 -2.3665E+02
0000685   6.8030E+01 -6.6839E+02  2.7680E+02
0000686   3.7324E+02 -2.5287E+02 -2.3944E+02
0000687   6.5975E+01 -3.9245E+02  3.8664E+01
0000689   4.4886E+02 -3.1770E+02 -2.5632E+01
0000690   3.1346E+02 -1.3716E+02 -1.5238E+02
0000691   1.5662E+02  2.3987E+02 -3.7697E+00
0000692   4.4596E+02 -3.6225E+02 -4.5181E+01
0000693   4.9171E+02 -1.5278E+02  3.5350E+02
0000694   6.6577E+02 -1.6033E+02  3.5383E+02
0000695   7.3563E+02  6.4433E+01  1.2316E+01
0000696   7.4041E+02  2.3432E+00 -1.0871E+02
0000697   4.6700E+02  3.3187E+02 -8.1129E+01
0000698   4.2939E+02 -1.0576E+02 -1.9211E+02
0000699   6.7629E+02 -4.1092E+02  4.2696E+02
0000700   3.3762E+02  8.3850E+01  2.1998E+01
0000701   6.1826E+02 -6.7862E+01 -1.0122E+02
0000702   5.1118E+02 -1.7207E+01  8.6806E+01
0000703   4.3290E+02 -2.6524E+01 -4.3340E+02
0000704   5.4664E+02  1.1507E+02 -9.6436E+01
0000705   5.1358E+02  6.2098E+01  5.1732E+01
0000706   5.7458E+02 -3.1919E+02 -7.3422E+01
0000707   5.3842E+02  2.9005E+02 -2.6186E+02
0000708   1.6980E+01  1.1918E+02 -9.0624E+01
0000709   5.3545E+02 -2.6916E+02  2.4620E+02
0000710   4.2563E+02 -3.4963E+01  4.8895E+02
0000711   4.0712E+02 -2.9673E+01  2.1902E+02
0000712   4.7944E+02 -3.2308E+01 -3.2097E+02
0000713   3.0826E+02  5.2846E+01  8.1424E+01
0000714   3.9246E+02 -2.5522E+02 -2.0402E+02
0000715   1.9267E+02  1.3989E+02 -9.6556E+01
0000716   2.9475E+02 -3.4993E+02  2.0738E+01
0000717   2.7694E+02 -4.6250E-01  1.0673E+02
0000718   2.8890E+02 -1.4815E+02  1.8449E+02
0000719   3.4542E+02 -8.4433E+01 -2.5894E+02
0000720   1.0068E+02 -7.5833E+01 -3.1277E+02
0000721   7.0584E+02  3.3151E+02 -8.7657E+01
0000722   5.9863E+02 -3.4041E+02 -1.5287E+02
0000723   5.8797E+02  1.2837E+02  6.7349E+01
0000724   6.7643E+02  1.0797E+02 -1.7185E+01
0000725   5.5812E+02 -1.4231E+01 -3.3995E+01
0000726   3.2103E+02  1.2283E+02 -1.6982E+02
0000727   2.4966E+02  7.9483E+01 -5.7436E+01
0000728   4.7148E+02  2.4541E+02  5.3016E+01
0000729   6.2454E+02 -3.5662E+01 -4.6587E+02
0000730   3.1412E+02 -4.0168E+02  2.5431E+02
0000731   4.4363E+02 -2.9621E+02 -1.0148E+00
0000732   3.5031E+02  3.6358E+01 -2.4379E+02
0000733   3.4366E+02 -2.3024E+02 -5.6100E+01
0000734   2.1375E+02  6.0212E+02  5.3711E+01
0000735   1.7418E+02 -4.3961E+01  1.0139E+02
0000736   4.1841E+02 -2.1323E+02 -5.3681E+01
0000737   1.5875E+02  2.8731E+01 -6.6588E+00
0000738   6.0740E+02 -2.4508E+02 -4.9976E+02
0000739   6.2175E+02  1.3398E+02  4.8399E+02
0000740   5.4016E+02 -1.4807E+02  2.5885E+02
0000741   7.8875E+02 -4.6607E+01  2.6877E+02
0000742   1.6199E+02 -1.4925E+02 -1.3615E+02
0000743   4.4112E+02 -2.1458E+01 -3.5210E+02
0000744   4.3211E+02 -3.1302E+02 -2.1488E+02
0000745   6.1065E+02 -3.7188E+02 -2.1064E+01
0000746   8.9901E+02 -2.6687E+02  2.7146E+00
0000747   1.3344E+02  2.3862E+02 -1.9144E+02
0000748   6.6202E+02 -1.0486E+02 -2.4386E+02
0000749   7.0098E+02  3.8640E+02  1.6854E+02
0000750   1.3913E+02 -6.2750E+01 -1.4775E+02
0000751   3.5679E+02  5.0904E+01 -2.3602E+00
0000752   3.6059E+02  1.5985E+02  1.4614E+02
0000753   4.1608E+02  4.9589E+02 -1.9995E+01
0000754   7.1219E+02  1.8414E+02  4.6479E+01
0000755   5.9214E+02  5.5119E+01 -2.7756E+02
0000756   4.4898E+02 -1.2345E+02 -1.5138E+02
0000757   2.7476E+02 -1.0792E+01  8.1607E+01
0000758   1.5558E+02  2.4528E+01  1.9754E+02
0000759   7.8579E+02  5.2145E+00  2.0973E+02
0000761   3.7973E+02 -2.5099E+02 -1.1322E+01
0000762   5.1485E+02  9.7588E+01 -2.8283E+00
0000763   4.8239E+02  4.1762E+01  2.2503E+02
0000764   4.2447E+02 -2.8164E+02  2.8898E+02
0000765   1.7816E+02  2.9793E+02 -1.4125E+02
0000766   3.1985E+02 -2.7170E+02  3.9475E+01
0000767   2.9966E+02 -2.3460E+02  2.7814E+02
0000768   7.4480E+01  2.8943E+02  2.6541E+02
0000769   6.4237E+02 -1.9592E+02 -5.1473E+01
0000770   4.6036E+02 -2.6698E+02  4.6311E+01
0000771   5.5603E+02  2.4767E+01  6.0972E+01
0000772   2.5767E+02 -1.0582E+02  8.6252E+01
0000773   3.8627E+02 -5.4720E+02  8.3309E+01
0000774   6.0234E+01  2.1916E+02 -2.9505E+02
0000775   2.8285E+02 -4.2861E+02  2.1854E+02
0000776   3.6681E+02 -1.6950E+02  1.0203E+02
0000778   2.3033E+02  2.3025E+02 -2.1252E+02
0000779   7.7519E+02 -1.7734E+02 -5.3881E+01
0000780   1.0108E+02 -3.5077E+02  2.1928E+02
0000781   5.8894E+02  4.6294E+02  9.1656E+00
0000782   3.5980E+02  4.8967E+00 -3.6109E+02
0000783   6.0269E+02 -3.4967E+01  1.1078E+02
0000784   4.9842E+02 -1.9341E+02  1.0166E+02
0000785   2.5991E+02  5.0214E+01  2.8559E+02
0000786   8.8533E+02 -9.5747E+01  1.1846E+02
0000787   3.6904E+02 -6.2449E+01  2.3118E+02
0000788   2.6565E+02 -1.0033E+02  1.4605E+02
0000789   2.7307E+02  3.3120E+02  2.2066E+02
0000790   5.2134E+02 -1.7381E+01 -3.0314E+02
0000791   3.9342E+02 -7.5806E+01 -1.8213E+02
0000792   2.4178E+02  1.1400E+02 -3.7677E+01
0000793   7.3083E+02 -2.5212E+02  1.0774E+02
0000794   3.6460E+02 -5.2988E+01  1.2014E+02
0000795   2.6483E+02 -4.1179E+01  1.1995E+01
0000797   4.7058E+02 -1.7753E+02  1.5880E+02
0000798   3.5794E+02 -7.7244E+01  2.5629E+02
0000799   1.3990E+02  1.4950E+02  2.5818E+01
0000800   4.5721E+02  3.2727E+01  2.4965E+02
0000801   1.1916E+02  1.2806E+02 -2.5204E+02
0000802   4.7916E+02  9.4582E+01 -8.9262E+01
0000803   3.2753E+02 -8.1048E+01  4.2501E+01
0000804   1.6527E+02  4.7994E+02  1.6817E+02
0000805   5.0595E+02  5.2698E+01 -1.2932E+01
0000806   1.7504E+02 -1.7362E+02  7.5849E+01
0000807   3.0647E+02  2.0889E+02  5.4151E+02
0000808   3.2213E+02  1.9971E+02  4.8228E+01
0000809   2.7197E+02  3.2032E+02 -1.5260E+02
0000810   5.4947E+02  1.7967E+02 -3.0569E+02
0000811   2.5737E+02 -7.7573E+01 -3.8106E+01
0000812   6.8210E+02  1.2242E+02  2.9518E+02
0000813   2.5992E+02 -1.7749E+02  1.2803E+02
0000814   3.7746E+02 -1.3393E+02 -5.6173E+01
0000815   2.4253E+02  5.7623E+02  8.8084E+01
0000816   1.8230E+02 -3.3056E+01 -1.9950E+02
0000817   5.3803E+02 -4.7282E+01  2.0045E+02
0000818   1.4399E+02  1.3435E+02  2.9780E+02
0000819   2.8120E+02 -1.5221E+02 -2.9052E+01
0000820   4.3229E+02 -5.3993E+01 -2.7683E+01
0000821   3.4426E+02 -1.1697E+02  4.3255E+02
0000822   4.3045E+02 -1.7302E+02  3.4048E+02
0000823   2.3732E+01  3.9340E+02  8.1191E+01
0000824   3.1010E+02  2.2883E+02 -1.0781E+02
0000825   4.1405E+02  5.0447E+02  7.0550E+01
0000826   5.2906E+01  4.9038E+02 -1.2141E+02
0000827   9.0158E+00 -2.9028E+01  1.0538E+02
0000828   2.2067E+02 -8.4436E+01 -2.7931E+02
0000829   7.8388E+01  1.2368E+02 -1.4227E+02
0000830   5.0641E+02  2.8863E+02  2.1520E+02
0000831   5.3588E+02  2.0499E+02  2.7588E+02
0000832   5.4157E+02 -1.9089E+01 -1.2377E+02
0000833   6.3939E+02  2.0496E+02 -3.2015E+02
0000834   6.1682E+02  2.7590E+02  8.1638E+01
0000835   4.0991E+02  1.0789E+02  7.4841E+00
0000836   3.7553E+02 -6.6499E+02 -4.9148E+01
0000837   1.5127E+02 -6.4265E+01 -2.7792E+02
0000838   5.1769E+02 -2.3090E+02  3.5265E+02
0000839   6.1629E+02 -1.2337E+02  3.5370E+02
0000840   6.1546E+02  4.3180E+01 -5.9052E+01
0000841   6.1393E+02 -2.6981E+02 -5.1341E+02
0000842   1.8305E+02  3.1541E+02 -1.4471E+02
0000843   5.8257E+02 -5.7416E+01 -5.9699E+01
0000844   2.1102E+02  4.7760E+02  1.5857E+01
0000845   2.6513E+02  2.1082E+02 -2.0803E+02
0000846   5.9068E+01  1.1920E+01 -1.8708E+02
0000847   3.9044E+02  6.8178E+01 -2.2014E+02
0000848   4.0181E+02  4.5031E+02  5.9779E+02
0000849   1.8574E+02  1.3243E+02 -6.5893E+01
0000850   6.5313E+02  1.6185E+02  1.2647E+02
0000851   1.4644E+02 -2.0672E+02 -5.4050E+02
0000852   4.9902E+02 -2.7952E+02 -3.4587E+02
0000853   2.8798E+02 -3.4646E+02  1.0087E+02
0000854   5.8423E+02 -9.7753E+01 -1.9861E+02
0000855   6.0411E+02 -3.1866E+02 -2.2778E+02
0000856   3.7382E+02 -4.9211E+01  1.9693E+01
0000857   7.4691E+02  2.3639E+02 -1.5169E+02
0000858   4.4287E+02 -1.4991E+02 -3.8823E+02
0000859   3.7012E+02 -4.0944E+00  4.8047E+00
0000860   2.0564E+02 -1.9918E+02  3.8334E+02
0000861   1.0974E+02  2.2616E+01 -7.5805E+00
0000862   2.6711E+02 -2.9297E+02 -5.3812E+01
0000863   5.8818E+02 -4.4707E+02 -4.1967E+02
0000864   3.1233E+02  1.8737E+02 -3.1817E+02
0000865   6.7830E+02  3.3004E+01 -3.6138E+02
0000866   4.5671E+02  5.8316E+02 -9.1141E+01
0000867   9.2185E+02 -3.1584E+01  6.4229E+00
0000868   2.9949E+02  2.3203E+02 -3.4260E+01
0000869   4.9441E+02  5.4018E+01 -5.7425E+01
0000870   8.0121E+02  2.7085E+02  1.9881E+02
0000871   2.5230E+02  1.2465E+01 -1.2189E+02
0000872   4.0697E+02  1.3345E+02  1.4041E+02
0000873   4.8803E+02 -2.1534E+01  1.6918E+02
0000874   3.2856E+02 -5.2622E+02 -3.3755E+02
0000875   5.2638E+02  3.8693E+02  3.3562E+02
0000876   3.7463E+02 -1.4788E+02 -1.4094E+02
0000877   4.7831E+02 -1.8579E+01 -4.0507E+02
0000878   7.5490E+02  1.6134E+01  6.3908E+01
0000879   2.9294E+02 -1.6274E+02 -1.6065E+01
0000880   3.9587E+02 -2.5688E+02  3.7212E+01
0000881   5.6986E+02 -1.1715E+02  1.4005E+02
0000882   5.1046E+02  1.0396E+02 -3.5311E+02
0000883   2.8033E+02 -1.5874E+02 -2.7776E+02
0000884   3.5111E+02  4.9155E+01  2.2156E+02
0000885   2.9297E+02  1.4913E+02 -2.1770E+02
0000886   6.7254E+02  4.0866E+01 -1.5222E+02
0000887   2.4949E+02  3.7869E+01 -6.4205E+01
0000888   3.4079E+02  9.4361E+01  6.4868E+01
0000889   6.3339E+02  3.6947E+02 -8.1767E+00
0000891   4.8477E+02 -4.5603E+00 -2.0927E+02
0000892   1.9326E+02 -8.3516E+01  5.7649E+01
0000893   5.2874E+02 -2.3629E+02  5.5286E+01
0000894   7.3647E+02  1.6268E+02 -5.8319E+01
0000895   5.4653E+02  6.0510E+01  1.2026E+01
0000896   5.7755E+02 -9.9428E+00  4.2565E+02
0000897   3.8383E+02  5.8571E+02 -4.5469E+02
0000898   8.5842E+02 -5.0693E+01  7.5915E+01
0000899   9.8732E+01  2.8073E+02 -2.9267E+02
0000900   1.0027E+02  2.1273E+02  4.1710E+01
0000901   6.0992E+02 -2.4305E+02  1.2405E+02
0000902   8.0588E+01 -2.0948E+01 -1.0307E+02
0000903   5.7090E+01  2.1682E+02 -2.1654E+02
0000904   5.4720E+02  3.0522E+02  2.0044E+02
0000906   7.7955E+02  6.2941E+01  2.1312E+02
0000907   3.8949E+02 -3.3054E+01 -3.3278E+02
0000908   5.3498E+02 -3.5897E+02  2.7703E+02
0000909   3.5252E+02 -3.6267E+02  2.5825E+02
0000910   1.3304E+01 -5.8948E+01  8.9023E+01
0000911   3.3476E+02  9.1686E+01  1.9365E+02
0000912   1.9919E+02  7.5528E+01  1.4042E+02
0000913   4.5636E+02  1.1880E+02 -2.2186E+02
0000914   5.6675E+02  3.1104E+02  2.0461E+02
0000915   3.7654E+02 -6.5471E+01  1.4744E+01
0000916   5.6754E+02  6.4418E+01 -5.1751E+01
0000917   3.9797E+02 -1.0718E+02  3.5221E+01
0000918   4.0113E+02  3.0635E+02 -1.3621E+02
0000919   6.5277E+02 -2.5498E+02  1.1237E+02
0000920   2.7445E+02  1.4097E+02  3.6024E+01
0000921   2.5162E+02 -1.0601E+01 -3.3489E+02
0000922   3.7603E+02  1.3692E+02 -3.4295E+02
0000923   5.9765E+02  3.8155E+02 -1.5594E+02
0000924   4.4358E+02  1.0215E+02  2.2050E+01
0000925   3.3495E+02  1.2136E+02 -4.2897E+01
0000926   4.0864E+02  2.8074E+02  4.6507E+02
0000927   3.6877E+02 -3.6488E+01  1.6253E+02
0000928   2.6201E+02 -1.8221E+01 -3.0594E+02
0000929   4.7751E+02 -1.2664E+02  1.4488E+02
0000930   4.1132E+02 -4.6514E+01 -9.3474E+01
0000931   5.7469E+02  4.7942E+01  2.2066E+02
0000932   4.4909E+02  4.6813E+02  2.1442E+02
0000933   6.7695E+01  4.0374E+01  6.3112E+00
0000934   4.5942E+02  2.0012E+02  6.4593E+01
0000935   2.7729E+02  3.8306E+02  1.3140E+02
0000936   5.9554E+02 -1.3825E+02 -3.6880E+02
0000937   5.7933E+02 -1.2594E+02  4.3734E+02
0000938   6.8473E+02 -4.6690E+02 -9.7692E+00
0000939   5.1219E+02 -3.6003E+01  2.8822E+02
0000940   1.5118E+02  2.4165E+02 -4.0123E+02
0000941   1.7575E+02 -3.2113E+02  4.3004E+01
0000942   1.8033E+02  1.0330E+02 -1.5545E+02
0000943   1.0364E+02 -1.3390E+02  9.9777E+01
0000944   6.6426E+02 -2.0092E+02  1.6367E+02
0000945   9.1690E+01 -1.3936E+02 -3.0390E+02
0000946   3.9025E+02 -1.2996E+02  3.7137E+02
0000947   5.9534E+02  2.4649E+02  3.0166E+01
0000948   6.0135E+02 -1.0786E+02 -3.3104E+01
0000949   6.2373E+02 -2.6659E+02 -1.0949E+02
0000950   5.4257E+02 -3.8691E+00 -1.8003E+02
0000951   2.4653E+02 -4.9112E+01  1.3792E+02
0000952   8.5535E+02  4.7418E+02  3.2102E+02
0000953   3.6703E+02 -1.8267E+02 -3.3986E+02
0000954   4.9122E+02  6.1317E+01  7.0055E+01
0000955   7.4506E+01 -3.4186E+02  9.4028E+01
0000956   5.3805E+02 -5.6848E+01  3.6492E+02
0000957   5.3691E+02 -2.8777E+02  9.1714E+01
0000958   4.3082E+02 -4.7420E+01 -6.9536E+01
0000959   1.8998E+02 -1.3519E+02  2.6596E+02
0000960   3.7313E+02 -5.3190E+02  2.3236E+02
0000961   3.6083E+02 -1.8102E+02  3.4571E+01
0000962   4.2238E+02  1.7686E+00 -5.9761E+01
0000963   8.8671E+01  4.5972E+02 -9.4768E+01
0000964   3.8337E+02 -3.0740E+02 -1.1185E+02
0000965   3.4112E+02  1.5018E+01 -1.6866E+02
0000966   2.2050E+02 -2.7963E+02  1.5048E+02
0000967   3.9080E+02 -8.2173E+00  1.1110E+02
0000968   1.2876E+02  9.3007E+01  6.1934E+01
0000969   1.1413E+02 -4.0165E+01  1.3432E+02
0000970   2.2429E+02 -1.0846E+02 -6.5378E+01
0000971   1.8978E+02 -1.4242E+02  1.4613E+01
0000972   3.4984E+02 -2.5213E+02 -1.6842E+02
0000973   3.8221E+02 -2.1042E+02  5.7709E+01
0000974   2.4714E+02 -5.2827E+02  5.4362E+02
0000975   5.1458E+02  4.1485E+02  2.3884E+02
0000976   2.3040E+02 -1.3640E+02 -2.2705E+01
0000977   4.4191E+02  8.0478E+01  7.1052E+01
0000978   4.1319E+02  2.2852E+02  3.5919E+01
0000979   1.8515E+02  6.2292E+01  1.8366E+01
0000980   3.3750E+02 -9.6057E+01  4.2177E+01
0000981   6.3479E+02 -8.8299E+01 -8.5546E+01
0000982   6.7649E+02  2.2742E+01  1.4947E+02
0000983   4.2151E+02  3.9309E+02 -2.3356E+01
0000984   6.1531E+02  3.6710E+02  1.6402E+02
0000985   4.6850E+02  2.5202E+02 -3.5983E+01
0000986   3.5567E+02  2.8175E+01  3.4664E+01
0000987   3.8172E+02  2.3316E+02 -1.2109E+02
0000988   4.7535E+02  3.4964E+02 -1.5938E+02
0000989   1.1292E+02  1.5954E+02  4.0214E+02
0000990   5.3344E+02  1.4125E+02  2.0944E+02
0000991   3.4879E+02  1.1093E+02 -2.7632E+02
0000992   1.4436E+02 -2.0850E+02  1.4304E+01
0000993   7.3608E+02  1.2318E+02  5.9313E+01
0000994   6.8437E+01  1.1736E+02 -1.4142E+02
0000995   1.6118E+02  4.9317E+02 -3.9853E+01
0000996   6.5760E+02  2.5884E+02  5.8002E+01
0000997   5.3121E+02 -1.2486E+02 -6.2169E+01
0000998   2.2857E+02 -3.7917E+01  9.9108E+01
0000999   2.3129E+02  8.9005E+01 -1.0873E+02
0001000   3.1675E+02  1.0932E+02 -3.8413E+02
