============================== SRIM-2013.00 ==============================
==============================================================================
====== SRIM Outputs\RANGE_3D.txt : File of Final Ion Positions =====

Ion =  F (09)   Ion Mass= 018.9984
Energy  = 4000000.E-05 keV
Ion Angle to Surface = 00.0 degrees
==================== TARGET =======================
  Layer # 1 - None
  Layer # 1 - Bottom Depth=500000.E-01 A
  Layer # 1 - Density =0007.8700 g/cm3
  Layer # 1 -  100 % of Fe
様様様様様様様様様様様様様様様様様様様様様様様様様様
                                            
Ion       Depth  X   Lateral Y   Lateral Z  
Number    (Angstrom) (Angstrom)  (Angstrom) 
-------  ----------- ----------- -----------
0000001   5.6438E+02 -1.1183E+01 -3.5237E+02
0000002   3.2323E+02  4.5001E+01  4.7169E+02
0000003   4.2069E+02 -2.3621E+02  4.1450E+02
0000004   2.1869E+02 -1.0664E+02  4.5387E+01
0000005   1.9753E+02  3.5577E+02 -7.7768E+01
0000006   2.3020E+02 -7.3776E+01 -1.0036E+02
0000007   4.0190E+02 -1.1089E+02 -2.7373E+02
0000008   8.6094E+01 -5.9558E+01 -1.2937E+02
0000009   4.3918E+02 -2.9240E+01 -1.9867E+02
0000010   9.4721E+01  9.5199E+01  2.3888E+02
0000011   3.4246E+02 -1.3902E+02 -3.6657E+01
0000012   8.7184E+01  4.9590E+01  4.0538E+02
0000013   2.8808E+02 -2.3051E+01  4.5325E+01
0000014   5.2983E+02  1.9226E+02 -2.5447E+02
0000015   4.5137E+02  8.3126E+01 -2.4405E+02
0000016   4.8831E+02 -2.2894E+02  2.6807E+02
0000017   7.7404E+02  1.3232E+02 -3.4049E+02
0000018   3.6655E+02  9.1190E+01  1.9481E+02
0000019   1.9363E+02 -1.5560E+01 -9.9978E+00
0000021   5.2728E+01  2.1022E+01 -1.7694E+02
0000022   4.5250E+02  1.8730E+02 -1.0798E+01
0000023   3.6299E+02 -3.5466E+02 -2.3549E+02
0000024   6.4463E+02 -2.8470E+02  1.0333E+02
0000025   9.9700E+01  7.2201E+01  5.5745E+02
0000026   6.8206E+02  3.2497E+01 -1.3138E+02
0000028   5.2806E+02  7.4709E+01  1.4230E+02
0000029   7.2652E+02 -4.4571E+02 -3.4082E+02
0000030   2.0214E+02 -1.4093E+02 -1.7924E+02
0000031   2.4009E+02  2.4280E+02 -8.3813E+01
0000032   2.9263E+02 -4.2890E+02 -2.7204E+02
0000033   5.9571E+02 -1.8211E+02 -1.5132E+02
0000034   7.0556E+02 -1.7581E+02  9.6468E+01
0000035   4.7518E+02 -6.2846E+01 -2.2465E+02
0000036   6.1834E+02  6.7128E+01 -1.2816E+02
0000037   3.6885E+02  5.4879E+01  3.5464E+02
0000038   4.8581E+02  2.5107E+02 -3.5642E+02
0000039   2.9782E+02  1.1649E+02  2.4182E+02
0000040   2.3820E+02 -6.4947E+01  1.0736E+02
0000041   2.0507E+02 -2.2806E+02  4.7141E+01
0000042   4.6102E+02  1.0768E+00  1.7474E+02
0000043   2.7298E+02 -3.9846E+02 -1.4796E+02
0000044   3.6047E+02 -1.1453E+02 -1.1175E+02
0000045   4.8775E+02  1.4894E+02 -1.3127E+02
0000046   2.5874E+02  1.0009E+02  3.6237E+02
0000047   5.3338E+02  4.8092E+02  1.8897E+02
0000048   4.6198E+02  9.0537E+01 -2.8389E+02
0000049   1.9581E+02 -3.7327E+01  4.1881E+02
0000050   8.8983E+02  1.6139E+02 -2.4322E+02
0000051   2.1874E+02  2.7888E+02 -6.1605E+00
0000052   4.7646E+02 -1.4337E+02 -5.3751E+02
0000053   2.9949E+02 -2.0582E+02 -3.3326E+01
0000054   2.6119E+02  2.1405E+02 -4.6545E+01
0000055   2.7008E+02 -1.6363E+02  2.5626E+02
0000056   1.4985E+02 -2.2915E+02 -3.5667E+02
0000057   1.6557E+01  2.7455E+02  8.3599E+01
0000058   4.0330E+02 -1.3138E+02  3.4049E+02
0000059   7.2749E+02 -2.6134E+02 -3.8996E+02
0000061   9.2303E+02  7.0482E+01 -1.4048E+02
0000062   4.3610E+02  9.1767E+01 -8.4624E+01
0000064   3.5797E+02 -3.0967E+01 -2.2891E+02
0000065   1.2008E+02 -1.1394E+02 -3.5828E+02
0000066   1.1562E+02  1.4188E+02 -9.5878E+01
0000067   7.7013E+02 -1.7233E+02 -5.9479E+01
0000068   2.3026E+02 -3.6689E+02 -5.4517E+01
0000069   3.9144E+02  1.6848E+01  1.4088E+01
0000070   3.6687E+02  4.5875E+02 -1.6829E+02
0000071   3.0977E+02  7.8516E+01  4.1519E+02
0000072   2.9688E+02 -9.9060E+01 -2.9233E+02
0000073   3.6811E+02 -1.2828E+02 -4.6345E+01
0000074   5.5750E+01  9.7346E+01  1.8869E+02
0000075   1.4650E+02 -1.0534E+02 -6.8347E+01
0000076   1.1369E+02 -8.9581E+01  1.0048E+02
0000077   6.2406E+02 -1.1190E+02 -1.5680E+02
0000078   5.5557E+02  1.5410E+02 -2.2069E+02
0000079   9.6532E+02  6.9728E+00  2.0177E+02
0000081   6.2315E+02 -1.4591E+02 -1.4506E+02
0000082   9.2706E+01 -2.2285E+02  5.1432E+02
0000083   2.9888E+02  2.1207E+02  1.2171E+02
0000084   3.3972E+02  1.6630E+02 -5.1507E+02
0000085   5.0966E+02  1.8383E+02  1.8247E+02
0000086   6.4232E+02  5.4924E+01  1.7869E+02
0000087   5.2634E+02 -1.3860E+02 -3.3940E+02
0000088   4.1497E+02  2.6921E+02  1.9824E+02
0000089   4.7798E+02  2.9277E+02 -1.1764E+02
0000090   5.5621E+02 -1.1618E+02 -1.5863E+02
0000091   3.2266E+02 -1.3815E+02 -3.5564E+01
0000092   1.7305E+02 -5.6565E+01 -1.5315E+02
0000093   1.1433E+02  6.8755E+01 -6.0702E+01
0000094   7.7398E+02  1.4173E+02  1.5978E+02
0000095   4.7165E+02 -2.1673E+01  3.7143E+02
0000096   6.1949E+02 -2.0702E+02 -3.0252E+02
0000098   5.9823E+02  1.1235E+02 -1.6663E+02
0000099   4.8914E+02  4.1968E+02 -2.0861E+01
0000100   3.6456E+02 -8.3728E+01  1.3019E+02
0000101   5.2304E+02  2.0320E+01  7.1519E+00
0000102   2.1587E+02  1.6441E+02  2.0282E+02
0000103   3.5592E+02 -1.8635E+01  6.3162E+01
0000104   3.7400E+02  8.5702E+01 -2.5960E+02
0000105   4.4584E+02 -6.0220E+01  1.1464E+02
0000106   4.0503E+02  4.8572E+00  3.5920E+02
0000107   5.1330E+02 -1.2970E+02  2.0964E+02
0000108   6.4325E+02  9.3327E+01  5.5584E+01
0000109   4.3154E+02  3.8493E+02 -1.1257E+02
0000110   4.1473E+02  1.1486E+02 -1.4236E+02
0000111   6.0543E+02 -2.8321E+02 -3.6675E+02
0000112   3.2849E+02  2.7878E+02  1.5686E+02
0000113   5.3716E+02  1.5925E+02 -2.4795E+01
0000114   3.6602E+02 -2.5541E+01 -1.5903E+02
0000115   4.0911E+02 -9.5533E+01  1.0205E+02
0000116   4.4915E+02 -2.3922E+01 -4.0455E+02
0000118   2.6430E+02 -1.3231E+02 -1.9629E+01
0000119   3.1976E+02  1.4042E+01 -7.3144E+01
0000120   2.6259E+02  6.6385E+01 -1.5167E+01
0000121   5.9771E+02  3.9000E+01  4.1833E+02
0000122   9.1950E+01 -3.0858E+01  2.6372E+02
0000123   2.1845E+02 -1.4671E+02 -3.7780E+01
0000124   1.9586E+02  1.1161E+02 -5.9861E+01
0000125   5.6077E+02  9.7890E-01 -1.5381E+02
0000126   5.6015E+02 -9.0695E+01  2.2604E+02
0000127   4.0889E+02  1.1485E+02  8.9999E+01
0000128   2.0596E+02 -2.5933E+02  5.4027E+02
0000129   3.1388E+02 -7.7082E+01 -6.0194E+02
0000130   7.6044E+02  1.0313E+02 -1.3135E+02
0000131   2.1729E+02 -6.9340E+01 -4.5939E+01
0000132   5.2175E+02 -2.2914E+02  1.1248E+02
0000133   2.5970E+02  9.0031E+00 -1.9104E+02
0000134   4.7481E+02  1.2233E+02 -1.4729E+02
0000135   6.7956E+01  1.0421E+02 -2.2950E+02
0000137   3.6164E+01  2.3091E+02  2.7051E+02
0000138   8.1125E+01  4.9188E+01 -5.2658E+01
0000139   2.6181E+02 -2.8847E+02 -2.2396E+02
0000140   2.7688E+02  1.6171E+01  1.3490E+02
0000141   6.2479E+02 -3.3977E+02 -3.3070E+02
0000142   2.4075E+02  1.1332E+02 -2.9761E+02
0000143   5.6176E+02 -2.8648E+02 -2.3545E+02
0000144   5.1118E+02  1.9704E+01  3.5932E+02
0000145   3.3717E+02  4.0410E+02 -3.1636E+02
0000146   5.7660E+02  6.8466E+01 -8.3645E+01
0000147   2.3647E+02 -3.0658E+02 -3.8022E+02
0000148   5.2935E+02  1.5871E+02  1.7859E+02
0000149   4.9574E+02 -9.0343E+01 -1.7318E+01
0000150   2.1474E+02  6.9938E+00 -3.5254E+02
0000151   2.1736E+02 -2.6080E+02  3.5805E+02
0000152   5.4945E+02 -1.0086E+02  1.4975E+02
0000153   5.0319E+02 -9.7187E+01 -5.6218E+01
0000154   3.5652E+02 -2.7508E+02 -8.3220E+01
0000155   4.2968E+02 -2.6071E+02  3.0296E+01
0000156   5.3687E+02  1.3504E+02  2.3279E+02
0000157   1.0897E+02  6.9205E+01 -2.6741E+01
0000158   1.7445E+02 -3.7646E+02  3.0227E+02
0000159   5.9195E+02 -5.6534E+01 -1.6538E+02
0000160   3.4086E+02  2.4861E+02  4.9883E+01
0000161   6.4694E+01  1.2043E+02 -3.8947E+02
0000162   5.8668E+02 -2.2820E+02  1.8585E+02
0000163   3.6011E+02  2.1912E+02 -3.0238E+02
0000164   5.5502E+02  1.3634E+02 -1.6953E+02
0000165   4.0905E+02 -2.4415E+02  1.1935E+02
0000166   7.0129E+02 -4.7388E+01 -1.0463E+02
0000167   1.4165E+02 -3.3873E+02  4.4644E+02
0000168   4.5641E+02  7.8230E+01  2.3841E+01
0000169   3.5319E+02  1.4517E+01 -8.2853E+01
0000170   5.4774E+02  4.9083E+02 -9.1174E+01
0000171   6.9836E+02 -7.7940E+01  1.1431E+02
0000172   1.6730E+02  1.7968E+02 -1.8686E+02
0000173   4.9175E+02  2.9901E+02  1.1532E+02
0000174   5.0329E+02 -3.6223E+02  9.1561E+01
0000175   3.5000E+02  1.2832E+02 -4.7533E+02
0000176   7.0748E+02 -2.9014E+02 -1.5017E+02
0000177   4.3359E+02 -1.3007E+02  3.5707E+02
0000178   5.6631E+01  1.2726E+02  5.5041E+01
0000179   1.5756E+02  9.8967E+01 -3.3298E+02
0000180   6.7979E+02 -1.9164E+02 -2.5128E+02
0000181   4.3456E+02 -1.1261E+02  1.5708E+01
0000182   4.2165E+02  1.3190E+02  1.8923E+02
0000183   3.1955E+02  3.6501E+02  1.5955E+01
0000184   1.7215E+02 -1.4694E+02  1.0600E+02
0000185   3.0266E+02  3.9017E+02  1.9076E+02
0000186   3.6117E+02  1.4905E+02  2.5811E+02
0000187   3.2477E+02  1.7504E+02  4.7678E+02
0000188   6.2764E+02 -1.8720E+02 -1.6768E+02
0000189   3.4504E+02  7.6665E+00  5.7374E+01
0000190   2.5087E+02 -1.9458E+02  1.2884E+02
0000191   3.5875E+02 -6.8675E+01  3.2955E+02
0000192   4.1966E+02 -1.5312E+02  2.0200E+02
0000193   5.4419E+02  1.2600E+02 -1.4646E+02
0000194   3.9729E+02  2.4048E+01 -3.1061E+02
0000195   3.0091E+02  4.6175E+01 -6.3590E+01
0000196   1.7859E+02  2.4920E+02  3.2767E+02
0000197   1.8507E+02 -1.1123E+02 -2.3443E+02
0000198   5.4176E+02  1.0101E+02 -1.2547E+02
0000199   3.0523E+02  7.5631E+01 -5.9779E+01
0000200   3.7682E+02 -6.0549E+01  1.2849E+02
0000201   4.2608E+02 -4.5926E+01  4.4287E+02
0000202   1.7829E+02  4.7227E+00  3.7796E+02
0000203   5.4823E+02 -1.9235E+01 -1.3163E+01
0000204   5.6512E+02  5.9449E+01 -2.0910E+01
0000205   3.5988E+02  1.5391E+02  1.9140E+02
0000206   5.1801E+02 -6.7565E+01  1.8485E+02
0000207   2.2569E+02  1.7564E+02 -1.0828E+02
0000208   3.3119E+02 -3.8523E+02  1.1549E+02
0000209   6.5233E+02 -4.5556E+01 -1.1826E+02
0000210   3.0858E+02 -6.0832E+01 -1.0223E+02
0000212   5.8683E+02  6.4903E+00 -2.6601E+01
0000213   1.2972E+01 -1.0597E+02  1.3287E+02
0000214   2.7254E+02  2.7930E+02  7.6909E+01
0000215   1.3296E+02 -9.1285E+01 -4.6728E+01
0000216   2.6005E+02  4.5192E+01  8.8618E+01
0000217   3.1757E+02  1.3774E+02  2.5830E+01
0000218   3.2775E+02 -3.8222E+02  3.7381E+02
0000219   2.5573E+02 -2.2377E+01 -4.6142E+01
0000220   6.5913E+02  1.8196E+02 -2.3936E+02
0000221   7.1384E+02 -3.5590E+01 -7.3519E+01
0000222   4.2339E+02 -6.1316E+00 -4.1846E+01
0000223   9.6241E+01  1.6571E+02 -4.3609E+02
0000224   4.1440E+02  4.0726E+02  2.0511E+02
0000225   1.5457E+02  2.3777E+02 -9.1743E+01
0000226   4.0446E+02  2.7986E+02  7.8357E+01
0000227   3.5678E+02 -2.8459E+02  3.9240E+02
0000228   3.7858E+02 -1.9051E+01  7.6137E+01
0000229   1.2535E+02  1.6556E+02  3.5343E+02
0000230   8.7301E+01  3.6870E+02  5.9315E+01
0000231   4.2319E+02  1.0493E+02  1.7537E+02
0000232   4.4045E+02  4.4009E+02 -3.1756E+02
0000233   6.1259E+02 -2.5798E+02  3.6934E+01
0000234   4.3181E+02 -2.2707E+01 -7.1243E+01
0000235   4.4878E+02  7.3131E+01 -3.1161E+02
0000237   5.1484E+01  2.8920E+02 -6.6879E+01
0000238   3.9793E+01 -2.8191E+02  1.6796E+02
0000239   4.8329E+02 -6.7859E+01  2.7497E+02
0000240   1.7307E+02 -1.2426E+02 -1.2587E+02
0000241   8.6433E+02  1.3140E+02  3.1993E+02
0000242   1.6306E+02 -3.9517E+02 -1.7975E+02
0000243   2.6213E+02 -2.7538E+02  1.0977E+02
0000244   4.9229E+02 -1.8813E+02  1.6932E+01
0000245   2.2613E+02  5.8934E+02  3.0045E+02
0000246   3.2374E+02 -4.0614E+02 -4.8251E+01
0000248   2.1575E+02 -1.5489E+02  1.1925E+02
0000249   2.8084E+02 -6.4593E+00 -1.1474E+02
0000250   1.9329E+02 -2.2999E+02  3.6158E+02
0000251   6.8611E+02  5.8114E+01 -2.4426E+02
0000252   4.4837E+02  1.1961E+02  4.3312E+01
0000253   1.8159E+02 -2.5940E+02 -4.7036E+02
0000254   4.6899E+02 -2.2561E+02  4.0339E+02
0000255   2.0586E+02 -1.5626E+02 -1.5901E+02
0000256   4.7965E+02 -3.0325E+02  1.5660E+02
0000257   3.4637E+02  8.4105E+01 -2.9569E+02
0000258   5.2593E+02  5.1720E+01  8.3706E+01
0000259   5.4107E+02  1.4426E+02 -1.5393E+02
0000260   3.4226E+02  1.1316E+02 -1.4011E+02
0000261   3.3923E+02 -3.3559E+02 -3.1748E+02
0000262   5.8424E+02  7.1116E-01  3.8473E+00
0000263   1.9368E+02  4.6352E+02  4.3041E+01
0000264   4.3307E+02 -6.3845E+01  1.7252E+02
0000265   2.3684E+02  3.7399E+01 -6.8894E+01
0000266   5.5783E+02 -1.0242E+02 -2.1984E+02
0000267   1.0951E+02 -1.2294E+02 -1.4447E+02
0000268   7.4572E+02  2.2154E+01 -1.5013E+02
0000269   8.0666E+02  3.9937E+02  7.0577E+01
0000270   4.0116E+02  2.5366E+02 -9.4160E+01
0000271   3.5753E+02 -3.3688E+02  1.0160E+02
0000272   2.0141E+02  8.6237E+01 -3.3592E+02
0000273   4.1933E+02 -2.6498E+02 -1.1729E+02
0000274   7.5314E+02 -1.6384E+02  2.4193E+02
0000276   2.7490E+02  2.1873E+02  2.8936E+01
0000277   5.7663E+02 -9.0374E+01 -2.1083E+02
0000278   6.1682E+02  4.8479E+01 -4.7871E+00
0000279   2.7205E+02 -6.0640E+01 -1.2768E+02
0000281   2.2922E+02  8.7435E+00  1.8605E+02
0000282   1.5730E+02 -2.1756E+01 -1.2294E+02
0000283   2.8552E+02  1.4770E+02 -3.6753E+01
0000284   2.9627E+02  1.0141E+02 -2.4291E+01
0000285   1.4490E+02  1.3606E+02 -2.3098E+02
0000286   3.8144E+02 -7.8222E+01 -8.3859E+01
0000287   2.8999E+02  3.4689E+02 -2.4962E+02
0000288   5.9320E+02  2.2108E+02  9.8825E+01
0000289   3.4505E+02 -4.5188E+02  2.2404E+02
0000290   6.7754E+02 -1.9100E+02 -9.7273E+01
0000291   1.6248E+02  9.9471E+01  9.7695E+01
0000292   1.6817E+02  4.3531E+01 -1.4343E+02
0000293   5.4427E+02 -6.2214E+02  6.7899E+01
0000295   4.1521E+02 -2.2229E+02  2.2165E+02
0000296   7.8702E+02 -1.1554E+02  5.6072E+02
0000297   4.4721E+02  3.8850E+02 -6.5897E+01
0000298   2.5624E+02 -2.3727E+02  3.1406E+02
0000299   1.2329E+02 -1.7766E+01  3.0461E+02
0000300   5.1578E+02 -2.5517E+02  1.5024E+02
0000301   2.5374E+02  1.5039E+01 -2.0934E+02
0000302   5.6508E+02 -1.8068E+02  4.5953E+01
0000303   5.5128E+02  1.5269E+02 -1.5823E+02
0000304   2.5586E+02  1.9122E+01  1.1508E+02
0000305   7.9814E+02  5.3165E+02 -6.8028E+01
0000306   5.2998E+02 -1.5746E+02  4.0687E+02
0000307   7.8335E+01  4.4500E+02 -2.1364E+02
0000308   6.3224E+02  1.7449E+01  4.0112E+02
0000309   2.9230E+02  2.9760E+01  1.1473E+02
0000310   4.6315E+02  3.0238E+02 -1.2146E+02
0000311   1.7366E+02 -5.7156E+02 -2.3661E+01
0000312   5.7832E+02 -3.5205E+02 -1.7138E+01
0000313   5.0629E+02  3.4191E+02 -2.8272E+02
0000314   2.4126E+02 -1.5448E+02  2.0388E+02
0000315   5.5611E+02 -1.9953E+02  7.8628E+01
0000316   3.8970E+02  1.0215E+02 -3.7397E+01
0000317   5.6282E+02 -2.2815E+02  9.0301E+01
0000318   2.0008E+02 -2.9088E+02 -3.3751E+02
0000319   3.2927E+02 -3.8998E+01 -2.3168E+02
0000320   9.1484E+02  4.1934E+02 -7.1690E+01
0000321   5.2152E+02 -3.5115E+02 -2.3608E+02
0000322   7.9489E+02  1.2096E+02 -3.3947E+01
0000323   2.7652E+02 -9.2245E+01  1.2903E+02
0000324   3.8475E+02 -2.7329E+01  5.2867E+01
0000325   5.1623E+02  2.5450E+02 -2.7454E+02
0000326   4.3867E+02  1.6490E+02  3.0947E+02
0000327   3.2523E+02 -1.0996E+02 -8.1793E+01
0000328   2.5354E+02  1.5469E+02  4.7666E+02
0000329   2.1188E+02  1.2592E+02 -1.4483E+02
0000330   3.3757E+02 -5.3244E+01  3.9522E+02
0000331   5.3044E+02  2.5297E+02 -1.2448E+02
0000332   6.0360E+02 -6.1366E+01 -5.5437E+02
0000333   5.7610E+02  9.7874E+01  2.6793E+02
0000334   1.2784E+02  1.4923E+01 -8.5442E+01
0000335   5.5955E+01 -2.2774E+02  6.0786E+01
0000336   2.9791E+02 -3.7331E+02  5.2080E+01
0000337   1.7569E+02  4.3546E+00  4.7482E+02
0000338   3.9644E+02 -1.3980E+02  5.2428E+01
0000339   3.6331E+02 -3.1526E+02 -1.1029E+02
0000340   8.2134E+02  1.5118E+01  2.0873E+02
0000341   2.2911E+02  3.0616E+02  1.2087E+00
0000342   5.2624E+02  6.3905E+01  5.8311E+01
0000343   3.0692E+02  4.8679E+02 -7.6642E+01
0000344   2.8451E+02 -1.6550E+02 -2.2953E+02
0000345   7.9790E+02 -2.6816E+01 -1.5286E+02
0000346   6.8679E+02 -1.8127E+02  2.4166E+02
0000347   6.4010E+02 -7.0412E+01  9.5549E+01
0000348   1.6659E+02 -3.9483E+01 -3.5492E+01
0000349   3.1065E+01  3.1361E+01 -9.2819E+01
0000350   5.6091E+02 -8.7330E+01 -2.4079E+02
0000351   1.3618E+02  3.9935E+01  2.2687E+02
0000352   5.5759E+02 -3.2001E+02  3.6392E+01
0000353   2.5398E+02 -4.5690E+01 -6.9253E+01
0000355   5.5391E+02  1.1011E+02 -2.8974E+02
0000356   2.1624E+02 -8.0225E+01 -1.8033E+01
0000357   2.4216E+02 -1.2877E+01  3.6501E+01
0000358   8.4041E+02 -4.2215E+02 -2.0409E+01
0000359   7.4932E+02  6.4199E+01 -4.3159E+01
0000360   6.5801E+02  3.9064E+01  4.5444E+01
0000361   2.0013E+02 -6.2603E+00 -2.3363E+01
0000362   5.0368E+02 -1.6661E+02 -3.9495E+02
0000363   6.1475E+02 -6.0889E+02  1.6287E+02
0000364   5.0414E+02  1.6657E+02 -1.6529E+02
0000365   5.3480E+02 -3.1667E+02  1.7833E+02
0000366   3.6691E+02 -3.3755E+01  8.6052E+01
0000367   3.9582E+02 -4.4681E+01 -1.4525E+02
0000368   5.8880E+02  1.1930E+02  4.3516E+01
0000369   4.4916E+02  1.5465E+01 -3.0976E+02
0000370   8.9294E+02  2.2057E+02  3.5174E+02
0000371   4.5167E+02 -4.6680E+02  3.0935E+02
0000372   7.2093E+01  3.7272E+01 -3.2747E+02
0000373   7.3716E+02 -1.8863E+01 -1.8106E+02
0000375   5.1346E+02  1.3866E+02  6.1534E+01
0000376   4.4926E+02  5.4317E+01  3.6125E+02
0000377   7.0891E+02 -4.9606E+02  1.5384E+02
0000378   5.5863E+02 -6.8608E+01 -3.8788E+02
0000379   4.6092E+02 -2.2324E+02 -5.3484E+01
0000380   4.3604E+02 -2.6527E+00  1.0492E+02
0000381   4.7343E+02  1.4422E+02  3.0982E+02
0000382   5.5094E+02  3.6123E+01  8.1338E+01
0000383   8.2221E+02 -3.8954E+02 -1.9424E+02
0000384   3.9187E+02 -1.1399E+02 -1.3835E+02
0000385   6.9595E+02 -1.2906E+02  3.0869E+02
0000386   4.5785E+02  3.1496E+01 -1.0956E+02
0000387   1.4349E+02 -4.4449E+00  4.4963E+02
0000388   3.6570E+02  5.8814E+01 -1.3407E+02
0000389   1.5609E+02  4.9032E+02 -5.4559E+01
0000390   4.0609E+02 -1.9707E+01  1.5925E+02
0000391   6.0172E+02  3.1960E+02 -5.3439E+02
0000392   6.4558E+02 -4.0058E+02  3.1345E+02
0000393   2.9013E+02  8.3025E+01  1.3913E+02
0000394   3.4037E+02 -8.8719E+00  1.5432E+02
0000395   4.2153E+02 -2.3841E+02  8.5115E+01
0000396   3.3426E+02  9.4577E+01  4.5729E+02
0000397   5.0741E+02 -2.7452E+02  2.4172E+02
0000398   5.4611E+02  2.0044E+01  2.1466E+02
0000400   4.3873E+02 -1.0537E+01 -3.1292E+01
0000401   4.6518E+02 -3.2748E+02 -1.3545E+02
0000402   6.6120E+02 -4.0716E+02  1.1411E+02
0000403   7.1791E+02 -2.1757E+02  1.1117E+02
0000404   6.0153E+02 -1.5091E+02 -1.4742E+02
0000405   3.0801E+02 -2.0083E+02  1.3735E+02
0000407   6.3182E+02 -5.7725E+01  1.2001E+02
0000408   2.4895E+02 -3.0071E+02  4.9054E+01
0000409   3.6780E+02 -4.5154E+01 -1.3795E+02
0000410   7.5175E+02  3.0134E+02  1.8982E+02
0000411   4.8626E+02  2.9523E+02  3.0836E+01
0000412   1.2681E+02  3.2321E+02 -4.4940E+01
0000413   7.3367E+02 -1.1359E+02 -1.1113E+01
0000414   6.3740E+02 -5.1360E+01 -9.2562E+01
0000415   1.0522E+02 -2.0520E+02  5.2914E+01
0000416   2.0172E+02  4.0904E+01 -4.5797E+01
0000417   2.6572E+02 -1.2945E+02 -6.1952E+01
0000418   2.9464E+02 -2.6241E+02 -2.7835E+02
0000420   1.0897E+02 -1.4068E+02 -2.7449E+02
0000421   2.7825E+02  1.0822E+02  3.9407E+01
0000422   3.8154E+02 -5.3345E+01  2.7389E+02
0000423   2.5611E+01 -2.4981E+02  4.7206E+02
0000424   9.6011E+02  1.5314E+01  2.2002E+02
0000426   1.3653E+02 -3.1043E+02  1.0343E+02
0000427   9.3181E+02  7.4237E+01  3.3029E+02
0000428   6.0580E+02  2.7683E+02  2.7835E+02
0000429   3.9071E+02  2.6096E+02 -1.2104E+02
0000430   2.7105E+02 -1.2167E+01 -2.4990E+02
0000431   4.8522E+02  1.9093E+02  2.0318E+02
0000432   2.0750E+02 -6.5105E+01 -3.1059E+02
0000433   7.9232E+02 -3.1949E+01 -4.5718E+02
0000434   3.5304E+02 -6.0279E+01 -2.7802E+02
0000435   6.9530E+02 -3.6999E+02  1.5720E+02
0000436   8.9799E+02  2.2152E+02 -1.0441E+02
0000437   9.3168E+01  8.3498E+01  6.5208E+01
0000438   3.5439E+02 -4.2330E+02 -1.5688E+01
0000439   5.1148E+02  2.4180E+02  1.4057E+02
0000440   3.2121E+02 -1.2723E+02 -1.0097E+01
0000441   6.5809E+02  2.1268E+02  3.4447E+01
0000442   6.5854E+02  6.6872E-01 -1.1816E+02
0000443   4.0344E+02  2.0128E+02  2.2271E+02
0000444   5.7552E+02 -1.0032E+02  3.2273E+01
0000445   6.7736E+02 -1.8239E+01 -1.9401E+02
0000446   7.1045E+02 -4.6968E+01 -2.4721E+02
0000447   8.0655E+02  6.4375E+01 -3.7781E+02
0000448   4.2225E+02 -3.2482E+02 -1.9492E+02
0000449   3.2162E+02 -1.3981E+02  3.9659E+02
0000450   4.3547E+02 -1.8074E+02  7.3782E+00
0000451   3.1737E+02 -1.7633E+02  1.3729E+02
0000452   1.1172E+02  1.2077E+02  7.1587E+01
0000453   5.0387E+02 -2.3904E+02  2.7483E+02
0000454   4.9305E+02 -1.1642E+02  6.2695E+01
0000455   4.0829E+02  3.4361E+01  3.1544E+02
0000456   4.9982E+02  1.8217E+02  3.8946E+01
0000457   4.8220E+01  2.7633E+02 -1.7649E+02
0000458   4.1498E+02 -5.4489E+00  5.6942E+01
0000459   4.9573E+02 -1.3780E+02 -1.2190E+02
0000460   9.6114E+02  3.7933E+01 -7.3931E+01
0000461   9.5428E+02 -2.8479E+02 -3.1851E+02
0000462   2.1754E+02 -7.3951E+01 -1.8169E+02
0000463   5.9184E+02  8.7613E+01 -2.7506E+02
0000464   5.3769E+02 -7.8027E+01  2.1606E+01
0000465   6.3737E+02 -4.7374E+01  1.3189E+02
0000466   7.2137E+02 -3.5475E+02  1.8257E+02
0000467   4.7735E+02 -1.7324E+02 -2.1858E+02
0000468   6.3983E+02  1.8881E+02  2.4173E+02
0000469   2.5505E+02  1.5507E+02 -5.6280E+01
0000470   5.1261E+02 -4.5081E+01  1.8648E+02
0000471   6.2887E+02 -4.3180E+02 -8.1890E+01
0000472   3.2061E+02  1.4787E+02 -6.8033E+01
0000474   3.5320E+01 -4.8254E+01  9.2643E+01
0000475   2.8082E+02 -3.0087E+01 -1.5805E+02
0000476   4.5196E+02 -1.0921E+02 -3.5194E+02
0000477   1.0559E+02 -6.0685E+01  5.6591E+01
0000478   1.8731E+02  2.2456E+02  1.0241E+02
0000480   3.7288E+02 -4.2999E+02 -5.9596E+01
0000481   4.4335E+02 -3.0633E+02 -2.0837E+02
0000482   1.7219E+02  2.3605E+02  2.3203E+02
0000483   2.7937E+02 -1.7323E+02 -7.9787E+01
0000484   6.4360E+02  6.1208E+01 -2.5184E+02
0000485   1.2037E+02 -1.7261E+02 -4.4087E+00
0000486   6.3639E+02  1.6549E+02  1.3756E+02
0000487   2.2277E+02  1.8479E+01  8.1244E+01
0000489   1.4483E+02 -5.6177E+01  1.7078E+01
0000490   3.5581E+02 -2.8314E+02  3.8587E+01
0000491   9.4775E+02  1.5317E+02 -1.2781E+02
0000492   3.3950E+02 -3.0965E+02  2.2525E+01
0000493   6.1142E+02 -5.7003E+01  6.1633E+00
0000494   3.0248E+02  1.5168E+02  1.0968E+02
0000495   3.2151E+02 -4.1806E+02 -2.9215E+02
0000496   7.2584E+02  9.9712E+01 -1.8361E+02
0000497   3.1620E+02  1.2698E+02  3.1653E+02
0000498   3.5372E+02 -2.7168E+02 -1.6287E+02
0000499   4.9785E+02  9.5343E+01 -1.6670E+00
0000500   4.0927E+02  1.5526E+02  2.7401E+02
0000501   5.4307E+02 -1.6228E+02  5.3893E+01
0000502   3.9155E+02 -1.9213E+02 -1.6028E+02
0000503   2.9171E+02 -3.3933E+02  3.3144E+02
0000504   5.6488E+02  3.2470E+01 -2.5547E+02
0000505   4.0134E+02 -5.7752E+00 -1.2754E+02
0000506   6.3290E+02  4.4396E+01  3.1923E+02
0000507   8.0083E+01  8.4827E+01  3.2688E+01
0000509   2.6046E+02  1.4632E+02  9.2000E+01
0000510   3.9498E+02 -2.3892E+02 -1.4077E+01
0000511   3.0003E+02  4.9688E+02 -1.0137E+01
0000512   7.6925E+02 -9.8891E+01 -1.2628E+02
0000513   3.5946E+02 -2.7152E+02  5.8604E+01
0000514   8.2655E+01  2.5012E+02  1.3885E+02
0000515   4.4141E+02  9.7817E+01 -3.6956E+02
0000516   9.2954E+02  8.1365E+01 -1.4031E+01
0000517   2.1554E+02  5.0262E+01  1.3621E+02
0000518   5.7714E+02 -1.0172E+02 -3.5155E+02
0000519   5.0691E+02  9.2166E+00  2.7317E+01
0000521   3.7782E+02  3.8330E+02 -3.3180E+02
0000522   3.4277E+02  2.8348E+02  4.0856E+01
0000523   2.6994E+02  1.5345E+02 -2.2623E+02
0000524   2.3846E+02 -1.0018E+02 -1.0174E+02
0000525   6.0883E+02  1.3353E+02 -1.4494E+02
0000526   4.2013E+02  1.4223E+02  3.3147E+01
0000528   8.6085E+02  7.7394E+01 -4.0178E+02
0000529   1.8218E+02 -2.5551E+01 -9.6887E+01
0000530   2.5625E+02  1.4709E+02  8.4375E+01
0000531   3.7990E+02  3.1213E+02  5.7461E+01
0000532   1.1582E+02  2.0169E+02  7.5844E+01
0000533   6.0314E+02 -8.9315E+01 -2.2743E+02
0000534   5.2133E+02 -1.0181E+01  3.0121E+02
0000535   6.3394E+02 -4.6186E+01 -5.7956E+01
0000536   6.6844E+02 -4.7850E+01 -5.0884E+02
0000537   2.9872E+02  4.4001E+02 -1.4123E+02
0000538   7.2617E+02  5.4952E+01  1.6110E+02
0000540   5.0424E+02 -1.8371E+01 -1.4988E+02
0000541   6.5964E+02 -2.7577E+01 -6.1099E+02
0000542   4.0551E+02 -1.5752E+02  2.8294E+02
0000543   8.8135E+01  1.6526E+00 -1.6614E+02
0000545   2.3875E+02 -6.9385E+01 -5.9902E+01
0000546   4.4241E+02  9.8298E+01  3.2776E+01
0000547   6.6452E+01  1.7554E+02  4.6685E+01
0000548   3.7706E+02 -3.3432E+01 -1.3958E+02
0000549   3.1873E+02  2.1802E+02  2.4110E+01
0000550   4.4855E+02  7.5075E+01  2.1113E+02
0000551   3.0775E+02 -1.8550E+02 -1.4570E+02
0000552   7.6457E+01  1.9305E+02 -2.2757E+02
0000553   3.1272E+02  6.0589E+01 -2.0790E+01
0000554   5.2419E+02 -4.8211E+02  3.6363E+02
0000555   2.7394E+02 -5.0066E+01 -9.1780E+01
0000556   4.7890E+02  1.4010E+02  5.6904E+01
0000557   3.1581E+02 -1.1054E+02  1.3643E+02
0000558   7.1778E+02  1.3559E+02 -4.7362E+02
0000559   2.3742E+02 -1.4629E+01 -4.5186E+01
0000560   4.1528E+02 -1.3694E+02 -2.2821E+02
0000561   7.3011E+02  4.6430E+01 -4.6598E+01
0000562   6.6472E+02  3.2863E+01  1.1082E+02
0000563   6.9112E+02  5.8130E+01 -1.6887E+01
0000564   2.4970E+02  6.8861E+02  4.0829E+02
0000565   4.7661E+02  4.8103E+01  1.3879E+02
0000566   6.5795E+02 -1.3043E+02  9.0855E+00
0000567   5.8473E+02  1.2816E+02  8.9623E+01
0000568   1.7841E+02  5.1264E+01 -2.8428E+02
0000569   4.0089E+02 -5.4118E+02  5.6486E+01
0000570   5.4935E+02 -2.1969E+02 -1.6045E+02
0000571   7.4392E+02  2.7563E+02 -2.6584E+02
0000572   3.4720E+02 -3.0870E+02 -1.2120E+02
0000573   6.3165E+02  3.4021E+02  4.3318E+02
0000575   6.0354E+02 -7.0273E+01 -2.6708E+02
0000576   2.2601E+02  9.9429E+01 -7.5672E+01
0000577   3.5854E+02 -2.6874E+02 -1.3575E+02
0000578   1.7048E+02  4.1865E+02 -1.5625E+02
0000579   4.8219E+02 -4.7306E+01  3.0819E+02
0000580   5.4119E+02 -9.9993E+01  2.7045E+02
0000581   7.1770E+02  3.2608E+02 -3.0660E+02
0000582   3.1923E+02 -3.1031E+02 -1.7841E+01
0000583   4.5612E+02  3.4230E+02 -3.2893E+02
0000584   3.0970E+02  3.5267E+02  1.6196E+01
0000585   1.6268E+02  6.0370E+01 -1.3221E+02
0000586   4.4033E+02 -1.2728E+02  2.2699E+02
0000587   3.0938E+02 -1.0604E+02 -5.9535E+01
0000588   4.5333E+02 -8.2832E+01 -1.1931E+02
0000589   4.0949E+02  1.5074E+02 -2.8429E+02
0000590   5.9323E+02  9.1336E+01  2.4456E+01
0000591   4.2291E+02 -6.3119E+01  2.0391E+02
0000592   6.9111E+02 -3.1766E+02  1.0441E+02
0000593   5.8025E+02  2.9872E+02  1.6680E+02
0000594   3.1843E+02 -1.7449E+01 -2.4568E+02
0000595   5.2301E+02  6.0209E+02 -2.3738E+02
0000596   1.2654E+02 -1.0085E+02  1.3540E+02
0000597   5.5938E+02  2.2563E+02  4.3400E+02
0000598   3.3088E+02  1.5069E+02  1.3893E+02
0000599   7.4550E+02  1.6794E+02 -2.7257E+02
0000600   6.6974E+02 -1.6900E+01 -2.3690E+02
0000601   5.7195E+02 -1.3058E+02 -3.9466E+02
0000602   6.9482E+02  1.9589E+02 -4.2745E+01
0000603   5.1428E+02  1.6654E+02  5.0895E+02
0000604   6.4412E+02 -3.0301E+02 -2.8162E+01
0000605   4.5590E+02 -4.6395E+01 -5.0920E+02
0000606   4.7312E+02  4.0130E+02 -4.2088E+02
0000607   5.5471E+02  2.3631E+01  9.0014E+01
0000609   3.3722E+02 -1.4450E+02  3.9279E+02
0000610   3.0915E+02  1.3568E+02 -1.0912E+02
0000611   4.1751E+02  1.1635E+02 -2.1674E+02
0000612   7.8374E+01  5.9151E+01  1.1402E+02
0000613   6.3416E+02  9.9456E+00  3.5362E+01
0000614   4.1602E+02  1.7445E+02  4.5696E+00
0000615   5.1747E+02  3.5649E+02 -3.0485E+02
0000616   5.9082E+02  1.7252E+00  1.6045E+02
0000617   2.5921E+02  7.2154E+01 -4.1633E+01
0000618   4.6050E+02 -2.1191E+02  1.2122E+02
0000619   5.3137E+02 -1.4696E+01 -3.7378E+02
0000620   2.0585E+02  2.5634E+02 -2.3188E+02
0000621   5.8264E+02  2.8699E+02 -2.1697E+02
0000623   2.5195E+02 -2.4841E+02  1.2015E+02
0000624   9.0342E+02  2.7274E+01  2.2078E+02
0000626   4.0313E+02  4.6874E+02 -3.0425E+02
0000627   2.6718E+02 -1.5280E+02 -4.7742E+01
0000628   3.5949E+02 -3.3294E+02 -4.1584E+02
0000629   2.7494E+02  2.4180E+02  1.1393E+02
0000630   4.3818E+02 -1.2589E+02 -1.4432E+02
0000631   2.5739E+02 -1.8811E+02  1.1274E+02
0000632   3.0238E+02 -1.7358E+01 -1.8909E+02
0000633   1.1687E+02  1.0107E+02  8.4442E+01
0000634   4.8116E+02  1.0830E+02 -1.4789E+02
0000635   4.8289E+02 -2.3007E+02 -2.5718E+02
0000636   4.5588E+02 -6.2371E+02 -1.9402E+02
0000637   1.6484E+02  1.6934E+02 -9.0947E+01
0000638   4.9542E+02  2.4748E+00  1.1596E+02
0000639   4.2504E+02  1.9502E+02  2.8219E+02
0000640   2.9932E+02 -1.0580E+01 -1.1811E+02
0000641   2.6414E+02  1.9670E+02 -1.8819E+02
0000642   7.2976E+02 -8.5353E+01 -3.0369E+02
0000643   7.7377E+01 -3.2584E+02 -1.0158E+01
0000644   7.3395E+02 -4.6345E+00  1.2133E+02
0000645   4.0575E+01  1.3743E+02  1.9241E+02
0000646   7.1656E+02  9.3238E+01  2.3893E-01
0000647   3.1158E+02 -1.7766E+02 -7.4969E+01
0000648   5.4419E+02 -1.3571E+02  1.7698E+02
0000649   2.9354E+02  2.1472E+02  1.9778E+02
0000650   3.5389E+02 -4.6994E+02  2.5503E+02
0000651   3.9099E+02 -4.1719E+02 -3.8320E+01
0000652   2.9400E+02 -9.5534E+01  2.6884E+02
0000653   6.9201E+02 -1.8987E+02  3.1884E+02
0000654   3.0361E+02  3.0997E+02  4.0912E+02
0000655   5.2974E+02 -2.9596E+02 -2.1157E+02
0000656   5.8343E+02  7.5383E+01  3.6596E+01
0000657   9.9826E+01 -1.3406E+02  8.7240E+01
0000658   1.9403E+02  3.6162E+02  1.0085E+02
0000659   4.5573E+02  1.3845E+01 -1.8582E+01
0000660   2.5537E+02  3.2702E+01 -2.2536E+02
0000661   4.5727E+02  4.2900E+02  2.1103E+02
0000662   3.2353E+02  9.1364E+01 -3.8454E+02
0000663   4.1418E+02  5.9212E+01  2.3054E+02
0000664   3.8902E+02  3.5069E+02 -1.6409E+02
0000665   2.2482E+02 -2.0357E+02  3.6271E+02
0000666   2.3944E+02  5.8352E+01  8.0196E+01
0000667   3.9542E+02  2.0048E+02 -1.1989E+02
0000668   4.9216E+02 -1.7316E+02  2.8473E+01
0000669   2.6823E+02 -7.8953E+00  7.7841E+01
0000670   8.5292E+02  5.6780E+01 -2.4877E+02
0000671   4.9779E+02 -9.7179E+01  1.8941E+00
0000672   3.0143E+02  5.0347E+01  2.4468E+01
0000673   1.4531E+02  1.4266E+02  1.8201E+01
0000674   3.0438E+02 -3.3125E+02  8.9272E+01
0000675   3.6998E+02 -3.3932E+02 -2.3672E+02
0000676   1.5992E+02 -2.7998E+01  2.6922E+01
0000677   9.8894E+01  8.7825E+01 -1.8509E+02
0000678   6.5977E+01  3.1078E+01  8.0852E+01
0000679   5.0162E+02  9.2225E+01 -9.2875E+01
0000680   6.4579E+02 -1.4957E+02 -1.7016E+02
0000681   3.6458E+02 -4.1373E+02  7.7837E+01
0000682   4.6041E+02  4.6610E+02 -1.4786E+02
0000683   5.3259E+02 -1.0582E+02 -6.9459E+00
0000684   1.2805E+02 -1.9744E+02  1.3812E+01
0000685   7.1820E+02 -4.3201E+01 -3.6462E+02
0000686   7.4025E+02 -1.2396E+02  5.0213E+01
0000687   8.3796E+02  8.0298E-01  5.9699E+01
0000688   4.6365E+02  5.2874E+01  4.8019E+01
0000689   6.9680E+02 -2.3463E+02 -3.8710E+02
0000690   7.7703E+02  1.3636E+02 -1.3862E+02
0000691   2.7567E+02 -2.4666E+02  2.0443E+02
0000692   5.1217E+02 -1.3746E+02 -4.4735E+02
0000693   5.1111E+02 -2.6161E+02  2.2157E+02
0000694   3.8149E+02  7.2840E+01 -8.5278E+01
0000695   3.5032E+02 -3.9514E+01 -2.2522E+02
0000696   8.9766E+01  3.2159E+00  5.2556E+01
0000697   8.2880E+02 -1.0706E+02  5.1070E+01
0000698   5.6139E+02  1.5373E+02  2.5018E+02
0000699   5.7276E+02  2.1179E+02  7.1207E+01
0000700   8.6198E+02 -2.2186E+02 -1.1679E+02
0000701   2.6388E+02  3.3710E+02  1.9120E+02
0000702   3.0717E+02  1.0696E+02  1.9499E+02
0000703   7.1817E+02 -7.8614E+00 -1.0982E+02
0000704   3.6199E+02  7.9162E+00 -7.2650E+01
0000705   6.7681E+02  7.3787E+01 -9.3300E+01
0000706   2.3861E+02 -1.2806E+02  3.5503E+01
0000707   5.6632E+02 -1.6956E+01  1.7625E+02
0000708   5.3320E+02 -1.5829E+02 -1.9977E+02
0000709   3.4198E+02 -2.9617E+01  6.8381E+01
0000710   1.7056E+02  8.1375E+01  9.3060E+01
0000711   3.3339E+02  1.5038E+02  1.9511E+02
0000713   1.6966E+02 -1.0158E+02 -1.4014E+02
0000714   2.6943E+02 -4.4057E+02 -9.1701E+01
0000715   1.6541E+02 -3.0355E+02 -2.9605E+02
0000716   1.3870E+02 -2.6456E+02  2.0841E+02
0000717   5.1685E+02 -3.4237E+02 -3.9962E+02
0000719   5.9271E+02  4.0737E+02  6.6316E+01
0000720   1.4909E+02  1.3184E+01  5.9733E+01
0000721   5.8601E+02 -4.3803E+01  2.9392E+01
0000722   3.9222E+02  1.6827E+02  1.8883E+00
0000723   4.8307E+02  4.4116E+02 -1.6333E+02
0000724   7.2577E+02  1.2008E+01 -4.5410E+02
0000725   4.9518E+02  4.3710E+01  4.5503E+02
0000726   1.1997E+03 -2.9351E+02  2.5720E+01
0000727   2.7086E+02  1.3409E+02 -3.5745E+01
0000728   5.3322E+02 -1.9688E+01 -1.1020E+02
0000729   4.0654E+02  4.2164E+01 -1.4085E+02
0000730   2.1373E+02  2.2849E+01  6.4187E+01
0000731   8.2188E+02 -3.2980E+02  1.9154E+01
0000732   2.4067E+02 -3.1550E+02  2.9511E+02
0000733   5.3360E+02  8.6195E+01 -3.1074E+02
0000734   1.9491E+02 -1.6539E+02  2.8164E+01
0000735   7.4987E+01  1.2733E+02  5.4822E+01
0000736   7.0944E+02  1.5417E+02  3.1614E+02
0000737   4.2221E+02  1.1153E+02  4.2841E+01
0000738   2.9588E+02 -1.0731E+02 -6.1331E+01
0000739   5.0653E+02  9.2511E+01 -3.0968E+01
0000740   1.1900E+02  6.1767E+01  1.3991E+02
0000741   2.2587E+02  2.9376E+02  3.0065E+02
0000742   4.7236E+02 -2.4298E+02  3.9599E+02
0000743   1.3221E+02  3.4383E+01  6.7481E+01
0000744   1.2878E+02  4.0289E+02  4.2757E+02
0000745   2.2389E+02  1.6844E+02 -2.4784E+02
0000746   3.1998E+02  3.0452E+01  2.0356E+02
0000747   5.0950E+02 -2.0046E+02  1.5614E+02
0000748   1.4793E+02 -2.9390E+02 -4.1736E+02
0000749   3.3431E+02  1.9932E+02 -3.5588E+02
0000750   7.6587E+02  3.6689E+01  8.7084E+01
0000751   6.3185E+02  2.0552E+02  1.7183E+02
0000752   3.2864E+02  1.1295E+02  1.3384E+02
0000753   3.2743E+02  3.7084E+02 -3.2119E+02
0000754   7.0302E+02 -3.0589E+02 -1.0604E+02
0000755   3.4072E+02  2.1622E+02  6.7723E+01
0000756   2.7360E+02  4.0453E+02  2.8685E+02
0000757   3.0160E+02 -1.6355E+02 -8.0542E+01
0000758   4.6110E+02  2.1669E+02 -1.2437E+01
0000759   1.0366E+02 -2.0772E+02  2.6478E+02
0000760   6.1449E+02  4.0679E+02 -2.3507E+02
0000761   1.4127E+02 -2.5806E+01  5.0511E+00
0000762   4.1408E+02 -1.3921E+01  2.2114E+02
0000763   1.8681E+02 -3.6745E+01  1.0817E+02
0000764   3.7231E+01  2.1626E+02 -8.4679E+01
0000765   7.0258E+02  1.3985E+02 -2.8791E+02
0000766   4.4793E+02  6.0319E+01  1.3012E+02
0000767   4.5635E+02  4.7043E+01 -1.7158E+02
0000768   3.6153E+02  7.6632E+01 -1.3205E+02
0000769   5.2188E+02  2.5989E+02  5.2724E+01
0000771   1.0743E+02  1.5798E+02 -2.9750E+01
0000772   3.7104E+02  2.0481E+02 -1.3212E+02
0000773   1.5410E+02  2.5434E+02  5.4893E+01
0000774   6.3575E+02  3.6188E+01  3.6860E+02
0000775   3.0818E+02 -3.0049E+02  7.7062E+02
0000776   1.7007E+02 -1.1688E+01  7.4725E+01
0000777   3.9016E+02  1.4679E+02  2.4163E+02
0000778   4.3284E+02  1.3674E+02  9.0063E+01
0000779   3.9939E+02 -1.9098E+02  1.7150E+02
0000780   4.5799E+02  3.4793E+02 -3.1620E+02
0000781   2.8650E+02 -2.7257E+02 -1.5072E+02
0000782   5.5136E+02  2.9490E+00 -9.8996E+01
0000783   9.2509E+02  4.0397E+02 -1.3298E+02
0000785   7.2541E+01 -1.0213E+02  2.4217E+02
0000786   2.4862E+02  4.9373E+01  1.1054E+01
0000787   4.2072E+02 -8.3401E+01 -4.6069E+02
0000788   1.8205E+02  5.9080E+01 -2.9014E+02
0000789   2.2061E+02 -1.6399E+02  1.1816E+01
0000790   3.9042E+02  1.9905E+02  3.1215E+02
0000791   2.5926E+02 -1.1176E+02 -3.0782E+02
0000792   3.3854E+02 -1.4123E+02 -1.1828E+02
0000793   1.4669E+02  9.3417E+01  2.9984E+02
0000794   5.9200E+02  2.3556E+02 -1.6577E+02
0000795   3.6361E+01  9.9676E+01  1.6068E+02
0000796   2.9537E+02 -8.8523E+01  3.4004E+02
0000797   4.3334E+02 -8.5256E+01  4.8387E+02
0000799   8.1272E+02  5.1176E+01  5.1928E+02
0000800   5.0569E+02 -1.6423E+02  2.9123E+02
0000801   2.6785E+02 -6.8434E+01  2.0148E+02
0000802   4.6082E+02  1.2097E+02 -2.0111E+01
0000803   3.9875E+02 -1.5559E+02 -3.1882E+02
0000804   2.5506E+02  2.4291E+02  2.5356E+02
0000805   4.6009E+02 -1.5100E+02 -1.5447E+02
0000807   2.7491E+02  6.6024E+01  3.0361E+02
0000808   3.7937E+02 -9.5357E+01  7.9059E+01
0000809   2.1039E+02  1.8413E+02  2.2150E+02
0000810   7.1566E+02  2.6819E+01 -2.4091E+02
0000811   5.3805E+02 -1.9768E+02  1.0463E+02
0000813   1.3227E+02 -7.5855E+01  8.2978E+01
0000814   5.7599E+02  1.5659E+02 -1.4444E+02
0000815   1.4127E+02 -3.2531E+01 -6.0427E+01
0000816   4.6359E+02 -1.6007E+02 -2.1932E+02
0000817   1.7639E+02 -1.8293E+01 -1.6442E+02
0000818   3.1761E+02 -2.6977E+01  4.2710E+02
0000819   2.0833E+02  1.7417E+01  1.5202E+02
0000820   8.4279E+02  1.9501E+02  1.9105E+02
0000821   6.6543E+02  1.4456E+01  1.8636E+02
0000822   3.7438E+02 -1.6435E+02  1.2328E+02
0000823   4.4498E+02  2.3309E+02  7.4006E+01
0000824   4.7968E+02  2.7590E+02  2.1977E+02
0000825   2.3561E+01  1.8022E+02 -1.9965E+01
0000826   2.4541E+02  1.1816E+01 -7.3643E+01
0000827   8.8202E+01 -3.7684E+01 -6.4040E+01
0000828   2.9547E+02 -2.7760E+02 -2.2234E+02
0000829   4.5183E+02  1.7520E+02 -3.7668E+01
0000830   3.0993E+02 -9.8772E+01  2.2033E+02
0000831   4.2425E+01 -8.8589E+01 -1.7966E+01
0000832   3.4500E+02  7.5592E+01 -2.9273E+02
0000833   7.2832E+02  8.4984E+01  1.5017E+02
0000834   2.0599E+02  2.7805E+01 -5.5609E+01
0000835   8.9383E+02 -2.7672E+02 -8.1696E+01
0000836   5.1472E+02 -1.7013E+02  2.6352E+02
0000837   6.8164E+02 -2.7578E+02 -2.1357E+02
0000838   1.4956E+02 -4.7301E+02 -3.3143E+02
0000839   3.1175E+02 -1.7190E+02 -1.4750E+02
0000840   5.1971E+02  5.4204E+02  3.6457E+01
0000842   3.7437E+02 -2.2292E+02  2.1278E+01
0000843   4.6126E+02 -2.1630E+02  3.9198E+02
0000844   1.6594E+02 -4.1623E+02 -1.6335E+02
0000845   6.7788E+02  1.6952E+02  1.2539E+02
0000846   3.4804E+02 -9.4503E+01 -1.9875E+02
0000847   1.5058E+02  1.8413E+02  1.3421E+02
0000848   4.5003E+02 -1.6571E+02 -5.9013E+01
0000849   5.8075E+01 -1.6776E+02  1.1553E+02
0000850   3.7835E+02 -1.7701E+02  8.2159E+01
0000851   2.0397E+02  2.0721E+02 -3.6494E+02
0000852   2.8681E+02 -1.0916E+02  3.2444E+02
0000854   8.5437E+01 -7.9750E+00 -2.8113E+02
0000855   7.4944E+02  1.2736E+01  1.1315E+02
0000856   5.2773E+01  5.3400E+01  3.9755E+00
0000857   6.5010E+02 -1.2816E+02 -1.6046E+02
0000858   3.5981E+02 -9.6424E+01  2.5224E+02
0000859   1.6264E+02  1.0129E+02 -3.7334E+02
0000860   2.6884E+01 -9.3638E+01 -2.2037E+02
0000861   3.4461E+02  1.1875E+02 -1.8573E+01
0000862   4.2534E+01  1.0296E+02 -2.2278E+01
0000863   1.9788E+02  9.3132E+01  3.3649E+02
0000864   7.6379E+02  2.2136E+02 -4.2665E+01
0000865   4.2742E+02 -1.1831E+02 -2.2358E+02
0000866   3.1472E+02  8.0224E+01  3.1382E+02
0000867   4.9786E+02 -1.1471E+02 -2.8362E+02
0000868   4.0999E+02  1.4863E+02  1.3949E+02
0000869   1.4741E+02  1.1041E+02 -6.9860E+01
0000871   5.8213E+01  3.2725E+01 -3.9243E+02
0000872   7.2440E+01  3.9382E+02 -1.4039E+02
0000873   3.0683E+02 -7.3407E+01  1.3902E+02
0000875   3.8622E+02  9.8088E+01 -1.0736E+01
0000876   4.0165E+02 -6.9063E+01 -1.3769E+02
0000877   6.5978E+02 -1.2022E+02 -3.8399E+01
0000879   2.1583E+02  5.7841E+01 -8.0665E+01
0000880   5.8830E+02 -2.7746E+02  2.2664E+02
0000881   2.3910E+02  1.3677E+02  1.6438E+02
0000882   5.1191E+02  3.7171E+01 -1.3687E+02
0000883   2.6733E+02  1.3548E+02 -4.7858E+01
0000884   7.2365E+02 -9.5672E+01 -4.0188E+02
0000885   4.6225E+02 -1.1237E+02 -1.2984E+01
0000886   3.1545E+02 -2.5008E+02 -3.3072E+01
0000887   6.3861E+02 -1.6162E+02 -1.5911E+02
0000888   4.7150E+02  1.8663E+02  1.9908E+02
0000889   8.5347E+02 -6.3985E+00  1.3222E+02
0000890   5.6887E+02  4.7477E+01  4.9261E+01
0000891   3.5354E+02 -9.6639E+00  1.6810E+02
0000892   2.3431E+02  1.9777E+02 -1.0704E+02
0000893   5.2189E+02  9.8865E+01 -3.0163E+02
0000894   5.1654E+02 -3.4751E+02 -8.1622E+01
0000895   5.1939E+02 -9.1525E+01 -1.0135E+02
0000896   2.2197E+02  2.9093E+02  2.2943E+02
0000897   6.1073E+02  6.7278E+01  1.0562E+02
0000898   4.9395E+02  8.8203E+01  3.3940E+02
0000899   3.5944E+02 -2.6974E+02  4.7062E+01
0000900   3.7321E+02 -9.4628E+01 -2.1714E+02
0000901   2.6728E+02  5.0491E+02 -5.9575E+01
0000902   7.1913E+02  1.0045E+02 -2.3564E+02
0000903   4.7534E+02  1.4453E+02 -3.6146E+02
0000904   6.6937E+02 -1.5317E+02 -3.9145E+02
0000905   4.3004E+02  3.0314E+02 -1.2946E+02
0000906   5.2668E+02  4.3889E+01 -1.5669E+02
0000907   3.5707E+02 -2.4085E+02 -5.2195E+01
0000908   3.7636E+02  5.4834E+01  4.7858E+01
0000909   4.5095E+02  5.3975E+00  2.7403E+02
0000910   6.5960E+02  1.5851E+02 -2.0072E+02
0000911   3.3249E+02  6.8684E+01 -1.4505E+02
0000912   3.3762E+02  1.5498E+02 -1.6918E+02
0000913   2.4660E+02 -7.5971E-01  2.6938E+01
0000914   4.8201E+02  4.3697E+02  1.1496E+02
0000915   2.6309E+02 -4.2586E+01  7.2702E+01
0000916   5.1322E+02 -3.1773E+01 -2.1588E+02
0000918   4.2134E+02  2.3003E+02  9.3975E+01
0000919   3.1713E+02  9.2052E+01  1.2840E+01
0000920   1.9853E+02 -5.8346E+02  5.1026E+02
0000921   2.9273E+02 -6.9182E+01 -1.6883E+02
0000922   1.0330E+02  5.0616E+02 -8.3545E+01
0000923   4.0285E+02 -8.2464E+01  2.6460E+02
0000924   1.7077E+01  2.9844E+02  2.1996E+02
0000925   2.0480E+02  8.8786E+01 -1.8093E+02
0000926   5.5419E+02 -3.2373E+02 -1.5614E+01
0000927   3.3749E+02  3.4137E+02 -6.7353E+01
0000928   5.1062E+02  3.3235E+02  1.5431E+02
0000929   2.3864E+02 -1.4129E+02 -1.5846E+02
0000930   3.9232E+02 -3.0325E+02  1.1666E+02
0000931   1.1249E+02 -2.8612E+02  2.6352E+02
0000932   4.4143E+02  1.4249E+02  3.6815E+02
0000933   4.4514E+02  1.0889E+02  1.1017E+02
0000934   2.2443E+02  3.3502E+01  2.4480E+01
0000935   3.8690E+02 -4.0854E+01 -7.1877E+01
0000936   2.1995E+02 -1.6642E+02 -2.4047E+02
0000937   5.5571E+02 -1.8794E+02 -2.2064E+01
0000938   1.4999E+02  3.3464E+01  1.7125E+02
0000939   3.1421E+02 -3.0220E+02 -3.7717E-01
0000940   4.1622E+02  1.2928E+02  3.0439E+02
0000941   3.6951E+02 -4.8537E+02 -9.6780E+01
0000942   4.5534E+02  7.6776E+01  1.2068E+02
0000943   1.4228E+02 -3.3377E+00  2.5021E+02
0000944   5.0450E+02  1.5260E+02 -9.5939E+01
0000945   4.2520E+02  1.4627E+02 -6.2338E+01
0000946   1.1960E+02  1.4176E+02 -4.9236E+02
0000947   7.5792E+02 -3.8337E+00 -2.5658E+02
0000948   1.5548E+02 -1.1004E+02 -2.1512E+02
0000949   4.5078E+02 -7.2104E+01 -5.8009E+01
0000950   3.5074E+02 -2.2573E+02 -1.7310E+02
0000951   5.6170E+02  6.7700E+01  6.2920E+00
0000952   7.3193E+02  3.2768E+02 -2.0853E+02
0000953   3.9245E+02  3.6622E+02 -2.9606E+01
0000954   3.6740E+02 -6.9463E+01  1.1910E+01
0000955   6.9585E+02 -1.2636E+02  1.8296E+02
0000956   2.9082E+02 -1.2587E+02 -3.4597E+02
0000957   5.2412E+02  2.9836E+02  2.1783E+01
0000958   2.8705E+02 -2.5401E+01 -2.9935E+00
0000959   2.1699E+02  8.5890E+01 -1.0608E+02
0000960   5.0351E+02  1.5606E+02  5.5499E+01
0000961   5.8265E+02  7.0484E+01  1.0688E+02
0000962   5.2884E+02 -2.2183E+02  1.6478E+02
0000963   1.4888E+02  8.2145E+01 -1.8398E+02
0000964   7.3462E+02  4.0137E+02  2.2152E+02
0000965   3.6569E+02  1.1535E+02 -1.1148E+02
0000966   8.5981E+02  2.0908E+02 -2.9672E+02
0000967   2.2628E+02 -6.4207E+01  6.2288E+01
0000968   7.4977E+01  1.8697E+01  3.9736E-01
0000969   3.7081E+02 -2.2728E+02  5.5409E+01
0000970   1.3128E+02  9.4309E+01  7.4232E+01
0000971   5.2924E+02 -8.8032E+01  2.5740E+02
0000972   4.2276E+02  3.6593E+01 -3.1878E+02
0000973   5.4898E+02  7.5141E+01  6.2290E+01
0000974   4.2127E+02  2.6262E+02 -2.7169E+02
0000975   1.0809E+02  2.2165E+02  9.9044E+01
0000976   4.2285E+02  6.8853E+01  1.9152E+02
0000977   3.0800E+02  2.7061E+02 -1.3683E+02
0000978   2.7962E+02  2.6296E+02  1.2357E+02
0000979   5.6683E+02  3.2718E+02  7.2714E+01
0000980   5.2039E+02  5.1451E+01 -2.3089E+02
0000981   6.3844E+02 -1.1661E+02 -2.3017E+02
0000982   7.6710E+02 -1.9149E+02 -1.0017E+02
0000983   5.7208E+02  1.7530E+02 -3.2375E+01
0000984   3.1580E+02 -1.8364E+02 -1.9950E+02
0000985   7.8990E+01  1.8208E+02 -2.5303E+02
0000986   5.3503E+02  2.2400E+02  1.8437E+02
0000987   4.0167E+02  9.7521E+01 -1.1078E+02
0000988   5.4597E+02  3.0312E+01 -2.9110E+02
0000989   5.0633E+02  9.1587E+01  3.0912E+02
0000990   6.5312E+01 -3.0031E+02 -3.3776E+01
0000991   6.5745E+02 -2.2079E+02 -1.1861E+02
0000992   2.3496E+02  4.3675E+02 -3.3079E+02
0000993   4.4908E+02  7.7267E+01  5.3287E+01
0000994   7.1789E+02 -2.1291E+02  4.3654E+01
0000996   1.8661E+01 -1.0189E+02  3.0736E+02
0000997   5.8715E+02  3.5280E+02  1.0370E+02
0000998   3.8858E+02  2.0072E+02 -1.3353E+02
0000999   2.3174E+02  1.2997E+02 -2.0480E+02
0001000   3.8496E+02  3.1816E+02  2.1035E+02
