============================== SRIM-2013.00 ==============================
==============================================================================
====== SRIM Outputs\RANGE_3D.txt : File of Final Ion Positions =====

Ion =  F (09)   Ion Mass= 018.9984
Energy  = 4000000.E-05 keV
Ion Angle to Surface = 00.0 degrees
==================== TARGET =======================
  Layer # 1 - None
  Layer # 1 - Bottom Depth=500000.E-01 A
  Layer # 1 - Density =0007.8700 g/cm3
  Layer # 1 -  100 % of Fe
様様様様様様様様様様様様様様様様様様様様様様様様様様
                                            
Ion       Depth  X   Lateral Y   Lateral Z  
Number    (Angstrom) (Angstrom)  (Angstrom) 
-------  ----------- ----------- -----------
0000001   3.8856E+02 -1.0738E+02 -8.5314E+01
0000002   2.7690E+02 -3.9527E+01  1.4166E+01
0000003   5.9596E+02 -7.1562E+01  9.2919E+01
0000004   4.3702E+02 -1.6004E+02 -3.0830E+02
0000005   2.7372E+02  1.0014E+02 -1.1025E+02
0000006   3.7220E+02 -4.0925E+02 -1.2412E+01
0000007   6.3787E+02  8.3756E+01 -3.0890E+02
0000008   4.0161E+02  2.2140E+02 -9.9941E+01
0000009   3.6079E+02 -1.0359E+02 -3.3577E+02
0000010   5.5905E+02  4.7810E+01  3.1956E+02
0000011   4.4360E+02 -2.1648E+02 -9.5935E+01
0000012   8.6239E+02  3.8338E+02  9.5582E+01
0000013   3.6816E+02 -1.6083E+02  2.4967E+02
0000014   5.3038E+02 -1.8819E+02  1.4866E+02
0000015   9.4454E+02 -9.0436E+01 -7.3599E+01
0000016   2.7171E+02 -9.0531E+01 -1.8440E+02
0000017   6.1902E+02  6.5330E+01 -1.8181E+02
0000018   3.8856E+02 -2.4528E+01 -1.2926E+02
0000019   3.0317E+02 -1.5106E+02  9.1791E+00
0000020   3.7315E+02 -1.6033E+02 -3.4545E+02
0000021   5.9828E+01 -1.5119E+02  6.5158E+02
0000022   5.9436E+02  7.1290E+00  2.7810E+02
0000023   6.6800E+02  1.2497E+02  3.3241E+02
0000024   6.7777E+02 -1.8351E+02  4.7649E+01
0000025   3.9801E+02  1.5648E+02  1.5496E+02
0000026   6.5691E+02  1.9702E+02 -4.5117E+02
0000027   6.4467E+02  1.4925E+02 -1.1978E+02
0000028   1.5446E+02 -1.1956E+02  2.6457E+02
0000029   6.4646E+02  2.0031E+02 -3.6996E+02
0000030   2.7073E+01  6.7892E+00  6.3912E+01
0000031   2.6811E+02 -7.8080E+01  1.0721E+02
0000032   6.4096E+02  1.9565E+02  2.1956E+02
0000033   1.3881E+02 -7.1422E+00 -2.7050E+02
0000034   6.5080E+02 -2.4592E+02 -1.2563E+02
0000035   4.4966E+02 -3.7312E+01 -2.0510E+01
0000036   8.2460E+01 -6.5726E+01 -7.0410E+00
0000037   4.8950E+02 -3.1959E+02  9.5669E+01
0000038   3.7507E+02  2.8641E+01  6.9364E+00
0000039   4.5692E+02  3.6673E+02 -2.8349E+02
0000040   4.5666E+02  5.8533E+02  5.9103E+01
0000041   2.3807E+01 -2.0612E+02 -1.5256E+02
0000042   4.7721E+02 -7.9973E+02 -2.2430E+02
0000043   5.7438E+02 -3.2962E+01  3.1558E+01
0000044   2.9541E+02 -2.4800E+02  1.5368E+02
0000045   3.4816E+02 -9.9023E+01 -1.0277E+02
0000046   6.8026E+02  1.4046E+02  9.4128E+01
0000047   5.4991E+02  2.9654E+02 -3.3509E+02
0000048   5.1572E+02 -2.3600E+02 -2.4208E+02
0000049   5.3450E+02  4.3171E+02  3.1153E+02
0000050   7.4306E+02 -1.9808E+01 -1.3117E+02
0000051   5.8785E+02  5.5525E+01 -1.1872E+02
0000052   3.0291E+02 -1.0231E+02 -1.9361E+02
0000053   5.8521E+02 -1.5859E+01 -2.2426E+02
0000054   6.4699E+02  2.1984E+02  1.6328E+02
0000055   4.6136E+02  5.4829E+01  3.5051E+02
0000056   1.8907E+02  5.6998E+01 -1.5571E+02
0000057   5.8574E+02 -1.9008E+02 -2.1525E+02
0000058   1.5628E+02 -2.3855E+02 -8.0624E+01
0000059   3.2376E+02 -5.0369E+01 -1.4238E+02
0000060   4.4578E+02  8.9562E+01 -2.3107E+02
0000061   6.8792E+02 -2.4753E+02  3.7750E+02
0000062   1.1776E+02  1.6922E+02  3.6705E+01
0000063   8.7526E+01  1.1908E+02  6.1351E+01
0000064   1.3349E+02  2.0175E+02 -2.0014E+02
0000065   6.2250E+02 -5.8375E+00  2.4431E+02
0000066   4.6258E+02 -2.2431E+02  2.5269E+02
0000067   5.9144E+02  8.3474E+01  1.7837E+02
0000068   3.2172E+02  3.6482E+02 -5.9354E+02
0000069   5.5487E+02  2.6247E+02  3.2211E+02
0000070   5.6851E+02  6.6783E+01 -1.2012E+02
0000071   4.1546E+02  1.8422E+01  3.7535E+02
0000072   6.2905E+02  2.7897E+02 -3.6293E+02
0000073   4.3666E+02  5.5146E+00  5.8857E+01
0000074   6.5962E+02  1.4904E+02 -4.8685E+01
0000075   5.2352E+02  3.9998E+02  3.0648E+02
0000076   3.6906E+02 -2.9860E+01 -1.3729E+02
0000077   5.3602E+02  2.9269E+02 -9.9991E+01
0000078   4.1895E+02 -2.0596E+02  2.7654E+02
0000079   4.7694E+02 -6.4147E+01  1.0158E+02
0000080   2.2062E+02 -1.7718E+02 -1.7258E+01
0000081   4.0578E+02 -2.1066E+02 -2.8883E+02
0000082   4.6182E+02 -8.2307E+01 -6.6091E+01
0000083   3.4819E+02  3.7520E+02  3.3537E+02
0000084   6.8073E+01 -1.5778E+02 -2.7287E+02
0000085   3.7708E+02  7.0994E+00  4.4902E+01
0000086   9.7986E+02  1.0974E+02  1.6450E+02
0000087   5.3389E+02  7.2057E+01  2.8384E+02
0000088   4.3288E+02  3.1973E+02  2.8298E+02
0000089   6.3483E+02 -2.2992E+02  1.2197E+02
0000090   5.9336E+02 -1.5875E+01 -2.8073E+02
0000091   1.6479E+02  1.0781E+02 -3.3007E+02
0000092   2.2195E+02  2.2481E+02  2.1045E+02
0000093   6.1223E+02  1.1444E+02 -8.4270E+01
0000094   2.1332E+02 -3.5800E+02 -2.2293E+01
0000095   3.7398E+02 -5.9192E+01  3.2458E+02
0000096   4.6486E+02  1.5659E+02  6.5804E+01
0000097   4.4062E+02 -5.6579E+01 -5.7056E+01
0000098   6.3715E+02 -3.7044E+02 -2.2230E+02
0000099   2.9916E+02 -1.0187E+02  2.3718E+01
0000100   2.7766E+02  2.1950E+02  1.2650E+02
0000101   5.1039E+02 -8.2190E+01 -2.3343E+02
0000102   3.6362E+02  3.3748E+02 -2.5632E+02
0000103   4.0104E+02 -6.3167E+01 -6.9052E+01
0000104   7.5877E+02  4.4748E+01  4.9609E+01
0000105   9.2519E+02 -1.0806E+02  8.6695E+01
0000106   2.7566E+02 -1.9354E+02 -2.6790E+02
0000107   3.0959E+02  2.4731E+02 -7.8341E+01
0000108   4.4508E+02  5.5720E+00 -2.3078E+02
0000109   3.0656E+02  4.1766E+02  3.3697E+02
0000110   6.9826E+02  5.5374E+01 -9.7771E+01
0000111   3.8316E+02 -1.3659E+02 -5.2536E+01
0000112   2.4000E+02  7.5984E+01 -6.7071E+01
0000113   4.2694E+02  8.7662E+01 -3.3498E+02
0000114   6.5023E+02 -2.7234E+02 -2.9010E+01
0000115   3.8690E+02  1.9510E+02 -7.9638E+01
0000116   2.3877E+02 -2.4730E+02  1.5343E+02
0000117   4.6488E+02 -2.7274E-01  2.7929E+02
0000118   3.6546E+02  1.6685E+02 -3.4580E+02
0000119   3.6261E+02 -1.7011E+02  1.3075E+02
0000120   8.4215E+01  2.6706E+02  1.8923E+01
0000121   6.3846E+02  1.0223E+02  9.7898E+01
0000122   6.4187E+02 -6.4710E+01 -2.0205E+02
0000123   4.8115E+02  7.4006E+00 -1.5786E+02
0000124   4.9920E+02 -2.4817E+02 -5.2920E+02
0000125   6.3373E+01 -2.0482E+02  2.2273E+01
0000126   2.7229E+02  1.6569E+02  1.5454E+01
0000127   3.1030E+02 -2.3904E+01  2.3104E+02
0000128   2.4799E+02 -7.2799E+01 -6.5667E+00
0000129   1.3821E+02 -3.6557E+02  1.1352E+02
0000130   4.2414E+02 -1.8551E+00 -2.9012E+01
0000131   2.7939E+02 -1.9051E+02 -2.7771E+02
0000132   5.0616E+02  2.2760E+02  6.1583E+01
0000133   3.9968E+02  8.4578E+01  5.7601E+01
0000134   1.3367E+02 -3.3767E+01 -1.7922E+02
0000135   5.8438E+02 -1.4530E+01  2.3839E+02
0000136   6.8539E+02  1.5006E+02 -3.1346E+02
0000137   7.1873E+02  3.2162E+02 -9.7659E+01
0000138   6.0214E+02  1.9486E+02 -1.1928E+02
0000139   3.8802E+02  3.8906E+02  9.9443E+01
0000141   2.2255E+02  2.3097E+02  2.3786E+02
0000142   2.6435E+02 -2.4142E+02  4.9539E+01
0000143   2.8886E+02 -7.6196E+01  3.3557E+02
0000144   3.2004E+02 -1.4246E+02  5.8925E+01
0000145   7.6461E+02 -1.7921E+02 -1.7760E+01
0000146   3.2415E+02  5.9513E+01 -1.8971E+02
0000147   2.8932E+02  7.0129E+01  2.0351E+02
0000148   4.0261E+02  2.1510E+01 -8.3344E+00
0000149   1.0775E+02 -1.2284E+02 -9.8665E+01
0000150   5.4405E+02  4.3561E+02  2.8121E+02
0000151   5.6984E+02  4.1829E+01  5.3511E+01
0000152   2.2909E+02 -2.5775E+02 -5.3267E+01
0000153   1.7021E+02  2.1955E+02  7.2133E+01
0000155   3.7290E+02 -1.6758E+02 -1.6965E+02
0000156   3.6403E+02  2.0779E+02 -8.4975E+01
0000157   2.9448E+02  6.5729E+00 -4.2763E+02
0000158   3.7522E+02 -2.9108E+02  2.3131E+02
0000159   5.9773E+02  2.0111E+02  3.3090E+02
0000160   3.1847E+02  4.2164E+01 -4.6368E+02
0000161   7.0291E+02  2.3725E+02 -5.0851E+01
0000162   3.3153E+02  2.8839E+02  8.1178E+01
0000163   1.2197E+02 -1.5947E+02 -1.1041E+02
0000164   3.9955E+02 -2.7857E+02  2.2077E+02
0000165   9.6213E+02 -9.2319E+01  1.8853E+02
0000166   2.5757E+02  1.5884E+02  1.4168E+02
0000167   6.0135E+02  8.2926E+01  1.6271E+01
0000168   5.3218E+02  1.6652E+02 -1.7464E+02
0000169   4.2567E+02  2.0027E+02  1.7554E+02
0000170   1.7662E+02  1.3931E+02  1.3433E+02
0000171   3.7894E+02 -2.0858E+02 -9.5816E+01
0000172   2.1104E+02 -2.8263E+02  9.9515E+01
0000173   3.3389E+02  2.4771E+01 -1.2935E+02
0000174   2.5774E+02 -2.6699E+02 -1.2461E+01
0000175   2.3270E+02 -1.2793E+02  7.1735E+01
0000176   5.4333E+02 -3.4285E+02 -1.0283E+02
0000177   1.2714E+02 -3.6406E+02 -4.5528E+01
0000178   7.1283E+02  2.5040E+02  4.2946E+02
0000179   4.0757E+01 -1.6907E+02 -1.9669E+02
0000180   1.0392E+02 -8.6386E+01 -1.9527E+02
0000181   6.4919E+02 -1.8262E+02 -3.9492E+02
0000182   3.0554E+02 -3.9813E+01 -1.0964E+02
0000183   1.1807E+02 -3.6761E+02  2.1799E+02
0000184   4.7034E+02  3.9278E+02 -6.5543E+01
0000185   4.0871E+02  3.4235E+02 -1.0666E+02
0000186   1.0693E+02 -2.6837E+01 -4.5319E+01
0000187   5.7542E+02  3.3601E+02  4.8197E+02
0000188   2.1220E+02  2.4629E+01 -7.2170E+01
0000189   2.7443E+02 -2.8838E+02 -3.1457E+02
0000190   6.3216E+02  1.2458E+02  1.2163E+02
0000191   6.1705E+02  3.1242E+02 -3.6736E+02
0000192   1.4599E+02  2.8291E+02 -2.6912E+02
0000193   7.5668E+02 -2.4138E+02  1.4588E+02
0000194   4.8460E+02  2.0566E+02  4.2859E+01
0000195   3.5640E+02  3.1218E+02  1.9075E+02
0000196   4.4146E+02  8.7624E+01 -1.2347E+02
0000197   1.2322E+02 -1.1554E+02 -1.4302E+02
0000199   5.3648E+01  1.7044E+02 -1.3294E+02
0000200   2.4820E+02 -2.2413E+02 -4.2537E+01
0000201   5.5543E+02  7.7224E+01 -2.0290E+02
0000202   6.3418E+02  2.2359E+02  1.6080E+02
0000203   4.7399E+02  2.2077E+02  1.6331E+02
0000204   3.8644E+02  1.7814E+02 -1.5562E+02
0000205   2.6601E+02  5.9983E+01 -1.3203E+02
0000206   2.6538E+02 -1.0705E+01  2.8992E+02
0000208   1.5499E+02  2.4208E+02 -9.8922E+01
0000209   4.6576E+02 -6.7467E+01  8.2169E+01
0000210   2.7979E+02 -1.1342E+02 -5.6189E+01
0000211   4.8416E+02  2.0344E+01  1.4464E+02
0000213   4.0101E+02 -1.7632E+02 -1.4164E+02
0000214   4.4531E+02 -3.3181E+02  2.2249E+02
0000215   3.5803E+02  1.3844E+02 -1.7159E+01
0000216   3.0539E+02 -1.1176E+02 -1.1531E+02
0000217   4.5923E+02  2.2475E+02  3.2969E+01
0000218   6.1029E+02 -2.8586E+02 -1.1044E+02
0000219   1.3385E+02  5.6121E+01  2.3746E+02
0000220   8.5817E+02  3.6033E+01 -9.1311E+00
0000221   5.9004E+02  5.1477E+00  1.7356E+01
0000222   5.1951E+02 -1.3305E+02  3.4863E+02
0000223   4.9196E+02  3.8278E+02  1.1203E+01
0000224   3.9461E+02 -6.5400E+01 -2.0324E+02
0000225   3.8716E+02  8.2686E+01 -1.7023E+01
0000226   1.1817E+02 -1.0007E+02 -6.2640E+00
0000227   3.5287E+02  1.4635E+02 -3.2224E+02
0000228   5.8606E+02  2.1358E+02 -3.0577E+01
0000229   5.1632E+02  6.9365E+01  7.5101E+01
0000230   8.3204E+01 -9.2434E+01  2.3253E+02
0000231   5.4779E+02 -4.7147E+02  1.4750E+02
0000232   5.7022E+02  5.8439E+02 -2.5671E+02
0000233   3.1592E+02  3.8812E+01  3.0367E+01
0000234   3.7784E+02  3.0050E+01 -2.2754E+02
0000235   7.3968E+02 -4.9609E+02 -1.3274E+02
0000236   5.1332E+02 -5.6458E+02 -8.3253E+00
0000237   4.0553E+02 -3.6664E+01  1.3881E+02
0000238   5.4503E+02 -1.3805E+02  2.1688E+01
0000239   1.5049E+02  7.2683E+01 -1.4230E+02
0000240   2.1226E+02 -1.3349E+02  3.9676E+01
0000242   2.4364E+02  4.5853E+01  9.7522E+01
0000243   2.0851E+02  8.4827E+01  6.5631E+00
0000244   4.4983E+02  8.0695E+01 -2.7139E+02
0000245   2.5615E+02 -3.4778E+02 -2.6012E+02
0000246   2.3286E+02  6.6298E+01  1.9031E+02
0000247   6.6773E+02 -3.5123E+02 -3.5004E+01
0000248   4.5412E+01  2.7612E+02  3.4137E+02
0000249   6.4698E+02  2.0267E+02 -2.8676E+02
0000250   8.4844E+02 -3.5175E+02  8.5208E+01
0000251   5.5330E+02 -9.9945E+01 -1.1031E+02
0000252   3.9765E+02 -3.5001E+02 -8.4644E+01
0000253   5.3537E+02  5.2526E+02  7.4851E+01
0000255   1.4454E+02  3.2927E+02  1.2434E+02
0000256   1.9548E+02  4.7982E+01 -5.6658E+01
0000257   6.7271E+02  2.1975E+02 -4.2584E+01
0000258   1.8422E+02 -2.5014E+02 -5.3079E+01
0000259   2.7018E+02  1.4615E+01 -2.2743E+02
0000260   2.1144E+02 -1.6841E+02  2.2995E+02
0000261   3.3973E+02 -3.0947E+02 -9.0959E+01
0000262   5.4277E+02  2.9985E+01 -9.1031E+01
0000263   6.5435E+02 -1.5357E+02 -7.4257E+01
0000264   3.1496E+02  2.0913E+02  2.2364E+02
0000265   4.5434E+02 -2.1331E+02 -1.6357E+02
0000266   1.5981E+02  4.9194E+02 -5.5397E+01
0000267   3.1301E+02 -2.5087E+02  2.6849E+02
0000268   2.6483E+02 -3.5134E+02  1.1097E+02
0000269   1.8701E+02  7.2621E+01  7.1367E+01
0000270   6.6008E+02 -2.4785E+02 -1.6809E+02
0000271   4.7464E+01  1.2200E+02  9.7398E+01
0000272   1.0883E+02 -3.2723E+02 -4.5650E+01
0000273   2.8217E+02 -3.1559E+01  4.8340E+01
0000274   3.0423E+02  2.2737E+02 -2.1652E+02
0000275   6.7138E+01  4.6781E+01 -2.3997E+02
0000276   4.6957E+02  7.6871E+01  2.8370E+02
0000277   2.4192E+02 -2.3775E+02 -9.9453E+01
0000279   2.3946E+02  3.2109E+02  3.7996E+01
0000280   3.5259E+02 -2.2251E+02  6.2939E+01
0000281   6.1752E+02 -1.9045E+02 -4.5793E+00
0000282   4.9544E+02  1.1106E+02 -3.7384E+02
0000283   1.3104E+02  2.5255E+02  1.1339E+02
0000284   1.3242E+02  4.3257E+02 -2.6200E+01
0000285   6.8735E+02 -3.1921E+01 -2.3616E+02
0000286   6.1086E+02  5.8640E+01  1.7262E+02
0000287   2.6039E+01 -4.2023E+02  1.5682E+02
0000288   3.7886E+02 -8.2461E+01 -4.7381E+01
0000289   4.7969E+02  4.2091E+02 -4.3410E+00
0000290   3.7503E+02 -1.6344E+02  7.1739E+01
0000291   5.3213E+02  8.7997E+01 -3.0569E+02
0000292   2.5450E+02 -1.1554E+01  7.2595E+01
0000293   4.1222E+02  1.1933E+02 -6.1043E+02
0000295   2.0615E+02  4.2779E+02 -3.2797E+02
0000296   2.9523E+02  1.8575E+02  1.0938E+01
0000297   3.1327E+02 -2.6221E+02  2.3103E+02
0000298   3.2805E+02  5.7342E+01  2.7469E+02
0000299   6.9227E+02  5.2653E+02 -6.0333E+01
0000300   4.5597E+02  1.1136E+02  9.3003E+01
0000302   2.8647E+02  4.0126E+01 -2.5844E+02
0000303   1.0070E+02 -2.4871E+02  3.2033E+02
0000304   1.3438E+02  3.3914E+02 -1.8380E+02
0000305   2.2880E+02  1.9079E+02  1.3720E+02
0000306   6.1438E+02  1.9150E+02 -1.3249E+02
0000307   9.9228E+01 -1.3140E+01  9.0757E+01
0000308   5.3515E+02  3.7427E+02  1.2975E+02
0000309   2.4172E+02 -8.5647E+01  1.7221E+02
0000310   2.6950E+02 -1.0047E+02  2.7328E+02
0000311   5.0093E+02 -5.1709E+02 -3.2945E+02
0000312   6.6016E+02 -3.1154E+02 -4.9075E+01
0000313   2.4102E+02  2.3199E+02 -3.1938E+01
0000314   2.4086E+02  5.9755E+01  1.9663E+02
0000315   4.8462E+02 -5.3893E+01  1.1608E+02
0000316   3.7684E+02 -1.0400E+02 -8.8868E+00
0000317   8.4975E+02  2.5619E+02  2.4444E+02
0000318   5.0397E+02  8.6356E+01  9.8887E+01
0000319   7.1387E+02  8.3480E+01 -4.1387E+02
0000320   3.6472E+02 -1.4556E+02  1.6377E+01
0000321   2.9607E+02 -1.5409E+02 -4.0641E+02
0000322   1.6033E+02 -1.0210E+02  1.8261E+01
0000323   3.9825E+02 -5.7304E+01 -8.9835E+01
0000324   2.9773E+02 -1.2261E+02 -6.0167E+01
0000325   1.9770E+02  1.6082E+02 -7.7116E+01
0000326   3.8226E+02  5.5505E+01 -3.8515E+02
0000327   7.0155E+02  4.4557E+02  2.3960E+02
0000328   5.7344E+02  9.5282E+01  1.2446E+02
0000329   3.6696E+02 -6.1754E+01  2.2953E+01
0000330   2.0197E+02  5.5313E+00  1.0611E+02
0000331   8.5826E+02  8.5307E+01 -4.2713E+02
0000332   5.6057E+02 -6.6852E+01  8.9873E+00
0000333   2.0159E+02 -3.3634E+02 -1.2222E+02
0000334   2.8800E+02 -5.4557E+01  1.2014E+02
0000335   4.1029E+02  3.0065E+01 -4.1287E+02
0000336   2.5301E+02 -3.8397E+02 -2.5481E+01
0000337   3.7173E+02  3.6789E+02  1.5920E+02
0000338   3.0741E+02 -5.6899E+02  1.8036E+01
0000339   5.0766E+02 -2.3038E+02 -1.9399E+02
0000340   1.3687E+02  1.5178E+02  1.5264E+02
0000341   2.9791E+02 -3.3181E+01  2.2163E+02
0000342   3.9560E+02 -8.7545E+01 -8.0392E+01
0000343   8.6005E+02 -1.3289E+01 -7.0296E-01
0000344   4.9568E+02  2.6641E+02 -1.5305E+02
0000345   2.3052E+02  2.8828E+01 -3.3334E+02
0000346   6.1124E+02  3.1135E+02 -1.0141E+02
0000347   5.6437E+02 -1.3893E+02  2.3855E+02
0000348   4.7130E+01 -2.9809E+02  2.6289E+02
0000349   5.1098E+02  1.0398E+01  3.3473E+02
0000350   4.5472E+02  1.1163E+02  3.2546E+02
0000351   7.1906E+02 -1.5060E+02  2.0260E+02
0000352   2.2280E+02  1.6907E+02 -2.2124E+02
0000353   6.2326E+02  5.8667E+02  2.4986E+02
0000354   6.7947E+02 -7.7969E+01 -1.0842E+02
0000355   3.4541E+02  2.9208E+01 -1.1359E+02
0000356   5.3568E+02  3.4316E+02 -5.7836E+01
0000357   4.0082E+02  4.4280E+01 -8.8532E+01
0000358   3.3176E+02  1.8238E+02  1.2413E+02
0000359   8.8263E+02  1.1469E+02 -1.8898E+02
0000360   3.7950E+02 -2.7528E+02 -3.1268E+01
0000361   7.0074E+02 -5.2369E+01 -8.6664E+01
0000362   1.6052E+02 -2.3659E+02  1.2656E+02
0000363   2.4893E+02 -8.4514E+01 -1.3831E+02
0000364   4.7549E+02  1.7586E+02  5.1548E+01
0000365   5.8023E+02  2.4990E+02  2.1502E+02
0000366   1.3230E+02  2.0353E+01 -7.3149E+01
0000367   1.4103E+02  4.4908E+02  1.1223E+02
0000368   5.7792E+02  3.3165E+02 -3.8444E+01
0000369   7.5052E+02 -2.8914E+02 -1.7419E+02
0000370   8.6438E+02 -1.2165E+02 -1.5665E+02
0000371   3.8554E+02  4.5679E+01  1.6314E+02
0000373   6.1292E+02  1.9471E+02  4.5594E-02
0000374   4.4708E+02 -1.5473E+02  1.7677E+02
0000375   3.1315E+02 -9.5925E+01  1.3766E+01
0000376   4.4191E+02 -1.5653E+02  1.9662E+02
0000377   7.8952E+02 -3.8054E+02 -2.8218E+02
0000379   3.5598E+02  7.5025E+01  4.4865E+02
0000380   5.0860E+02 -2.9482E+02  1.3345E+02
0000381   2.0764E+02 -1.4573E+02  1.4580E+01
0000382   1.0582E+03 -1.0064E+02  4.0892E+02
0000383   1.8349E+02  1.0636E+02  1.3512E+02
0000384   1.3568E+02  9.7800E+01  3.0121E+01
0000385   5.1338E+02  2.2939E+02  3.2460E+02
0000386   1.3527E+02 -5.2946E+01  1.9649E+01
0000387   3.7003E+02  4.7575E+01 -2.7897E+02
0000388   7.0834E+02  1.9509E+02 -4.6184E+01
0000389   6.5089E+02 -2.0050E+02  2.9096E+02
0000390   5.0983E+02  5.2897E+01 -2.3651E+02
0000391   4.6358E+01 -3.6588E+02 -1.2751E+02
0000392   3.2988E+02  9.0313E+00  1.0396E+02
0000393   1.8443E+02 -1.4696E+02  3.0714E+02
0000394   1.9742E+02 -2.5234E+01  2.0567E+02
0000395   6.9870E+02  1.1954E+02  5.8728E+01
0000396   3.1068E+02 -2.6295E+02 -5.6754E+00
0000397   4.5232E+02 -1.5759E+02 -2.6808E+02
0000398   7.3598E+02  2.3908E+02 -1.7356E+01
0000399   3.0034E+01  3.1193E+02  7.9942E+01
0000400   4.6072E+02  3.1431E+02  7.9423E+01
0000402   5.4974E+02 -5.8718E+01 -1.1380E+02
0000403   4.6501E+02  2.1788E+02 -3.0853E+02
0000404   4.1296E+02  8.4531E+01 -3.8971E+02
0000406   3.9368E+02  2.0138E+02  1.1332E+02
0000407   4.6550E+02 -4.3496E+02 -3.3360E+02
0000408   6.1087E+02  2.8813E+02  1.1189E+02
0000409   2.3939E+02 -2.3261E+02  1.0496E+02
0000410   5.9151E+02 -2.2397E+02 -2.8565E+01
0000411   3.3487E+02 -1.2808E+01  8.3047E+01
0000412   6.4148E+02 -1.5842E+02  3.1143E+02
0000413   3.0013E+02 -2.7921E+02  1.4749E+02
0000414   2.6149E+02  1.0473E+02 -3.7536E+02
0000415   1.9552E+02 -2.2072E+02 -4.4574E+02
0000416   7.1497E+02 -1.2952E+02 -2.8873E+02
0000417   5.4355E+02 -1.7904E+02  3.4682E+02
0000418   4.2107E+02  3.1223E+02 -1.6368E+02
0000419   4.0201E+02 -3.3819E+02 -7.9187E+01
0000420   4.3858E+02 -7.1234E+01 -3.9670E+02
0000421   4.8308E+02  1.7914E+02 -2.7617E+02
0000422   7.0443E+02  2.3514E+02 -1.8306E+02
0000423   3.5959E+02  3.4922E+02 -1.8771E+02
0000424   2.3996E+02 -4.4793E+01 -2.3845E+02
0000425   8.9487E+02 -3.4531E+02 -4.5715E+01
0000426   2.5299E+02  1.4569E+01 -1.2425E+02
0000427   6.4148E+02  1.0020E+02 -1.3708E+02
0000428   3.0248E+02  4.2057E+01 -1.6417E+02
0000429   5.0563E+02  3.8392E+02 -3.5243E+02
0000430   3.0568E+02  6.0593E+02 -1.4107E+02
0000431   2.3979E+02 -4.2841E+02 -1.9036E+02
0000432   6.1720E+02 -4.1329E+02 -1.4234E+02
0000433   6.2548E+02  4.0777E+02 -1.6008E+02
0000434   4.1015E+02  2.1122E+02 -2.1583E+02
0000435   5.5409E+02  5.0169E+02 -5.1301E+01
0000436   5.3212E+02 -4.4473E+02  1.2660E+02
0000437   3.1335E+02 -2.6952E+02 -2.7382E+02
0000438   5.2206E+02  1.3409E+01 -2.3996E+02
0000439   3.4113E+02  2.4181E+02  1.3788E+02
0000440   3.1630E+02  1.5974E+02 -1.0885E+02
0000441   2.6879E+02  1.9292E+02 -1.4523E+02
0000442   2.1420E+02  4.6934E+02  1.5262E+02
0000443   4.6875E+02 -2.1378E+02  5.4813E+02
0000444   1.0007E+02  8.7524E+01  1.8756E+02
0000445   6.6119E+02  1.0300E+02 -4.0450E+02
0000446   7.4722E+02 -1.6732E+02 -1.6216E+02
0000447   2.2885E+02 -3.1668E+02  6.9007E+01
0000448   4.7292E+02  1.0819E+01 -5.0549E+01
0000449   3.6505E+02  9.1731E+01  1.6715E+01
0000451   8.2358E+02 -1.2394E+02 -1.8485E+02
0000452   5.4474E+02 -3.7564E+02  4.6670E+01
0000453   2.5842E+02 -3.7830E+02 -1.5689E+02
0000454   1.5180E+02 -9.9276E+01  1.2407E+01
0000455   5.8148E+02 -1.2108E+02 -8.2125E+02
0000456   5.7466E+02  2.7416E+02  7.6298E+01
0000457   1.8742E+02  2.5060E+02 -4.1087E+02
0000458   3.7613E+02 -1.1649E+02 -3.7500E+02
0000460   6.1212E+02  2.8253E+02 -5.3450E+01
0000461   6.9700E+02  1.2036E+02  1.5194E+02
0000462   5.9033E+02  2.4202E+01  4.6054E+02
0000463   1.3364E+02  1.8846E+02  4.2801E+02
0000464   4.2226E+02 -1.9142E+02  8.4471E+01
0000465   4.6208E+02 -1.8111E+02 -2.5356E+01
0000466   1.7603E+02  2.5963E+02  1.1149E+02
0000467   4.5578E+02 -1.7188E+02  2.2634E+02
0000469   3.6902E+02  2.3462E+02  4.1490E+02
0000470   5.6917E+02 -2.4513E+02  1.6702E+02
0000471   3.1234E+02 -5.6490E+01 -3.3697E+02
0000472   5.1782E+02 -3.4313E+02 -7.2821E+01
0000473   5.8947E+02  1.9358E+02 -2.3936E+02
0000474   4.8208E+02 -3.1498E+02  2.8428E+02
0000475   3.5179E+02  1.9146E+02 -2.7112E+02
0000476   1.5921E+02  2.6332E+02  2.8948E+02
0000477   8.4785E+01  2.0841E+01 -4.1885E+02
0000478   4.6699E+02  7.5777E+01 -5.3196E+02
0000479   5.2576E+02 -4.5620E+01 -9.8496E+01
0000480   1.4862E+02  2.9909E+02  3.9583E+01
0000481   4.8832E+02 -6.9598E+01  1.1793E+02
0000482   7.4418E+02  5.2345E+00 -1.2132E+02
0000483   3.6172E+02 -5.6980E+00  2.9818E+02
0000484   2.4072E+02 -5.6184E+00 -7.2030E+01
0000485   5.3869E+02  3.0897E+01 -2.5074E+02
0000486   1.2059E+02  5.8600E+01  4.5856E+00
0000487   5.3633E+02 -2.0989E+02 -4.1005E+02
0000488   4.3807E+02  1.4930E+01  1.2037E+02
0000489   5.7334E+02  7.1329E+01 -6.4749E+01
0000490   1.4181E+02  1.5909E+00 -1.4091E+02
0000491   5.8698E+01 -6.8510E+01  8.2732E+01
0000492   3.5870E+02 -2.1191E+01 -3.2587E+02
0000493   6.8710E+02 -3.0081E+02  6.1904E+01
0000494   1.9142E+02  4.5267E+01 -2.0931E+02
0000495   3.5782E+02 -3.6881E+02 -5.1780E+01
0000496   4.3481E+02 -2.0739E+02  1.8366E+02
0000497   5.5227E+02  5.5300E+01 -1.6926E+02
0000498   6.1427E+02  7.6555E+01 -3.8712E+02
0000499   1.3323E+02  4.0091E+01 -2.1932E+00
0000500   6.3653E+02 -6.0422E+01 -2.7188E+02
0000501   2.0707E+02  4.5287E+01 -2.6389E+02
0000503   2.8985E+02 -8.0965E+01  1.5838E+02
0000504   3.8994E+02 -5.6986E+01  3.2628E+01
0000505   2.2518E+02  2.4435E+02 -1.5025E+02
0000506   1.3907E+02 -1.5541E+02 -2.8268E+02
0000507   1.1744E+02  1.1542E+02 -3.2327E+02
0000508   4.5065E+02  1.5323E+01  2.5615E+02
0000509   5.7966E+02 -2.6453E+02  9.3089E+01
0000510   3.7964E+02 -2.0749E+02  1.0243E+02
0000511   4.4821E+02 -1.4658E+02  3.1950E+02
0000512   4.7276E+02  4.9013E+02 -2.2769E+02
0000513   8.1729E+02  2.8811E+02  1.5932E+02
0000514   4.4688E+02 -7.5578E+01 -1.9087E+02
0000515   3.2996E+02 -2.8359E+02 -1.7175E+02
0000516   2.2460E+02  2.7645E+02 -2.7723E+02
0000517   4.0592E+02 -1.1899E+02  1.4580E+02
0000518   5.3123E+02  5.0175E+01  1.8891E+02
0000519   3.4169E+02 -6.3583E+01 -1.5077E+02
0000520   4.3051E+02 -3.1290E+02 -4.1517E+02
0000521   3.2605E+02  4.0369E+02 -2.1496E+02
0000522   6.6237E+01  3.5367E+00  1.7454E+02
0000523   4.6415E+02 -4.3681E+02 -1.4375E+02
0000524   3.7159E+02 -2.6217E+02 -3.2590E+02
0000525   5.6252E+02  1.1135E+02 -1.6433E+00
0000526   3.1037E+02 -3.9523E+02 -1.4597E+02
0000527   4.4216E+02  5.1129E+02  1.6016E+02
0000528   2.5028E+02 -7.8406E+01  2.3763E+02
0000529   2.1002E+02 -2.0678E+02  1.3169E+02
0000530   5.5105E+01 -2.9532E+02  2.3477E+02
0000531   4.4925E+02 -1.0860E+02 -1.2669E+01
0000532   3.3365E+02  2.4498E+02  6.1311E+02
0000533   3.3814E+02 -1.1606E+02  1.5800E+02
0000534   6.2051E+02  3.2358E+01  2.3969E+02
0000535   5.4649E+02  1.9461E+02  3.7543E+01
0000536   2.1603E+02  4.0914E+02 -8.2860E+01
0000537   3.5525E+02  2.4179E+01 -2.5587E+02
0000538   2.5564E+02  2.2674E+02  1.0268E+02
0000539   1.7269E+02 -8.2435E+01 -1.2794E+02
0000540   3.3712E+02 -1.3383E+02 -1.5509E+02
0000541   2.8039E+02 -5.6610E+02  3.4489E+01
0000542   4.9756E+02 -2.9195E+02  9.6921E+01
0000543   8.0797E+02  7.7423E+01  1.4045E+02
0000544   4.9630E+02 -3.7796E+01  3.9884E+02
0000545   4.0663E+02 -4.4149E+02  1.4123E+02
0000546   6.4437E+02  1.6488E+02  5.2275E+02
0000547   3.7653E+02 -2.1251E+02 -2.2144E+02
0000548   2.0658E+02 -7.2672E+01 -1.0109E+02
0000549   1.1482E+02  3.9170E+02  2.9179E+01
0000550   5.9546E+02  4.3417E+01  9.1835E+01
0000551   2.5587E+02 -5.7292E+01 -1.9408E+02
0000552   3.1111E+02 -1.8094E+02  8.1142E+01
0000553   3.5105E+02 -2.3046E+02 -7.1466E+01
0000554   2.4841E+02 -5.0989E+01 -5.8472E+01
0000555   4.6459E+02  4.2756E+01  2.0057E+02
0000556   5.9561E+02 -1.1788E+02  1.9394E+02
0000557   1.0713E+02  2.1369E+00 -1.6728E+02
0000558   3.1962E+02  8.8684E+01 -3.0560E+01
0000559   4.1933E+02  2.8344E+02  6.3876E+01
0000560   6.9312E+02 -3.7600E+02 -1.2026E+02
0000561   4.5255E+02  2.8851E+02  3.6410E+02
0000562   4.1844E+02  4.3684E+02  2.8627E+02
0000563   6.2555E+02  8.5784E+01 -2.8905E+00
0000564   3.4587E+02 -1.7186E+02  5.4023E+01
0000565   3.8584E+02 -4.6795E+02 -2.0911E+02
0000566   7.1090E+02  3.4185E+02 -2.7069E+02
0000567   4.4385E+02  2.6327E+02  3.6280E+02
0000568   4.6422E+02  4.6731E+00  1.5582E+02
0000569   9.5780E+02  3.0672E+02 -7.4430E+01
0000570   3.5337E+02  7.7958E+00  5.5896E+01
0000572   3.4269E+02  2.4490E+02 -6.4825E+02
0000573   3.5358E+02  1.3987E+02  1.9443E+02
0000574   4.6986E+02 -1.5125E+02 -3.8477E+01
0000575   2.8991E+02 -1.0331E+02  1.3928E+02
0000576   6.1869E+02 -1.3394E+02 -3.6763E+02
0000577   5.1634E+02 -5.2147E+02 -7.9182E+01
0000578   4.8115E+02 -4.3198E+02  2.5244E+02
0000579   6.8364E+02  1.1919E+02  7.2579E+01
0000580   2.9540E+02 -1.0752E+02  8.0936E+01
0000581   3.0210E+02  4.8778E+02 -3.4178E+02
0000582   1.0668E+02 -6.2892E+01  1.2083E+02
0000583   5.2220E+02  1.3984E+02 -3.5644E+02
0000585   6.3285E+02 -3.1195E+02 -5.3413E+02
0000586   8.6746E+01 -4.7663E+02 -3.3298E+02
0000587   1.3816E+02 -3.9676E+02  2.0310E+02
0000588   5.3835E+02  1.8405E+02  1.3588E+02
0000589   6.3195E+02  1.5782E+02 -2.1277E+02
0000590   6.6186E+01 -6.0285E+01  2.6826E+02
0000591   4.1457E+02 -8.2632E+01 -2.6162E+02
0000592   6.0213E+02  5.5669E+01 -1.9727E+02
0000593   6.5793E+02  2.7316E+02 -4.3029E+01
0000594   6.8259E+02  1.7458E+02  4.7081E+02
0000595   9.1764E+02  7.1488E+01 -7.0843E+01
0000596   5.5707E+02  2.3875E+02  1.1022E+02
0000597   2.4528E+02 -2.2063E+01  6.7897E+01
0000598   2.1999E+02  4.6741E+02 -1.0568E+02
0000599   3.1114E+02  2.2928E+01 -2.8883E+02
0000600   1.7353E+02  3.5141E+02 -7.3616E+01
0000602   4.8276E+02 -1.7240E+02  6.8292E+01
0000603   1.0121E+02 -1.5522E+02 -1.9724E+02
0000604   4.9310E+02  1.4288E+02  1.0671E+02
0000606   4.6413E+02  1.9136E+02 -1.2933E+02
0000607   3.8779E+02  2.1499E+02 -1.5470E+02
0000608   1.7654E+02  8.8368E+01 -2.4016E+02
0000609   6.4201E+02  3.8558E+01  2.5370E+02
0000610   4.5026E+02  1.3575E+02  9.1435E+01
0000611   1.1259E+02  1.8798E+02  3.8110E+02
0000612   1.0428E+03  1.0400E+02  3.7421E+02
0000613   3.8505E+02  2.1582E+02  1.3440E+02
0000614   1.8048E+02 -9.6585E+01 -2.9960E+01
0000615   5.1279E+02  1.0315E+02  4.4129E+02
0000616   3.6168E+02  2.5899E+02 -3.2172E+02
0000617   6.3857E+02 -1.7286E+02 -6.3269E+01
0000618   7.1414E+02 -1.2171E+02  1.2739E+02
0000619   3.8305E+02 -1.2993E+02  9.2372E+01
0000620   6.9762E+02 -9.1708E+01 -7.7577E+01
0000621   5.6583E+02  3.6527E+02 -3.1071E+02
0000622   4.5185E+02 -8.2634E+01  1.3725E+02
0000623   2.7619E+02  3.6999E+02 -5.2459E+01
0000624   4.3888E+02  3.8095E+01  3.6134E+01
0000625   3.9982E+02 -1.6475E+02 -9.3725E+01
0000626   2.7347E+02 -3.1749E+02 -2.7095E+02
0000627   1.7931E+02 -2.0060E+01  2.8626E+02
0000628   1.8336E+02 -2.2112E+01 -1.9390E+02
0000629   6.7793E+02  7.5165E+01  4.8374E+01
0000630   7.6574E+02 -1.2072E+02  1.8812E+02
0000631   2.7621E+02 -4.3816E+02  7.8307E+01
0000632   3.6361E+01 -1.9018E+02  2.1720E+02
0000633   5.7010E+02 -1.9069E+02 -1.5970E+02
0000634   6.4599E+02  3.3625E+02 -1.7454E+02
0000635   5.7602E+02 -4.8553E+02 -3.0647E+01
0000636   7.4974E+02  3.4719E+02  1.9974E+01
0000637   2.6058E+02  3.2942E+02  1.5640E+02
0000638   2.0147E+02 -2.3669E+02 -3.8396E+02
0000639   5.7157E+02  1.0042E+02  3.0176E+02
0000640   3.0494E+02 -2.4994E+02 -9.7949E+01
0000641   4.2607E+02 -4.6545E+02  2.6969E+02
0000642   5.1131E+02 -2.9491E+02 -2.5622E+02
0000644   1.1045E+02  2.9919E+02 -2.4107E+02
0000645   5.3152E+02  1.9336E+02  5.2935E+01
0000646   4.4102E+02 -1.3020E+02 -5.2992E+01
0000647   2.9995E+02 -2.2612E+02 -2.1404E+02
0000648   2.7301E+02 -1.8725E+02  6.7870E+01
0000649   5.8779E+02  8.4245E+01 -1.0978E+01
0000650   2.8828E+02 -5.2500E+02 -1.1086E+02
0000651   7.2883E+02  6.3051E+01 -2.4599E+02
0000653   3.0081E+02  1.7223E+02 -9.2424E+00
0000654   5.1076E+02 -8.4420E+01  2.7136E+01
0000655   2.0575E+02 -6.8463E+01 -2.1844E+02
0000656   5.9577E+02 -2.2453E+02 -9.1187E+01
0000657   6.2276E+02 -1.1123E+02  6.6586E+00
0000658   4.5726E+02  1.1805E-01 -2.1628E+02
0000659   3.7885E+02  3.9506E+02 -1.5921E+02
0000660   1.8954E+02 -8.2875E+01  1.8082E+02
0000661   5.1560E+02 -1.5783E+02  6.2742E+02
0000662   8.9885E+02 -3.2784E+00 -1.2656E+02
0000663   7.4506E+01  9.8146E+01 -1.7601E+01
0000664   5.1836E+02 -1.1877E+02  3.0040E+02
0000665   5.6740E+02  2.0535E+02  6.2080E+02
0000666   7.1166E+02 -2.6083E+02 -3.3433E+02
0000667   6.9207E+02  1.1295E+02 -4.4177E+02
0000668   3.8032E+02 -4.2800E+02 -1.5198E+02
0000669   1.9432E+02 -4.9406E+01 -1.7915E+02
0000670   2.7857E+02 -1.6394E+01 -9.5123E+01
0000671   2.5592E+02  1.6971E+02 -9.8695E+01
0000672   5.6012E+02  4.0643E+02 -2.1215E+02
0000673   2.4702E+02  1.7375E+02  4.4375E+01
0000674   6.3737E+02 -2.4251E+02 -3.4615E+02
0000675   6.7454E+02  8.6618E+01 -2.8765E+01
0000676   4.4640E+02  4.1527E+01 -7.6610E+01
0000677   7.0640E+02  4.3030E+01 -5.7831E+01
0000678   2.7265E+02 -4.6514E+01  1.5986E+01
0000679   5.8636E+02  1.1899E+02 -1.2640E+02
0000680   7.2486E+02  2.2344E+02  1.7903E+02
0000681   3.1791E+02  8.9605E+01 -7.3093E+01
0000682   4.4751E+02  2.1796E+02  2.7276E+02
0000683   1.8956E+02 -4.6694E+00 -3.8666E+02
0000684   7.1278E+01 -1.4731E+02  2.0663E+02
0000685   5.2566E+02  8.5464E+01 -8.3804E+01
0000686   5.1409E+02  3.4132E+01 -1.7143E+02
0000687   4.8740E+02 -3.4484E+02 -1.9148E+02
0000688   4.0705E+02 -2.8305E+02 -2.7029E+02
0000689   2.8502E+02  3.5460E+02 -6.2601E+01
0000690   3.1714E+02  1.4100E+02 -2.6387E+02
0000691   3.2315E+02  3.9173E+01  3.2562E+01
0000692   3.2750E+02  5.4366E+02 -1.7892E+02
0000693   4.8723E+02  4.3424E+02 -2.8931E+02
0000694   7.9275E+02  2.9550E+02 -2.7152E+02
0000695   5.1703E+02  8.8237E+01 -7.3973E+01
0000697   5.8916E+02  2.5208E+02  2.0830E+02
0000698   2.5274E+02  1.2181E+02  3.2304E+02
0000699   2.1947E+02  2.1703E+02  1.5731E+02
0000700   6.6117E+02  1.9218E+01  1.8796E+01
0000701   5.5701E+02 -5.8862E+02  5.2937E+02
0000703   5.5473E+02  2.6273E+02  2.3853E+02
0000704   2.3775E+02 -4.3512E+01  2.3872E+02
0000705   5.4286E+02  3.5141E+01  4.2563E+01
0000706   2.7149E+02  2.4567E+02 -5.7478E+02
0000707   3.4475E+02  1.5057E+02  3.6444E+01
0000708   3.2851E+02 -1.1724E+01  1.2885E+02
0000709   4.1190E+02  4.9746E+02 -1.2453E+02
0000710   4.6802E+02  6.8318E+01  3.4966E+00
0000711   3.0403E+02 -1.2111E+02  1.4910E+02
0000712   3.7628E+02  4.6929E+02  8.9360E+01
0000713   2.4001E+02  1.5459E+01  2.2764E+02
0000714   4.2784E+02 -2.5056E+02  4.4010E+02
0000715   3.7221E+02 -3.0187E+00 -2.2504E+02
0000716   4.1731E+02  1.6888E+02  2.2897E+02
0000719   5.6825E+02  8.1454E+01  2.3724E+02
0000720   3.3491E+02 -2.2129E+02 -3.0524E+01
0000721   5.4433E+02 -2.3184E+02 -2.8376E+02
0000722   5.0064E+02 -5.2237E+01 -7.1716E+01
0000723   3.3231E+02 -1.5796E+02 -4.6743E+01
0000725   5.3996E+02 -1.5160E+02  2.1040E+02
0000726   7.3555E+02 -9.1636E+01 -3.0090E+02
0000727   2.3859E+02  3.2119E+02  4.6779E+01
0000728   2.8731E+02 -4.2636E+02  5.4172E+00
0000729   2.5937E+02 -1.4071E+02 -1.2002E+02
0000730   1.5972E+02  3.7797E+02 -2.2645E+02
0000731   4.5097E+02 -2.3482E+02  2.7993E+00
0000733   4.1896E+02  2.7650E+02  6.6510E+00
0000734   8.4353E+02  2.7388E+02  1.1268E+02
0000735   1.8081E+02 -4.6434E+02  1.5456E+02
0000736   5.1672E+02  2.1037E+02 -2.1271E+02
0000737   6.8453E+02  1.4470E+02  1.5880E+02
0000738   5.2572E+02 -1.8151E+02 -1.9995E+01
0000739   2.3691E+02  1.5536E+02  1.3781E+02
0000740   6.4838E+02  3.1491E+02  4.8144E+02
0000741   7.1014E+02 -2.2085E+02  3.2531E+02
0000742   2.8217E+02 -1.2526E+02 -9.0249E+01
0000743   6.3065E+02  4.4689E+02  1.1366E+02
0000744   5.5867E+02 -3.1041E+02 -4.3600E+01
0000745   1.2537E+02 -1.2357E+02 -2.6314E+02
0000746   5.7135E+02  2.4734E+02 -2.2122E+01
0000747   3.8623E+02 -8.8289E+01 -4.4113E+00
0000748   5.6760E+02 -2.4173E+02 -2.2071E+02
0000749   6.7796E+02  3.4497E+02  4.4830E+02
0000750   2.9719E+02  1.7137E+02  2.2858E+02
0000751   4.9082E+02 -4.9487E+01 -2.0229E+02
0000752   5.3841E+02  2.4106E+02  2.1911E+02
0000753   7.2533E+01  1.4123E+02 -1.9474E+02
0000754   4.6594E+02  8.5384E+01 -1.3751E+02
0000755   2.4479E+02 -6.5056E+01 -1.4425E+02
0000756   3.3934E+02  3.7467E+02 -2.4414E+02
0000758   3.1040E+02  1.2878E+02 -3.9397E+01
0000759   4.3375E+02 -1.7412E+02 -5.3632E+02
0000760   7.0663E+02 -1.9027E+02 -1.1034E+02
0000761   4.7170E+02  6.4783E+00 -3.5737E+02
0000762   1.1832E+02 -5.1245E+02  8.4144E+01
0000763   6.7228E+02  3.9136E+01 -1.2991E+02
0000764   5.5394E+02 -2.2779E+02 -3.4757E+02
0000765   3.4869E+02 -7.5467E+01  2.8443E+02
0000766   5.8773E+02 -3.5048E+02 -1.3926E+02
0000767   7.4630E+02 -1.0786E+02  2.7866E+02
0000768   1.1751E+02  2.0178E+02  2.9577E+02
0000769   2.9514E+02  4.7349E+01 -1.2086E+02
0000770   7.4279E+02  8.1984E+01 -1.1617E+02
0000771   7.9959E+01  2.4579E+01 -1.8119E+02
0000772   4.2474E+02 -1.1838E+02  4.5894E+02
0000773   2.6485E+02  7.3117E+02  1.2836E+01
0000774   4.4543E+02 -1.9125E+02  2.1328E+02
0000775   7.4226E+02 -1.1194E+02  1.0562E+02
0000776   5.5107E+02 -7.8645E+01  2.5959E+02
0000777   3.3060E+02 -5.3004E+01  2.3309E+02
0000779   3.4301E+02  3.4524E+02  4.8738E+01
0000780   2.3070E+02  2.0193E+02 -2.0641E+02
0000781   3.5228E+02  1.1593E+02  1.7010E+01
0000782   2.9704E+02 -2.3429E+02  1.5761E+02
0000783   4.1410E+02 -1.9203E+02 -1.2422E+02
0000784   1.6315E+02 -1.2383E+02  2.7307E+02
0000785   4.5201E+02 -3.3803E+02  1.4270E+02
0000786   5.0530E+02 -2.9626E+02  1.6184E+02
0000787   4.1139E+02  4.3404E+02  1.9783E+01
0000788   4.4637E+02  1.4170E+02 -5.1538E+01
0000789   2.4268E+02 -2.8673E+02  1.9775E+01
0000790   4.1703E+02 -6.4545E+01 -4.4271E+02
0000791   1.7143E+02  4.0948E+02  3.5974E+01
0000792   5.0543E+02  7.6977E+01 -2.9095E+01
0000793   5.0629E+02  3.8930E+01  2.7176E+00
0000794   5.2753E+02  4.5566E+02  4.2766E+02
0000795   2.6483E+02  1.3574E+02 -2.0551E+02
0000796   1.0396E+02  1.7208E+02  3.2214E+00
0000797   3.1689E+02 -5.3163E+01  4.9395E+00
0000798   6.9084E+02  4.9732E+00 -2.7088E+02
0000799   2.9387E+02  1.7270E+02 -9.3175E+01
0000800   2.8243E+02  2.0261E+02  1.0554E+02
0000801   5.7153E+02 -1.5056E+02  4.1937E+01
0000802   8.1035E+02  1.9081E+02  3.4640E+02
0000803   2.7628E+02 -4.6635E+01 -2.7504E+00
0000804   5.9174E+02 -4.8839E+02  3.1211E+02
0000805   5.2216E+02  3.0438E+02 -1.9652E+02
0000806   5.6358E+02 -3.5370E+01  3.1148E+02
0000807   6.3168E+01 -1.6124E+01 -5.0816E+01
0000808   2.5751E+02  1.1200E+02  5.4942E+01
0000809   6.5234E+02  8.6427E+01  1.2847E+02
0000810   6.4578E+02 -3.8880E+01 -1.1430E+02
0000811   3.0521E+02  8.4424E+01  2.5037E+02
0000813   4.7756E+02 -7.5814E+01  3.4147E+01
0000814   7.4435E+02  1.2197E+02 -2.0345E+01
0000815   4.0569E+02 -1.5930E+02 -9.3057E+01
0000817   5.5483E+02  6.0889E+01 -2.2494E+02
0000818   4.6474E+02 -1.5588E+02 -4.9969E+01
0000819   5.5913E+02 -1.3744E+02 -9.5079E+01
0000820   2.4221E+02  1.1076E+02  1.2798E+02
0000821   1.4624E+02  6.2035E+01 -1.0905E+02
0000822   5.9801E+02 -9.5927E+00 -2.4756E+02
0000823   3.9647E+02  1.1778E+02  3.1018E+02
0000824   3.0069E+02 -2.8836E+01  1.4843E+01
0000825   4.1839E+02 -1.2110E+02  1.2995E-01
0000826   7.5687E+02  2.1783E+02 -8.8466E+01
0000827   1.4335E+02 -1.3791E+02  5.5168E+01
0000828   5.3894E+02 -2.2812E+02  1.2000E+02
0000829   6.9731E+02  2.0807E+01  1.5139E+02
0000830   3.9225E+02 -9.2368E+01  1.9244E+02
0000831   3.7671E+02  1.4997E+02  2.5049E+01
0000832   2.4003E+02 -1.3445E+02 -3.0361E+01
0000834   8.0594E+02 -1.2618E+02  7.3162E+01
0000835   2.6397E+02 -4.3631E+01  3.1897E+02
0000837   5.9915E+02  5.7493E+01 -8.6471E+01
0000838   3.8742E+02  3.5054E+02 -2.9181E+02
0000839   7.5028E+01 -4.6854E-01 -1.2112E+02
0000840   7.4038E+02  1.6967E+02  1.0178E+02
0000841   2.9544E+02 -1.2950E+02  4.7680E+02
0000842   3.7887E+02 -5.1930E+01 -3.5657E+01
0000843   4.1453E+02  7.6244E+01  1.0197E+02
0000844   3.8500E+02 -3.1849E+01 -2.2587E+02
0000845   4.6812E+02  1.4532E+02 -5.9028E+01
0000846   1.1271E+02 -2.6155E+02  5.3861E+01
0000847   3.6371E+02  1.1223E+02 -3.6135E+02
0000848   2.6220E+02  1.9029E+02 -2.8417E+02
0000849   7.1646E+02  4.4870E+01  4.8953E+00
0000850   3.4711E+02  7.0104E+02  5.3358E+01
0000851   3.2627E+02 -1.2884E+02 -9.5154E+01
0000852   4.7003E+02 -1.4282E+02 -1.7681E+01
0000853   8.3917E+02  7.0242E+01 -4.2088E+02
0000854   1.9367E+02  5.0915E+02  2.4973E+02
0000855   4.0068E+02  1.0208E+02 -1.6371E+02
0000856   9.2522E+01  3.0899E+02  2.1547E+02
0000857   6.6347E+02  1.6064E+02  9.9199E+00
0000858   5.6992E+02  1.9721E+02  1.0946E+02
0000859   3.0779E+02 -1.1277E+01  2.7489E+02
0000860   2.1501E+02  2.9915E+02  2.2199E+02
0000861   1.3704E+02 -2.1683E+02 -2.1188E+02
0000862   6.1029E+02  1.2768E+02 -1.8780E+02
0000863   4.5918E+02 -6.2803E+02  1.4034E+02
0000864   4.7800E+02 -2.7392E+01  3.9279E+02
0000865   8.0306E+02 -2.1565E+02 -2.0099E+02
0000866   2.7444E+02  4.7884E+01 -2.5119E+02
0000867   3.6663E+02  2.1793E+02  5.3377E+01
0000868   4.9053E+02 -8.6189E+01 -1.0391E+02
0000869   6.4737E+02  5.7652E+00 -1.2460E+02
0000870   4.4534E+02  2.6652E+02 -4.4824E+02
0000871   3.7629E+02  2.6564E+02  1.5304E+02
0000872   4.4361E+02  3.0953E+02 -2.7793E+01
0000873   6.7765E+02  1.4519E+02 -2.6340E+02
0000874   2.6309E+02  5.3469E+01  3.7046E+01
0000876   3.8602E+02 -1.9610E+02 -1.1741E+02
0000877   5.0700E+02  1.8140E+02  7.8145E+00
0000878   3.8581E+02 -1.6307E+02  2.0257E+02
0000879   1.5156E+02  9.1632E+01 -9.2637E+01
0000880   5.7125E+02 -1.3408E+02  2.0214E+02
0000881   2.6045E+02  2.5832E+02 -1.9313E+02
0000882   1.9163E+02 -1.3270E+02  1.3463E+02
0000883   4.6916E+02  4.6834E+01  7.4949E+01
0000884   5.2625E+02 -5.2910E+02  2.9454E+02
0000885   5.0226E+02  8.5980E+01  1.5632E+02
0000886   1.4816E+02 -5.3630E+00  2.1228E+01
0000887   3.6531E+02 -1.1657E+02 -7.7336E+01
0000888   4.1330E+02  1.7711E+02 -3.3843E+02
0000889   4.6847E+02 -3.3832E+02 -1.4066E+02
0000890   2.3992E+02 -1.6136E+02 -1.1080E+02
0000891   2.4713E+02  7.5269E+01 -2.2726E+01
0000892   3.4046E+02 -8.0180E+01  3.6825E+02
0000893   5.2224E+02  1.4845E+02  3.1879E+01
0000894   3.1116E+02  1.6021E+02 -5.8858E+01
0000895   2.6281E+02  1.6519E+02 -4.7348E+02
0000896   4.6749E+02 -8.0824E+01 -2.4412E+02
0000897   5.9448E+02 -7.4404E+01 -4.6398E+02
0000898   4.0450E+02  3.3788E+01 -2.1423E+02
0000899   5.0799E+02  3.7039E+02  1.4208E+02
0000900   4.7551E+02  3.0344E+02  5.5382E+00
0000901   6.8182E+02  1.0847E+02 -4.0496E+02
0000902   2.4184E+02  1.2859E+02 -2.6354E+02
0000903   5.0652E+02 -7.2915E+01 -1.2079E+02
0000904   5.0861E+02 -2.5729E+02 -3.7783E+02
0000905   3.8906E+02 -1.8176E+02  3.8576E+01
0000906   4.7347E+02  1.2575E+02  1.8581E+02
0000907   4.5659E+02 -1.0986E+02  8.2688E+01
0000908   1.3312E+02  1.8810E+02 -2.7873E+02
0000909   4.5666E+02 -1.2672E+02  2.7241E+02
0000910   4.5931E+02  1.0301E+01  3.7705E+01
0000911   4.8425E+02  3.7486E+01 -1.7148E+02
0000912   2.3778E+02 -1.4525E+01 -6.5949E+00
0000913   1.4257E+02 -2.1932E+02  2.9612E+02
0000914   4.2973E+02 -1.3463E+01 -1.8961E+02
0000915   1.1288E+02 -2.1800E+01 -1.6606E+02
0000916   4.4493E+02 -8.6607E+01 -2.2222E+02
0000917   3.6262E+02 -2.1411E+02  3.9259E+02
0000918   7.7338E+02 -5.2146E+00 -3.9609E+01
0000919   4.2356E+02 -2.4525E+01  2.5445E+02
0000920   2.8954E+02 -2.1000E+02  5.8640E+01
0000921   2.1132E+02 -1.5890E+01 -2.2654E+02
0000922   3.5586E+02  1.5259E+02 -2.8185E+02
0000923   1.0133E+02 -7.5022E+01  1.1919E+02
0000924   6.4185E+02 -2.1092E+02  6.2016E+01
0000926   4.9061E+02  6.1915E+02  4.9006E+01
0000927   5.4483E+02 -1.5969E+02 -2.9699E+02
0000928   4.2566E+01 -1.0007E+01 -4.9278E+01
0000929   3.2977E+02 -1.7202E+02 -1.1935E+02
0000930   4.7742E+02 -3.8976E+02 -1.5413E+02
0000931   1.4897E+01 -2.4395E+01 -1.3116E+02
0000932   2.3418E+02 -9.4074E+01 -6.1735E+01
0000933   4.5073E+02 -1.0208E+02  1.7860E+02
0000934   3.8850E+02  6.8850E+01 -6.7287E+02
0000935   2.1139E+02 -1.2087E+02 -1.4032E+02
0000936   4.7332E+02 -6.6757E+01 -2.8174E+02
0000937   5.0248E+02  1.0538E+01 -1.6395E+02
0000938   2.3336E+02  3.1308E+02  6.8083E+01
0000939   1.2281E+02  7.2965E+01  3.4134E+02
0000941   8.6151E+02  9.4475E+01  2.5948E+02
0000942   3.1264E+02  3.4843E+02  5.3770E+01
0000943   2.1090E+02 -3.2361E+02  4.3019E+02
0000944   3.4283E+02 -1.4125E+02  7.3991E+01
0000945   8.3053E+02 -1.7543E+02 -1.1381E+02
0000946   3.9087E+02 -1.1978E+02  9.8123E+01
0000947   7.2093E+01  6.6631E+01  3.3522E+02
0000948   2.6417E+02 -2.9075E+02 -1.8282E+02
0000949   2.6721E+02 -5.7433E+01 -2.1729E+02
0000950   2.0434E+02  1.4325E+02 -4.1022E+02
0000951   4.7251E+02 -3.8969E+02 -2.0263E+02
0000952   2.4008E+02 -1.9261E+02 -2.1257E+02
0000953   4.2549E+02  4.1411E+02  1.6630E+02
0000954   2.8743E+02 -3.1929E+02  2.0731E+02
0000955   4.4926E+02 -4.3101E+01 -5.4427E+01
0000956   3.2426E+02  2.9205E+02  2.2084E+02
0000957   3.1567E+02  6.0804E+01  2.4177E+02
0000958   5.8002E+02  3.7867E+01  1.3184E+02
0000959   2.3785E+02 -1.0857E+02  1.0006E+02
0000960   3.5616E+02  1.0058E+02  3.0141E+02
0000961   1.8814E+02 -1.3512E+02 -1.6849E+02
0000962   3.4133E+02 -3.0497E+02  1.9774E+01
0000963   4.4509E+02 -3.4208E+02 -3.2482E+02
0000964   3.5738E+02 -2.5183E+02 -3.7733E+01
0000965   4.3133E+02 -1.7104E+01  1.5631E+02
0000966   6.0444E+02  2.9391E+02 -1.6176E+02
0000967   7.8240E+02 -1.0084E+02  1.1355E+02
0000968   6.8507E+02 -1.6060E+02 -5.5671E+01
0000969   3.9198E+02 -1.3383E+02 -3.5119E+01
0000970   1.5868E+02 -1.1731E+02  1.5460E+02
0000971   3.8232E+02 -1.1883E+01 -8.7950E+01
0000973   2.3849E+02 -2.3500E+01 -3.6636E+02
0000975   2.2748E+02  2.8435E+02  4.6221E+02
0000976   5.3198E+02 -3.2935E+02  9.6076E+01
0000977   3.6606E+02 -2.4190E+01 -1.9323E+02
0000978   4.1457E+02 -2.0094E+01  7.5275E+01
0000979   4.2192E+02  1.5756E+02  1.3928E+02
0000980   4.4916E+02 -2.4983E+02 -5.8734E+01
0000981   4.3216E+02  1.1327E+02  2.1476E+02
0000982   3.8166E+02  2.8847E+02  7.9350E+01
0000983   6.1294E+02 -2.7413E+02  8.9164E+01
0000984   3.3261E+02 -1.7257E+02 -2.1982E+02
0000986   4.7371E+02 -3.7876E+01  3.1647E+02
0000987   6.8680E+02  8.5741E+01  1.1815E+02
0000988   5.5203E+02 -1.6926E+02  1.8359E+02
0000989   3.6388E+02 -9.9422E+01 -2.0402E+02
0000991   2.0370E+02 -2.4736E+01  1.2193E+02
0000992   3.9809E+02  1.3870E+02 -2.0417E+02
0000993   3.3489E+02 -4.6839E+02  5.9385E+01
0000994   4.1010E+02  2.8348E+02  1.9726E+02
0000995   4.2611E+02 -5.9231E+02 -2.1167E+01
0000996   9.1352E+02  5.1636E+01 -2.9073E+01
0000997   4.1665E+02 -2.3937E+02 -9.8377E+01
0000998   3.2386E+02 -2.7183E+02  1.9577E+02
0000999   2.9325E+02 -6.9645E+01  3.2190E+02
0001000   2.8583E+02 -2.2591E+02  2.0912E+02
