============================== SRIM-2013.00 ==============================
==============================================================================
====== SRIM Outputs\RANGE_3D.txt : File of Final Ion Positions =====

Ion =  F (09)   Ion Mass= 018.9984
Energy  = 4000000.E-05 keV
Ion Angle to Surface = 00.0 degrees
==================== TARGET =======================
  Layer # 1 - None
  Layer # 1 - Bottom Depth=500000.E-01 A
  Layer # 1 - Density =0007.8700 g/cm3
  Layer # 1 -  100 % of Fe
様様様様様様様様様様様様様様様様様様様様様様様様様様
                                            
Ion       Depth  X   Lateral Y   Lateral Z  
Number    (Angstrom) (Angstrom)  (Angstrom) 
-------  ----------- ----------- -----------
0000001   1.1648E+02  1.4830E+02  5.1823E+01
0000002   5.6727E+02 -9.9392E+01 -2.2664E+02
0000003   2.0993E+02 -1.1349E+01 -7.9197E+01
0000004   3.4211E+02 -2.4224E+02 -1.8672E+02
0000006   3.2940E+02 -1.9610E+02 -7.0883E+01
0000007   1.3506E+02 -5.5267E+02  2.9481E+02
0000008   5.7710E+02 -3.5749E+02  6.8933E+01
0000009   3.0574E+02  1.3287E+02 -2.5798E+01
0000010   4.7399E+02 -4.0950E+02 -1.9872E+01
0000011   7.6139E+02  2.1294E+02  2.9665E+01
0000012   1.8719E+02  1.3855E+01  1.5640E+02
0000013   4.8366E+02  4.0127E+02 -3.1064E+02
0000014   4.3842E+02 -4.9935E+01 -6.9140E+01
0000015   2.8809E+02 -2.5820E+02  5.5761E+01
0000016   4.1603E+02 -2.2102E+02 -2.4219E+02
0000017   7.1217E+02 -2.8963E+02  1.6210E+02
0000018   4.5502E+02 -3.5585E+01 -4.9280E+01
0000019   4.9010E+02 -2.3936E+02  1.8880E+02
0000020   5.6073E+02  2.0021E+02  4.5841E+02
0000021   4.7268E+02  5.4936E+01  9.4612E+01
0000022   6.2765E+02  3.1083E+02 -2.6378E+02
0000024   4.1193E+02 -9.3966E+01 -4.8405E+02
0000025   3.6702E+02  3.0408E+02  2.4129E+02
0000026   4.7147E+02  3.2792E+02  1.5395E+02
0000027   3.9164E+02  2.0226E+02  1.3648E+02
0000028   3.8553E+02  1.0115E+02  1.3542E+02
0000029   2.1300E+02 -1.9794E+02  1.3430E+02
0000030   3.6142E+02 -1.9380E+02  2.9589E+02
0000031   4.4801E+02 -2.2852E+02 -3.8513E+01
0000032   8.5502E+02  1.2856E+02 -1.9520E+02
0000033   6.2232E+02  2.7379E+02 -1.2786E+02
0000034   4.2585E+01  2.1603E+02 -3.4915E+01
0000035   3.4172E+02 -2.5376E+02 -3.1486E+02
0000036   1.3992E+02  3.6331E+02 -3.7586E+02
0000037   4.1641E+02 -1.8235E+02 -2.1200E+02
0000038   7.9233E+01 -1.4320E+02  2.2371E+02
0000039   4.9912E+02  2.8987E+02 -1.2095E+02
0000040   4.6804E+02  1.2490E+02 -2.2110E+02
0000041   3.6974E+02  2.6788E+01  3.9134E+02
0000042   2.8115E+02 -2.1736E+02  2.9313E+02
0000043   2.5364E+02  3.0522E+02  1.4593E+02
0000044   2.5969E+02 -7.1497E+01  1.5280E+02
0000045   3.5632E+02 -2.5673E+02  1.2350E+01
0000046   3.7109E+02 -4.3142E+02 -6.4354E+01
0000047   5.5455E+02 -1.9042E+01 -4.5224E+02
0000048   2.3935E+02 -1.0233E+02 -2.6691E+02
0000049   4.0242E+02  2.5983E+02 -2.6209E+02
0000050   6.0317E+02 -1.2267E+02 -3.9390E+01
0000051   3.1094E+02 -9.4399E+01  6.1021E+01
0000052   3.9739E+02 -2.5825E+02 -7.4214E+01
0000053   3.6932E+02 -4.0735E+01  8.2703E+01
0000054   2.3082E+02 -1.9982E+02  2.3850E+02
0000055   1.6681E+02  2.3856E+02 -2.5896E+02
0000056   1.9118E+02  3.5190E+01 -2.9913E+02
0000057   6.4314E+02  1.2742E+02 -1.8268E+02
0000058   3.5680E+02 -2.4809E+02 -3.1871E+02
0000059   2.6404E+02 -5.1411E+02 -6.4497E+01
0000061   8.3911E+01  1.6477E+02  9.0502E+01
0000062   3.5537E+02  4.5539E+01  1.9698E+02
0000064   6.0406E+02 -5.9048E+01  6.4779E+01
0000065   2.0755E+02 -1.9274E+01 -1.1584E+02
0000066   2.5434E+02 -3.0707E+02  1.3116E+02
0000067   2.5557E+02  1.0934E+02 -1.2543E+02
0000068   4.5219E+02 -1.5628E+02 -6.8982E+01
0000069   1.0245E+02 -3.4531E+02 -8.8070E+01
0000070   2.2195E+01  8.0747E+01  5.7914E+01
0000071   2.2452E+02 -3.6444E+02 -3.3734E+02
0000072   3.8933E+02  6.0225E+01 -2.6898E+01
0000073   7.1743E+02  2.2866E+02 -1.2898E+02
0000074   3.3913E+02 -3.7308E+02  9.8431E-02
0000075   5.7257E+02 -3.8037E+02  1.2720E+01
0000076   4.4404E+02 -2.0481E+02  3.1717E+02
0000077   5.0629E+02 -6.7180E+02  3.9079E+00
0000078   4.3904E+02  3.1488E+02 -1.5583E+02
0000079   5.1812E+02 -1.6433E+02 -1.0210E+02
0000080   2.1550E+02  3.2090E+02  1.3957E+02
0000082   6.8059E+02 -1.2450E+01 -1.3699E+02
0000083   4.6917E+02 -2.0640E+02 -2.1862E+02
0000084   4.3243E+02 -1.2627E+02 -8.2588E+01
0000086   6.6265E+02  1.0992E+01  4.6003E+01
0000087   6.4558E+02  2.3000E+01 -2.1647E+02
0000088   2.3348E+02  2.1695E+02 -1.4925E+02
0000089   2.3738E+02 -1.7058E+02 -1.8931E+02
0000090   4.5802E+01 -1.4509E+02 -1.1140E+02
0000091   5.2475E+02 -1.1539E+02 -6.1457E+01
0000092   2.5198E+02 -8.0281E+01  2.0648E+02
0000093   4.8825E+02  6.9158E+01  1.6436E+02
0000094   1.8586E+02  2.0904E+02  5.3620E+01
0000096   1.0015E+02  9.9922E+01 -7.9213E+01
0000097   2.1473E+02  4.6717E+01  2.1961E+02
0000098   2.9038E+02  5.5727E+02  1.2818E+02
0000099   5.4157E+02  1.7693E+02  4.5290E+01
0000100   6.8384E+01 -1.4414E+02  3.1599E+02
0000101   5.6772E+02 -5.0891E+02  1.4704E+02
0000102   5.4266E+02 -1.3973E+01  5.3488E+01
0000103   4.0308E+02 -2.9163E+02  1.5722E+02
0000104   7.4534E+02 -2.9083E+01 -2.2742E+01
0000105   4.2425E+02  1.0422E+02 -2.0974E+02
0000106   1.2417E+02 -8.9478E+01  1.3931E+02
0000107   7.3031E+02 -2.2367E+02  5.5939E+01
0000108   3.5827E+02 -3.9051E+02  8.2983E+01
0000109   4.3604E+02 -6.8491E+00  3.7711E+02
0000110   2.9855E+02  2.9435E+02 -2.7530E+02
0000111   5.2700E+02 -1.1858E+02 -8.6988E+01
0000112   5.3868E+02 -2.0040E+01  3.1342E+02
0000113   1.2793E+02 -2.4107E+02  8.8806E+01
0000114   6.2395E+02  4.7441E+01  1.1210E+02
0000115   5.6204E+01 -2.6809E+02  4.2154E+01
0000116   2.2113E+02  3.9010E+02 -2.2276E+02
0000117   2.4851E+02 -2.8645E+02 -3.8593E+02
0000118   4.1695E+02 -1.6911E+02  3.1238E+02
0000119   1.3104E+02 -3.5166E+02 -9.0438E+01
0000120   4.7735E+02  5.4318E+02  1.3171E+02
0000121   1.6538E+02 -2.7634E+01 -1.0027E+02
0000122   3.9801E+02 -5.6926E+01 -9.7866E+01
0000123   2.6532E+02 -1.7683E+02 -3.5263E+01
0000124   2.1922E+02 -3.2900E+02 -1.5613E+02
0000125   4.2199E+02  1.0042E+02  1.6711E+02
0000126   1.3043E+02 -7.5180E+01  3.6353E+01
0000127   3.3000E+01  1.8915E+02  6.3287E+01
0000128   1.9196E+02  2.3279E+02  3.0748E+02
0000129   1.5197E+02 -3.5536E+02 -1.5715E+01
0000130   3.0099E+02  5.3740E+00 -3.0241E+01
0000131   2.3631E+02  6.7077E+00  2.6382E+02
0000132   6.2577E+02  9.6064E+01 -7.7646E+01
0000133   7.9093E+02 -1.1661E+02  2.1611E+02
0000134   3.4858E+02  2.4463E+02  3.0801E+02
0000135   2.5015E+02 -4.5993E+02 -2.6482E+02
0000136   1.3274E+02 -3.2419E+01 -4.8871E+01
0000137   6.9183E+02  1.5104E+02 -1.9997E+02
0000138   5.6338E+02 -1.1636E+02  3.1742E+02
0000139   6.1810E+02 -2.5911E+01  1.0419E+02
0000140   1.2836E+02 -1.5667E+02 -1.4028E+02
0000141   7.0046E+02 -4.5792E+01  1.8102E+02
0000142   4.1595E+02 -6.3175E+01  1.2247E+02
0000143   2.3636E+02 -4.5423E+01 -2.4310E+02
0000144   2.9977E+02 -1.3260E+02 -6.3032E+02
0000145   2.6033E+02  7.2297E+01 -1.1442E+02
0000146   6.7803E+02 -9.0047E+01 -5.5578E+01
0000147   2.3644E+02  5.9210E+01 -6.1429E+01
0000148   4.2165E+02 -3.9138E+02 -1.2703E+02
0000149   4.1350E+02 -3.7667E+01 -4.6947E+01
0000150   4.7556E+02 -2.7420E+02 -4.1636E+00
0000152   4.6596E+02  8.7723E+01  4.3550E+01
0000153   5.1216E+02 -4.7780E+02 -5.0389E+01
0000154   5.8208E+02 -5.5746E+01  9.3648E+01
0000155   3.8690E+02  2.8275E+01 -1.0908E+02
0000156   6.8284E+02 -2.9566E+02  1.4249E+02
0000157   2.7067E+02  6.0569E+01 -3.3815E+01
0000158   1.6175E+02 -1.9347E+02 -1.5168E+02
0000159   1.0754E+02  2.1846E+02  1.7946E+02
0000160   9.8969E+01 -1.8305E+01  3.8281E+02
0000161   8.2696E+01 -8.4320E+01 -1.5359E+02
0000162   3.9456E+02  3.5087E+02  1.1933E+02
0000163   3.3365E+02 -1.0130E+02 -3.5420E+02
0000164   7.4272E+02 -2.5765E+01  3.8481E+02
0000165   7.4242E+02  2.3708E+01 -1.9832E+02
0000166   1.6622E+02 -5.8644E+02 -5.2049E+02
0000167   5.2908E+02 -1.8364E+02 -2.7587E+02
0000168   6.7522E+02 -5.0718E+00  2.1643E+02
0000169   3.4475E+02  1.4328E+01 -3.7762E+02
0000170   2.9799E+02  1.7827E+02  3.4320E+02
0000171   2.5871E+02 -1.5672E+02  3.1827E+02
0000172   1.8442E+02 -2.2619E+02 -4.1679E+02
0000173   8.0071E+02 -3.9118E+01  4.1207E+02
0000174   4.9643E+02  1.2831E+02  4.1390E+01
0000175   3.2751E+02  1.7318E+02 -8.0005E+01
0000176   4.5640E+02  2.4576E+02 -3.0593E+02
0000177   4.1762E+02 -1.1089E+02 -3.1212E+02
0000178   1.8215E+02  3.5820E+01  3.4163E+02
0000179   8.7201E+01  6.0203E+01 -2.8943E+02
0000180   1.6102E+02 -2.1305E+02 -2.0166E+02
0000181   4.0563E+02  2.4742E+02  2.6046E+02
0000182   3.4471E+02  4.3827E+01 -1.3983E+01
0000183   6.1704E+02  1.8613E+02  3.1608E+02
0000184   1.0269E+02 -1.0738E+02 -1.5952E+02
0000185   4.0641E+02  3.4839E+02 -8.5605E+01
0000186   1.3694E+02 -1.7464E+02 -2.0174E+02
0000187   3.0517E+01  2.9767E+02  2.7001E+02
0000188   4.2077E+02  2.3621E+02 -9.2485E+01
0000189   8.4429E+02  3.0704E+02  1.1729E+02
0000190   2.9306E+02  1.8765E+02 -4.7425E+02
0000191   2.3189E+02 -1.7003E+02  2.9823E+02
0000192   2.6351E+02 -1.0853E+02 -2.3053E+02
0000193   5.3136E+02 -7.3656E+01  1.2151E+02
0000194   4.2058E+02  9.4299E+01 -2.5077E+02
0000195   4.8635E+02  2.5613E+01 -1.8145E+01
0000196   4.4624E+02  2.7824E+02  1.8020E+02
0000197   3.5409E+02 -3.6618E+01 -2.4941E+01
0000198   3.4438E+02  2.3271E+02  2.2384E+02
0000199   2.6298E+02  2.0095E+02  1.5992E+02
0000200   3.4748E+01 -2.0685E+02  1.8511E+02
0000202   7.8664E+02 -7.1642E+01 -1.1958E+02
0000203   3.2015E+02 -1.5332E+02 -4.5561E+02
0000204   2.5533E+02 -2.9722E+02 -1.7387E+01
0000205   2.5293E+02 -3.1870E+02  1.2214E+01
0000206   5.1634E+02 -1.6045E+01 -1.1181E+02
0000207   7.0949E+01  5.0870E+01 -1.1645E+02
0000208   8.2860E+02  1.8333E+02 -3.7195E+02
0000209   3.8118E+02  1.5573E+02 -7.9301E+01
0000210   1.6621E+02  3.2821E+02 -9.1472E+00
0000212   3.7740E+02  6.2939E+00 -3.0886E+02
0000213   5.8158E+02 -4.9553E+01 -3.2945E+02
0000214   6.7847E+02 -5.1185E+01 -2.4689E+02
0000215   5.8777E+02 -1.1249E+02  5.4811E+00
0000216   1.5589E+02  2.1871E+01  4.7234E+01
0000217   3.1750E+02  2.1178E+02 -3.7462E+01
0000218   5.4943E+02 -2.4879E+02  2.6086E+01
0000219   6.7406E+02  3.1847E+01 -1.5641E+02
0000220   1.8616E+02 -4.9716E+02  3.0342E+02
0000221   6.9273E+02  1.5949E+02  6.0854E+00
0000222   3.3238E+02 -1.7846E+02 -1.9296E+02
0000223   1.0035E+02 -1.0911E+02 -1.3134E+02
0000224   9.4603E+02  5.1904E+02  1.6747E+02
0000225   3.0995E+02 -8.0720E+01  1.1754E+02
0000226   1.2014E+02 -2.7831E+02  2.6041E+02
0000227   3.9219E+02 -1.0656E+01 -1.8448E+02
0000228   2.2422E+02 -1.6134E+01 -2.3828E+02
0000230   7.1352E+02  2.7773E+02 -3.4108E+01
0000231   3.8334E+02 -2.3978E+02 -8.5529E+01
0000232   4.9503E+02  1.1086E+02  4.3690E+02
0000233   2.3800E+02 -7.5443E+01  4.6802E+01
0000234   3.5315E+02  7.9916E+01  1.2458E+01
0000235   2.5148E+02 -9.4519E+00  1.0250E+02
0000236   1.2795E+02 -1.7098E+02 -7.3653E+01
0000237   6.2424E+02 -2.5960E+02  1.9906E+02
0000238   2.5513E+02  1.9568E+02  2.1572E+02
0000239   3.7354E+02 -2.2274E+02  2.2391E+02
0000240   4.8029E+02  2.2583E+01 -1.5142E+02
0000242   4.9778E+02  9.0399E+00 -2.2484E+02
0000243   5.5646E+02  1.1206E+02 -1.6231E+02
0000244   4.8628E+02 -2.1186E+02 -3.5790E+02
0000245   6.7766E+02  3.0099E+02  6.9236E+01
0000246   3.6000E+02 -1.8851E+01 -3.2082E+02
0000247   5.5411E+02 -9.7729E+01 -2.3005E+02
0000248   1.9308E+02 -3.1709E+02 -4.4982E+01
0000249   4.8710E+02 -6.8541E+01  2.1690E+02
0000250   3.8596E+02 -2.9265E+02 -8.4476E+01
0000251   1.5284E+02  1.3037E+02 -1.7203E+02
0000252   3.4954E+02 -1.9366E+02  2.4209E+02
0000253   8.0498E+02  8.7338E+00  2.1287E+02
0000254   3.2583E+02  2.5959E+02  8.3019E+01
0000255   2.1647E+02  1.5852E+02 -1.3049E+02
0000256   3.9742E+02  4.7452E+01 -2.9697E+02
0000257   8.7410E+02  6.0041E+01  8.0608E+01
0000258   5.4016E+02  3.7006E+02  2.6298E+02
0000259   5.8865E+02  1.6193E+02  5.7101E+02
0000260   2.6968E+02 -6.0396E+01  1.0522E+02
0000261   2.6683E+02 -5.2356E+01  9.5716E+01
0000262   4.1226E+02  5.3693E+02 -1.7650E+02
0000263   6.4350E+02 -3.0247E+02 -1.1863E+02
0000264   9.2764E+02 -3.0788E+02  3.5741E+02
0000265   6.0180E+02  1.0716E+02  7.5099E+01
0000266   4.3474E+02  1.9135E+00 -3.2557E+02
0000267   2.0141E+02  3.7977E+01 -7.8074E+02
0000268   4.6748E+02  4.5731E+01  4.7673E+01
0000269   6.1807E+02 -2.4972E+02  4.2236E+02
0000270   2.9370E+02 -3.1898E+01 -2.6975E+00
0000271   2.5945E+02  4.0242E+01  1.8068E+01
0000272   1.2412E+02 -1.1230E+02  1.5116E+02
0000273   3.2641E+02 -8.3967E+01 -1.4827E+02
0000274   4.6055E+01  5.5781E+00  1.2256E+02
0000275   3.2395E+02 -2.2247E+02  5.2082E+01
0000276   3.5589E+02 -9.1885E+01 -2.4544E+02
0000277   4.2902E+02  2.3230E+02  2.0868E+01
0000278   5.2180E+02  1.6437E+02  1.3636E+01
0000279   3.8546E+02  2.3411E+02 -9.3397E+01
0000280   4.0490E+02  1.5793E+02  4.2252E+01
0000281   5.4324E+02 -1.6543E+01  3.4977E+02
0000282   2.4226E+02  9.2787E+01 -1.2127E+02
0000283   4.6822E+02 -3.9017E+01  4.1559E+02
0000284   7.0357E+02  1.3499E+02 -3.4134E+00
0000285   2.7527E+02 -6.6523E+01  7.2318E+01
0000286   3.5024E+02 -4.8202E+01  3.1731E+02
0000287   7.3142E+02 -9.0713E+01 -3.0368E+01
0000288   3.9868E+02 -1.7550E+02  2.3550E+01
0000289   5.0828E+02 -2.4281E+02 -8.1724E+01
0000290   2.5730E+02 -2.1732E+02 -2.9216E+02
0000291   4.9410E+02  4.2799E+02 -3.2663E+02
0000292   1.4086E+02 -1.7873E+02 -1.4603E+02
0000293   1.8206E+02 -1.6122E+02 -9.1161E+00
0000294   2.3482E+02  5.9656E+01  4.5455E+01
0000295   4.2390E+02 -2.6578E+02 -3.2997E+02
0000296   4.5382E+02  3.2011E+02 -9.6146E+00
0000297   4.7038E+02 -2.4348E+02 -3.4888E+02
0000298   5.3992E+02  1.6117E+02 -3.6740E+01
0000299   4.4387E+02  9.3221E+01 -1.2585E+02
0000300   4.4826E+02  1.9677E+02 -3.4336E+02
0000301   2.1172E+02  2.0462E+02 -1.8548E+02
0000302   2.0352E+02 -1.9639E+02  5.4119E+01
0000303   2.2283E+02  1.1437E+02  3.6966E+02
0000304   1.1557E+02 -3.6486E+02  1.6972E+02
0000305   5.0645E+02  2.5668E+02 -8.0639E+01
0000306   3.3241E+02  3.0107E+02 -2.7056E+02
0000307   2.2783E+02 -5.0370E+01 -9.5112E+01
0000308   6.4442E+01 -2.7189E+01 -1.1816E+02
0000309   2.1007E+02 -9.7678E+01 -9.8446E+01
0000311   2.0828E+02  1.2767E+02 -5.8624E+01
0000313   3.7001E+02  2.4430E+02 -1.0143E+02
0000314   5.4189E+02 -5.4070E+01  1.4675E+02
0000315   1.5180E+02  1.4127E+02  2.4680E+02
0000316   4.3691E+02  1.1369E+02 -8.8055E+01
0000317   5.3833E+02 -2.4680E+02 -2.0203E+02
0000318   5.9933E+02  2.2886E+02  5.1031E+01
0000319   1.8095E+02 -8.8371E+01 -6.5099E+01
0000320   3.1782E+02 -3.2271E+02 -2.2681E+02
0000321   4.3601E+02 -3.5097E+02 -1.3226E+02
0000322   4.6551E+02  2.1265E+02 -2.4356E+02
0000323   3.2217E+02 -1.7614E+02 -1.7982E+02
0000324   1.8449E+02  1.2730E+02  8.0552E+01
0000326   7.0162E+02  1.8555E+02  5.8642E+01
0000327   5.1027E+02  5.7112E+01  7.2902E+01
0000328   6.0370E+02  1.4257E+02  3.4162E+00
0000329   3.0346E+02 -2.8750E+02 -2.4242E+02
0000330   9.7733E+02  3.3312E+01  1.3034E+02
0000331   5.0348E+02 -1.4812E+02  3.3438E+02
0000332   3.1020E+02  3.4198E+02 -4.0242E+02
0000333   1.4490E+02 -1.4694E+02 -1.2337E+02
0000334   7.1352E+02  8.4296E+01 -2.0054E+01
0000335   5.7211E+02  1.4612E+02 -1.3497E+02
0000336   2.0916E+02  1.7866E+01  8.4639E+01
0000337   6.0179E+02  2.8183E+02  1.8083E+02
0000338   5.1367E+02 -1.7578E+02  6.3342E+01
0000339   4.0541E+02 -7.4708E+01 -1.9684E+02
0000340   2.3606E+02  1.3292E+02  2.1886E+02
0000341   1.6904E+02  1.8669E+02 -2.5218E+02
0000342   3.8306E+02  1.6404E+02 -1.7581E+02
0000343   2.9171E+02 -2.3232E+02 -4.2715E+01
0000344   1.8996E+02  2.1005E+02  2.4230E+02
0000346   2.7334E+02  2.8697E+02  2.3024E+02
0000347   6.1390E+02  9.4224E+01 -9.4785E+01
0000348   4.3112E+02 -2.2630E+01 -3.3984E+02
0000349   2.2765E+02  3.4377E+02 -3.7542E+01
0000350   2.1012E+02  2.9785E+01 -2.2552E+02
0000351   6.1060E+02 -4.3565E+01 -1.1998E+02
0000352   4.5690E+02  2.1520E+01  4.0625E+02
0000353   3.4044E+02  4.3894E+02 -6.0553E+01
0000354   8.2475E+01  9.8934E+01 -1.7295E+02
0000355   3.6314E+02 -1.8207E+02  2.2274E+02
0000356   3.8471E+02  2.2588E+01 -1.6208E+02
0000357   6.3178E+02  4.1654E+01 -2.4757E+02
0000358   7.6078E+02  2.8246E+02  1.1132E+02
0000359   4.3052E+02 -6.2511E+01 -1.6283E+02
0000360   2.4312E+02  1.0420E+02 -1.4699E+02
0000362   2.6707E+02 -6.2061E+02  1.1547E+02
0000363   4.1020E+02  2.5739E+02 -6.3808E+01
0000364   1.5158E+02  7.7936E+01  3.0955E+02
0000365   4.2166E+02  1.2806E+02 -4.8132E+01
0000366   6.4194E+02  5.5829E+00 -2.8877E+02
0000367   7.4759E+02  3.9623E+01 -1.8734E+02
0000368   4.6669E+02 -2.4218E+02 -6.5616E+01
0000369   3.1353E+02 -2.2341E+02  9.3977E+01
0000370   6.1628E+02  3.9044E+02  3.8526E+01
0000371   7.1789E+01 -1.9352E+02  1.4935E+01
0000373   5.3516E+02  3.7884E+02  2.6054E+02
0000374   5.9752E+02  2.1049E+02 -1.1784E+02
0000375   3.6125E+02  1.1222E+02 -1.9216E+02
0000376   6.6118E+02 -1.1531E+02  2.1260E+02
0000377   4.9743E+02  2.6255E+02  5.8117E+02
0000378   5.4154E+02 -3.0205E+02 -2.1003E+02
0000379   5.2176E+02  3.4926E+02  7.1765E+01
0000380   1.1333E+02 -1.4765E+02  3.2542E+02
0000381   3.5568E+02 -1.5701E+01  9.0141E+01
0000382   1.3440E+02  7.8979E+01 -4.3215E+01
0000384   2.8215E+02  8.1246E+01 -8.8934E+01
0000385   8.2089E+02 -3.7576E+01 -1.0006E+02
0000386   3.4461E+02  3.2204E+02 -4.8876E+01
0000387   6.9379E+01  5.2391E+01  1.1898E+02
0000388   2.3038E+02  7.3487E+01  1.2757E+01
0000389   1.4492E+02 -2.2431E+02  4.6013E+01
0000390   4.4831E+02 -7.6646E+01 -4.3376E+02
0000391   7.1709E+02 -2.4468E+01 -1.2887E+01
0000392   7.9406E+02  2.8209E+02 -1.5675E+02
0000393   5.4353E+02  3.9226E+02  1.9727E+01
0000394   1.4761E+02 -3.2449E+01 -1.9773E+02
0000395   5.0304E+02  2.7621E+02  1.5730E+02
0000396   6.1248E+02  2.1517E+02  9.4621E+01
0000397   4.5260E+02  2.9862E+02  5.6418E+01
0000398   3.7206E+02 -6.7831E+00 -2.5420E+01
0000399   3.5240E+02 -1.1350E+02 -1.0556E+02
0000400   2.8571E+02 -1.2311E+02  1.2676E+02
0000401   2.4101E+02  8.9809E+01 -1.5095E+02
0000402   3.6404E+02 -1.6275E+02  2.3856E+02
0000403   3.4825E+02  1.0385E+02  1.8805E+02
0000404   3.6122E+02 -3.1052E+01  4.4420E+02
0000405   4.5368E+02 -4.0914E+02  7.4571E+01
0000406   7.9744E+02 -2.5746E+01  7.9937E+01
0000408   2.4227E+02  4.1641E+01  5.5442E+00
0000409   9.0939E+01 -2.7283E+02  1.2578E+02
0000410   2.0741E+02  1.9640E+02 -3.4389E+02
0000411   3.7162E+02  6.1558E+01  2.2713E+02
0000412   2.2769E+02  3.8649E+01 -1.1163E+02
0000413   3.5597E+02 -1.1044E+02 -9.4467E+01
0000414   3.6723E+02  4.4415E+02 -7.5491E+01
0000415   3.3525E+02  1.3249E+02  4.3058E+02
0000416   5.8640E+02 -1.3815E+02  1.0259E+01
0000417   4.5923E+02 -1.1767E+02 -3.0286E+01
0000418   4.6612E+02  5.4120E+02  2.8309E+01
0000419   3.0795E+02  4.0141E+01  2.2075E+02
0000420   4.0433E+02  1.4638E+02  2.7756E+01
0000421   4.9596E+02  1.3331E+02  3.3858E+02
0000422   2.9373E+02  1.8264E+02 -5.5005E+02
0000423   2.8098E+02  1.4105E+02 -3.3035E+02
0000424   1.3875E+02 -5.4715E+02 -1.3926E+02
0000425   3.9291E+02  2.4125E+01 -1.9093E+01
0000426   2.8520E+02  2.3954E+02  5.3845E+01
0000427   4.1794E+02 -9.2115E+01  1.3712E+01
0000428   3.1100E+02 -2.4617E+02  4.9458E+02
0000430   3.5000E+02 -9.7016E+01 -1.1003E+02
0000431   3.9307E+02  5.0226E+01  2.5972E+02
0000432   4.7187E+02  4.5444E+01 -2.2338E+02
0000433   4.8219E+02  2.8648E+02 -4.8842E+02
0000434   2.0521E+02  1.9061E+02 -1.4448E+02
0000435   4.5281E+02 -7.2770E+01  2.0318E+02
0000436   4.9764E+02  3.0809E+02 -3.1531E+02
0000437   2.8769E+02 -2.4994E+02  1.9971E+00
0000438   7.6066E+02  1.4996E+02 -6.9565E-01
0000439   5.5760E+02  1.2131E+02 -2.8160E+02
0000441   4.4760E+02  5.1513E+02  4.8800E+01
0000442   2.8477E+02  4.0496E+02  4.0386E+02
0000443   1.5191E+02  1.8630E+02  1.6453E+02
0000444   2.0595E+01 -2.3690E+02  2.8523E+02
0000445   4.9132E+02 -1.7263E+02 -2.2512E+02
0000446   7.9404E+01  3.3322E+02 -4.2770E+02
0000447   3.3594E+02 -4.7761E+02  2.6684E+02
0000448   2.4669E+02  9.1270E+01 -4.7906E+01
0000449   5.0716E+02 -2.2398E+02 -6.9495E+01
0000450   3.0321E+02 -2.5594E+01  2.6068E+02
0000451   6.0460E+02 -1.8638E+02  4.6778E+01
0000452   1.9365E+02  3.0869E+02  2.9291E+02
0000453   4.4101E+02  5.0623E+02 -4.4404E+01
0000454   1.0872E+02 -2.8862E+02  1.0618E+02
0000455   1.5506E+02  5.9581E+01 -9.6802E+01
0000456   5.9794E+02 -5.5084E+01 -8.1938E+01
0000457   4.3159E+02 -1.4747E+02  3.5368E+02
0000458   2.7830E+02  3.3934E+00 -1.6999E+02
0000459   4.6322E+02 -7.4387E+00  2.3711E+02
0000460   5.7853E+02  9.2129E+01 -4.1934E+02
0000461   2.7069E+02 -4.7559E+01 -2.5035E+02
0000462   5.7838E+02 -5.1093E+02  1.0311E+01
0000463   4.4471E+02  3.2474E+02 -1.2447E+02
0000464   1.3015E+02 -2.7352E+01 -2.0443E+02
0000465   5.6466E+02 -3.7621E+01  3.2596E+02
0000466   3.1847E+02 -2.4826E+02  2.0611E+02
0000467   5.4835E+01  4.1731E+01  1.0019E+02
0000468   4.7126E+02  1.7012E+02 -1.7451E+02
0000469   4.0829E+02 -3.1232E+02  1.0186E+00
0000470   3.6763E+02 -6.3954E+01  2.0952E+02
0000471   4.8802E+02  1.3537E+02 -1.7038E+02
0000472   1.0091E+02  2.1884E+01 -2.8837E+02
0000473   8.4481E+02  4.6038E+01 -1.4791E+02
0000474   1.2536E+02 -2.7130E+02 -2.6936E+02
0000475   1.1417E+02  2.1207E+02  1.3297E+02
0000476   3.8570E+02  6.3414E+02  2.7343E+02
0000477   3.7482E+02  6.9992E+00 -2.1769E+02
0000478   8.5044E+02  2.2232E+02 -2.1090E+02
0000480   5.3357E+02 -4.4731E+02 -1.0219E+02
0000481   1.7443E+02  1.2934E+02  1.7703E+02
0000482   5.6635E+02 -2.8607E+02  2.5538E+02
0000483   4.6521E+02 -2.0235E+01  2.2928E+02
0000484   6.8480E+02 -1.4613E+02 -1.0788E+02
0000485   2.5879E+02 -3.2221E+02 -2.6719E+02
0000487   1.4406E+02  1.0167E+02  1.8487E+02
0000488   3.4755E+02  3.5534E+02  8.2656E+00
0000489   3.6120E+02 -1.1891E+02 -8.2178E+01
0000490   4.8252E+02 -1.4525E+02 -2.3704E+02
0000491   5.9691E+02  1.7411E+02  7.5627E+01
0000492   2.3673E+02  2.0421E+01 -1.0892E+02
0000493   6.0423E+02  7.7764E+01  2.2643E+02
0000494   6.6053E+02 -1.6826E+02 -2.2813E+02
0000495   3.5446E+02  6.7154E+02  2.5206E+02
0000496   3.6878E+02 -1.2514E+02  6.2773E+01
0000497   4.2020E+02 -1.3794E+02  1.6684E+02
0000498   3.3997E+02  3.0242E+02 -2.0952E+02
0000499   4.1958E+02  1.5441E+02  2.9849E+01
0000500   4.3642E+02 -5.6146E+01  1.2673E+02
0000501   3.5877E+02 -1.4123E+02  2.0233E+02
0000502   4.3081E+02  1.9586E+02 -6.6556E+01
0000503   4.6294E+02 -7.0725E+01  3.9237E+02
0000505   7.9024E+02 -2.7571E+02  9.5345E+01
0000506   5.2188E+02  3.5127E+01 -3.0922E+02
0000508   3.7040E+02 -6.8569E+01 -7.0937E+01
0000509   5.1509E+02  6.7096E+01  3.4184E+01
0000510   5.6673E+02 -1.7711E+02  1.1493E+02
0000511   4.7211E+02 -1.2207E+02  1.8405E+01
0000512   4.9491E+02  9.9365E+01  1.5873E+02
0000513   4.3430E+02 -2.7155E+02  3.0905E+02
0000514   6.3412E+02  2.5428E+02 -3.9463E+02
0000515   1.7755E+02 -3.4144E+02 -2.3065E+02
0000517   3.5132E+02 -2.8725E+02  1.2869E+02
0000518   4.3805E+02  1.5340E+02 -3.4848E+02
0000519   3.7000E+02 -4.7735E+02  2.0622E+02
0000520   3.7792E+02 -6.0147E+01  5.1820E+01
0000521   4.9847E+02  3.3250E+02 -4.7863E+02
0000522   5.6660E+01  2.5474E+02  1.9172E+02
0000523   2.7624E+02 -1.8739E+02  1.9992E+02
0000524   3.9057E+02 -1.8405E+02  3.7649E+01
0000525   5.7715E+02 -2.9492E+01 -3.3219E+02
0000526   4.9002E+02 -1.1877E+02  4.3310E+01
0000527   4.1964E+02 -1.4892E+02  5.9360E+01
0000528   2.4038E+02 -2.9573E+02  1.1279E+00
0000529   1.2360E+02 -3.5510E+01  1.4194E+02
0000530   1.9369E+02  3.5758E+02 -1.3345E+02
0000531   5.4012E+02 -1.7138E+02  3.5469E+01
0000532   4.4123E+02  7.3867E+01  2.3554E+02
0000533   7.3254E+02 -4.1572E+01 -4.1508E+02
0000534   8.8685E+02 -2.4390E+01 -1.7583E+02
0000535   6.7695E+02 -9.2316E+01 -2.0737E+02
0000536   3.7708E+02 -2.8442E+01 -3.9044E+02
0000537   2.9165E+02 -1.3136E+02  3.3936E+01
0000538   3.4611E+02  2.3643E+02 -1.9645E+02
0000539   5.7514E+02 -1.3083E+02  6.4695E+01
0000540   3.1583E+02  8.6071E+01  2.5839E+01
0000541   4.4214E+02  1.2175E+02  1.3403E+01
0000543   2.9663E+02  1.0320E+02  1.1867E+01
0000544   5.0592E+02 -6.9149E+01  2.6355E+02
0000545   3.5681E+02  1.0773E+02  4.8166E+02
0000546   4.0420E+02  2.2988E+02 -6.4448E+01
0000547   6.9809E+02  4.7430E+02  1.5495E+02
0000548   3.1486E+02  2.8771E+02 -1.6522E+02
0000549   6.7391E+02  1.5801E+02 -1.0500E+02
0000550   4.1051E+02 -1.4719E+02  6.0718E+01
0000551   5.0556E+02 -1.5189E+02  4.1299E+01
0000552   2.4875E+02  3.4548E+02 -6.7518E+01
0000553   5.3300E+01  1.5422E+01 -1.6724E+01
0000554   3.3425E+02 -2.3085E+01 -2.2339E+02
0000555   2.0818E+02 -5.8328E+01 -8.5459E+00
0000556   3.3105E+02  1.2640E+02 -4.2856E+02
0000557   1.5073E+02 -1.8116E+02  4.4881E+01
0000558   4.5832E+02  9.3610E+01  1.1444E+02
0000559   4.2652E+02  1.2541E+02  2.5285E+01
0000560   1.3797E+02  2.5096E+02  1.4481E+02
0000561   1.5098E+02  3.9443E+02  2.6229E+02
0000562   2.4756E+02 -1.4478E+01 -3.0275E+02
0000563   4.0222E+02 -1.5690E+02  3.2432E+02
0000564   3.4473E+02  1.1493E+02  4.6756E+02
0000565   4.8414E+02 -3.3567E+02 -3.7464E+02
0000566   3.1770E+02  8.3366E+01  1.3688E+01
0000567   5.0508E+02  3.2996E+02  2.8089E+01
0000568   4.4692E+02 -1.8079E+02 -5.6354E+01
0000569   1.0328E+02 -1.6357E+01  1.4719E+02
0000570   3.2436E+02  2.6884E+02  1.9790E+02
0000571   7.5580E+02 -3.4871E+02 -1.6208E+02
0000572   4.3869E+02  2.3431E-01 -3.1660E+00
0000573   6.6933E+02 -2.0605E+01 -4.2478E+02
0000574   4.9155E+02  1.4043E+02 -3.1387E+02
0000575   2.6421E+02  1.0087E+02 -1.8920E+02
0000576   2.9198E+02  1.1754E+02 -2.2328E+02
0000577   5.7096E+02 -3.3395E+01 -2.0390E+02
0000578   2.7164E+02  2.6779E+02  2.9408E+02
0000579   6.7848E+02  2.8398E+02  1.6657E+02
0000580   3.6005E+02  2.7453E+02  9.3845E+00
0000581   4.5067E+02 -1.9035E+02 -4.4849E+00
0000582   5.8791E+02  1.7714E+02  1.1815E+02
0000583   3.8848E+02 -4.9994E+02  2.5762E+02
0000584   2.2673E+02 -8.8788E+01  1.6636E+01
0000585   4.4229E+02  8.9207E+01  1.4897E+02
0000586   6.4293E+02 -4.7786E+02  2.9905E+02
0000587   8.8602E+02  2.9368E+02 -1.5969E+02
0000588   5.1026E+02  9.2992E+01  3.2997E+01
0000589   6.5919E+02 -1.5121E+02  8.9970E+01
0000590   2.9398E+02 -4.4276E+02 -3.2793E+02
0000591   4.9441E+02  1.4035E+02  3.2601E+01
0000592   4.5986E+02  1.5138E+02 -3.0561E+02
0000593   3.8701E+02 -1.7912E+02  1.6549E+02
0000594   9.0897E+01 -2.3358E+02  1.8004E+02
0000595   3.0090E+02 -8.9089E+00 -2.5347E+02
0000596   6.7549E+02  1.8403E+02  7.9410E+00
0000597   2.5216E+02 -2.7237E+02  4.2219E+01
0000598   2.6407E+02  1.1020E+02  2.2507E+01
0000599   7.5445E+02 -3.0766E+02  2.0442E+01
0000600   1.2161E+02  8.7741E+01  3.2234E+02
0000601   4.0452E+02  2.9650E+02  6.0672E+01
0000603   5.4492E+02 -4.2790E+02 -2.9704E+02
0000604   1.4401E+02  2.9734E+01  1.7235E+02
0000605   6.2997E+02 -1.5710E+02  1.4180E+02
0000606   3.9365E+02 -3.7766E+02 -9.3016E+01
0000607   3.7108E+02 -1.0130E+02 -1.3143E+01
0000608   5.3729E+02  3.0892E+02  4.4183E+02
0000609   2.3511E+02  1.0662E+02 -2.5480E+02
0000610   2.2521E+02  1.4846E+01 -2.4253E+02
0000611   1.9575E+02  8.3098E+01  2.3389E+02
0000612   8.5469E+01  4.7206E+01 -2.3143E+01
0000613   2.0990E+02  3.1747E+02  2.1852E+02
0000614   1.1844E+02  5.8564E+01 -1.3942E+02
0000615   4.4528E+02 -2.6591E+02  1.3566E+02
0000616   2.8823E+02 -8.5633E+01  3.4598E+01
0000617   3.0263E+02 -6.0424E+00 -4.2841E+02
0000618   3.5163E+02 -1.1941E+02 -2.6304E+02
0000619   2.1895E+02  2.8983E+01 -2.8682E+02
0000620   5.0878E+02 -4.4291E+02 -4.8427E+02
0000621   7.2047E+01 -3.1969E+02 -3.3456E+01
0000622   5.3776E+02  2.1473E+02 -7.4563E+01
0000623   2.3963E+02  1.6143E+02  5.3626E+01
0000624   6.6196E+02  1.6195E+01 -1.4027E+02
0000625   2.4147E+02 -6.0004E+02 -1.4967E+02
0000626   2.9541E+02 -6.7349E+01  1.9289E+02
0000627   1.1685E+02 -3.2447E+00  1.6385E+02
0000628   7.6784E+02 -9.2670E+01 -5.6453E+01
0000629   4.3394E+02  2.4539E+02 -2.4807E+02
0000630   5.7839E+02 -9.0410E+01 -5.9046E+01
0000631   5.9417E+02  6.1765E+01  3.6131E+02
0000632   4.3789E+02 -1.3371E+02  8.6656E+01
0000633   5.7555E+02 -1.5954E+02 -3.7391E+02
0000634   1.3898E+02 -2.1738E+02 -7.7364E+01
0000635   3.3037E+02 -2.5491E+02  1.2031E+01
0000636   6.5977E+02 -3.1621E+02  5.8178E+01
0000637   6.5275E+02  8.2898E+01  4.4006E+02
0000638   1.2133E+02  3.0914E+02 -2.1400E+02
0000639   6.7635E+02 -1.8195E+00  3.0732E+02
0000640   1.3931E+02  1.3384E+02  3.8595E+02
0000641   1.3029E+02  6.8227E+01  7.5045E+01
0000642   1.2661E+02  1.2504E+01  8.5473E+01
0000644   4.1728E+02  2.3767E+02  2.0628E+01
0000645   4.4152E+02 -2.5477E+02  2.8601E+02
0000646   1.8817E+02  5.4058E+01  3.5906E+02
0000647   5.1336E+02 -9.2361E+01  2.9974E+02
0000648   3.7416E+02 -7.5178E+00  2.7961E+02
0000649   6.2476E+02 -3.5614E+02  1.5071E+02
0000650   4.1161E+02 -2.3102E+02  3.4595E+02
0000651   3.3043E+02 -2.4474E+02  2.0211E+01
0000652   2.6735E+02  1.2392E+02  1.1987E+02
0000653   3.4529E+02 -2.3507E+02  1.5105E+02
0000654   3.1141E+02 -1.3714E+02  2.6326E+01
0000655   2.6633E+02 -3.8539E+01 -3.6854E+02
0000656   1.8995E+02  2.2374E+02  2.2820E+02
0000657   5.6512E+02  1.5966E+02  1.0899E+02
0000658   3.1046E+02  2.1553E+02 -1.1182E+01
0000659   5.4925E+02 -1.0528E+02  1.3478E+02
0000660   4.2439E+02  1.8142E+02  2.4419E+02
0000661   1.4963E+02  8.9412E+01  3.7549E+01
0000662   5.3357E+02 -1.8813E+01 -3.0333E+02
0000663   1.8081E+02  8.4165E+01 -1.4954E+02
0000664   2.6440E+02 -9.4162E+01  2.8517E+02
0000665   2.2478E+01 -2.3583E+02  1.3877E+02
0000666   1.0001E+03  4.0807E+01  3.3147E+02
0000667   3.3698E+02  2.0406E+02  5.2748E+01
0000668   4.7740E+02 -1.0455E+02  1.5409E+02
0000669   5.0309E+02 -1.3360E+02 -1.7039E+02
0000670   4.3613E+02 -3.3967E+02  3.0634E+02
0000671   4.5025E+02  2.4401E+02 -1.7884E+02
0000672   3.7296E+02 -3.0731E+02  3.6160E+02
0000673   6.8379E+01 -3.6997E-01  1.4994E+02
0000674   4.1574E+02 -2.0358E+02  2.7390E+02
0000675   3.8165E+02  1.4100E+02  4.8999E+02
0000676   4.0439E+02  1.9033E+02 -3.6365E+01
0000677   6.3352E+01 -5.5991E+01 -1.0033E+01
0000678   7.9114E+02 -3.3722E+02  3.8644E+00
0000679   1.0620E+02  4.3356E+02  3.6216E+02
0000680   2.1604E+02 -7.9161E+01  1.4450E+02
0000681   5.8782E+02  9.5840E+00 -8.6025E+01
0000682   2.9494E+02  4.1346E+02 -1.8102E+01
0000683   5.3406E+02  9.8252E+01  7.5329E+01
0000684   6.4208E+02 -3.3312E+00  5.2427E+01
0000685   2.4150E+02 -2.3887E+02 -9.2095E+01
0000686   2.4941E+02 -3.7798E+01 -6.5893E+01
0000687   1.9098E+02  4.7079E+01  1.5609E+02
0000688   4.0981E+01 -2.5950E+02 -1.2563E+02
0000689   2.2259E+02 -4.8745E+02 -8.2307E+01
0000690   7.1468E+02  2.4060E+02 -2.1545E+02
0000691   2.9810E+02 -2.4916E+01  1.2055E+02
0000692   5.2598E+02  7.6857E+01  2.1445E+01
0000693   4.2696E+02  1.1939E+02 -8.1246E+01
0000694   4.7945E+02  3.8522E+02  9.8959E+00
0000695   6.7025E+02 -8.6951E+01 -1.5793E+00
0000696   2.8551E+02  1.0932E+01  3.7274E+01
0000697   5.6510E+02  7.4403E+01 -1.2321E+02
0000698   5.6478E+02 -2.3071E+02  6.8619E+00
0000699   6.4341E+02  1.9800E+02 -2.2142E+01
0000700   5.6336E+02 -1.5067E+02  6.1313E+00
0000701   2.3594E+02 -1.4654E+02  1.9714E+02
0000702   3.2584E+02  4.6027E+02  2.7999E+02
0000703   2.3726E+02  3.5460E+02  1.2227E+02
0000704   3.1256E+02  6.4734E+01  2.0309E+02
0000705   4.8338E+02 -1.1032E+02  2.8827E+02
0000706   1.5099E+02 -3.1986E+01 -3.7941E+02
0000707   4.7632E+02 -3.8178E+02  1.5376E+02
0000708   5.7042E+02  4.8127E+01 -8.5278E+00
0000709   6.7347E+01  1.0454E+02  2.6504E+02
0000710   6.9870E+02  2.8019E+02 -3.4011E+00
0000711   1.1205E+02 -6.0006E+01 -1.4991E+02
0000712   4.7304E+02  5.3432E+02 -1.0090E+02
0000713   2.1300E+02 -1.6048E+02 -2.9406E+02
0000714   2.2509E+02 -4.7171E+01 -2.0781E+02
0000716   3.8498E+02 -3.6926E+01 -1.9702E+02
0000717   3.6113E+02 -4.0134E+02  1.1452E+02
0000718   1.7510E+02 -8.1860E+01 -3.6058E+02
0000720   2.8934E+02  4.4566E+01 -2.5107E+02
0000721   4.1552E+02 -9.8219E+01 -3.1012E+02
0000722   3.2802E+02 -4.2174E+02 -2.6082E+02
0000725   3.7934E+02 -1.4897E+02 -1.0818E+01
0000726   4.6809E+02  2.2757E+02 -2.6235E+02
0000727   9.0616E+01  2.9235E+01 -6.5793E+01
0000728   6.3517E+02 -6.3241E-01 -3.0520E+02
0000729   3.8961E+02 -1.9338E+02  2.0690E+01
0000730   2.2020E+02 -3.7786E+02  2.4994E+02
0000731   4.3711E+02  4.4344E+02 -4.6480E+02
0000732   6.0543E+02  3.4266E+00 -1.9743E+02
0000733   3.6619E+02  4.5162E+01 -8.2256E+01
0000734   9.5866E+02  7.2155E+01 -3.4942E+02
0000735   2.6424E+02 -2.6106E+02  1.9126E+02
0000736   9.0396E+02 -1.3114E+02 -1.9499E+02
0000737   4.6938E+02 -2.0207E+02 -1.1928E+02
0000738   6.6561E+02  3.8541E+01  6.7444E+01
0000739   1.8346E+02  5.4220E+01 -5.3889E+01
0000740   3.6753E+02  2.1524E+02  4.9551E+02
0000741   4.9884E+02 -6.5131E+01  2.2248E+02
0000742   4.6579E+02  1.2234E+02 -1.1092E+02
0000743   7.4060E+02 -2.9191E+02 -1.1931E+02
0000744   2.8174E+02 -1.6013E+02 -9.9482E+01
0000745   3.7604E+02 -1.4263E+02 -1.7180E+02
0000747   3.7589E+02 -1.3837E+02  1.8534E+02
0000748   4.9780E+02 -2.0181E+02  1.4131E+02
0000749   1.6548E+02 -2.5956E+02  9.5254E+01
0000751   6.0766E+02  1.3356E+02 -2.4069E+02
0000752   2.9465E+02  3.4942E+02 -1.3214E+01
0000753   2.6961E+02 -1.7234E+02 -1.7098E+02
0000754   4.6807E+02 -4.3994E+01 -2.7450E+02
0000755   4.1299E+02  7.3564E+01 -1.6633E+02
0000756   8.7879E+02 -1.4679E+02  1.4391E+02
0000757   6.4680E+02  5.8678E+01  4.2695E+02
0000758   3.0844E+02 -1.1012E+02 -1.4322E+02
0000760   3.3542E+02  1.1330E+02  3.2451E+02
0000761   6.1075E+02 -7.7698E+01 -1.4235E+02
0000762   3.0607E+02 -1.2732E+02  1.3407E+02
0000763   1.1170E+02 -1.0968E+02  3.2592E+02
0000764   1.4007E+02 -1.2496E+01 -5.0538E+02
0000765   3.4434E+02 -2.2852E+02 -8.8324E+01
0000766   4.9344E+02  1.2452E+02 -8.7635E+01
0000767   5.3732E+02 -3.0329E+02 -9.6214E+01
0000768   4.5949E+02 -2.5347E+02  2.5633E+02
0000769   3.4490E+02  9.3505E+01  9.8987E+01
0000770   5.1027E+02  1.7065E+02  5.3631E+01
0000771   3.4403E+02  9.3162E+01  2.1987E+02
0000772   3.1114E+02  3.7105E+02  7.6712E+01
0000773   5.2930E+02 -3.2432E+02  1.6473E+02
0000774   2.3095E+02  2.0338E+02  6.3410E+01
0000775   2.9500E+02 -1.7748E+02 -2.2954E+02
0000776   5.2558E+02 -2.7720E+01 -6.0238E+01
0000777   8.0486E+02 -9.7606E+01 -1.5236E+02
0000778   7.7638E+02 -1.3450E+01  1.5906E+02
0000779   3.6935E+02  1.9427E+02 -2.2249E+02
0000780   3.1198E+02 -8.7939E+01 -9.9129E+01
0000781   4.0776E+02 -7.0812E+01 -9.9724E+01
0000782   4.2657E+02  1.5533E+02 -2.6500E+02
0000783   1.4232E+02 -1.1098E+02  1.4063E+02
0000784   7.3279E+02 -3.0974E+02  3.8142E+01
0000785   6.1972E+02  6.0658E+01 -2.0975E+02
0000786   4.6128E+02  1.7647E+02  1.1142E+02
0000787   6.6620E+02 -3.4540E+02  2.3528E+02
0000788   3.9184E+02  4.4210E+02 -3.1222E+02
0000789   4.8190E+02  1.0603E+02  1.7103E+02
0000790   6.0350E+01  3.4527E+02 -9.8696E+01
0000791   2.5324E+02 -2.3584E+02  1.8521E+02
0000792   1.7267E+02  1.4686E+02  2.3330E+02
0000793   1.5449E+02 -9.4322E+01  1.8129E+02
0000794   4.4623E+02  3.0374E+02  3.1686E+01
0000795   1.4304E+02  2.4907E+00 -9.5047E+01
0000796   2.6942E+02  8.4373E+00  8.6538E+01
0000797   5.1695E+02 -2.8501E+02  1.5667E+02
0000798   1.8389E+02 -1.2195E+02  1.0454E+02
0000799   5.0196E+02  1.1534E+02 -1.9036E+01
0000800   3.1321E+02 -1.3923E+02  2.3157E+02
0000801   4.7038E+02 -5.2915E+01 -7.3764E+01
0000802   5.1422E+02 -1.5934E+02 -1.8061E+02
0000803   3.3889E+02 -1.3972E+02  1.7887E+02
0000804   5.6332E+02  2.7292E+01 -5.2594E+02
0000805   7.5198E+02  1.7555E+02 -4.4457E+00
0000806   3.9510E+02  4.2616E+02 -1.8336E+02
0000807   7.0290E+01 -1.4456E+02  2.8763E+01
0000808   2.9342E+02 -1.1583E+02 -2.7596E+01
0000809   4.2368E+02 -3.5602E+01 -2.4300E+02
0000810   4.2843E+02 -9.7455E+01  6.5370E+01
0000811   2.6161E+02  4.0592E+02 -5.7328E+01
0000812   6.4756E+02  1.0861E+02  2.1544E+02
0000813   5.0706E+02  1.6725E+02 -1.4037E+02
0000814   8.4366E+02 -2.1998E+02  8.7383E+01
0000815   2.5710E+02  2.4286E+02  1.6151E+02
0000816   8.8188E+02  4.6798E+01  2.5500E+02
0000817   4.4498E+02 -1.9419E+01  1.7920E+02
0000818   4.2374E+02  1.7851E+02  3.1626E+02
0000819   3.7436E+02 -6.2416E+01  1.1023E+01
0000821   5.5508E+02 -1.6555E+02 -7.5214E+01
0000822   6.5760E+02 -1.6590E+02 -1.8317E+02
0000823   3.8808E+02 -7.2154E+01  3.8523E+01
0000824   2.9571E+02 -3.2678E+00  2.6862E+02
0000825   3.1674E+02  1.2467E+02 -2.5794E+02
0000826   2.4459E+02  2.1379E+02 -4.7288E+01
0000827   4.0372E+02  1.7048E+02 -4.7983E+02
0000828   2.9494E+02  3.4008E+02  4.9027E+01
0000829   5.2580E+02 -7.5335E+01  3.3315E+02
0000830   5.8939E+02  2.5698E+02 -8.5031E+01
0000831   4.7516E+02  2.7166E+02  3.1030E+02
0000833   3.2308E+01  2.6495E+02 -2.5533E+02
0000834   2.8389E+02  2.8585E+02 -3.5282E+02
0000835   2.0133E+02  2.4634E+02  2.9546E+02
0000836   8.5418E+02  1.3353E+02  2.2081E+02
0000837   5.8009E+02 -2.9053E+01  3.0383E+02
0000838   4.1504E+02 -5.8504E+01 -3.7532E+02
0000839   5.4459E+02 -1.2680E+02 -1.2133E+02
0000840   4.5568E+02  9.2959E+01 -1.6287E+01
0000841   2.7872E+02  6.0384E+01 -3.5722E+02
0000842   3.2567E+02  1.1393E+02  1.4755E+00
0000843   5.3999E+02 -7.2253E+01  2.4498E+02
0000844   4.0122E+02  1.2030E+02  1.4908E+02
0000845   3.6188E+02  6.3002E+01  1.7253E+02
0000846   5.8965E+02 -1.3072E+02  8.4404E+01
0000847   8.0070E+02  1.5118E+02 -2.7919E+02
0000848   4.2888E+02  3.7478E+01  1.3873E+02
0000849   3.8501E+02  8.5754E+01  5.5919E+00
0000850   3.7490E+02  6.7577E+01 -1.0030E+02
0000851   4.5450E+01  1.5288E+02 -2.3438E+02
0000852   4.2707E+02 -1.0120E+02  2.5310E+02
0000853   8.5549E+02  2.1606E+02  2.4139E+02
0000854   2.8316E+02  9.4940E+01  4.8932E+02
0000855   2.5421E+02 -3.2418E+02 -1.5172E+02
0000856   5.1713E+02  7.0562E+01  3.4408E+02
0000857   8.8230E+02 -1.5558E+02 -1.6398E+02
0000858   4.6931E+02 -9.3796E+01  2.9392E+02
0000859   5.9399E+02  4.4310E+01  1.8212E+01
0000860   2.9031E+02  2.1404E+02 -4.8034E+01
0000862   4.1664E+02 -3.1345E+02 -2.7088E+01
0000863   3.7892E+02  7.3357E+01 -5.2852E+01
0000864   3.4788E+02 -2.3938E+02  7.5812E+00
0000865   4.3573E+02  5.7370E+01  2.4467E+01
0000866   4.2200E+02 -1.5932E+02 -4.8799E+01
0000867   1.1200E+01 -2.1372E+02 -2.1739E+02
0000868   3.4320E+02 -9.7533E+01 -1.2621E+02
0000869   5.8026E+02  3.8407E+01 -1.9279E+02
0000870   3.6234E+02  3.3127E+02  2.1265E+02
0000871   5.6997E+02  2.1374E+02  2.7677E+02
0000872   7.3291E+02  6.4928E+00  9.8242E+01
0000873   6.0313E+02 -3.1686E+02 -4.0089E+01
0000874   4.5982E+02 -3.3552E+02  2.3543E+02
0000875   2.5341E+02 -2.2663E+01  3.4603E+02
0000876   1.7664E+02  3.3039E+02  2.2469E+02
0000877   3.0633E+02  6.5287E+01  1.9363E+02
0000878   3.1953E+02 -4.1787E+01  2.4843E+01
0000879   4.9634E+02  2.5912E+02  4.4888E+01
0000880   5.6749E+02  1.9629E+02 -1.6959E+02
0000881   3.4147E+02  2.7150E+02  1.0883E+02
0000882   3.9899E+02  3.3857E+02 -8.0355E+01
0000883   2.2238E+02 -1.8538E+02  1.7523E+02
0000884   4.6698E+02  1.3054E+02 -2.0179E+02
0000885   5.7132E+02  2.2296E+02 -2.2102E+02
0000886   3.5655E+02  1.8222E+02  3.9565E+02
0000887   1.6164E+02 -7.2581E+01  4.8806E+01
0000888   6.1331E+02 -4.2256E+02  2.4895E+01
0000889   3.0809E+02  1.7108E+02 -2.7676E+02
0000890   3.6213E+02 -1.1230E+02 -1.3128E+02
0000891   3.9568E+02  7.2030E+01 -6.4305E+01
0000892   3.0682E+02  1.9749E+02  2.1388E-01
0000894   6.4691E+02 -8.0487E+01  1.9503E+02
0000895   7.1304E+02  8.1253E+01  1.5720E+02
0000896   8.2467E+02 -1.3969E+02  2.1858E+02
0000897   2.8129E+02  3.7644E+01  2.0016E+01
0000898   2.3173E+02 -2.2015E+02  4.2395E+01
0000899   9.1816E+02 -2.8992E+02  2.0165E+02
0000901   1.4509E+02 -2.2258E+02 -1.0399E+02
0000902   5.0038E+02 -3.7098E+02  2.7584E+02
0000903   2.0290E+02 -3.2561E+02  6.9843E+01
0000904   6.1047E+02 -6.7356E+01  5.1188E+02
0000905   7.2222E+02  2.5328E+02 -8.9434E+00
0000906   6.3111E+02 -1.4673E+02 -2.3323E+02
0000907   4.8175E+02 -4.4448E+01 -1.0336E+01
0000908   5.2005E+02 -2.2839E+02 -2.4497E+01
0000909   2.1015E+02  2.6827E+02 -2.2666E+02
0000910   2.9529E+02 -2.5487E+02  1.7609E+02
0000911   7.5222E+02  1.1071E+02 -2.5255E+02
0000912   3.3542E+02 -1.7766E+02 -2.5493E+02
0000913   4.4013E+02 -1.8649E+02 -6.5783E+01
0000914   4.7440E+02  4.7430E+01  2.5901E+02
0000915   4.0824E+02  8.7167E+01 -1.1407E+02
0000916   2.1035E+02  1.6378E+02  1.5150E+02
0000917   6.4975E+02 -2.4962E+00  1.6788E+02
0000918   1.3137E+02  6.3806E+01  5.6490E+01
0000919   3.2012E+02  8.5850E+01  3.2476E+02
0000920   6.3413E+02 -1.6439E+02  9.1833E+01
0000921   4.9531E+02  1.7924E+02 -2.2407E+02
0000922   1.9929E+02 -3.7714E+01  1.2810E+02
0000923   1.7986E+02  3.2723E+02 -2.0188E+02
0000924   3.5184E+02  7.8916E+01  4.7434E+02
0000925   2.5871E+02  3.2639E+01 -2.0264E+02
0000926   2.4841E+02  1.3652E+02  1.6022E+02
0000927   3.7865E+02  1.4604E+02  1.3396E+02
0000928   1.4884E+02 -2.7621E+02 -5.5569E+01
0000929   2.5068E+02 -1.3249E+02 -5.9254E+01
0000930   2.1214E+02  7.7787E+01  2.1216E+02
0000931   5.9555E+02  7.2266E+01 -2.9057E+02
0000932   3.5639E+02 -1.4722E+02 -3.0407E+02
0000933   2.1207E+02  9.9925E+01 -1.1816E+02
0000934   3.4899E+02  8.9029E+01 -3.0397E+02
0000935   4.8350E+02 -4.1230E+00  6.7106E+01
0000936   8.0152E+02  4.3464E+00 -1.4938E+02
0000938   2.9742E+02 -1.1240E+01  3.2207E+02
0000940   3.4518E+02 -2.3319E+02 -2.0037E+01
0000941   2.2158E+02  9.8122E+01  5.1038E+02
0000942   2.6357E+02  3.5275E+01  6.7489E+01
0000943   1.6166E+02  6.7328E+01 -7.8669E+01
0000944   4.3210E+02  3.5844E+02  8.8038E+01
0000945   5.2541E+02 -8.6647E+01  3.5353E+02
0000946   4.8980E+02 -8.7481E+01  1.5357E+02
0000948   4.1684E+02 -2.1339E+01  4.4355E+01
0000950   5.6724E+02  2.5936E+01  2.7492E+01
0000951   3.1093E+02 -3.6435E+02 -1.6009E+02
0000952   3.0682E+02  1.8396E+02  2.9398E+02
0000953   5.6873E+02 -2.3332E+01 -1.7404E+02
0000954   2.8518E+02  1.2976E+02 -3.6525E+01
0000955   1.2810E+02  4.1153E+01 -1.8900E+02
0000956   6.3627E+02  7.3681E+01  3.9384E+02
0000957   6.6021E+02  2.1755E+02  3.0225E+02
0000959   7.0849E+02  2.2494E+02 -2.0951E+02
0000960   4.8823E+02  1.2834E+02 -1.8939E+01
0000961   4.5327E+02  4.4693E+02 -3.7625E+02
0000962   3.9264E+02 -2.8638E+02 -1.9245E+02
0000963   2.1092E+02  1.6870E+02 -1.1164E+02
0000964   3.3376E+02  8.9340E+00 -6.9003E+01
0000965   4.2206E+02 -2.5998E+02  1.9112E+02
0000966   5.5647E+02  1.0021E+02  2.2196E+02
0000967   4.5224E+02  3.8545E+01  1.5056E+02
0000968   4.9526E+02 -1.1571E+02 -2.7309E+02
0000969   8.0985E+02  3.3712E+02 -1.2448E+02
0000970   1.7345E+02  1.0397E+02 -2.3096E+02
0000971   2.9129E+02  2.0192E+02 -3.3513E+02
0000972   3.8132E+02  9.1989E+01 -1.7689E+02
0000973   1.1695E+02 -7.3030E+01 -2.4611E+02
0000974   2.8426E+02 -7.5668E+01 -1.0881E+02
0000975   7.5873E+02 -1.8606E+02  1.8174E+02
0000976   2.5678E+02  2.5229E+02  8.8207E+01
0000977   7.3191E+02  5.6736E+01 -4.6166E+01
0000978   4.5025E+02  3.8926E+02 -1.6577E+02
0000979   5.7298E+02 -1.2983E+01 -9.7845E+01
0000980   2.9956E+02  1.7470E+01  5.1580E+01
0000981   6.1757E+02 -9.6407E+01  1.0175E+01
0000982   3.9335E+02  1.6343E+00 -8.8663E+01
0000983   5.4366E+02 -3.4017E+01 -3.3636E+02
0000984   1.2385E+02  2.3569E+02 -1.8160E+02
0000985   5.0170E+02  9.6599E+01  2.3457E+02
0000986   1.6053E+02 -1.1304E+02  1.5934E+01
0000987   2.4509E+02 -6.9113E+00  9.0312E+01
0000988   3.2963E+02 -2.9641E+02 -5.3655E+01
0000989   3.0367E+02 -1.9380E+02 -1.4872E+02
0000990   3.4659E+02  1.2260E+01  1.5114E+02
0000991   4.3338E+02  3.0482E+02  1.7253E+02
0000992   5.0247E+02  3.3829E+02 -1.4836E+02
0000993   8.6074E+02  2.1883E+00  1.4914E+02
0000994   2.9035E+02 -4.7130E+01 -3.6942E+02
0000995   5.5963E+02  1.6092E+02 -3.1577E+02
0000996   4.1919E+02  4.3557E+01 -4.3587E+02
0000997   5.3253E+02  1.5341E+02  2.9592E+02
0000998   3.5924E+02  2.9230E+02  1.1494E+02
0000999   4.3707E+02 -3.5135E+02 -3.3595E+00
0001000   6.3116E+02  5.0547E+01  1.2001E+02
