============================== SRIM-2013.00 ==============================
==============================================================================
====== SRIM Outputs\RANGE_3D.txt : File of Final Ion Positions =====

Ion =  F (09)   Ion Mass= 018.9984
Energy  = 4000000.E-05 keV
Ion Angle to Surface = 00.0 degrees
==================== TARGET =======================
  Layer # 1 - None
  Layer # 1 - Bottom Depth=500000.E-01 A
  Layer # 1 - Density =0007.8700 g/cm3
  Layer # 1 -  100 % of Fe
様様様様様様様様様様様様様様様様様様様様様様様様様様
                                            
Ion       Depth  X   Lateral Y   Lateral Z  
Number    (Angstrom) (Angstrom)  (Angstrom) 
-------  ----------- ----------- -----------
0000001   2.0354E+02 -2.3778E+02  9.6190E+01
0000002   4.0964E+02  3.7835E+02  2.4440E+02
0000003   4.4684E+02 -2.8252E+02  1.3713E+02
0000004   5.1183E+02 -2.4527E+02 -1.8461E+02
0000005   1.4234E+02  2.1145E+01 -6.0868E+01
0000006   2.7377E+02  2.8344E+02  3.5429E+02
0000007   7.2172E+02  1.0166E+02 -1.0069E+02
0000008   4.5579E+02  1.1630E+02 -3.0860E+02
0000009   3.8732E+02 -3.3567E+02  1.6402E+01
0000010   3.1898E+02  5.8604E+02  2.8487E+02
0000011   5.9372E+02  1.6688E+02 -1.6059E+02
0000012   3.2593E+02  3.7118E+01  2.7017E+01
0000013   1.5856E+02  1.7203E+01  2.8432E+02
0000014   7.6889E+02  1.3092E+01 -6.7058E+01
0000015   8.2020E+02  3.8833E+02  5.1583E+01
0000016   4.2596E+02 -1.8326E+02  2.1630E+02
0000017   4.1703E+02 -9.1661E+01  1.2911E+02
0000018   2.1214E+02 -4.0032E+02 -1.3304E+02
0000019   6.9967E+02  8.6248E+01  1.0377E+02
0000020   5.3604E+02 -9.0190E+01 -1.6302E+02
0000021   2.2007E+02 -1.4932E+02  1.1785E+02
0000022   2.0333E+02 -1.5821E+02  2.9486E+01
0000023   2.7881E+02  1.1889E+02  1.3089E+02
0000024   1.0623E+02  3.7692E+02  1.0097E+02
0000025   3.4458E+02  1.6689E+02  1.0854E+02
0000026   4.9318E+02 -2.0150E+02  2.0552E+02
0000027   2.0398E+02 -1.9267E+02  3.4656E+02
0000028   3.1201E+02  2.2116E+02  1.3128E+02
0000029   6.6892E+02 -1.6240E+02 -2.6000E+01
0000031   3.9764E+02  1.1898E+02 -4.2687E+01
0000032   5.3719E+02  3.5144E+01 -1.2122E+02
0000033   4.9830E+02  1.9415E+02 -1.2891E+02
0000034   6.0411E+02 -9.9876E+01  1.6698E+02
0000035   2.3057E+02  1.0362E+02  2.7533E+02
0000036   3.2050E+02  4.3411E+02  1.4130E+02
0000037   4.5543E+02  3.3422E+02 -1.8814E+02
0000038   2.2714E+02  5.6881E+02 -1.1839E+02
0000039   3.7828E+01 -2.6981E+02 -4.7819E+01
0000040   4.3328E+02 -2.8752E+02 -3.0994E+02
0000041   5.4922E+02  1.1311E+02 -5.0823E+02
0000042   5.6669E+02  2.0833E+02 -3.3618E+01
0000043   1.4021E+02  6.5409E+00 -1.8105E+02
0000045   3.0987E+02 -2.6558E+02 -1.4316E+02
0000046   2.1359E+02  1.0155E+02  2.3229E+02
0000047   2.4036E+01  1.6390E+02 -8.3796E+00
0000048   6.3963E+02  4.3471E+02  1.1650E+02
0000049   5.6339E+02  5.2328E+02  1.6960E+01
0000050   2.3627E+02 -2.0836E+02  2.8508E+02
0000051   2.9909E+02 -7.1955E+00 -5.7627E+02
0000052   4.2594E+02 -1.1358E+02  2.9470E+02
0000053   3.3536E+02  1.1548E+02 -2.3788E+02
0000054   1.8356E+02  1.9204E+02  3.7181E+02
0000055   4.8544E+02 -8.8363E+01  2.2035E+02
0000056   6.1261E+02  4.1820E+02  3.8285E+02
0000057   2.5252E+02 -2.7058E+02  2.4808E+02
0000058   2.0921E+02  2.3373E+02 -2.0474E+02
0000059   2.6851E+02  2.7743E+02 -1.8300E+00
0000060   1.9558E+02 -1.4609E+02 -1.3599E+02
0000061   5.6448E+02 -9.8809E+01 -1.8384E+02
0000062   4.1087E+02  1.4863E+02  2.5994E+02
0000064   3.2686E+02  3.5320E+02 -5.9369E+01
0000065   4.7915E+02 -2.0858E+02  2.8976E+02
0000066   1.9190E+02  1.7699E+02  2.6829E+02
0000067   4.6882E+02 -1.1747E+02  6.5515E+00
0000068   3.4560E+02  2.9170E+02  1.9930E+02
0000069   2.2256E+02  1.1018E+02  5.7371E+01
0000070   6.8189E+02 -5.2803E+01  3.5678E+02
0000071   6.8074E+02 -2.0290E+02 -1.2387E+02
0000072   1.3355E+02  6.2573E+01  1.6942E+01
0000073   3.4326E+02  4.6049E+02 -2.2921E+01
0000074   2.0374E+02  2.2037E+02  1.4977E+02
0000076   3.4085E+02 -2.3311E+02 -1.5070E+02
0000078   6.9574E+02  4.2934E+01 -7.9238E+01
0000079   1.4341E+02 -6.2281E+01 -1.2996E+02
0000080   2.6308E+02  9.4000E+00 -2.7592E+01
0000081   5.2809E+02 -1.0533E+02  3.2689E+02
0000082   3.2106E+02 -1.4708E+02 -7.5547E+02
0000083   5.1710E+01  1.0065E+01  4.7340E+01
0000084   1.3681E+02 -2.3725E+02 -1.7707E+02
0000085   5.6872E+02 -5.3308E+01  1.4075E+02
0000086   5.0314E+02 -2.4931E+02  7.8459E+01
0000087   7.7546E+02  1.8824E+02 -2.3721E+02
0000088   1.0270E+02  2.1357E+02  3.2518E+02
0000089   3.6023E+02 -9.6719E+01 -1.0528E+02
0000090   4.7956E+02 -2.3420E+02 -1.2548E+02
0000091   8.0721E+01  4.4943E+01 -4.8513E+01
0000092   1.9862E+02  4.6968E+02 -1.3212E+02
0000093   1.1349E+02  2.4238E+02 -4.2977E+01
0000094   7.2066E+02  2.9536E+02  3.0941E+01
0000095   2.0572E+02 -3.1880E+02  1.6519E+02
0000096   1.3836E+02 -2.3563E+01 -2.4973E+01
0000097   3.8546E+02  1.0825E+02  2.8441E+02
0000098   2.6467E+02 -4.2259E+01  4.5691E+02
0000099   6.0501E+02  1.6273E+02 -2.7319E+01
0000100   4.2259E+02 -1.4152E+02 -6.4876E+01
0000101   3.1119E+02 -3.4581E+02  9.4417E+01
0000102   3.2398E+02  3.2457E+02  8.8413E+01
0000103   4.1418E+02 -9.4861E+01 -7.1148E+01
0000104   1.4783E+02  3.8624E+01  1.2704E+02
0000105   4.3395E+02  4.5140E+01 -2.4520E+02
0000106   4.5807E+02  2.9367E+02  2.6890E+02
0000107   6.0671E+02  4.3077E+02  1.2823E+02
0000109   1.3685E+02 -1.4966E+02  2.5692E+02
0000110   3.9786E+02  2.1655E+02  1.0909E+02
0000111   3.7737E+02  8.1693E+00  2.3037E+01
0000112   3.5784E+02 -1.6701E+02  2.0516E+02
0000113   7.1859E+02 -2.3388E+02  1.6927E+02
0000114   2.7599E+02 -1.2786E+02  4.0853E+02
0000115   2.4551E+02  8.2670E+00 -1.4577E+02
0000116   2.3042E+02  2.6222E+02  1.8047E+02
0000117   1.2536E+02  1.6288E+02  7.3852E+01
0000118   2.3874E+02 -2.7215E+02 -2.8414E+02
0000119   5.5327E+02  2.6062E+02 -4.3966E+02
0000120   4.5129E+02  4.3801E+02  7.7205E+01
0000121   4.8503E+02 -1.0839E+01 -1.1280E+01
0000122   4.6339E+02 -7.4726E+01 -6.4657E+01
0000123   4.3120E+02  1.2391E+02 -3.0181E+02
0000124   4.9668E+02 -1.0566E+02  5.7212E+02
0000126   1.2630E+02 -7.2525E+01 -5.4344E+01
0000127   7.1182E+02 -1.3288E+02  2.4022E+02
0000128   2.4451E+02 -9.8787E+01 -1.3004E+02
0000130   2.8492E+02 -4.5616E+02  2.6125E+02
0000131   7.0360E+02  2.2499E+02  2.8305E+02
0000132   6.1370E+02  8.6614E+01  1.2091E+02
0000133   3.8299E+02 -1.1412E+02 -9.2623E+01
0000134   3.0650E+02  2.0054E+02  1.2218E+02
0000135   2.2716E+02 -2.1495E+02  2.6887E+02
0000136   3.3608E+02 -3.7187E+02  1.8215E+02
0000137   2.2110E+02  1.1559E+01  1.1074E+02
0000138   5.7012E+02  2.0271E+00  1.6905E+02
0000139   4.3809E+02  3.6456E+02 -2.5454E+02
0000140   6.2820E+02 -1.0480E+02 -1.4110E+02
0000141   9.2412E+02  4.2831E+01  1.2874E+01
0000142   3.4836E+02 -1.1109E+02  3.4413E+02
0000143   3.6976E+02 -2.2395E+02 -4.4998E+01
0000144   1.6193E+02 -3.2790E+02 -1.6312E+02
0000145   3.7158E+02 -1.4401E+02 -1.1702E+02
0000146   1.6437E+02  3.3088E+02 -2.1402E+02
0000147   1.6898E+01  6.3951E+01  3.5685E+02
0000148   6.3464E+02  2.6782E+02  9.6404E+01
0000149   6.7439E+02  2.5868E+02 -1.2350E+01
0000150   2.3224E+02 -4.1986E+01  8.7794E+01
0000151   4.0911E+02  1.1128E+02 -2.9220E+01
0000152   1.4907E+02 -8.4428E+01 -3.4153E+02
0000153   6.0582E+02 -3.4485E+02  2.0391E+02
0000154   6.3750E+02  6.5193E+01 -1.1280E+02
0000155   6.4190E+02  3.2528E+02  2.0181E+01
0000156   1.7774E+02  8.5122E+01 -6.6609E+01
0000157   3.7258E+02 -4.6317E+02 -7.6373E+01
0000158   1.4704E+02 -2.8403E+02 -1.8518E+02
0000159   3.2829E+02 -8.0059E+01 -1.2380E+02
0000160   4.1191E+02  1.8524E+02 -4.0931E+01
0000161   1.7734E+02  1.6877E+02 -4.4655E+02
0000162   3.0562E+02 -3.2266E+02 -8.1426E+01
0000163   6.4656E+02  4.9541E+02  2.6648E+02
0000164   5.0133E+02 -1.1624E+02 -3.2870E+02
0000165   3.8262E+02  4.3182E+02 -5.4294E+01
0000166   3.1867E+02 -5.6782E+01  1.1657E+00
0000167   3.3384E+02  1.8209E+02 -1.2095E+02
0000168   8.6997E+01  2.6826E+02  6.1702E+00
0000169   3.9567E+02 -2.6541E+02  1.8052E+02
0000170   6.8628E+02  1.5026E+02  2.0347E+02
0000171   1.8946E+02  3.5585E+02 -6.9586E+01
0000172   6.4847E+02 -5.0491E+01  1.2249E+02
0000173   2.5210E+02  9.8985E+01  9.6964E+00
0000174   3.2397E+02 -2.4416E+02  3.4877E+02
0000175   1.5139E+02 -6.4001E+01 -2.7823E+02
0000176   2.9051E+02 -2.1471E+02 -2.5905E+02
0000177   6.1690E+02  2.3511E+02  1.0336E+02
0000178   1.7729E+02  1.9308E+02  9.9744E+01
0000179   1.7762E+02 -3.4364E+02 -2.0410E+02
0000180   7.2708E+02  1.4135E+02  4.0233E+01
0000181   2.9057E+02  3.1780E+02  4.4438E+01
0000182   2.0733E+02  5.4012E+02  2.7081E+02
0000183   3.9836E+02  3.1264E+02  1.9531E+02
0000184   3.4942E+02 -1.6418E+02  2.0597E+02
0000185   3.4141E+02 -3.4030E+02  2.7082E+02
0000186   3.5310E+02 -2.7631E+02 -3.5022E+02
0000187   4.6913E+02 -1.4647E+02 -2.0575E+02
0000188   2.6651E+02  6.5434E+01  2.8313E+02
0000189   9.1861E+01 -1.7637E+02 -1.4259E+02
0000190   7.1466E+01 -3.4697E+01 -2.4563E+01
0000192   6.2001E+02  2.0967E+02  2.2087E+01
0000193   3.7775E+02  9.4599E+01 -1.9435E+02
0000194   4.6033E+02  1.1170E+02  1.3296E+02
0000195   1.4066E+02 -2.6792E+02  1.5987E+02
0000196   1.5001E+02  1.0274E+02 -2.8599E+02
0000197   3.6967E+02  3.0116E+02 -2.6029E+01
0000198   4.3264E+01  9.4698E+01  2.5960E+02
0000199   5.8467E+02  7.3300E+01 -1.0208E+02
0000200   5.1901E+02  1.2886E+02 -1.7126E+02
0000201   4.3679E+02 -1.7702E+02  8.7119E+01
0000202   3.9483E+02  1.4933E+02  4.1181E+01
0000203   5.6361E+02 -3.7095E+02  3.0791E+02
0000204   6.8254E+02 -7.3257E+01 -3.0734E+01
0000205   8.9829E+02  3.3115E+01 -3.3152E+01
0000206   2.0122E+02 -5.2576E+01 -3.4922E+02
0000207   6.2581E+02 -4.2713E+02 -4.6328E+01
0000208   4.4142E+02  1.0740E+02  4.3575E+02
0000209   4.4938E+02 -6.1735E+02  1.0824E+02
0000210   2.8766E+02 -2.1643E+02 -8.2521E+01
0000211   6.2179E+02 -5.8448E+01  1.7124E+01
0000212   4.9219E+01 -5.1755E+02 -2.7693E+02
0000213   5.4625E+02  5.2375E+01 -7.2568E-01
0000214   4.7395E+02  4.3071E+01  1.2559E+02
0000215   5.9607E+02 -3.0804E+01  1.5524E+02
0000216   4.9306E+02  1.5783E+02 -1.1782E+02
0000217   4.8195E+02  1.8576E+02  5.8635E+01
0000218   6.0960E+02  7.2559E+01 -3.2112E+02
0000219   6.1701E+02  3.0238E+02  4.8556E+01
0000220   3.1065E+02 -4.2191E+02 -1.2035E+02
0000221   2.6711E+02  1.9187E+02 -2.4423E+02
0000222   7.8651E+02  3.4218E+02 -3.1248E+02
0000223   1.0139E+02  6.7248E+01 -3.4427E+02
0000224   7.9272E+01  1.1368E+02 -2.4644E+02
0000225   7.4792E+01  1.5316E+02  2.2665E+02
0000226   2.0879E+02 -3.6240E+02  4.4403E+01
0000227   4.3187E+02 -2.7629E+00  2.6637E+02
0000228   2.3115E+02 -1.0105E+02 -5.2254E+02
0000229   7.7442E+02 -4.6437E+02 -2.8568E+02
0000230   4.8174E+02  1.7645E+02  1.1377E+02
0000231   8.2671E+02 -9.1109E+01  4.8333E+02
0000232   4.1973E+02  1.7296E+02  3.1759E+02
0000233   5.4527E+02  1.0935E+02 -2.3742E+02
0000234   5.8797E+02  6.0396E+00  5.6936E+01
0000235   3.4771E+02 -6.3086E+01 -1.9148E+02
0000236   1.4789E+02  7.4393E+02 -3.4210E+01
0000237   2.7320E+02 -1.0120E+02  1.0709E+02
0000238   3.8287E+02 -3.9795E+02  2.6622E+02
0000239   4.8049E+02  4.4627E+01  2.5806E+02
0000240   6.9301E+02  2.0897E+02 -6.1918E+02
0000241   3.4885E+02  7.8421E+01 -1.0341E+02
0000242   6.6638E+02  3.7476E+01 -2.8221E+02
0000243   1.2267E+02  1.3342E+02  6.4621E+01
0000244   5.7303E+02  5.4583E+01 -7.8369E+01
0000245   2.5907E+02  2.3638E+02 -5.7633E+02
0000246   4.2621E+02  1.2806E+02 -3.2079E+02
0000248   1.1181E+02  5.4892E+01  1.6894E+01
0000249   6.0476E+02 -3.3693E+01 -1.2129E+02
0000250   7.5644E+02  2.6541E+02 -2.7035E+01
0000251   2.8856E+02 -1.9167E+02 -8.2153E+01
0000252   3.2447E+02 -2.1005E+01  3.9455E+02
0000253   7.0475E+02  6.6775E+00 -3.1626E+01
0000254   5.6500E+02 -1.0339E+02  1.7373E+02
0000255   7.0941E+02  2.1055E+02 -2.1141E+02
0000256   4.1121E+01  2.2250E+02  1.1535E+01
0000257   5.8190E+02 -2.8252E+02 -1.3980E+02
0000258   1.4064E+02  2.9055E+02  3.2262E+02
0000259   8.4387E+02 -1.8229E+02  9.7307E+01
0000260   3.9457E+02 -2.8559E+02  3.2530E+02
0000261   5.0629E+02  3.1369E+02  3.9390E+02
0000262   5.9299E+02  1.1891E+02  2.6718E+02
0000263   7.9631E+02 -6.8758E+01  5.8988E+02
0000264   6.0991E+02 -2.0906E+02 -1.1050E+02
0000265   2.6094E+02  6.3160E+01  3.9010E+01
0000266   2.9772E+02  1.9802E+02  1.2208E+02
0000267   3.9876E+02 -1.4407E+02 -3.3159E+00
0000268   5.5905E+01  3.5963E+01 -2.2552E+01
0000269   1.4987E+02 -7.4407E+01 -3.6075E+02
0000270   3.9039E+02 -5.5933E+01  1.1418E+02
0000271   2.8333E+02  2.7018E+02 -2.2680E+02
0000272   2.5042E+02 -2.2161E+02 -1.8296E+02
0000273   7.3550E+02  5.2867E+01 -3.0019E+02
0000274   4.5075E+02  4.8818E+02  2.5892E+02
0000275   5.7237E+02 -2.6045E+02 -1.1394E+02
0000276   2.4300E+02  1.3473E+02  2.8419E+02
0000277   3.1206E+02 -3.2310E+02 -1.9737E+02
0000278   6.6068E+02 -2.1689E+02  1.4893E+02
0000279   1.1008E+02 -3.2742E+02 -2.2961E+02
0000280   4.3374E+02  7.2025E+01  6.3079E+01
0000281   5.7798E+02 -3.3543E+01 -5.4892E+01
0000282   3.2712E+02  1.4496E+02  4.2522E+02
0000283   3.1213E+02  1.9115E+02  1.0655E+01
0000284   7.0018E+02  1.0392E+02 -1.6006E+02
0000286   2.4279E+02  2.5753E+02  2.9400E+01
0000287   6.8880E+02  1.2009E+02  6.4329E+01
0000288   2.1335E+02 -7.3425E+02 -5.3897E+01
0000289   6.9965E+02 -2.0562E+00 -1.1144E+02
0000290   1.6846E+02 -1.5061E+01 -2.0707E+02
0000292   4.5684E+02  1.1885E+02 -1.5248E+02
0000293   7.3131E+02 -2.4025E+02  4.0042E+01
0000294   5.2149E+02  1.0043E+02  2.3942E+02
0000295   5.5039E+02 -1.7828E+01 -7.7950E+01
0000296   7.5747E+02 -7.0479E+01  2.4191E+00
0000297   5.0903E+02 -1.4028E+02 -1.4419E+02
0000298   2.2799E+02 -2.2003E+02  3.2076E+02
0000299   4.0587E+02 -3.6324E+02 -5.9260E+01
0000300   4.3028E+02  2.3127E+02 -1.2481E+02
0000301   2.7667E+02  1.8032E+02  4.9849E+01
0000302   4.4743E+02  2.4928E+02 -3.6048E+02
0000303   5.4113E+02  1.0553E+01  6.1193E+01
0000304   4.6040E+02  1.3633E+02  4.2913E+01
0000305   1.8727E+02 -3.2469E+02 -5.3452E+01
0000306   2.2862E+02  4.0072E+02 -2.2366E+02
0000307   5.4721E+02 -6.8900E+01 -3.7740E+01
0000308   6.7557E+02  1.2221E+02  5.9580E+01
0000309   1.3145E+02 -1.1106E+02 -2.1759E+02
0000310   7.0941E+02  1.2302E+02  4.2734E+02
0000311   3.7060E+02  4.2045E+02 -1.8367E+00
0000312   3.7893E+02  2.2976E+02 -8.9425E+01
0000314   2.7055E+02 -6.2078E+01  2.2623E+01
0000315   2.7412E+02  4.1679E+00 -2.7666E+02
0000316   5.8393E+02  1.5333E+02 -1.1175E+02
0000317   2.5592E+02 -1.6355E+02 -2.8127E+02
0000318   2.2358E+02 -1.2358E+02 -7.7263E+01
0000319   6.0247E+02 -1.2680E+02 -2.4833E+02
0000320   3.6392E+02 -9.1585E+01  1.7008E+02
0000321   6.0192E+02  1.6066E+02  1.1996E+02
0000322   6.2770E+02 -7.1993E+01  1.2905E+02
0000324   2.0785E+02 -5.1493E+01  8.5780E+00
0000325   7.3230E+02 -3.7011E+01  2.1089E+02
0000326   8.3464E+02  2.6845E+01 -8.6529E+01
0000327   8.5949E+01 -3.7563E+02 -2.5434E+02
0000328   4.3442E+02  1.7391E+02  1.9438E+02
0000329   4.2721E+02 -6.5338E+02  2.6245E+02
0000330   6.6440E+02  1.0823E+02  2.0108E+02
0000331   3.1829E+02  2.1407E+02  1.2441E+01
0000332   3.2042E+02 -3.2212E+02 -6.4358E+01
0000333   2.2918E+02 -2.0342E+02  1.1872E+02
0000334   4.8841E+01  5.4575E+02 -2.3956E+02
0000335   6.4464E+02 -7.0996E+01  1.6740E+02
0000336   1.8725E+02  1.3352E+02 -2.0220E+02
0000337   7.8199E+02  3.9968E+01 -1.5964E+02
0000338   9.8970E+01 -1.5953E+00 -2.5644E+02
0000339   4.0541E+02  3.7542E+02 -2.0384E+02
0000340   1.9531E+02 -7.8082E+01 -6.6666E+01
0000341   1.2156E+02 -2.1921E+02  4.8356E+02
0000342   7.0044E+02 -2.6052E+01 -6.2309E+01
0000343   4.5340E+02 -9.3451E+01 -9.8014E+01
0000344   5.6860E+02  2.4396E+02 -2.4474E+02
0000345   1.9245E+02 -3.6592E+02  9.7168E+01
0000346   3.3388E+02  1.6334E+02  2.0918E+02
0000347   2.4632E+02 -3.6666E+02  2.2008E+02
0000348   2.3767E+02  2.3602E+02  3.4685E+02
0000349   5.0101E+02 -2.6110E+01  1.1513E+02
0000350   3.9010E+02  6.4354E+01 -4.0273E+01
0000351   5.9016E+02 -4.7733E+01 -1.4603E+02
0000352   1.7060E+02 -7.8121E+01 -1.2626E+02
0000353   6.8413E+02  3.8897E+02 -8.4688E+01
0000354   4.6956E+02  2.9459E+01  5.2672E+02
0000357   7.4708E+02  2.7842E+02  2.3556E+02
0000359   3.9803E+02  3.0704E+02 -3.1381E+01
0000360   3.4263E+02  2.7774E+01  4.2847E+02
0000361   4.0537E+02 -3.5285E+02  1.7589E+02
0000362   5.0379E+02  2.9656E+02 -5.4712E+02
0000363   6.3611E+01  1.1521E+02  4.9543E+02
0000364   3.2021E+02  1.9360E+01 -1.1908E+02
0000365   5.8105E+02  7.5175E+01 -2.4266E+02
0000366   8.6034E+02  2.4272E+02  2.0880E+02
0000367   6.4534E+02  3.6879E+02 -4.3850E+02
0000368   6.8817E+02 -2.9439E+02  1.5202E+02
0000369   3.5127E+02  2.8580E+02  2.1969E+02
0000370   2.3274E+01 -1.9356E+02 -1.7548E+02
0000371   6.7085E+02 -5.8904E+01 -2.1199E+02
0000372   6.3827E+02  3.7353E+01  3.1582E+01
0000374   6.5306E+02  4.5212E+01  7.3574E+01
0000375   3.2907E+02 -5.1137E+00 -4.3780E+01
0000376   3.8395E+02  1.0140E+02 -1.8098E+02
0000377   6.0248E+02  5.1370E+01 -3.2027E+01
0000378   6.7474E+02 -3.0497E+02 -3.3542E+02
0000379   1.1641E+02  3.0116E+02 -4.0110E+02
0000380   3.0302E+02 -2.4636E+02 -1.1423E+02
0000381   4.5502E+02 -2.0188E+02  1.1885E+02
0000382   6.9733E+02 -1.3600E+02 -3.8540E+02
0000383   1.7093E+02  2.3004E+02 -1.2015E+02
0000384   5.1917E+02 -2.0735E+02 -1.1634E+02
0000385   5.7332E+02  2.4001E+02 -1.1739E+02
0000386   4.9996E+02  4.2672E+02 -1.3524E+02
0000387   2.7953E+02  3.8457E+02 -1.6252E+02
0000388   3.8228E+02 -8.6959E+00  3.1997E+02
0000389   5.0895E+02  4.2031E+01 -2.5355E+02
0000390   4.9307E+02  3.9059E+02 -1.0316E+02
0000391   3.3424E+02 -1.3833E+02 -8.9771E+00
0000392   5.6517E+02 -2.7374E+02 -5.4053E+02
0000393   1.0138E+02 -2.6775E+01 -3.4675E+02
0000394   3.0185E+02  3.3742E+02 -2.3019E+02
0000395   6.5079E+02  7.4090E+01 -1.3789E+02
0000396   2.4514E+02  4.8542E+01  6.3865E+01
0000397   3.1042E+02 -3.8255E+02  2.8286E+02
0000398   4.9903E+02 -1.1844E+02 -3.2980E+01
0000399   2.7740E+02  4.8069E+02 -4.1007E+02
0000400   2.1242E+02  3.0020E+02 -1.5530E+02
0000401   3.9057E+02  3.0848E+02 -5.2165E+01
0000402   2.2949E+01  1.2829E+02 -1.8428E+02
0000403   1.3019E+02  5.3210E+01  1.9980E+02
0000404   2.4259E+02  4.9874E+02  3.2096E+02
0000405   3.4335E+02 -1.9422E+02  5.6718E+01
0000406   6.6611E+02  4.5012E+01 -2.1764E+02
0000407   5.2381E+02 -1.5150E+02  7.9163E+01
0000408   4.3903E+01 -1.1234E+02  3.4466E+02
0000409   5.1974E+02 -1.0256E+02 -5.0503E+01
0000411   7.3414E+02  9.4650E+01 -7.0790E+01
0000412   1.9690E+02 -1.1526E+02 -3.4775E+01
0000414   1.9358E+02 -3.7077E+01  3.8546E+02
0000415   5.2742E+02 -2.6987E+02  3.8549E+02
0000416   6.0850E+02 -8.6215E+00  9.0195E+01
0000417   2.8971E+02  1.9896E+02  8.2233E+01
0000418   5.4073E+02 -5.4018E+02  5.5645E+01
0000419   5.4810E+02 -2.0666E+01 -2.1220E+02
0000420   4.6904E+02 -1.9229E+02 -3.2423E+02
0000421   3.3611E+02 -5.3116E+02  8.5408E+01
0000422   3.9008E+02  3.7329E+02  2.5553E+02
0000423   8.3255E+02 -2.1701E+02  2.2165E+02
0000424   2.2178E+02 -4.0241E+02 -8.9193E+01
0000425   6.8316E+01 -1.3460E+02 -1.8444E+02
0000426   2.3230E+02  1.7512E+02 -1.7560E+01
0000427   1.6406E+02  5.5120E+01 -4.4512E+02
0000428   3.4875E+02  3.0113E+02  9.9641E+01
0000429   3.0246E+02  2.2409E+02  1.0652E+02
0000430   9.4773E+02  2.4868E+02 -4.4318E+02
0000431   2.4916E+02 -8.2234E+00 -2.2970E+02
0000432   3.2549E+02 -4.4694E+01  2.7516E+02
0000433   9.0162E+01 -4.7689E+02 -2.5538E+01
0000434   5.3049E+02 -1.4221E+02  1.9852E+02
0000435   3.5320E+02  3.9465E+02 -2.3801E+02
0000436   4.7736E+01 -3.6998E+02  2.8031E+02
0000437   3.2491E+02  2.3727E+02 -3.4807E+02
0000438   6.6596E+02  2.8751E+02 -3.0829E+02
0000439   6.7630E+02  6.1578E+01  9.2689E+01
0000440   4.7036E+02  3.4795E+01 -1.8240E+01
0000441   7.4200E+02 -1.2938E+02 -2.6962E+02
0000442   7.5658E+02  8.5723E+01  4.1322E+02
0000443   7.3104E+02 -1.0398E+02  1.7827E+02
0000444   5.6027E+02  1.7009E+02  5.2824E+02
0000445   4.4272E+01 -3.1519E+01 -3.5347E+01
0000446   4.0679E+02 -2.7093E+02 -2.6103E+01
0000447   4.7211E+02 -3.3510E+02  2.0175E+02
0000448   6.6466E+02 -1.7011E+02  2.3642E+02
0000449   2.3672E+02 -2.9382E+02 -3.5849E+02
0000450   4.0681E+02  2.4122E+02 -1.6341E+02
0000451   1.6538E+02  2.2155E+02 -2.5563E+02
0000452   8.4539E+02 -6.2232E+01  1.3593E+01
0000453   1.9181E+02 -7.3276E+01  1.2043E+01
0000454   6.4058E+02 -2.5648E+01 -4.4406E+01
0000455   7.3790E+00  2.0800E+02 -1.0051E+02
0000456   5.3676E+02 -2.7743E+02  1.0579E+02
0000457   2.6478E+02  2.2155E+02  2.7790E+02
0000458   2.6057E+02  2.3198E+02 -1.4292E+02
0000459   6.5574E+02  1.9334E+02  1.1273E+01
0000460   1.8021E+02 -1.3130E+02 -9.7390E+01
0000461   4.2688E+02 -4.1616E+02 -6.9108E+01
0000462   6.4797E+02  7.9025E+00 -2.6920E+02
0000463   3.9398E+02  2.4987E+02 -7.7990E+01
0000464   3.5376E+02 -2.1240E+01 -1.2165E+02
0000465   3.2823E+02 -4.2544E+02  2.7180E+02
0000466   4.8448E+02 -2.0884E+02  4.4287E+02
0000467   1.0121E+02  1.3782E+02  3.3512E+01
0000468   3.2228E+01  2.7427E+02 -2.7881E+02
0000469   5.0943E+02  7.7030E+00 -2.3655E+01
0000470   7.5095E+02  1.6630E+02 -6.7364E+01
0000471   5.3770E+02 -3.5703E+02 -1.0358E+02
0000472   2.1889E+02 -8.5081E+01 -2.8827E+02
0000473   2.2424E+02  1.0860E+01 -7.2336E+00
0000474   4.3690E+02 -1.8140E+02 -2.0753E+01
0000475   1.3164E+02 -8.0536E+01 -1.3117E+02
0000476   5.0733E+02  1.4857E+02  2.9228E+01
0000477   4.8505E+02  1.7036E+01 -1.8969E+02
0000478   4.2991E+02 -1.9682E+02 -1.6610E+02
0000479   6.2312E+02 -2.5229E+02  2.0671E+02
0000480   4.5437E+02  2.8458E+02 -2.4520E+01
0000481   1.0799E+02 -2.2119E+02 -1.5007E+02
0000482   7.5262E+02 -8.9517E+01  4.4021E+01
0000484   4.6404E+02 -5.9250E+01  2.0399E+01
0000485   2.6083E+02 -1.1278E+02  4.9023E+01
0000486   1.7675E+02  4.2088E+02  2.9725E+01
0000487   4.0419E+02 -3.7306E+01  3.4699E+02
0000488   8.7605E+01  1.9742E+02 -9.1666E+01
0000489   4.8273E+02 -2.5932E+02  1.3519E+02
0000490   3.1386E+02 -2.2243E+02  9.0885E+01
0000491   4.3395E+02 -3.7695E+01 -1.0848E+02
0000492   7.3081E+02  5.1293E+01  1.4386E+02
0000493   6.5425E+02  1.0188E+02 -4.8592E+00
0000494   2.9788E+02  3.6810E+02  5.2155E+01
0000495   2.2555E+02 -3.1966E+02  5.2390E+01
0000496   4.3002E+02  3.2781E+02  1.6508E+01
0000497   7.6494E+02 -2.6388E+00  3.3027E+02
0000498   7.3077E+02  6.1515E+01  3.3604E+02
0000499   6.1930E+02 -2.9190E+02 -2.8966E+02
0000500   6.8265E+02  2.8305E+02 -1.4047E+02
0000501   2.8714E+02  8.6868E+01  9.8674E+01
0000502   4.7586E+02 -1.9654E+02  1.2385E+02
0000503   4.2544E+02 -2.3503E+02  1.4439E+01
0000504   5.5532E+02  4.9350E+02  1.5382E+02
0000505   3.0525E+02  4.6615E+01 -2.4193E+02
0000506   5.2282E+02 -8.5234E+01  1.1603E+02
0000507   4.9807E+02 -3.6077E+02  2.3790E+02
0000508   2.7239E+02  3.5954E+02  4.0824E+01
0000509   3.2006E+02  1.2896E+01 -1.8328E+02
0000510   4.0821E+02  2.9719E+02 -2.2319E+02
0000511   4.6812E+02 -2.5772E+02  1.1770E+02
0000512   1.3757E+02  2.1790E+02  1.0485E+02
0000513   6.6318E+02 -3.8462E+02 -2.6349E+01
0000514   7.0808E+02  1.5364E+02 -5.4353E+01
0000516   1.3192E+02 -1.8607E+02  3.2513E+01
0000517   4.0232E+02 -4.1700E+02 -4.0788E+01
0000518   3.9445E+02 -1.4197E+02 -4.3034E+01
0000519   6.0955E+02 -2.1988E+02  1.1916E+02
0000520   2.6348E+02  5.2359E+01 -3.4025E+02
0000521   4.2272E+02  7.1314E+01 -1.5197E+02
0000522   3.0526E+02  1.1743E+02 -2.5273E+02
0000523   3.1917E+02  2.2959E+01  4.0187E+02
0000524   5.6479E+02 -8.7038E+01  1.3603E+02
0000525   3.3588E+02 -2.8299E+02 -1.2544E+02
0000526   2.3593E+02 -1.0016E+02  1.6816E+00
0000527   1.6704E+02  2.9596E+01  2.6352E+01
0000528   6.0831E+02 -1.8372E+02 -2.1769E+02
0000529   5.1266E+02  2.3319E+02 -1.6451E+02
0000530   3.1745E+02 -2.7144E+02  8.5745E+01
0000531   5.0647E+02  5.2463E+02 -4.8811E+01
0000532   8.2472E+02 -4.4635E+02  1.2675E+02
0000533   4.5626E+02 -2.2621E+02  1.5074E+02
0000534   5.6799E+02 -3.9380E+02 -8.7834E+01
0000535   3.3153E+02 -4.1770E+01  1.3230E+02
0000536   5.0341E+02  1.3549E+02  3.8195E+02
0000537   5.4337E+02  3.3997E+01  3.0039E+02
0000538   3.8986E+02  3.9071E+02 -1.2550E+02
0000539   6.4289E+02 -1.6778E+01 -3.5172E+00
0000540   6.7938E+02 -1.3931E+02 -7.8350E+01
0000541   6.1335E+02  8.5176E+01  4.6570E+01
0000542   6.1274E+02  3.8061E-02  1.2675E+01
0000543   2.2261E+02  6.4246E+00 -2.4219E+02
0000544   3.9952E+02  3.9726E+02  1.7723E+02
0000545   4.7334E+02 -7.0470E+01  9.2236E+01
0000546   5.5279E+02 -2.0252E+02  4.6853E+01
0000547   7.2135E+02 -1.4514E+02  1.5921E+02
0000548   2.2711E+02  4.6338E+01  4.7188E+02
0000549   3.8643E+02 -1.5082E+02  1.4247E+02
0000550   3.8813E+02 -1.1848E+02  3.1940E+02
0000551   3.4243E+02 -4.0759E+02  1.7607E+02
0000552   4.2082E+02 -1.4707E+02 -3.1344E+02
0000553   6.3699E+02 -3.0054E+02 -2.3094E+02
0000554   5.5890E+01 -4.2805E+02  4.0530E+02
0000555   5.9679E+02  1.0626E+02  1.1061E+02
0000556   4.2546E+02  5.2888E+01 -4.2032E+02
0000557   7.1135E+02  2.7855E+02  5.8594E+00
0000558   4.6738E+02  6.6554E+01  2.4731E+02
0000559   2.2191E+02  3.3838E+02  3.1491E+02
0000560   1.5202E+02  2.0262E+02  1.1269E+02
0000561   1.1876E+02 -8.0808E+00  8.5915E+01
0000562   4.4955E+02 -2.4864E+02 -1.7317E+02
0000563   6.9969E+01 -1.3453E+02 -1.5102E+01
0000564   7.8716E+02  2.4674E+02  3.6627E+02
0000565   3.6982E+02  3.3097E+02 -4.0570E+01
0000566   4.6380E+02  3.2303E+02  1.0280E+02
0000567   4.8100E+02  4.0690E+02  2.4007E+01
0000568   2.7255E+02  8.7991E+00  2.5253E+01
0000569   2.4566E+02  7.4741E+01  1.3251E+01
0000570   3.7298E+02  3.0365E+01  6.2625E+01
0000571   1.4751E+02  1.2653E+02  2.3814E+02
0000572   3.4337E+02 -1.6734E+02  4.1215E+02
0000573   4.8253E+02 -5.0549E+02  6.0853E+01
0000574   6.2157E+02  2.0134E+02  1.5824E+01
0000575   6.8583E+02  2.4876E+01 -1.0392E+02
0000576   9.9745E+01 -1.8149E+02  9.6081E+01
0000577   2.7434E+02 -1.8513E+02  1.9597E+02
0000578   3.5951E+02  5.2961E+02 -1.7224E+02
0000579   6.3424E+02 -2.2018E+02  2.8969E+02
0000580   4.9954E+02 -1.9836E+02  1.5366E+02
0000582   1.9483E+02 -1.2321E+02  6.7737E+01
0000583   4.9106E+02 -6.1706E+01  2.6753E+02
0000584   2.5040E+02  1.3382E+02 -4.3882E+01
0000585   4.6073E+02  1.8921E+02  3.0155E+02
0000586   5.9839E+02  1.0353E+02 -3.1921E+02
0000587   1.4159E+02  1.1127E+02 -1.2173E+02
0000588   2.9913E+02 -2.3085E+01 -1.7245E+01
0000589   3.4937E+02 -1.9735E+02 -5.4421E+01
0000590   3.2795E+02 -4.2525E+02 -1.9001E+02
0000591   4.3115E+02  3.9054E+01  1.4755E+02
0000592   1.3099E+02 -7.4601E+01 -2.6085E+02
0000593   6.7299E+02 -4.4832E+02  1.0365E-01
0000594   2.0844E+02 -1.7413E+02 -1.7707E+02
0000595   5.1636E+02  1.2552E+02 -7.3483E+02
0000596   5.0142E+02  7.7442E+01  3.4404E+02
0000597   2.5106E+02  2.0399E+02  2.5721E+02
0000598   5.5353E+02  1.6122E+02 -6.2908E+01
0000599   3.0203E+02 -1.6518E+02  2.1938E+02
0000600   3.4134E+02 -3.6445E+02  2.2045E+02
0000601   2.1467E+02 -3.8074E+02  1.9155E+01
0000602   3.9013E+02 -2.0104E+02 -6.6248E+01
0000603   3.0218E+02  2.5803E+02  7.9880E+01
0000604   1.8257E+02 -4.1882E+02  2.2285E+02
0000605   4.1155E+02  4.3386E+02  4.3124E+02
0000606   4.4284E+01 -1.4449E+02 -2.8110E+01
0000607   1.6617E+02 -9.9861E+01  2.5876E+02
0000608   5.8649E+02 -1.4498E+02  6.0585E+01
0000609   3.5609E+02  2.0747E+02  2.8189E+02
0000610   4.9990E+02 -3.0214E+02 -2.3706E+01
0000611   2.0174E+02 -1.8513E+02 -1.9011E+02
0000612   1.9124E+02 -1.4241E+02  4.7666E+02
0000613   4.0564E+02  3.5980E+01 -7.5106E+01
0000614   1.1081E+02  1.3005E+02  1.7816E+01
0000615   1.1185E+02 -3.5567E+02  2.1932E+02
0000616   1.9391E+02 -1.7036E+02 -3.3883E+02
0000617   3.2650E+02  3.0070E+02 -1.3082E+02
0000618   4.3376E+02 -1.9569E+02  2.9646E+02
0000619   3.8266E+02  4.8872E-01 -1.4872E+02
0000620   4.2203E+02 -2.6935E+02  5.0598E+02
0000621   1.2044E+02  3.4406E+01  2.8924E+02
0000622   2.9032E+02  3.5590E+02  9.1406E+01
0000623   4.0728E+02 -1.1981E+02 -2.6730E+02
0000624   3.7787E+02 -2.9532E+02 -1.0636E+02
0000625   3.6526E+02 -6.3242E+02 -2.3815E+01
0000626   3.9629E+02 -1.6803E+02 -1.4092E+02
0000627   2.4771E+02  2.2079E+02 -1.6297E+02
0000628   3.0565E+02 -8.7942E+01  3.2279E+01
0000629   3.1552E+02  1.3191E+02 -6.6327E+01
0000630   4.0101E+02  5.2954E-02  5.8171E+00
0000631   8.7516E+02  2.4902E+00 -3.0133E+02
0000632   2.4610E+02 -1.1540E+02  9.7415E+01
0000633   6.1550E+02  8.0608E+00 -3.5999E+01
0000634   1.1720E+02 -5.6967E+00  6.2254E+01
0000635   6.9225E+02  1.5728E+02  1.0858E+02
0000636   1.7896E+02 -1.5547E+01  9.5968E+01
0000637   6.7285E+02  2.0602E+01  1.6293E+02
0000638   5.5010E+02 -8.9787E+01 -1.1921E+02
0000639   4.7668E+02  1.0329E+02 -2.2222E+02
0000640   5.8198E+02  2.1537E-01  9.8294E+01
0000641   4.9213E+02  1.6592E+01  2.9785E+02
0000642   3.7348E+02 -1.9641E+02  2.4494E+02
0000643   6.8252E+02 -1.7834E+02 -3.2757E+02
0000644   5.4242E+01 -1.5413E+02 -3.2020E+02
0000645   2.3324E+02 -1.5423E+01  3.9384E+01
0000646   1.4876E+02  1.5257E+02 -1.2139E+02
0000647   3.1993E+02  6.0851E+00  1.3192E+01
0000648   3.0114E+02  1.8150E+02 -1.2313E+02
0000649   3.8233E+02  1.7073E+02 -5.4652E+01
0000650   1.9943E+02 -6.8819E+01 -2.5961E+01
0000651   6.8780E+02 -2.5934E+02  2.5903E+02
0000652   6.3751E+02 -2.1408E+02  1.7256E+02
0000653   1.4840E+02 -3.8722E+01 -1.5914E+02
0000654   5.0283E+02  2.6463E+02 -5.4660E+01
0000655   8.2337E+02 -8.1888E+01  3.5398E+02
0000656   5.9747E+02 -3.7906E+02 -3.7176E+02
0000657   3.5303E+02  6.4035E+00  2.2858E+02
0000658   7.8772E+02 -2.0473E+01  2.2082E+02
0000659   6.1280E+02  8.3122E+01 -2.3976E+01
0000660   5.8582E+02 -5.0726E+01 -2.3308E+01
0000661   3.8170E+02 -6.5481E+01 -3.3014E+02
0000663   7.1169E+01 -3.6605E+02  1.1453E+02
0000664   3.7523E+02  2.8767E+02 -1.7257E+02
0000665   3.8753E+02 -8.7687E+01  3.1264E+02
0000666   1.4155E+02  3.3862E+02  2.8553E+01
0000667   2.8979E+02 -2.0866E+02 -1.6433E+02
0000668   3.7056E+02 -1.8238E+02 -2.2912E+02
0000670   6.2213E+02  3.8653E+02 -1.5159E+01
0000671   7.5520E+02 -2.7966E+02 -7.7468E+01
0000672   4.9574E+02 -2.1089E+02  1.9080E+01
0000673   2.9514E+02  1.3517E+02  1.2167E+02
0000674   4.8098E+02 -1.2949E+02  7.0337E+01
0000675   7.6622E+02  4.3164E+01 -1.4994E+02
0000676   2.6384E+02 -1.3049E+02 -3.7889E+01
0000677   6.2363E+02  1.7319E+02  1.6784E+02
0000678   7.3011E+02  2.2236E+02  4.7071E+01
0000679   2.7295E+02  2.0473E+02  9.8227E+01
0000680   3.6713E+02  5.7707E+01  3.5021E+02
0000681   1.6567E+02  1.2562E+02  4.9627E+01
0000682   4.2786E+02 -6.2395E+01  1.1269E+02
0000683   2.1750E+02 -5.5561E+01  4.3653E+02
0000684   3.4679E+02  5.2113E+01 -1.1846E+02
0000685   3.0238E+02 -1.6733E+02 -2.3271E+02
0000686   9.7665E+02  8.5248E+01 -2.8390E+01
0000687   1.3654E+02 -5.2008E+02  1.6402E+02
0000688   3.5441E+02 -3.7782E+02  1.0943E+02
0000689   6.4400E+01 -8.6648E+00  1.9397E+01
0000690   7.4262E+02  2.6902E+02  1.5563E+02
0000691   2.7731E+02 -2.3225E+02 -2.4668E+02
0000692   3.2401E+02  1.2891E+02  1.0321E+02
0000693   3.9179E+02  1.7653E+02  2.6205E+02
0000694   3.1072E+02 -1.0801E+02  3.5343E+02
0000695   4.9673E+02  2.5844E+02  2.2039E+01
0000696   5.7057E+02 -1.4338E+02  4.0290E+02
0000698   4.7389E+02  2.9603E+01  9.3549E+01
0000699   1.9444E+02 -2.4339E+02  3.8463E+00
0000700   7.9052E+02  1.2825E+02 -2.1485E+01
0000701   4.0406E+02 -1.3705E+02 -1.2814E+02
0000702   3.3849E+02 -8.3019E+01  2.3306E+02
0000703   3.7507E+02 -1.3411E+02  1.9424E+02
0000704   3.5633E+02 -1.0954E+02 -9.0147E+01
0000705   5.6203E+02  5.4162E+01 -1.4976E+02
0000706   2.5816E+02 -2.1712E+02 -7.7302E+01
0000707   3.3963E+01  1.8994E+02 -9.9315E+01
0000708   5.1455E+02  7.5036E+01  2.1353E+01
0000709   1.3100E+02 -8.2341E+01 -5.1116E+01
0000710   1.1714E+02  1.2256E+02 -1.0912E+02
0000711   4.0559E+01  9.1220E+01 -9.1720E+01
0000712   7.0677E+02 -1.7553E+01 -1.6502E+02
0000713   3.9679E+02  2.2100E+01  2.8455E+02
0000714   2.0196E+02  8.4854E+01 -2.5162E+01
0000715   5.7541E+02 -1.1630E+02 -5.3348E+01
0000716   1.6474E+02  1.0712E+02 -6.5704E+01
0000717   4.9189E+02  1.6444E+01 -8.9016E+01
0000718   6.7464E+02  2.4689E+02 -3.1110E+01
0000719   3.6183E+02  1.0731E+02 -2.5949E+02
0000720   5.4883E+02  1.1432E+02 -1.3450E+02
0000721   3.8285E+02 -3.2629E+02  3.5834E+01
0000722   4.2250E+02  3.2374E+02  8.9690E+01
0000723   2.5283E+02 -8.2779E+01  4.4921E+02
0000724   4.8429E+02 -3.5874E+02  3.9817E+02
0000725   4.5823E+02  3.2558E+02  1.9328E+02
0000726   7.2491E+02 -2.5270E+01  3.3001E+02
0000727   7.3495E+02  4.3540E+01 -7.2535E+01
0000728   5.1387E+02  3.1708E+02 -9.3790E+01
0000729   5.2160E+02 -2.1173E+02 -7.0073E+01
0000730   4.0553E+02  2.6635E+02 -1.4211E+02
0000731   2.0555E+02 -1.9427E+02 -6.2238E+01
0000732   5.4387E+02 -5.4005E+01  3.9966E+01
0000733   5.7103E+02 -3.0898E+01 -4.5637E+01
0000734   2.1808E+02 -6.7890E+00  8.0939E+01
0000735   6.4675E+02  4.2223E+02 -1.4153E+02
0000736   4.5512E+02  1.1022E+02  1.7335E+02
0000737   5.7423E+02 -1.6297E+02 -2.1618E+02
0000738   9.1798E+02  1.3952E+00  2.5362E+01
0000740   4.0757E+02  1.1602E+02  6.8583E+01
0000741   5.8205E+02 -9.8615E+01 -3.0902E+02
0000742   4.2181E+02 -4.0718E+01  3.4682E+02
0000743   5.1865E+02  3.2520E+02 -1.0733E+01
0000745   6.4390E+02  1.5165E+02  4.8721E+01
0000746   6.3896E+02  2.0183E+02 -1.1590E+02
0000747   3.6532E+02 -1.3911E+01  8.4307E+01
0000748   4.6378E+02 -8.5749E+01 -2.9246E+02
0000749   5.7030E+02 -2.3643E+02 -8.5849E+01
0000750   2.8664E+02 -2.2865E+02 -6.1886E+02
0000751   5.9619E+02 -1.0451E+02 -1.2235E+02
0000752   5.4977E+02 -1.5376E+01 -3.0919E+02
0000753   2.0709E+02  1.2175E+02  4.3411E+02
0000754   5.9849E+02 -3.3796E+01 -3.0789E+02
0000755   5.0029E+02  2.3135E+02  1.3955E+02
0000756   3.5393E+01  2.6081E+02 -2.8185E+02
0000757   5.4633E+02 -2.3234E+02  4.1332E+01
0000758   2.1156E+02  2.5389E+02  2.0701E+02
0000759   5.3979E+02  9.4758E+01 -5.5501E+00
0000760   3.2426E+02 -4.9798E+01 -1.0590E+01
0000761   3.6458E+02  3.6285E+02 -2.4448E+02
0000762   4.9818E+02 -4.3243E+01  4.6509E+01
0000763   1.1437E+02  3.1030E+02 -1.7131E+01
0000764   7.5139E+02  1.4967E+02  1.0780E+02
0000765   5.9756E+02 -4.4788E+02 -2.6532E+02
0000766   6.2869E+02 -3.9989E+02  7.3828E+01
0000767   5.0910E+02 -6.9152E+01  1.0388E+02
0000768   1.3442E+02  5.6833E+01 -2.7777E+01
0000769   5.4106E+02 -1.8715E+02  9.6512E+01
0000770   9.1713E+02  2.7377E+02  2.7936E+02
0000771   3.7005E+02  7.1276E+01  3.0795E+01
0000772   2.8689E+02  1.3367E+02 -1.7423E+02
0000773   1.1991E+02  3.9439E+02 -2.4879E+02
0000774   4.4068E+02  2.9587E+02  1.3853E+02
0000775   1.2582E+02  1.1730E+02  1.2984E+02
0000777   8.1206E+02  9.3113E+01  5.1992E+01
0000778   4.6749E+02  3.1843E+02 -6.1953E+01
0000779   6.9985E+02 -2.3330E+02  2.6930E+02
0000780   5.5067E+02  3.3266E+02 -3.1011E+01
0000781   4.6350E+02  1.7600E+02 -1.2075E+02
0000782   3.1618E+02 -2.0992E+01  1.2674E+02
0000783   3.8020E+02  2.9080E+02  2.2502E+02
0000784   5.3429E+02 -1.1709E+02  1.6817E+00
0000785   6.4370E+02 -1.0202E+02 -3.5967E+02
0000786   3.5476E+02  1.9047E+02  3.2701E+02
0000787   4.7504E+02 -5.8528E+01 -9.1379E+01
0000788   2.0542E+02  1.0749E+02 -5.3582E+01
0000789   7.6595E+02  1.4970E+02  2.0307E+02
0000790   1.9306E+02  3.3002E+02 -1.9390E+02
0000791   1.5662E+01  6.2577E+01 -3.0676E+02
0000792   2.3355E+02  8.1707E+01  2.8244E+01
0000793   2.0192E+02 -4.4021E+01 -8.4552E+01
0000794   4.3990E+02 -1.6454E+02  2.1618E+02
0000795   6.9280E+02  3.6656E+02  2.0184E+02
0000796   3.3314E+02  1.5264E+02  8.2105E+01
0000798   4.2961E+02  4.1954E+02  5.1245E+02
0000799   4.2959E+02  2.7793E+02 -2.0233E+02
0000800   4.2384E+02 -1.0300E+02 -1.5626E+02
0000801   6.6700E+02 -2.7635E+02 -9.1168E+01
0000802   2.0429E+02 -4.8265E+01  6.9042E+00
0000803   2.1421E+02  3.6862E+02  1.1043E+02
0000804   7.0185E+02 -3.5261E+02 -1.0678E+02
0000806   1.6888E+02  1.4997E+02  1.3808E+02
0000807   1.0263E+03  5.8516E+01 -4.8406E+02
0000808   7.7080E+02 -7.9324E+01  3.4838E+02
0000809   5.4198E+02  2.3579E+02 -3.2449E+02
0000810   3.5686E+02 -1.2102E+02 -3.1893E+02
0000811   5.0155E+02  9.8762E+01 -9.0738E+01
0000812   5.5400E+02  8.5856E+01  2.6029E+02
0000813   4.3321E+02 -3.7890E+02  2.1048E+02
0000814   5.6069E+02 -9.5453E+00 -4.1721E+01
0000815   3.7831E+02 -2.9058E+02 -3.3408E+02
0000816   3.2637E+02 -1.3295E+02  1.3645E+02
0000817   6.9152E+02 -1.6333E+02  3.1439E+02
0000818   8.1320E+02  4.2551E+01 -2.8945E+02
0000819   5.3064E+02 -1.1714E+02  1.6978E+02
0000820   6.2363E+02  1.9052E+02 -1.9809E+02
0000821   3.5191E+02  1.1921E+02 -7.5114E+01
0000822   4.7496E+02 -7.8400E+01 -4.0844E+02
0000823   5.7763E+02 -6.8131E+02 -9.8043E+01
0000824   3.2126E+02  6.7068E+01 -1.1302E+02
0000825   4.8876E+02  4.9580E+02  5.9716E+01
0000826   2.9479E+02  1.5907E+02 -1.5351E+01
0000827   7.6204E+02 -9.7422E+01 -1.8301E+02
0000828   6.3420E+02 -2.0723E+02  9.3081E+01
0000829   1.9424E+02  1.3190E+02  2.6583E+02
0000830   4.3862E+02 -3.6254E+01  3.0723E+02
0000831   2.5739E+02 -9.9850E+01  2.0954E+02
0000832   3.5207E+02  1.2773E+02  3.9894E+02
0000833   5.4906E+02  2.7875E+01 -2.5733E+02
0000834   4.2130E+02  1.7978E+02 -2.4162E+02
0000835   4.5454E+02  7.8510E+00 -1.5124E+02
0000836   8.0535E+01  3.9979E+01  3.1396E+02
0000837   2.1998E+02  1.2240E+02  1.6807E+02
0000838   4.7295E+02  1.8807E+02  6.7667E+01
0000839   5.2286E+02  5.3638E+01 -3.9176E+02
0000840   6.0082E+01 -7.4807E+00  1.1038E+02
0000841   6.2747E+01 -4.3217E+02  2.0877E+02
0000842   3.2685E+02  8.7453E+01  2.0358E+02
0000843   2.9259E+02  2.6408E+02 -1.2987E+01
0000844   4.1586E+02 -1.1230E+02  4.5680E+00
0000845   4.4304E+02  2.4655E+02 -1.1526E+02
0000846   8.2418E+02  7.1143E+01  1.7210E+02
0000847   2.7850E+02  3.8558E+02 -3.3432E+02
0000848   1.7816E+02 -5.7250E+01  2.3493E+01
0000849   2.4664E+02 -1.2595E+02 -3.2587E+02
0000850   6.1306E+02  5.0367E+01  2.1220E+00
0000851   2.9358E+02 -1.7730E+02 -6.2295E+01
0000852   4.3134E+02  3.0114E+02 -3.1403E+00
0000853   4.1442E+02  1.7423E+02 -1.0223E+02
0000854   9.5703E+01  8.3917E+01  3.7702E+01
0000855   4.3935E+02  1.7343E+02 -1.1102E+02
0000856   9.2258E+02  1.5678E+02  2.2670E+02
0000857   4.8780E+02 -1.1500E+02  2.2452E+02
0000858   2.2522E+02  9.2675E+01  3.9213E+01
0000859   5.2923E+02  1.1890E+01 -6.2185E+02
0000860   3.7228E+02  1.8525E+01 -1.8618E+02
0000861   1.4047E+02  2.7787E+02  4.4775E+01
0000862   4.9818E+02  1.1061E+02  3.3581E+02
0000863   2.9651E+02  8.6969E+01  3.6153E+01
0000864   5.7672E+02 -3.1845E+02  1.3207E+02
0000865   3.4948E+02 -1.5511E+02  2.8979E+02
0000866   3.2800E+02 -1.1220E+02 -3.6120E+01
0000867   3.2897E+02 -1.0651E+02  3.1061E+02
0000869   3.1966E+02 -4.0483E+01  2.1001E+02
0000870   5.0959E+02  1.1611E+01 -2.1660E+02
0000871   2.9625E+02 -1.5821E+02 -3.1070E+02
0000872   6.8769E+02 -2.8123E+02 -1.3107E+02
0000873   3.4999E+02 -2.6923E+02  1.7421E+02
0000874   4.2045E+02 -1.7324E+02  1.1132E+02
0000875   2.8650E+02 -1.4122E+01 -1.6089E+02
0000876   9.8008E+01 -9.1596E+01  1.5305E+02
0000877   3.5236E+02 -2.6074E+02 -3.7971E+01
0000878   1.4004E+02 -3.1131E+02 -1.9923E+02
0000879   5.0407E+02 -8.9719E+01 -1.2464E+02
0000880   5.5589E+02  1.1797E+01 -1.0908E+02
0000881   7.2630E+02  1.1461E+02  1.4828E+02
0000882   4.5198E+02 -2.6819E+02  1.0431E+00
0000883   3.4689E+02  1.2681E+02  2.7614E+02
0000884   3.4377E+01  2.5062E+01  1.1626E+01
0000885   6.0581E+02  8.0202E+01 -3.6194E+02
0000886   6.8553E+02  2.5286E+02  3.8624E+01
0000887   2.4989E+01 -1.6581E+02 -1.2946E+02
0000888   3.4177E+02 -3.4395E+02 -6.6995E+01
0000889   6.5712E+02 -6.5719E+01 -1.5354E+02
0000891   5.1439E+02 -6.8580E+01 -3.0621E+01
0000892   5.9590E+02 -6.5137E+01 -1.7122E+02
0000893   1.1487E+02  4.1932E+02 -2.5651E+02
0000894   6.3773E+02 -2.5698E+02 -4.9724E+01
0000895   7.3844E+02  1.5526E+01 -1.3495E+02
0000896   3.8873E+02 -1.5804E+02  2.9187E+02
0000897   8.5252E+02  1.5000E+02 -7.9387E+00
0000898   2.7872E+02 -1.8257E+02 -3.1481E+02
0000899   3.8489E+02 -2.4806E+02  1.0116E+02
0000900   2.4336E+02  3.8551E+02 -3.5160E+02
0000901   4.3378E+02  3.9008E+02 -2.4613E+02
0000902   2.6409E+02  2.6012E+01 -3.7986E+02
0000903   4.8957E+02  1.9268E+02  5.0872E+01
0000904   2.8154E+02 -1.0752E+02  2.3277E+01
0000905   2.4056E+02  2.7798E+02 -3.6879E+01
0000906   6.3937E+02  1.8860E+02 -4.5495E+02
0000908   3.9885E+02  2.9537E+02 -9.4375E+00
0000909   4.5783E+02  1.3335E+02  1.6799E+01
0000910   1.9262E+02  3.1017E+02 -2.9565E+02
0000911   5.9538E+02 -5.1517E+01  2.2206E+02
0000912   4.6080E+02 -2.0484E+02 -8.8071E+01
0000913   3.1033E+02 -2.5030E+02  1.1712E+02
0000914   3.3604E+02 -9.6843E+01  6.9672E+01
0000915   2.2334E+02  2.0743E+02  1.0531E+02
0000916   3.0737E+02 -7.1051E+01  8.1599E+01
0000918   3.6147E+02  5.5417E+02  1.5347E+02
0000919   7.8246E+01 -1.0726E+02  2.8219E+02
0000920   5.6857E+02  1.0447E+02  1.1272E+02
0000921   3.3586E+02 -3.8455E+01 -2.7303E+02
0000922   6.5544E+02 -1.9651E+02  3.3203E+02
0000923   4.4899E+02  8.8113E+01 -7.6820E+01
0000924   7.4140E+01  2.2798E+01 -3.8666E+01
0000925   5.0799E+02 -1.1787E+02 -1.1710E+02
0000926   6.8557E+01 -3.5589E+02 -6.7115E+01
0000927   2.3940E+02 -6.8253E+01  1.8065E+02
0000928   7.3175E+02  2.7028E+02 -7.1334E+01
0000929   2.1795E+02  2.6231E+02 -3.1575E+02
0000930   7.4238E+02 -3.2635E+02 -6.1556E+01
0000931   7.6687E+02 -5.7593E+00  1.5684E+02
0000932   5.1189E+02  1.3127E+02  7.6650E+01
0000933   3.6053E+02 -3.3098E+02  5.3164E+02
0000934   2.8719E+02  3.4813E+02  2.2944E+02
0000935   1.0091E+02  4.5305E+01 -1.0264E+02
0000936   2.1388E+02 -5.7331E+01  3.2064E+02
0000937   4.8094E+02 -1.2403E+02 -8.8701E+00
0000938   2.8348E+02 -2.5072E+02 -7.2827E+01
0000939   8.6029E+01  2.2084E+01 -7.1371E+01
0000940   5.0837E+02  5.1758E+00  1.1307E+02
0000941   1.6013E+02  4.5075E+01 -7.9127E+00
0000942   4.6500E+02 -7.7006E+01 -2.5934E+02
0000943   4.6551E+02 -3.1520E+02 -1.9995E+02
0000944   5.4028E+02  4.7963E+02 -4.9225E+01
0000945   4.7995E+02  3.2327E+02 -1.7686E+02
0000946   2.6232E+01  3.5143E+02  9.0971E+01
0000947   5.3403E+02 -7.7608E+01  2.2728E+02
0000948   8.2111E+02 -4.2458E+02  2.5442E+01
0000949   2.3633E+02 -1.1158E+02 -1.9209E+02
0000950   4.4799E+02 -6.6182E-01  2.8939E+02
0000951   2.3779E+02 -2.1886E+01 -1.7656E+01
0000952   2.1745E+02  1.1468E+02 -4.0000E+02
0000953   3.4819E+02 -2.3525E+02  2.4346E+02
0000954   6.9132E+02 -3.2243E+02  2.4933E+02
0000956   5.1749E+02 -4.6639E+02 -2.0268E+02
0000957   2.7152E+02  1.6045E+02 -9.6221E+01
0000958   4.1835E+02 -7.2348E+01 -1.7788E+02
0000959   3.7750E+02 -8.3126E+01  2.2431E+02
0000960   2.4417E+02 -1.7977E+02 -2.5281E+02
0000961   1.0154E+02 -3.5968E+02 -1.5225E+02
0000962   5.4539E+02 -7.9129E+00 -3.0287E+02
0000963   1.0218E+02 -7.3865E+01  2.7784E+02
0000964   2.8032E+02  1.0172E+02  1.7512E+02
0000965   4.9333E+02 -2.8295E+02 -1.1408E+02
0000966   1.9050E+02  3.3244E+02 -3.8808E+02
0000967   5.3118E+02 -4.8421E+02 -1.5675E+02
0000968   5.4024E+02  9.3814E+01 -6.3582E+01
0000969   3.5705E+02 -1.7319E+01  1.9745E+02
0000970   5.6248E+02 -4.2993E+02 -1.6869E+02
0000971   5.1263E+02 -3.4882E+01 -7.6973E+01
0000972   4.5004E+02  5.3005E+00  5.2427E+01
0000973   1.3328E+02 -1.7264E+02 -1.0623E+02
0000974   4.2117E+02 -1.6686E+02 -2.0641E+02
0000975   2.2018E+02  4.1170E+02  1.4727E+02
0000976   1.2305E+02 -2.6907E+01 -2.1469E+02
0000977   6.4235E+02 -1.4665E+02  9.3413E+01
0000978   4.1694E+02  2.8532E+02  1.0019E+02
0000980   4.5565E+02  2.2192E+02  3.9637E+02
0000981   5.8447E+02  2.7182E+02 -4.7359E+02
0000982   5.8987E+02  4.1502E+00 -2.1576E+01
0000983   3.6690E+02  1.2685E+02 -2.7425E+02
0000984   5.4776E+02  1.7797E+02 -6.2783E+01
0000985   1.3607E+01 -2.6039E+02 -3.1172E+02
0000986   2.4775E+02  4.2437E+01  5.3163E+01
0000987   6.4690E+02 -1.7994E+02 -1.1227E+01
0000988   5.9879E+02 -1.6558E+02 -3.6048E+02
0000990   7.8333E+02 -2.9807E+02 -1.0503E+01
0000991   4.5082E+02 -1.8142E+02 -2.0639E+02
0000993   4.3921E+02 -1.0317E+02 -4.9118E+02
0000994   9.5690E+01 -6.0821E-01 -2.3433E+02
0000995   4.4983E+02 -3.1753E+02  6.1069E+01
0000996   4.4725E+02 -1.2982E+02 -1.3823E+02
0000997   1.8782E+02 -1.7566E+02  3.4461E+02
0000998   5.1716E+02 -8.2970E+01 -3.5724E+02
0000999   3.0761E+02  2.2670E+01 -6.7738E+02
0001000   4.4231E+01 -2.0338E+02  2.1843E+02
