============================== SRIM-2013.00 ==============================
==============================================================================
====== SRIM Outputs\RANGE_3D.txt : File of Final Ion Positions =====

Ion =  F (09)   Ion Mass= 018.9984
Energy  = 4000000.E-05 keV
Ion Angle to Surface = 00.0 degrees
==================== TARGET =======================
  Layer # 1 - None
  Layer # 1 - Bottom Depth=500000.E-01 A
  Layer # 1 - Density =0007.8700 g/cm3
  Layer # 1 -  100 % of Fe
様様様様様様様様様様様様様様様様様様様様様様様様様様
                                            
Ion       Depth  X   Lateral Y   Lateral Z  
Number    (Angstrom) (Angstrom)  (Angstrom) 
-------  ----------- ----------- -----------
0000001   2.1259E+02  2.5362E+02 -6.1437E+01
0000002   2.2332E+02 -1.2779E+02 -2.2665E+02
0000003   7.5113E+02  1.3730E+02 -1.0783E+02
0000004   1.8111E+02 -1.9589E+02 -1.7390E+02
0000005   9.1338E+02 -1.7181E+02 -5.0488E+02
0000006   3.9605E+02 -1.8203E+02 -1.6298E+02
0000007   7.6101E+02  1.1363E+01  5.7332E+01
0000008   2.9344E+02  4.4988E+02  2.9953E+01
0000009   1.7050E+02  2.3881E+02 -6.6894E+02
0000010   2.8946E+02 -1.3481E+02  2.6856E+01
0000011   2.5400E+02 -4.7915E+01 -5.1692E+02
0000012   3.0378E+02  2.3859E+01  1.0471E+02
0000013   6.6957E+02 -7.8713E+01 -1.4030E+02
0000014   3.4067E+02  1.2630E+02 -3.1945E+02
0000015   2.2343E+02 -6.8312E+01  1.5803E+02
0000016   7.9390E+02 -2.8097E+02 -2.3166E+02
0000017   1.4583E+02  7.0231E+01  1.3121E+02
0000018   3.4471E+02 -5.1176E+02  7.4639E+01
0000019   5.0509E+02  3.6450E+01  1.1721E+02
0000020   4.9373E+02 -1.1606E+02 -6.4226E+01
0000021   1.8001E+02  3.0261E+02  2.7251E+02
0000022   4.5001E+02 -2.1924E+02  5.3762E+01
0000023   5.5842E+02  1.8702E+02  2.3820E+02
0000024   6.0502E+02 -4.2716E+01 -2.7699E+02
0000026   1.6230E+02 -1.2481E+02 -1.0973E+02
0000027   2.6277E+02 -4.8384E+02 -2.7863E+02
0000028   7.9296E+02 -2.1262E+02  4.0544E+02
0000029   2.4319E+02 -1.5142E+01  2.7585E+02
0000030   2.9397E+02 -1.9279E+02  8.0670E+01
0000031   1.9568E+02  5.5496E+01  4.0236E+02
0000032   2.9681E+02  1.6611E+02 -2.1422E+01
0000033   6.4441E+02  1.7867E+02  1.4005E+02
0000034   6.8022E+01 -5.0434E+01  1.3822E+02
0000035   5.2158E+02  5.5451E+02  1.6355E+02
0000036   3.5159E+02  2.2006E+02 -3.7912E+00
0000037   6.4906E+02 -2.5348E+02  8.3479E+01
0000038   4.3683E+02  1.6581E+02  1.5776E+01
0000039   5.3583E+02  6.4452E+01  1.9269E+02
0000040   7.3453E+01 -2.8294E+01 -1.6115E+01
0000041   6.6141E+02  3.6030E+02 -1.9395E+02
0000043   7.4106E+02  1.3990E+02  1.0520E+02
0000044   1.6406E+02  3.6478E+02  3.6248E+02
0000045   7.5959E+02  2.3890E+01 -2.5078E+01
0000046   4.9590E+02 -2.6552E+02 -2.6406E+02
0000047   2.6287E+02  1.1089E+02  1.9062E+02
0000048   3.2146E+02 -1.8022E+02  3.0919E+02
0000049   2.9543E+02 -3.2922E+01 -4.7417E+01
0000050   6.7372E+02 -1.4423E+02  6.5190E+01
0000051   5.1729E+02  1.4910E+02 -1.7730E+01
0000052   3.0385E+02 -2.2528E+02  3.9989E+01
0000053   4.0938E+02 -3.2562E+02 -1.9446E+01
0000055   5.1432E+02  1.2797E+02  1.7060E+02
0000057   3.3865E+02  2.8045E+02 -2.0003E+02
0000058   5.9204E+02 -2.0794E+02  7.8911E+01
0000059   2.0972E+02 -6.8973E+01 -4.5037E+01
0000060   2.5923E+02 -4.2353E+02 -3.1431E+02
0000061   2.6874E+02 -1.2068E+02  1.2443E+02
0000062   1.5167E+02 -2.4070E+02  2.3441E+02
0000063   4.2841E+02 -2.5606E+02 -1.4216E+02
0000064   6.2350E+02  1.0611E+02  1.1059E+00
0000065   5.1186E+02 -1.3779E+02 -3.7480E+00
0000066   4.7463E+01  2.5023E+02  1.5792E+02
0000068   3.5875E+02 -3.0705E+02 -6.6572E+00
0000069   2.0522E+02 -2.5329E+01 -1.4359E+02
0000070   4.3726E+02 -5.5171E+01 -1.7024E+02
0000071   3.9426E+02 -2.6160E+02  2.7268E+02
0000072   5.8121E+02 -2.0817E+02 -1.4550E+01
0000073   3.2345E+02  2.5843E+02 -1.9015E+02
0000074   4.1252E+02 -1.7133E+02  3.3033E+02
0000075   5.0174E+02  1.4104E+02 -1.6512E+02
0000076   1.9326E+02 -1.2443E+01 -1.3906E+02
0000077   3.4804E+01 -2.8067E+01  1.1874E+02
0000078   5.0723E+02 -7.3174E+01  4.2717E+01
0000079   4.1972E+02  1.1163E+02  2.6784E+02
0000080   5.4825E+02 -4.4354E+02  2.9448E+02
0000082   2.3451E+02  3.0805E+02 -4.1825E+01
0000083   1.6967E+02 -8.0626E+01  3.5594E+02
0000084   3.6427E+02 -1.9186E+02 -1.8102E+02
0000085   5.4219E+02 -3.8943E+01  4.0268E+01
0000086   4.7848E+02 -1.9610E+02 -2.5574E+02
0000087   5.9774E+02 -1.0150E+02 -1.0057E+02
0000088   5.1190E+02  8.1058E+01 -5.0113E+02
0000089   3.9232E+02 -4.2262E+02  9.0134E+01
0000090   3.3283E+02 -1.3083E+02  2.7366E+02
0000091   3.4038E+02  2.5763E+02  1.0226E+02
0000092   7.0500E+02 -2.3539E+02 -1.9537E+02
0000093   5.0773E+02  1.5230E+01 -4.7759E+01
0000094   2.6503E+02 -1.5407E+02  7.9335E+01
0000095   6.3718E+02  1.2740E+02 -2.3011E+01
0000096   8.7351E+02 -9.7247E+01  4.6312E+02
0000097   2.5457E+02  1.5410E+02 -3.3286E+02
0000098   3.5124E+02 -2.0619E+02  1.5175E+02
0000099   5.4217E+02  1.2048E+02  1.5139E+02
0000100   3.2645E+02  2.1512E+02 -3.6516E+02
0000101   5.2358E+02  5.0224E+02  2.1426E+02
0000102   1.1428E+02  2.7621E+01  2.3457E+02
0000103   8.6869E+02  1.0462E+02 -2.1379E+02
0000104   2.9492E+02 -1.7092E+02 -1.3950E+02
0000105   3.6725E+02  8.7483E+01 -3.6477E+02
0000106   4.0242E+02  6.0391E+01 -2.1650E+01
0000107   2.6336E+02 -2.8292E+02 -5.1378E+02
0000108   3.7776E+02 -1.6767E+01  7.9996E+01
0000109   1.6548E+02  1.1056E+02  9.2731E+01
0000110   7.9019E+02 -6.6337E+01 -4.4914E+02
0000111   3.5149E+02 -2.7523E+02  2.4722E+02
0000112   6.9538E+02 -1.9591E+02 -3.4749E+02
0000113   6.8219E+02 -2.1380E+01 -6.4802E+00
0000114   1.9193E+02 -2.3774E+02  2.2483E+02
0000115   2.6484E+02 -3.5532E+01  2.7633E+02
0000116   5.5120E+02  6.5379E+01  1.2055E+02
0000117   5.6060E+02  1.1214E+01 -5.7318E+01
0000118   6.5372E+02 -3.3648E+02  5.1352E+02
0000119   2.2859E+01 -2.3982E+02  8.8623E+01
0000120   2.0748E+02 -2.5389E+02  6.8505E+01
0000121   5.4563E+01  2.9887E+01  9.1874E+01
0000122   1.1890E+02 -5.0350E+01 -7.5734E+01
0000123   2.8500E+02  2.4615E+02 -1.1997E+02
0000124   1.8573E+02  1.2415E+02 -5.1155E+02
0000125   4.0297E+02  2.1515E+02 -3.2049E+02
0000126   1.6731E+02  2.5094E+01  1.0176E+02
0000127   3.3041E+02  6.4636E+02  3.7858E+02
0000128   4.3094E+02 -2.0131E+02 -3.1188E+01
0000129   6.4719E+02  6.8368E+01 -1.5034E+02
0000130   4.1409E+02 -8.5463E+01  2.7035E+02
0000131   1.7197E+02  5.0582E+01 -3.1711E+02
0000132   5.5290E+02 -1.7000E+02  3.1589E+00
0000133   6.9447E+02  4.7884E+02  1.6119E+01
0000134   3.1183E+02  2.8732E+02  1.2715E+02
0000135   3.7744E+02 -6.6648E+01 -3.3727E+02
0000136   1.6751E+02 -3.0487E+02 -2.1471E+02
0000137   4.2588E+02  1.2599E+02 -3.4228E+02
0000138   5.1644E+02  2.6109E+02 -2.3002E+02
0000140   3.0157E+02 -7.9097E+01  4.5938E+01
0000141   2.6808E+02  1.1219E+02 -9.3866E+01
0000142   3.3889E+02  2.4859E+01 -1.0184E+02
0000143   4.8496E+02  2.3934E+02 -2.3521E+02
0000144   1.5606E+02 -4.0532E+01  2.6394E+02
0000145   8.0160E+02  2.6560E+01 -3.6966E+02
0000146   2.5330E+02 -3.1373E+02  1.7194E+01
0000147   5.1252E+02  1.7639E+02  9.0252E+01
0000148   5.7257E+02  1.5839E+02 -1.3276E+02
0000149   2.9699E+02 -1.2787E+02  4.1334E+01
0000150   4.2311E+02 -1.1524E+02  4.8354E+01
0000151   6.5179E+02  1.2190E+02 -1.3597E+01
0000152   5.5419E+02  1.3584E+01 -2.6687E+02
0000153   6.2535E+02 -1.0560E+02 -1.7071E+02
0000154   4.4513E+02 -5.5633E+01 -6.7156E+01
0000155   2.0618E+02  1.8699E+01 -8.4388E+01
0000156   2.2300E+02 -7.4350E+01 -1.1374E+01
0000157   1.5078E+02  8.1681E+00  6.8655E+01
0000158   7.4038E+02 -1.8002E+02 -2.9927E+02
0000159   4.0807E+02  5.3544E+00  1.5447E+02
0000160   3.9524E+02 -2.2627E+01 -3.2031E+02
0000161   6.2810E+02  8.7304E+01 -2.3727E+01
0000162   4.8355E+02 -6.3467E+01 -3.3960E+01
0000163   6.8071E+02 -3.5486E+02 -5.4351E+01
0000164   3.3732E+02  5.6552E+02  2.5394E+02
0000165   6.7324E+02 -3.0098E+02 -1.5793E+02
0000166   5.9728E+02 -1.6077E+02 -6.1139E+01
0000167   1.5899E+02 -4.7959E+02  2.8500E+02
0000168   7.3528E+02  5.6148E+01 -4.7289E+02
0000169   4.3333E+02  2.8872E+01  3.2317E+01
0000170   9.9561E+01  1.0307E+02  3.0873E+02
0000172   5.2726E+02  5.3747E+02  1.6941E+02
0000173   5.8117E+02 -2.9195E+02  9.4578E+00
0000174   1.9765E+02  4.8649E+02 -1.0858E+01
0000175   5.0414E+02  2.9456E+02 -1.0013E+01
0000176   2.8387E+02  7.2471E+01 -2.7803E+02
0000177   3.7739E+02  1.1345E+02  4.1602E+01
0000178   3.3648E+02 -3.4903E+02  2.3488E+02
0000179   5.8039E+02 -1.7107E+02 -2.4975E+02
0000180   3.7901E+02 -4.5181E+02  3.8537E+02
0000181   6.5653E+02 -2.3455E+02  1.7680E+02
0000182   3.4939E+02 -1.9686E+02 -1.3622E+02
0000183   7.1044E+02  3.7722E+02 -2.9327E+02
0000184   7.3958E+02  1.6627E+02  5.1001E+01
0000185   7.0260E+02  7.8781E+01 -1.5867E+02
0000186   4.0832E+02 -9.2793E+01 -3.2065E+02
0000187   4.5969E+02 -1.3475E+01 -8.5304E+01
0000188   6.4063E+02  2.6665E+02  6.8533E+00
0000189   3.6401E+02 -1.1406E+02 -8.6322E+01
0000190   6.5251E+02  2.3454E+02  4.6996E+01
0000191   6.5645E+02 -6.3367E+01  1.5547E+02
0000192   4.7771E+01  2.0847E+00  4.8056E+01
0000193   3.9522E+02  2.2669E+01 -5.1432E+02
0000194   4.7503E+02  1.6817E+02 -4.9661E+01
0000195   4.0406E+02 -6.4194E+01  1.6787E+02
0000197   5.8628E+02  1.5772E+01 -3.5403E+02
0000198   2.7548E+02 -6.8939E+01  1.7384E+01
0000199   6.4372E+02 -5.4319E+01  2.9026E+02
0000200   1.8696E+02  1.8633E+02  7.7540E+01
0000202   4.1986E+02 -1.3051E+02 -1.5814E+02
0000203   2.6617E+02 -1.8557E+02 -1.3838E+02
0000204   1.5595E+02 -1.4877E+02 -1.6651E+01
0000205   1.8787E+02  1.0969E+02 -1.1547E+02
0000206   1.8087E+02 -6.6987E+01  4.5936E+01
0000207   1.9766E+02  8.5422E+01  2.9306E+02
0000208   1.7145E+02 -1.8541E+02 -9.3681E+00
0000209   2.4758E+02  1.6871E+02  1.8146E+02
0000210   3.6415E+02 -1.9070E+02  2.9073E+02
0000211   6.4046E+02 -2.9467E+02  7.4085E+01
0000212   5.4423E+01  4.2657E+01 -2.4438E+02
0000213   2.6329E+02 -6.6777E+00  7.5974E+01
0000214   1.8260E+02  4.0698E+02  3.7764E+01
0000215   3.9916E+02 -3.2684E+02 -2.2846E+02
0000216   9.9438E+01 -1.6622E+02  1.4806E+02
0000217   4.5060E+02 -1.1614E+02  1.8074E+02
0000218   7.0309E+02 -2.6839E+02  4.0956E+02
0000219   3.2647E+02  4.1164E+02  1.0178E+02
0000220   4.3131E+02  4.2190E+01  2.6490E+02
0000221   1.3828E+02 -9.6410E+00 -2.5212E+01
0000222   5.0982E+02 -2.4157E+02 -8.2573E+01
0000223   6.1341E+02  7.8681E+01  1.5021E+02
0000224   5.3973E+02  1.8990E+02  1.2617E+01
0000225   3.5188E+02  2.3105E+02 -1.6925E+01
0000226   5.5288E+02  9.3186E+01 -3.3474E+02
0000227   4.5745E+02 -4.5591E+02  2.7000E+02
0000228   1.3674E+02  3.6668E+01  1.8514E+02
0000230   3.8606E+02  4.7014E+01  2.0320E+02
0000231   6.2562E+02 -7.1245E+01  2.5173E+02
0000232   5.0804E+02 -1.9629E+02  1.5384E+00
0000233   6.1686E+02 -1.5397E+02  1.4328E+02
0000234   2.9497E+02 -3.6755E+02  4.1778E+01
0000235   3.8936E+02 -8.0008E+01 -6.9959E+01
0000236   7.3214E+01  1.0458E+02 -3.1601E+01
0000237   5.4313E+02  7.6032E+01 -6.4241E+00
0000238   3.5995E+02 -2.7140E+02  1.0994E+02
0000240   2.2256E+02 -9.7383E+01  2.2241E+02
0000241   2.2085E+02  2.2007E+02 -9.5282E+01
0000242   1.5385E+02 -9.7905E+01 -1.0106E+02
0000243   1.5153E+02 -3.5181E+01  3.7923E+01
0000244   5.9120E+02  2.6635E+02 -1.5556E+02
0000245   2.8687E+02 -1.1987E+01  1.2467E+02
0000246   8.2616E+01  8.0685E+01 -3.0705E+02
0000247   5.5309E+02 -2.2837E+02 -1.3836E+02
0000248   1.9423E+02  1.2678E+02  2.5088E+01
0000249   4.0766E+02  3.0290E+01  9.3332E+01
0000250   3.2930E+02 -1.1194E+02  2.9639E+02
0000251   3.0099E+02  9.1882E+00  5.1090E+02
0000252   2.7410E+01 -1.3307E+02  2.0223E+01
0000253   4.2485E+02 -5.3886E+01  7.5972E+01
0000254   4.9648E+02 -6.3690E+01  1.0294E+02
0000255   3.8789E+02 -2.1643E+02 -1.2286E+02
0000257   2.7654E+02 -3.3193E+02  2.4051E+02
0000258   1.3495E+02  4.0510E+01  2.1493E+02
0000259   6.6601E+02 -1.0308E+01  1.8113E+02
0000260   5.1224E+02 -7.7066E+01 -2.6550E+01
0000261   5.1213E+02 -9.2726E+01  3.5064E+02
0000262   2.9477E+02  1.0611E+02  1.1996E+01
0000263   2.8741E+02 -3.1557E+01 -3.0757E+02
0000264   5.6472E+02 -1.8605E+02 -1.2684E+02
0000265   4.2872E+02 -2.0855E+01  7.1925E+01
0000266   3.1207E+02  1.9550E+02 -3.5191E+01
0000267   3.3940E+02  1.8512E+02 -5.0294E+01
0000268   2.4212E+02  3.6745E+02 -4.7116E+02
0000269   4.1438E+02  1.6585E+02  3.8393E+02
0000270   5.8296E+02  8.4034E+01  1.0864E+02
0000271   4.2546E+02 -1.2107E+02  2.2984E+02
0000272   4.2127E+02 -2.6858E+02 -5.2550E+02
0000273   3.3936E+02  4.5487E+02  9.1336E+01
0000274   5.4167E+02  3.5541E+02 -1.9526E+01
0000275   5.1883E+02  1.8239E+02 -1.5625E+02
0000276   1.2836E+02 -2.1317E+02 -1.0831E+02
0000277   4.2188E+02  1.1075E+02  4.7123E+01
0000278   2.6439E+02  3.9733E+01  3.5960E+02
0000279   1.5501E+02  2.5247E+02 -4.6513E+02
0000280   6.3938E+02  2.8801E+02 -4.8470E+01
0000281   1.8711E+02 -2.6995E+02 -8.3266E+01
0000282   8.4380E+02  1.4287E+02  3.9131E+01
0000283   4.8119E+02 -3.9434E+01 -3.5520E+02
0000284   6.0804E+02 -1.1340E+02  8.3226E+01
0000285   3.8051E+02 -7.9386E+01  2.3574E+02
0000286   1.6269E+02 -1.9223E+02 -1.1079E+02
0000287   4.3543E+02  9.2668E+01 -9.0240E+01
0000288   6.3938E+02 -1.2973E+02 -1.0281E+01
0000289   6.6149E+02  1.3572E+02  7.8063E+01
0000290   7.4641E+02 -3.0899E+02 -3.9017E+02
0000291   7.7846E+02 -8.2835E+01  9.0765E+01
0000292   5.5950E+02  1.7931E+02  5.6274E+01
0000294   6.8383E+02  4.1420E+02 -2.2383E+02
0000295   2.8839E+02 -1.2137E+02  4.3088E+01
0000296   1.9606E+01  1.4522E+02  1.7037E+02
0000297   2.2548E+02  2.5688E+02 -5.0660E+01
0000298   1.8006E+02 -3.6833E+02  8.2402E+01
0000299   4.6724E+02 -3.7340E+02  1.3501E+02
0000300   6.6133E+02  1.2014E+02 -5.4670E+01
0000301   3.4183E+02 -3.9950E+02 -2.8582E+02
0000302   5.0590E+02  3.5991E+01 -2.8872E+02
0000303   1.5476E+02  3.3565E+02 -3.0599E+02
0000304   3.6362E+02  8.6849E-01 -9.9344E+01
0000305   3.7566E+02  5.4542E+00  9.2972E+00
0000306   5.5726E+02 -2.3898E+01 -2.7710E+02
0000307   5.3222E+02  1.2305E+02  1.6926E+02
0000308   4.5026E+02 -1.0985E+02  3.5135E+02
0000309   4.3484E+02 -1.7528E+02  1.0676E+02
0000310   1.6427E+02 -8.7510E+01 -7.4866E-01
0000311   4.0504E+02  3.5255E+02 -3.5445E+02
0000312   4.7025E+02 -9.6787E+01  1.8206E+01
0000313   4.7235E+02 -1.6336E+02  1.7656E+02
0000314   4.9995E+02  2.2835E+01  8.7463E+01
0000315   2.0252E+02 -1.3738E+02 -2.0255E+02
0000316   5.6847E+02 -7.9344E+01  3.4901E+02
0000317   3.2000E+01 -6.8300E+01  4.3574E+02
0000318   6.3154E+02 -3.0290E+02 -4.2788E+02
0000319   3.3663E+02 -1.0155E+02  2.8802E+01
0000320   3.1081E+02  4.2506E+02 -3.3517E+02
0000321   6.9942E+02 -6.1143E+01 -3.4831E+01
0000322   1.2589E+02  1.0673E+02 -3.8007E+02
0000323   1.4636E+02  8.2965E+01  1.5064E+02
0000324   2.9649E+02 -3.2205E+02  1.0655E+02
0000325   3.1177E+02  2.7249E+02 -1.2275E+02
0000326   3.5480E+02 -7.4590E+01 -1.4141E+02
0000327   5.5685E+02  7.1731E+01  3.5585E+02
0000328   1.4317E+02 -2.2084E+01 -2.7001E+01
0000329   2.8446E+02 -2.7468E+02 -2.1456E+02
0000330   3.1521E+02  1.5323E+02 -2.5331E+02
0000331   4.6009E+02  4.3956E+02  2.1089E+02
0000333   5.1394E+02  2.0162E+02 -1.4927E+02
0000334   2.9975E+02 -1.9521E+02  9.0933E+01
0000335   3.3088E+02  1.6525E+01 -8.9879E+01
0000336   1.4149E+02 -6.3522E+01  6.2154E+01
0000337   2.5518E+02  1.0369E+02  1.7102E+02
0000338   2.9243E+02 -8.5824E+01 -1.4646E+01
0000339   4.6123E+02 -1.0441E+01 -1.8562E+02
0000340   5.1239E+02  5.7989E+02  3.3003E+02
0000341   3.4348E+02 -2.4315E+02 -5.2255E+01
0000343   3.8357E+02  4.0169E+02 -2.1510E+02
0000344   5.3374E+02 -4.0986E+02 -1.0448E+02
0000345   1.2080E+02 -1.8684E+02 -2.9785E+01
0000346   1.3404E+02 -3.8820E+02  1.2395E+02
0000347   5.0074E+02 -2.3441E+02 -3.5415E+02
0000348   3.6115E+02  3.9636E+01  3.4012E+02
0000349   2.8729E+02 -6.7928E+01  2.3293E+02
0000350   4.3896E+02 -1.4960E+01 -1.3349E+02
0000351   6.7560E+02  2.9571E+02 -4.8186E+01
0000352   1.6571E+02  8.5210E+01 -4.5524E+02
0000353   3.6095E+02  7.2858E+01  1.1339E+02
0000354   2.5416E+02 -2.0852E+02  2.7884E+01
0000355   7.1042E+02 -1.6565E+02  2.8083E+02
0000356   2.3236E+02 -3.1179E+02  8.6061E+01
0000357   3.9061E+02  9.5125E+01 -1.1635E+02
0000358   2.1965E+02 -8.9831E+01  2.0867E+02
0000359   2.3410E+02 -2.0583E+02  1.5064E+02
0000360   3.7463E+02  1.8439E+02 -2.0288E+02
0000361   6.0485E+02 -9.5369E+01 -2.2112E+02
0000362   2.2689E+02 -8.5754E+01  1.1228E+02
0000363   5.4157E+02  1.2253E+02  1.8841E+02
0000364   3.3553E+02 -1.9655E+02 -3.8469E+01
0000365   1.2758E+02  5.3596E+01  1.8766E+02
0000366   7.9263E+02  1.3851E+02  8.3551E+01
0000367   2.4451E+02  1.0081E+02  1.6684E+02
0000368   3.7468E+02 -2.4736E+02  2.3578E+01
0000369   8.1462E+01 -1.3250E+02 -1.3402E+02
0000370   5.2587E+02 -1.9550E+01  4.2113E+02
0000371   3.1470E+02 -1.4287E+02  1.3411E+02
0000373   5.1203E+02  7.7328E+01  6.6616E+01
0000374   5.0316E+02 -1.5445E+02  5.9023E+01
0000375   5.2184E+02  1.1290E+02 -1.3264E+02
0000376   3.6592E+02  7.9021E+01 -5.1051E+02
0000377   1.8011E+02  9.6806E+01  5.4224E+02
0000378   3.7978E+02  2.4612E+02 -6.2708E+01
0000379   2.4729E+02  2.5609E+02  1.8307E+02
0000380   6.4293E+02 -1.8952E+01  1.6838E+02
0000381   4.3723E+02 -5.4301E+00  1.1006E+02
0000382   3.3717E+02 -9.7622E+01  2.0953E+02
0000383   2.2248E+02  1.8738E+01  2.0570E+02
0000384   6.1182E+02  2.7011E+00  4.6065E+01
0000385   1.4457E+02 -9.7081E+01  1.4106E+01
0000386   4.8923E+02  1.4449E+02  3.2356E+01
0000387   7.8409E+01 -6.1837E+01 -5.6367E+02
0000388   2.3409E+02 -3.0237E+02  6.4960E+01
0000389   8.6328E+02 -7.1256E+01 -3.3626E+01
0000390   4.6584E+02  3.5799E+02  2.9652E+01
0000391   1.5649E+02  8.9678E+01  2.2813E+02
0000392   4.9834E+02  1.7126E+02  1.4277E+02
0000393   6.3616E+02  8.6382E+01 -2.1986E+02
0000394   3.2927E+02 -9.2990E+01  2.9416E+02
0000395   1.3410E+02 -1.6416E+01 -5.2749E+01
0000396   4.2385E+02  7.4521E+01 -6.5511E+01
0000397   1.2185E+02  4.9554E+01 -8.8229E+01
0000398   4.1478E+02 -2.9742E+02 -4.7829E+00
0000399   5.6018E+02 -1.7026E+02 -3.7062E+01
0000400   3.8137E+02  1.1311E+01 -2.2564E+02
0000401   4.7797E+02 -5.0356E+02  1.9412E+02
0000402   5.6748E+02 -1.6113E+02  9.4875E+00
0000403   5.5066E+02  1.5986E+02 -8.7381E+01
0000404   6.8089E+02 -6.8465E+01  3.0759E+01
0000405   2.7070E+02  2.2880E+02  5.5249E+01
0000406   1.4724E+02 -3.0280E+02 -3.0919E+00
0000407   7.7201E+02 -1.2071E+02 -1.3098E+02
0000408   1.5974E+02 -5.5469E+01 -1.0886E+02
0000409   3.7777E+02 -7.8892E+01  5.0953E+01
0000410   5.0483E+02 -1.1922E+02  5.2010E+01
0000411   2.2295E+02 -3.2957E+02 -1.7946E+01
0000412   6.1056E+02  2.2538E+02  6.3683E+01
0000414   2.5527E+02 -1.1619E+02 -1.9645E+02
0000415   4.9134E+02  2.8226E+02 -5.3427E+01
0000416   7.2752E+02  5.1263E+02 -8.3869E+01
0000417   5.2452E+02 -2.0979E+02  1.9077E+02
0000418   2.6424E+02 -2.5084E+01 -4.1240E+01
0000419   9.2815E+02  3.7188E+02  1.4514E+02
0000420   3.2261E+02  5.6598E+02  1.2321E+02
0000421   5.5007E+02 -2.9274E+02  2.7629E+02
0000422   2.8149E+02 -2.5026E+01 -2.2745E+02
0000423   2.4090E+02 -3.3690E+02 -4.6254E+01
0000424   1.5511E+02 -3.4332E+02 -1.4406E+01
0000425   2.1328E+02  2.2840E+02 -1.4703E+02
0000426   6.2106E+01  4.0236E+02 -3.4607E+02
0000427   1.5756E+02 -7.5749E+01 -8.0791E+01
0000428   5.0424E+02  9.7868E+01 -4.9302E+01
0000429   7.7696E+02  5.8600E+01 -3.5947E+01
0000430   4.4399E+02  1.6025E+01  2.6897E+02
0000431   5.7076E+02 -3.3613E+02  9.7660E+01
0000432   7.1893E+02 -2.9231E+02  1.2671E+02
0000433   5.2592E+02 -2.6466E+02 -1.4959E+02
0000434   9.8600E+01 -6.7779E+01 -2.1117E+02
0000436   2.9767E+02  4.1359E+01  5.5425E+02
0000437   5.2411E+02  1.7031E+02  1.6047E+02
0000438   2.8170E+02  1.7939E+02 -3.2315E+01
0000439   6.9311E+02 -1.4072E+02  8.6386E+01
0000440   2.9336E+02 -2.8341E+02 -2.1906E+02
0000441   2.8151E+02  3.2253E+02 -4.5821E+01
0000442   2.7323E+02  2.3773E+02 -2.2852E+02
0000443   2.3655E+02  1.4961E+02 -1.1106E+02
0000444   2.2428E+02 -1.0164E+02  2.7865E+02
0000445   4.9046E+02  2.7036E+02  2.9825E+01
0000446   2.4131E+02 -3.3643E+02 -3.8189E+01
0000447   2.4911E+02 -1.0517E+02 -1.1871E+02
0000448   1.8734E+02  1.4035E+01  2.7376E+02
0000450   7.3179E+02 -3.2612E+02  7.9949E+01
0000451   2.0255E+02  1.9020E+02 -2.7383E+02
0000452   7.3763E+02 -1.0495E+02  1.5575E+02
0000453   1.5212E+02 -1.1280E+02  2.2610E+02
0000454   2.0200E+02  1.7292E+02  5.5537E+01
0000455   4.3469E+02  2.7075E+02  3.3681E+01
0000456   5.3905E+02  5.6124E+01 -3.8891E+01
0000457   9.6661E+02 -2.5711E+02 -9.4824E+01
0000458   1.0035E+02  7.1131E+01 -5.8248E+02
0000459   2.7034E+02 -9.0747E+01 -9.2831E+01
0000460   5.8920E+02  4.2016E+02  8.4772E+01
0000461   4.1338E+02 -1.6763E+02 -1.2503E+02
0000462   5.3418E+02 -2.5810E+02  1.1068E+02
0000463   8.1194E+02 -1.4139E+02  8.6537E+01
0000464   3.9497E+02 -2.4390E+02 -3.4073E+01
0000465   6.7597E+02  4.6658E+02  5.6759E+01
0000466   6.1367E+02  2.0735E+02 -5.0437E+01
0000467   4.0249E+02 -1.1456E+02  8.1861E+01
0000468   3.9464E+02  8.6756E+01 -1.6612E+01
0000469   3.6240E+02 -3.5525E+02 -7.8976E+01
0000470   3.4798E+02  2.6773E+02  2.5568E+02
0000471   2.1239E+02  4.8463E+01 -2.5219E+02
0000472   1.9734E+02 -6.5025E+01  4.4043E+01
0000473   3.6637E+02 -2.3689E+02  1.4772E+02
0000474   1.8390E+02  1.6749E+02  1.8518E+02
0000475   2.5907E+02 -5.9111E+02 -2.3153E+02
0000476   4.1759E+02  2.6888E+02  5.1928E+01
0000477   8.9009E+01  4.3804E+01  4.0477E+02
0000478   4.6514E+02 -9.7127E+01  9.0469E+01
0000479   3.7474E+02 -4.4789E+02  2.1981E+02
0000480   5.1872E+02  2.1933E+02 -1.4358E+02
0000481   1.1054E+02  4.7379E+01  5.4545E+01
0000482   1.5481E+02 -2.1376E+01 -1.0636E+02
0000483   6.4438E+02  2.1657E+02 -2.8547E+02
0000484   6.3549E+02 -2.8324E+02  2.3969E+00
0000485   9.7249E+01  1.2758E+02  4.9947E+02
0000486   2.2634E+02  2.2675E+02 -5.3974E+01
0000487   4.4915E+02 -4.9159E+02  9.8847E+01
0000488   3.9745E+02 -3.0006E+02  4.5337E+01
0000489   5.6761E+02  6.4730E+01  4.0926E+02
0000490   5.9511E+01 -3.0433E+02  1.6913E+02
0000491   5.1347E+02 -5.4747E+02  1.9959E+02
0000492   4.1801E+02  2.3724E+02 -1.0755E+02
0000493   1.9414E+02  1.6564E+02  6.9676E+01
0000494   4.4791E+02 -1.5340E+02 -1.0865E+02
0000495   2.7060E+02 -1.4293E+02 -2.4723E+02
0000496   3.6192E+02  3.3669E+02 -1.4442E+02
0000497   5.4776E+02 -1.4535E+02 -5.0502E+02
0000498   3.6813E+02 -2.9583E+02  5.8883E+01
0000499   6.2658E+02  2.6819E+02  5.6706E+01
0000500   4.6867E+02  6.2039E+02 -3.1180E+02
0000501   1.9052E+02 -1.8359E+02 -4.4876E+01
0000502   4.2393E+02  1.1630E+02  3.4553E+02
0000503   3.8035E+02  3.9561E+01 -1.1603E+01
0000504   5.2265E+02 -6.4346E+01  5.5558E+02
0000505   1.9136E+02 -6.0954E+01 -2.7161E+02
0000506   6.0512E+02 -1.8277E+02 -5.9639E+01
0000508   7.5907E+02  7.2334E+01  2.5073E+01
0000509   6.7580E+02 -2.2766E+01 -3.1081E+00
0000510   3.4434E+02 -1.5182E+02  5.7539E+00
0000511   5.0703E+02 -9.0546E+01  1.2705E+02
0000512   5.3947E+02  2.8416E+02 -2.8059E+01
0000513   5.7648E+01 -1.9745E+02  2.1929E+02
0000515   5.8214E+02 -1.8833E+02  4.2273E+02
0000516   1.7371E+02  1.9708E+02 -1.2566E+01
0000517   5.1802E+02 -3.2192E+01  2.8291E+02
0000518   4.5723E+02 -1.0263E+02  1.0257E+00
0000519   1.2885E+02 -1.1202E+02  3.5458E+02
0000520   3.6803E+02  4.4552E+01  1.9933E+02
0000521   7.1217E+02  1.5996E+02 -2.6084E+02
0000522   5.9634E+02  1.1696E+02 -6.7558E+01
0000523   5.7749E+02 -1.9766E+01  2.0128E+02
0000524   1.6737E+02  2.9124E+01 -5.4361E+01
0000525   5.1101E+01 -2.2697E+02 -1.5486E+02
0000526   8.2283E+01 -5.5289E+02  8.5311E+01
0000527   1.6902E+02  1.4945E+02  2.8084E+02
0000528   5.2238E+02  1.4713E+02 -1.0882E+02
0000529   2.3548E+02  2.7861E+02  1.5810E+02
0000530   4.4370E+02  2.3036E+02 -3.9206E+02
0000531   4.3795E+02 -2.8495E+02 -1.7072E+02
0000532   3.1775E+02  6.8257E+01 -1.9012E+02
0000533   3.7512E+02 -2.1892E+02 -9.0074E+01
0000534   3.0995E+02  3.7829E+02 -6.9926E+01
0000535   4.1833E+02 -2.3140E+02 -4.2173E+01
0000536   1.5647E+02 -2.1265E+00  4.8768E+01
0000537   4.3372E+02  9.4168E+00  3.0408E+02
0000538   5.9417E+02  3.2379E+02 -3.4560E+02
0000539   2.4498E+02 -3.0502E+02  4.5002E+02
0000540   2.8494E+01  1.7352E+02 -1.7104E+02
0000541   3.8098E+02  1.0244E+02 -3.3881E+01
0000542   6.5056E+02  6.1171E-01 -2.7398E+01
0000543   6.6875E+02  3.3601E+00  2.1234E+02
0000544   3.4307E+02  5.1763E+01 -2.3916E+02
0000545   1.4148E+02 -5.9484E+01 -2.7909E+02
0000546   5.1180E+02  2.7087E+02  1.6453E+02
0000547   1.3191E+02  1.1334E+02 -1.3215E+02
0000548   6.5997E+02  1.5521E+02 -2.7918E+01
0000549   6.3514E+02  7.7778E+01 -2.4337E+02
0000550   4.5264E+02  3.0899E+02  4.3780E+01
0000551   5.2436E+02  2.8221E+01  2.9286E+02
0000552   3.6248E+02 -4.1741E+01 -1.6010E+02
0000553   1.7824E+02  2.0541E+02 -5.7575E+01
0000554   4.7048E+02  4.1963E+02 -2.7829E+02
0000555   4.9915E+02 -6.6559E+01  3.6175E+02
0000556   1.8335E+01  4.4472E+02 -8.8272E+01
0000557   1.9844E+02 -6.9185E+01 -2.6793E+02
0000558   5.1342E+02 -4.0956E+02 -2.1657E+02
0000559   3.7860E+02 -1.5515E+02 -7.2122E+01
0000560   1.2964E+02 -2.7813E+02 -1.1260E+02
0000561   6.5992E+02 -7.5736E+01  2.4042E+02
0000562   4.4419E+02 -1.6588E+02 -1.2306E+02
0000563   2.4858E+02 -3.4750E+02  1.0138E+02
0000564   5.8725E+02  1.1975E+02  4.9773E+02
0000565   2.9918E+02  2.5594E+02 -5.3485E+01
0000566   1.2964E+02  2.1576E+02 -1.0520E+02
0000567   1.1205E+02 -6.4613E+01 -3.5786E+02
0000568   6.1647E+01  5.5110E+02  4.3600E+02
0000569   4.5892E+02 -7.4476E+01 -1.7409E+02
0000570   3.6463E+02  2.6146E+01  4.3976E+01
0000571   5.4928E+02 -6.1567E+01 -1.0739E+02
0000572   4.5622E+02 -4.3396E+02 -1.5755E+02
0000573   6.4880E+02 -1.5021E+02  2.0480E+01
0000574   1.7992E+02  4.3654E+02  3.0061E+01
0000575   4.1290E+02 -1.3783E+02 -6.9216E+01
0000576   4.2555E+02  1.3051E+01 -1.1630E+02
0000577   5.5714E+02 -5.0009E+00  2.7369E+02
0000578   1.4869E+02 -2.2258E+02 -6.8745E+02
0000579   2.2299E+02  3.0918E+02 -5.5730E+02
0000580   7.6682E+02 -8.1274E+01  2.1919E+02
0000581   1.5512E+02  8.5003E+01  3.3080E+02
0000582   2.0385E+02  7.2375E+01  1.2258E+02
0000583   4.2316E+02  3.7015E+02 -4.7683E+02
0000584   2.9434E+02  8.8658E+01  3.0891E+01
0000585   4.2321E+02  3.4744E+02 -4.9962E+02
0000586   6.8209E+02  3.4625E+01 -1.3346E+02
0000587   4.1703E+02 -1.8048E+02  4.2450E+01
0000588   5.2182E+02  3.2881E+02 -1.0651E+02
0000589   2.5549E+02  1.6118E+02 -4.3258E+02
0000590   8.5530E+02  3.4781E+02  3.2185E+01
0000591   6.3770E+02  2.0957E+02 -2.7719E+01
0000592   6.0653E+02 -2.2582E+02 -1.7030E+02
0000593   5.3997E+02 -8.3725E+01  7.6096E+01
0000594   3.8111E+02 -3.0987E+01  4.2102E+01
0000595   2.0447E+02  3.6412E+02  1.3986E+02
0000596   4.3482E+02  1.5989E+02  4.8931E+02
0000597   4.6064E+02  1.0782E+00  2.4785E+02
0000598   4.4560E+02  1.0293E+02 -6.2023E+02
0000599   6.2283E+02  4.6558E+02 -3.7191E+02
0000600   1.4899E+02 -1.7165E+02 -2.1707E+02
0000601   5.1400E+02 -1.5427E+02 -4.7808E+01
0000602   6.2446E+02 -2.9458E+02  2.8498E+02
0000603   4.3116E+02 -2.3211E+01 -1.7222E+02
0000604   8.5099E+02 -1.5689E+02 -5.1633E+02
0000605   5.7895E+02  8.5803E+01  3.5627E+01
0000606   2.1332E+02 -7.2715E+01 -1.6433E+02
0000607   4.8261E+02  2.3293E+01  4.6732E+01
0000608   2.6157E+02  2.6227E+02  9.5160E+01
0000609   3.4134E+02  2.2592E+02  1.2086E+02
0000611   5.8050E+02 -1.7697E+02  1.4081E+00
0000612   8.5137E+02 -4.8921E+01 -2.6436E+02
0000613   5.6377E+02 -2.9157E+02  5.0727E+01
0000614   3.1777E+02  1.0779E+02 -2.4950E+02
0000615   2.9235E+02  5.4436E+01 -3.7661E+01
0000616   3.2640E+02 -1.1223E+02  3.4051E+02
0000617   1.6933E+02  1.3257E+02  2.7097E+02
0000618   2.6277E+02 -4.5832E+01 -9.9416E+01
0000619   3.8521E+02  3.0429E+01  9.0926E+01
0000620   5.2853E+02 -3.6398E+02  6.3577E+02
0000621   6.6366E+02 -5.7438E+01  2.1356E+02
0000622   2.6482E+02 -1.6427E+02  3.7020E+02
0000623   7.9310E+01 -2.0005E+01 -4.5235E+01
0000624   4.8396E+02  3.2327E+02  9.2294E+01
0000625   3.4559E+02  2.0902E+02  9.4164E+01
0000626   3.1124E+02  2.9596E+02  1.0420E+02
0000627   2.2357E+02  3.7336E+02 -1.2312E+02
0000628   3.4183E+02 -1.8702E+02 -1.4510E+02
0000629   3.0632E+02  2.8406E+02 -6.1261E+01
0000630   6.1097E+02 -1.4469E+02  8.4951E+01
0000631   4.2370E+02  8.6222E+01 -2.5178E+02
0000632   1.0825E+02  2.1833E+02 -4.1485E+02
0000633   4.1762E+02 -2.7252E+02  5.8692E+01
0000634   1.1185E+02  2.6476E+02  5.5827E+00
0000635   1.9422E+02 -1.9798E+02 -2.2814E+02
0000636   2.8599E+02  1.7903E+02  1.8764E+02
0000637   4.9051E+02  4.4023E+02 -2.4576E+02
0000638   5.9857E+02 -2.2097E+02  2.8673E+02
0000639   1.0684E+02 -2.5963E+02  3.8093E+02
0000640   4.0086E+02  1.5247E+02 -1.8023E+02
0000641   5.2808E+02 -2.5347E+02 -8.3780E+01
0000642   6.6457E+02 -3.4267E+02  7.2452E+01
0000643   6.0109E+02  5.3298E+02 -9.3600E+01
0000644   4.4834E+02  2.9511E+02  2.7497E+01
0000645   3.3498E+02  3.0936E+01  6.1050E+01
0000647   6.2311E+02  1.1959E+02 -1.6986E+02
0000648   4.7571E+02  1.3585E+02 -4.1877E+02
0000649   4.6173E+02 -8.9687E+01 -1.8062E+02
0000650   2.5862E+02  3.8995E+02 -1.5159E+01
0000652   7.2559E+02  3.8048E+02  4.7564E+01
0000653   6.5342E+02 -1.3561E+01  1.6122E+02
0000654   3.8058E+02  5.8111E+01  2.5867E+02
0000655   7.9806E+01  2.2690E+01 -5.2961E+01
0000656   6.2277E+02 -1.5837E+02  3.9523E+02
0000657   5.3418E+02  3.1940E+02 -5.0468E+01
0000658   3.3559E+02 -3.0579E+02  5.6787E+02
0000659   4.0659E+02  1.8742E+01  6.5604E+01
0000660   2.0011E+02  2.1160E+02  8.2457E+01
0000661   2.3872E+02 -2.1883E+01 -2.0858E+02
0000662   2.1886E+02 -2.8983E+02  1.9951E+02
0000663   3.4179E+02 -1.1862E+02  4.3370E+01
0000664   1.8173E+02 -6.0688E+01  1.0984E+02
0000665   4.8296E+02 -3.3546E+02  9.0796E+01
0000666   3.7127E+02 -2.2370E+02  9.4204E+01
0000667   7.3644E+02  2.3747E+02  4.3002E+01
0000668   8.2217E+02 -4.3753E+00 -3.6367E+02
0000669   3.6940E+02  9.8652E+01  4.4179E+02
0000670   5.2669E+02  3.9223E+02 -7.0282E+01
0000671   3.5897E+02  4.9364E+02 -2.4346E+02
0000672   3.0361E+02 -2.2120E+01 -2.3404E+02
0000673   2.0381E+02 -4.3457E+02 -9.1897E+01
0000674   8.0660E+01  3.3356E+02  2.4360E+01
0000675   3.9194E+02  3.3525E+02  1.0409E+02
0000676   2.6530E+02 -8.6278E+01  9.3334E+01
0000677   4.9795E+02 -4.8675E+01  1.5223E+02
0000678   3.9150E+02  2.5400E+02  6.0932E+01
0000679   4.7665E+02 -3.0165E+02  2.8849E+02
0000680   3.1812E+02  1.7218E+02  9.9283E+01
0000681   3.3237E+02  1.0767E+02 -2.4995E+02
0000682   3.9895E+02  1.4945E+02  1.1059E+02
0000683   2.7954E+02  3.3823E+01 -1.4259E+02
0000684   3.8632E+02 -3.6356E+01  1.4532E+02
0000685   3.6444E+02 -1.8621E+02  6.5358E+01
0000686   4.2765E+02 -3.2085E+02  1.4248E+02
0000687   8.8214E+02  2.5513E+02  3.3723E+02
0000688   3.3999E+02  4.8911E+00  1.6155E+02
0000689   3.4163E+02 -1.4557E+02 -1.9799E+02
0000690   6.5719E+02  1.0276E+02  1.8501E+01
0000691   3.4276E+02 -1.0403E+02 -1.2123E+02
0000692   6.4321E+02 -4.1117E+02  1.3347E+02
0000694   1.7136E+02  1.5566E+02  3.6937E+02
0000695   6.7549E+02  2.5826E+02  1.4637E+02
0000696   6.6323E+02 -5.1805E+02 -2.3060E+02
0000697   1.8526E+02 -5.8367E+01 -1.8859E+01
0000698   5.0410E+02 -1.9861E+02 -3.4578E+01
0000699   3.7819E+02  3.0012E+02  4.8814E+02
0000700   5.0953E+02  1.4237E+02 -1.2819E+02
0000701   3.5663E+02 -7.4100E+01  4.8357E+02
0000702   5.6649E+02  2.9608E+02  1.5425E+02
0000704   4.9007E+02  1.8425E+02  8.7544E+00
0000705   4.0430E+02 -2.3249E+02  1.4037E+02
0000706   3.0445E+02  2.1544E+02 -2.5501E+02
0000707   7.8861E+02  3.1648E+02 -5.0588E+01
0000708   3.2893E+02 -1.6072E+02  2.6057E+02
0000709   4.5617E+02 -1.7922E+02  1.1475E+02
0000710   3.3903E+02  1.3876E+02 -1.1658E+02
0000711   1.9480E+02 -5.8317E+00 -1.1833E+02
0000712   3.4908E+02  3.9410E+02 -2.9097E+02
0000713   4.9107E+02 -1.4909E+02  4.9931E+01
0000714   5.2390E+02  4.6746E+01 -3.1728E+02
0000715   3.9307E+02  3.3692E+02 -2.3479E+01
0000716   2.4121E+02 -7.8223E+01 -1.6670E+02
0000717   5.6245E+02 -1.1148E+02 -4.6281E+02
0000718   3.4619E+02 -4.9493E+02 -1.1136E+01
0000719   5.5681E+02  1.0323E+02  3.0582E+02
0000720   1.1106E+02 -3.9625E+01  2.4155E+02
0000721   1.4143E+02 -1.7360E+02  1.1031E+02
0000722   2.3730E+02  1.4603E+02 -3.3542E+00
0000723   2.5699E+02 -3.5142E+02  2.2024E+02
0000724   3.7476E+02  3.2629E+02 -8.7944E+01
0000725   6.5294E+02  1.3270E+02 -9.4527E+01
0000726   4.0467E+02 -4.4416E+02 -1.6986E+02
0000727   3.1498E+02  1.9874E+02 -1.6887E+02
0000728   6.5334E+02  3.1987E+02  2.5952E+02
0000729   2.5722E+02  4.5929E+02 -2.8227E+02
0000730   6.5587E+02  2.7342E+01  2.1147E+02
0000731   2.4201E+02  3.2820E+01 -1.3776E+01
0000732   1.7501E+02 -7.4052E+01  2.2709E+02
0000733   2.7088E+02  1.5959E+02  3.2766E+02
0000734   5.0006E+02 -3.6416E+02 -2.1495E+02
0000735   2.7747E+02 -1.7780E+01 -1.6708E+02
0000736   3.2766E+02  2.6834E+02 -2.6869E+02
0000737   1.9426E+02  5.2846E+01  1.4381E+02
0000738   2.9439E+02 -1.4235E+02  7.8539E-01
0000739   4.9354E+02 -1.2943E+02 -4.4363E+02
0000740   6.4435E+02  3.4128E+01  3.2193E+01
0000741   2.7775E+02 -1.2531E+02  4.1437E+02
0000742   5.3791E+02 -9.6535E+01 -1.5378E+02
0000743   5.7782E+01 -2.1175E+02 -5.6203E+01
0000744   3.5116E+02 -1.1834E+02 -8.2636E+01
0000745   1.3108E+02 -2.9506E+02 -4.8886E+01
0000746   3.6202E+02 -7.6983E+01 -1.2489E+02
0000747   4.9015E+02  3.2533E+02 -1.7479E+02
0000748   4.2693E+02  2.3190E+02  3.4536E+02
0000749   2.5526E+02 -3.1767E+02 -1.2187E+02
0000750   6.7520E+02 -1.2021E+02  2.3663E+02
0000751   6.9680E+02  7.0103E+01  4.2054E+02
0000752   6.7905E+02  2.5004E+02 -2.5600E+02
0000753   3.1942E+02 -3.6729E+01  1.5708E+02
0000754   7.0519E+02  9.2564E+01  6.1381E+01
0000755   1.7166E+02 -2.4461E+02  1.3243E+00
0000756   8.4523E+02  2.2736E+02  7.3111E+01
0000757   5.1263E+02  4.2549E+01 -2.9500E+02
0000758   1.1046E+02  5.2697E+01  1.1487E+02
0000759   2.4039E+02  1.5522E+02  7.7562E-01
0000760   1.9180E+02  1.9711E+02  2.7676E+01
0000761   4.1778E+02 -1.0758E+02  3.5902E+02
0000762   2.7872E+02  1.8334E+02 -1.9122E+02
0000763   1.7620E+02 -3.3276E+02  1.4645E+02
0000764   1.6486E+02  5.7771E+01 -3.5960E+01
0000765   3.5370E+02  2.7292E+02  4.0635E+02
0000766   6.1475E+02  2.4425E+02  1.0064E+02
0000767   4.8979E+02  3.3558E+02  8.1406E+01
0000768   3.6223E+02  1.4704E+02  2.3770E+02
0000769   6.0677E+02 -1.7936E+01  3.5173E+02
0000771   5.7970E+02 -3.8955E+02 -1.4992E+02
0000772   4.4794E+02 -6.3697E+01  3.5071E+01
0000773   2.3505E+02  1.8944E+02 -3.0705E+02
0000774   2.4043E+02 -3.5792E+02  5.8111E+02
0000775   1.1386E+02 -9.3352E+01  2.1993E+02
0000776   3.2502E+02 -4.9104E+01 -8.6125E+01
0000777   4.1905E+02  1.6027E+02 -6.9973E+01
0000779   1.2732E+02 -3.9170E+02  5.5411E+01
0000780   4.3949E+02  5.9997E+02  8.8484E+01
0000781   1.4065E+02  1.0910E+02  2.6907E+02
0000782   8.3806E+02 -1.1512E+02 -2.2161E+02
0000783   5.0784E+02 -1.8246E+02 -2.9127E+02
0000784   3.1672E+02 -3.0842E+02 -2.1363E+02
0000785   1.9666E+02 -3.5942E+02  2.4437E+02
0000786   3.1497E+02 -3.3678E+02  3.9219E+02
0000787   1.5470E+02 -2.2921E+01 -3.8738E+01
0000788   5.3658E+02  2.4597E+02  1.2296E+02
0000789   3.0893E+02  1.3346E+02  3.3509E+02
0000790   4.0133E+02  1.4292E+02 -1.3447E+02
0000791   4.8092E+02  1.4066E+02 -2.4972E+02
0000793   1.9176E+02 -2.3119E+02 -2.9344E+02
0000794   5.3567E+02 -3.6974E+02 -1.0836E+02
0000795   2.5032E+02  8.0768E+01  2.7586E+02
0000796   2.4461E+02 -7.5043E+01  1.0646E+02
0000799   2.0134E+02  4.2199E+01  5.7692E+01
0000800   7.8539E+02  5.9808E+01  3.3569E+01
0000801   4.9647E+02  1.3626E+02  3.7571E+02
0000802   3.8883E+02  1.1426E+02  7.5505E+01
0000803   3.8037E+02 -6.3543E+01 -1.0755E+02
0000804   7.0321E+02  3.0488E+02  7.3142E+01
0000805   5.4896E+02 -1.8302E+02 -3.2338E+02
0000806   5.9510E+02  1.2264E+02  1.5635E+02
0000807   5.4115E+02  9.8324E+01 -1.3279E+02
0000808   5.5509E+02  2.3147E+02 -1.0455E+02
0000809   1.4518E+02 -4.4304E+02 -2.6002E+02
0000810   4.3980E+01 -1.3915E+02 -1.9750E+01
0000811   3.2674E+02 -3.5252E+02  3.7466E+01
0000812   1.0906E+02  1.6898E+01 -2.0279E+02
0000813   5.6378E+02  3.7520E+02  1.0261E+02
0000814   8.2302E+02 -3.4115E+02  2.4007E+01
0000815   6.1934E+02 -1.2482E+02 -1.0573E+02
0000816   1.5476E+02 -6.7503E+01 -5.6115E+01
0000818   5.5968E+02 -3.5152E+02  1.8604E+02
0000820   3.5543E+02  1.2327E+02  5.8111E+01
0000821   3.5834E+02  6.0157E+01 -4.5737E+02
0000822   3.2595E+02 -4.6364E+02  3.3463E+02
0000823   3.4330E+02 -2.9329E+02  2.3079E+02
0000824   8.0519E+02  1.2112E+02  8.5534E-01
0000826   1.6375E+02  3.8149E+01  1.1831E+02
0000827   1.6474E+02 -1.9786E+02  5.1993E+02
0000828   6.9735E+02 -8.0595E+01  4.3445E+02
0000830   3.3427E+02 -1.0950E+02 -9.2483E+01
0000831   3.7639E+02 -6.7151E+01  3.3008E+02
0000832   3.9033E+02  2.2301E+02 -5.0464E+02
0000833   5.5723E+02 -1.1489E+02 -2.8129E+02
0000834   4.3768E+02 -1.7399E+02  1.0669E+01
0000835   5.2241E+02 -1.5489E+02 -2.8345E+02
0000836   1.9056E+02  1.8969E+02  1.5044E+02
0000837   2.8101E+02  9.2098E+01  1.9556E+02
0000838   7.9983E+02  3.2334E+02  2.0643E+02
0000839   1.0213E+01  1.2205E+02  9.5540E+01
0000841   3.5202E+02  1.9654E+02 -3.0716E+02
0000842   1.9250E+02 -1.2502E+02 -4.9114E+02
0000843   6.1446E+02  3.1851E+00 -7.0664E+00
0000844   6.2152E+02 -9.3909E+01 -1.3290E+02
0000845   8.4874E+02  1.0658E+02 -3.1750E+02
0000846   2.1749E+02 -2.5898E+02  2.9756E+02
0000847   3.7845E+02  1.8450E+02 -5.2787E+02
0000848   1.1113E+02 -3.7352E+02  3.3675E+02
0000849   3.1220E+02  4.3776E+02 -2.0008E+02
0000850   2.2758E+02 -2.0415E+02 -2.1882E+02
0000851   7.4655E+02  4.4847E+01 -2.8086E+02
0000852   8.6344E+01  7.4400E+02 -2.7997E+02
0000853   4.2329E+02 -3.7302E+01 -1.8339E+01
0000854   3.7017E+02 -1.9028E+02  3.4314E+02
0000855   3.8265E+02 -2.4313E+02  8.4068E+01
0000856   6.6520E+02  4.5301E+02  1.1765E+02
0000857   1.6998E+02  7.8059E+01  2.9915E+02
0000858   5.7673E+02 -3.4089E+01  1.0673E+02
0000859   4.8740E+02 -9.8189E+01  7.5256E-01
0000860   6.8243E+02 -5.8842E+02  3.9551E+02
0000861   3.6052E+02 -1.8302E+02  1.2609E+02
0000862   1.8493E+02 -2.9788E+02  3.7869E+02
0000863   3.1402E+02 -7.2317E+01 -3.9030E+01
0000864   2.2203E+02 -1.6165E+02  7.3643E+01
0000865   4.9055E+01 -1.1329E+02 -2.2387E+02
0000866   3.4268E+02  1.7282E+01  1.2437E+02
0000867   4.6230E+02 -1.3693E+02  3.0852E+02
0000868   6.0720E+02 -1.2838E+01  1.1261E+02
0000869   2.1432E+02 -1.8275E+02  1.3220E+02
0000870   4.0803E+02  2.2671E+02 -1.0796E+02
0000871   3.7019E+02 -1.3517E+02 -4.5697E+01
0000872   7.2879E+02 -1.3176E+02 -4.5164E+00
0000873   5.6340E+02 -1.1781E+02 -1.9708E+01
0000874   5.0705E+01  1.8838E+01  1.6451E+02
0000875   4.1160E+02  1.9123E+02  4.1542E+02
0000876   5.2142E+02 -1.2108E+02  1.1683E+02
0000877   5.6336E+02 -2.8664E+02 -2.6550E+02
0000878   2.9318E+02  7.3140E+01  1.7102E+02
0000879   2.9173E+02 -3.9533E+01 -7.3785E+01
0000880   3.2705E+02  7.4630E+01 -1.9902E+01
0000881   3.0069E+02 -2.4717E+02  5.4379E+01
0000882   3.7109E+02  6.3571E+01  1.8838E+02
0000883   2.2437E+02  2.2649E+02 -1.8182E+01
0000884   3.1037E+02  1.1014E+02  1.8397E+01
0000885   4.9966E+02  3.4482E+01  7.0443E+01
0000886   2.4176E+02 -1.0643E+02 -1.3642E+02
0000887   6.3981E+02 -1.8295E+02  5.7769E+01
0000889   6.1661E+02 -3.3749E+02 -3.6863E+02
0000890   5.4688E+02  2.4869E+02  4.3930E+01
0000891   4.4862E+02  2.3609E+02 -1.1222E+02
0000892   5.8587E+02 -1.0333E+02  1.7271E+02
0000893   4.8636E+02  3.1986E+02 -2.9408E+01
0000894   6.0857E+02  5.2254E+01 -4.1492E+02
0000895   3.1775E+02  8.5950E-01 -2.6468E+01
0000896   5.3743E+02 -1.2013E+02  2.3030E+02
0000897   2.9828E+02  1.3113E+02 -2.0497E+02
0000898   5.7249E+02  2.4600E+02  7.3178E+01
0000899   4.5467E+02 -1.9560E+02  4.5998E+01
0000900   5.3091E+02  4.1489E+02  3.5142E+02
0000901   3.6417E+02 -4.8331E+01  1.3100E+02
0000902   4.1701E+02  1.6566E+02 -4.6808E+02
0000903   3.5699E+02 -3.8022E+02 -2.4482E-01
0000904   4.4477E+02  1.7706E+02 -2.3707E+02
0000905   5.5951E+02  4.0820E+01 -1.9866E+02
0000906   4.1026E+01 -3.4834E+01  9.1235E+01
0000907   2.0397E+02 -1.8537E+02  4.7907E+02
0000908   1.0362E+02  5.0895E+02  2.9857E+02
0000909   3.8069E+02 -3.8260E+02 -2.1651E+02
0000910   4.4840E+02 -2.8379E+02 -2.0274E+02
0000911   1.8338E+02 -8.8024E+01  6.7437E+01
0000912   4.2140E+02 -1.9791E+02  8.6378E+01
0000913   2.9280E+01  1.6275E+02 -3.6182E+02
0000914   1.5954E+02  2.4568E+02 -4.8262E+01
0000915   6.1991E+01 -5.6746E+01  1.4519E+02
0000916   2.5890E+02 -8.8632E+00 -1.1800E+02
0000917   4.9289E+02 -3.6283E+02  5.4864E+01
0000918   6.1892E+02 -5.7784E+01 -1.2905E+02
0000919   3.5182E+02 -1.4617E+02  2.9371E+02
0000920   2.8882E+02  2.9985E+02 -2.7441E+02
0000921   4.0179E+02  2.1886E+02  2.2368E+02
0000922   5.7109E+02 -9.6745E+01  5.0018E+02
0000923   3.0719E+02  8.2870E+00  1.4342E+02
0000924   3.1055E+02  3.5863E+02 -5.0107E+02
0000925   1.3154E+02  4.1445E+02  3.8595E+02
0000926   8.6564E+01  1.3717E+02 -2.4155E+02
0000927   4.2233E+02  5.8535E+01  1.3722E+02
0000928   2.6391E+02  1.8786E+02 -4.4081E+01
0000929   6.5598E+02 -2.4217E+02 -3.6137E+01
0000930   4.8564E+02 -5.2403E+01 -1.9207E+02
0000931   4.3768E+02 -1.3631E+02  4.3663E+02
0000932   3.7785E+02 -3.7769E+02  2.5957E+02
0000933   3.3406E+02  1.1760E+02 -6.1251E+00
0000934   6.4893E+02  2.2441E+02 -1.8241E+02
0000935   4.1061E+02  3.9418E+01  4.1023E+02
0000936   5.3783E+02  1.4191E+02  7.1579E+01
0000938   1.0838E+02 -4.9452E+02  2.8340E+02
0000939   3.7072E+02 -3.9831E+01 -2.7285E+01
0000940   3.2185E+02  1.9508E+01  9.8587E+01
0000941   1.7858E+02 -1.6172E+02  2.8474E+02
0000942   1.1357E+02  4.0795E+00 -1.2745E+02
0000943   3.9407E+02 -1.9922E+02 -1.9638E+01
0000944   2.0899E+02 -5.4595E+02 -1.8228E+02
0000945   6.9139E+02  1.5569E+02  3.1483E+02
0000946   4.5058E+02 -1.7080E+02 -3.6216E+02
0000947   4.0450E+02  1.5432E+02 -1.1263E+01
0000948   4.0593E+02 -2.6920E+02 -2.1298E+02
0000949   3.1785E+02  3.8032E+02 -2.0454E+02
0000950   6.2109E+01  9.1405E+01 -2.3935E+02
0000951   4.4510E+02 -5.3496E+01  2.4241E+01
0000952   8.0190E+01 -1.5225E+02 -3.7934E+01
0000953   1.7628E+02 -4.0376E+02  1.9508E+01
0000954   2.4529E+02  1.9488E+01 -9.1168E+01
0000955   5.1335E+02  1.7394E+02 -3.2596E+02
0000956   7.0051E+02 -1.0677E+01 -1.5715E+02
0000957   5.3444E+02 -5.0246E+02 -1.6423E+02
0000958   1.7891E+02  3.2807E+01  1.9590E+02
0000959   5.5122E+02 -3.6848E-01  6.3109E+01
0000960   3.2571E+02  1.9332E+02  7.5474E+01
0000961   5.4137E+02 -3.1334E+02  4.3853E+02
0000962   3.4717E+02 -2.1538E+02 -1.3809E+02
0000963   1.9759E+02 -5.6287E+01  1.5583E+02
0000964   5.5575E+02  2.7107E+02  1.9803E+02
0000965   4.8665E+02 -3.9112E+02  2.5387E+01
0000966   8.4710E+02  9.3017E+01  4.2008E+02
0000967   2.8930E+02  9.1122E+00 -2.0162E+02
0000968   6.7499E+02 -1.7713E+02 -2.3330E+02
0000969   3.5815E+02  2.7581E+02 -1.2311E+01
0000970   5.5096E+02  1.2593E+02 -4.7426E+02
0000971   1.6533E+02  6.0778E+01  5.7001E+01
0000972   5.4476E+02 -4.8126E+01  8.5523E+01
0000973   2.6339E+02  1.6355E+02  2.7346E+02
0000974   5.1186E+02  4.3171E+01  2.1273E+01
0000975   3.0591E+02 -2.5996E+02 -1.5229E+02
0000976   3.5301E+02 -1.3719E+02  1.4411E+02
0000977   6.1060E+02 -2.2619E+01  3.5750E+01
0000978   8.0700E+02 -1.3813E+02 -3.2263E+01
0000979   2.8402E+02  2.3430E+02 -3.5623E+02
0000980   5.2191E+02 -2.5995E+02  4.0538E+01
0000981   2.3086E+02  8.5715E+01 -2.0295E+02
0000982   5.7686E+02  3.0158E+01 -2.7921E+01
0000983   4.1517E+02 -1.9797E+02  1.2731E+02
0000984   2.2188E+02  3.8448E+01  5.1503E+01
0000985   8.6850E+02  3.7212E+01  2.2337E+01
0000986   3.6219E+02  1.4178E+02 -1.4126E+02
0000987   5.2646E+02 -1.4650E+01  7.9655E+00
0000988   1.1121E+02  1.2564E+02 -1.2913E+02
0000989   2.0337E+02 -1.1537E+02 -4.1972E+02
0000990   2.9619E+02  1.6241E+02  4.6929E+02
0000991   5.9864E+01  3.8407E+02 -2.7175E+02
0000992   1.6372E+02  2.4828E+02 -9.8693E+00
0000993   2.7550E+02  3.6847E+01 -1.8225E+02
0000994   5.0848E+02  1.2115E+02  4.0374E+02
0000995   2.3574E+02 -1.9812E+02  3.3764E+02
0000996   3.5015E+02 -1.3562E+01 -3.7920E+02
0000997   3.8504E+02 -2.3258E+02 -2.7208E+01
0000998   2.9196E+02  1.7801E+02 -8.5438E+01
0001000   4.4357E+02  3.2399E+02  3.6398E+02
