============================== SRIM-2013.00 ==============================
==============================================================================
====== SRIM Outputs\RANGE_3D.txt : File of Final Ion Positions =====

Ion =  F (09)   Ion Mass= 018.9984
Energy  = 4000000.E-05 keV
Ion Angle to Surface = 00.0 degrees
==================== TARGET =======================
  Layer # 1 - None
  Layer # 1 - Bottom Depth=500000.E-01 A
  Layer # 1 - Density =0007.8700 g/cm3
  Layer # 1 -  100 % of Fe
様様様様様様様様様様様様様様様様様様様様様様様様様様
                                            
Ion       Depth  X   Lateral Y   Lateral Z  
Number    (Angstrom) (Angstrom)  (Angstrom) 
-------  ----------- ----------- -----------
0000001   5.7815E+02 -2.1988E+01  5.6092E+01
0000002   2.4319E+02 -6.4616E+02  3.0669E+02
0000003   8.1438E+02  2.4601E+02 -3.5688E+02
0000004   4.3744E+02  4.5431E+02 -3.7793E+02
0000005   5.3248E+02 -4.1529E+01 -1.4752E+02
0000006   2.2547E+02  2.3126E+02 -1.7718E+02
0000007   1.2389E+02  9.4929E+01  1.1690E+02
0000008   5.4404E+02  3.2254E+02 -1.8669E+02
0000009   9.2950E+01  2.3731E+02 -1.6439E+02
0000010   7.4167E+02 -3.4521E+02  3.1600E+02
0000011   3.6197E+02  1.9742E+02  3.0653E+02
0000013   4.5746E+02 -7.5112E+01 -5.9095E+01
0000014   3.5629E+02 -3.5723E+01  1.6109E+02
0000015   4.8623E+02  2.8940E+02 -3.6860E+02
0000016   6.7929E+01  1.0521E+02 -1.4360E+01
0000017   2.3832E+02 -1.2020E+02 -1.4123E+02
0000018   1.3884E+02 -1.4547E+02  1.9843E+02
0000019   1.0384E+02  4.7414E+02 -3.6876E+02
0000020   6.3082E+02  2.8066E+01  1.0363E+02
0000021   3.7144E+02 -6.5110E+01  6.2658E+01
0000022   4.8924E+01 -2.9893E+02 -3.5070E+01
0000023   5.6537E+02 -4.0922E+01  2.2454E+02
0000024   5.2005E+02  1.0726E+01  2.2326E+02
0000025   2.0198E+02  1.0261E+02 -2.4432E+02
0000026   6.3509E+02 -1.8659E+02  1.7095E+02
0000027   5.8404E+02 -7.2836E+01 -1.6041E+02
0000028   4.3933E+02 -2.8972E+02 -4.2255E+01
0000029   2.3391E+02  1.7651E+02 -5.6202E+01
0000030   2.7686E+02  4.4703E+02  4.6467E+02
0000031   3.6642E+02 -1.6559E+02  2.4800E+01
0000032   1.9415E+02  2.3008E+02 -5.4132E+01
0000033   2.8002E+02  3.6479E+02 -4.2206E+02
0000034   6.5274E+02 -1.2910E+02 -4.6958E+00
0000035   2.0167E+02  7.1950E+01 -1.6264E+02
0000036   2.0401E+02 -3.0141E+01  2.0111E+02
0000037   4.2291E+02 -9.6646E+01  1.6569E+02
0000038   5.0346E+02 -1.2350E+02  6.0974E+01
0000039   4.2139E+02 -2.0648E+02 -3.5113E+02
0000040   2.1486E+02  1.3757E+02 -5.4951E+01
0000041   2.4332E+02  4.0055E+01  1.2619E+02
0000042   7.2519E+02 -4.4211E+02  2.2803E+02
0000043   4.9760E+02 -4.0062E+01  2.6451E+02
0000044   3.8069E+02 -2.2554E+01 -5.6886E+02
0000045   3.5548E+02 -1.3656E+02  1.1446E+02
0000046   2.7882E+02  2.0660E+02 -2.2910E+02
0000049   1.0572E+02 -8.7453E+00  1.1878E+02
0000050   7.0369E+02  1.3954E+02  3.0426E+02
0000051   1.6644E+02  4.8377E+02 -4.9597E+02
0000052   4.5606E+02 -1.1920E+02  1.1438E+02
0000053   3.2923E+02  7.6876E+01 -2.7526E+01
0000055   6.1724E+02  5.6931E+02  4.1436E+01
0000056   4.6597E+02 -9.2608E+01  3.3926E+02
0000057   4.9183E+02  1.4277E+02  1.3624E+02
0000058   8.2086E+02 -2.7964E+02 -3.6749E+02
0000059   4.6723E+02 -1.3146E+02  1.1339E+02
0000060   2.3647E+02  4.5671E+02 -1.2995E+02
0000061   5.4373E+02 -1.3540E+02  2.3304E+02
0000063   5.6253E+02 -7.2696E+01  1.2191E+02
0000065   3.5233E+02 -3.5231E+02  4.2578E+01
0000066   3.7515E+02  1.0474E+02 -1.0795E+02
0000067   6.5722E+02 -1.4028E+02  2.2580E+02
0000068   4.7014E+02  1.2687E+02 -1.5567E+02
0000069   3.0037E+02 -2.6417E+02 -1.4141E+02
0000070   1.9996E+02  7.7214E+01  3.4466E+02
0000071   2.9373E+02 -2.3413E+02  2.1673E+02
0000072   7.4804E+02 -7.6921E+01 -2.3336E+02
0000073   5.2600E+02  2.5745E+02 -6.5265E+01
0000074   5.6928E+01 -4.8095E+01  5.3713E+01
0000075   7.3775E+01  4.1936E+01 -2.9176E+02
0000076   5.8866E+02 -4.3557E+00  1.7174E+02
0000077   2.0954E+02 -6.8691E+00  2.0980E+02
0000078   2.8761E+02  2.4125E+02  1.5768E+01
0000079   2.0377E+02 -9.9225E+01  9.8414E+01
0000080   3.0241E+02  8.9315E+01  2.0223E+02
0000081   1.0111E+02  2.1190E+01  7.8640E+01
0000082   5.0291E+02  1.0328E+02  1.7748E+02
0000083   4.4837E+02 -2.3685E+02  2.2441E+02
0000084   5.9297E+02  2.2499E+02  7.4450E+00
0000085   2.6530E+02  3.1915E+02 -2.5994E+02
0000086   4.2354E+02 -9.7195E+01 -2.8820E+02
0000087   4.9526E+02  1.2688E+02 -3.8538E+02
0000088   5.6234E+02  2.1272E+02  2.4266E+02
0000089   4.5465E+02 -8.6272E+01  1.9610E+02
0000090   2.0331E+02  1.1652E+02  2.1319E+01
0000091   1.9895E+02  3.5721E+02  1.3614E+02
0000092   4.3462E+02 -1.2839E+02  4.9952E+01
0000093   3.1388E+02  2.4385E+02  3.7465E+01
0000094   5.1355E+02  3.1813E+02 -2.5917E+02
0000095   1.3913E+02 -1.5711E+02 -2.2295E+02
0000096   3.8912E+02 -8.4984E+01  1.9360E+02
0000097   2.4694E+02 -4.0055E+01 -2.3899E+02
0000098   3.5855E+02  2.1288E+02  4.9683E+00
0000099   6.4353E+02 -6.0302E+01  2.7612E+01
0000100   3.0928E+02  1.8501E+02 -4.4631E+01
0000101   7.7558E+02  2.9523E+02  2.0919E+02
0000102   7.3236E+02  1.0754E+02  1.9838E+02
0000103   1.2862E+02 -4.0422E+01 -6.8389E+01
0000104   9.6290E+02 -2.5841E+02  3.0218E+02
0000105   4.3069E+02  4.6085E+02  1.0586E+02
0000106   4.5144E+02 -5.6968E+02 -4.8505E+01
0000107   3.5498E+02 -3.5626E+02 -1.9155E+02
0000108   5.0666E+02 -2.8749E+00 -1.2457E+02
0000109   1.2837E+02  1.7994E+02  1.8675E+02
0000110   4.5399E+02 -1.7786E+02 -1.7969E+01
0000111   7.2241E+02 -2.6776E+02  5.1878E+02
0000112   4.6790E+02 -2.9244E+01 -1.6894E+02
0000113   5.3755E+02  6.2550E+02 -2.0768E+02
0000114   1.0060E+02  2.0263E+02  3.7335E+01
0000115   4.2695E+02  2.0751E+02 -2.7602E+02
0000116   4.7287E+01  1.1091E+02  1.7648E+02
0000117   2.2020E+02  2.2244E+02  2.8478E+02
0000118   4.7817E+02 -1.2286E+02 -5.3193E+01
0000119   1.9293E+02 -5.9656E+01  5.1200E+00
0000120   4.7663E+02  8.8946E+01  3.0166E+02
0000121   5.2453E+02 -5.2081E+02 -1.4324E+02
0000122   5.4229E+02  4.5855E+02 -2.6155E+02
0000123   5.5481E+02 -3.0453E+02 -8.4052E+01
0000124   3.9939E+02  2.4154E+02 -1.6265E+02
0000125   6.8659E+02 -3.2183E+02 -2.9532E+02
0000126   4.6379E+02  1.2957E+02 -5.5705E+01
0000127   4.9525E+02 -3.1658E+02 -3.8880E+02
0000128   1.7689E+02  3.2577E+01  1.5159E+01
0000129   4.4902E+02 -1.2936E+02 -7.8842E+00
0000130   3.4002E+02  1.8966E+02 -6.7843E+01
0000131   4.9576E+02 -1.0702E+02  3.1532E+02
0000132   2.0332E+02  2.9793E+02  2.0832E+02
0000133   6.9425E+02 -1.1619E+02 -3.0440E+01
0000134   1.0765E+02 -4.5622E+01  2.9481E+02
0000135   3.4462E+02  1.9705E+01 -2.4977E+02
0000136   3.9497E+02 -1.8170E+01  2.5329E+01
0000137   4.7462E+02 -1.1443E+02 -6.6818E+01
0000138   1.9733E+02  1.0209E+02  5.2130E+01
0000139   4.3545E+02  1.6953E+02  3.2695E+01
0000140   1.7381E+02 -4.9432E+01 -1.4827E+01
0000141   3.3611E+02  8.3005E+01 -2.9833E+02
0000142   8.2079E+02  1.4973E+02  2.9460E+01
0000143   5.8238E+02 -1.7349E+02  1.8235E+02
0000144   6.9896E+02 -1.8944E+02 -3.6848E+02
0000145   3.5450E+02  8.9725E+01  2.8753E+02
0000146   2.0860E+02  2.5165E+02 -3.3383E+02
0000147   4.9312E+02 -5.8124E+01 -8.2890E+01
0000148   5.2115E+02  2.4528E+02  2.1236E+01
0000149   5.4190E+02 -3.2145E+02  3.3232E+02
0000150   4.6823E+02  6.4555E+00  9.6087E+00
0000151   5.2233E+02  5.1566E+01 -5.7005E+01
0000152   6.9016E+02 -3.8362E+01  1.2975E+02
0000153   4.9398E+02 -1.5744E+02 -1.3100E+02
0000154   9.1093E+02  9.5566E+01  5.3657E+01
0000155   1.2906E+02 -9.0332E+00 -2.1085E+02
0000156   8.1054E+02  2.0598E+01 -4.0726E+00
0000157   1.0530E+03  4.9516E+01 -1.6323E+02
0000158   2.2626E+02  1.4136E+01  1.0948E+02
0000159   5.0578E+02 -6.4220E+01 -1.8257E+01
0000160   2.3995E+02  4.7700E+02 -5.3073E+01
0000161   1.3130E+02  4.9981E+01 -1.1446E+01
0000162   4.6504E+02  3.1041E+02  1.4461E+02
0000163   5.0260E+02  1.6908E+01 -3.8505E+02
0000164   2.9386E+02 -3.6547E+02 -2.0067E+02
0000165   5.9952E+02 -4.0424E+02 -1.7406E+00
0000166   1.9130E+02 -5.2419E+01  1.5995E+02
0000167   8.3124E+01  1.6762E+02 -3.7182E+01
0000168   4.9298E+02  1.2883E+02 -1.2924E+02
0000169   5.0613E+02 -3.1669E+02  1.7778E+02
0000170   2.2679E+02 -5.2617E+00 -4.3128E+02
0000171   6.2994E+02 -2.2193E+02  1.7426E+02
0000172   4.8652E+02  6.2841E+01  2.0694E+02
0000173   5.5570E+02 -3.1788E+01  5.5952E+00
0000174   2.6389E+02 -1.6252E+02  2.4687E+02
0000175   4.9597E+02 -2.4700E+01 -3.0004E+01
0000176   7.2939E+02 -2.8443E+01 -2.5173E+02
0000177   7.1452E+02  2.2063E+02 -1.3523E+01
0000178   4.1839E+02  2.2882E+02 -8.8591E+00
0000179   2.5995E+02  9.4734E+01 -1.6457E+02
0000180   5.7915E+02 -3.0082E+01 -2.0870E+01
0000181   1.2166E+02 -1.2467E+01 -5.1147E+02
0000183   7.2690E+02 -7.0304E+01  4.4307E+01
0000184   2.3554E+02 -1.1190E+02  1.3608E+02
0000185   7.7427E+02  1.1143E+02  1.9163E+02
0000186   3.7779E+02  3.3652E+02 -8.2758E+01
0000187   2.3682E+02  7.6438E+01  3.5823E+02
0000188   5.1566E+02 -5.1480E+02  6.3861E+01
0000189   3.2096E+02  1.3737E+02 -2.1890E+02
0000191   3.6240E+02  4.5043E+01  1.4454E+02
0000192   1.3354E+02  1.4702E+02 -1.1378E+02
0000193   1.6604E+02 -7.1126E+01 -1.6324E+02
0000194   1.9056E+02 -1.6998E+02  8.6012E+01
0000195   2.6141E+02  2.2884E+01  1.2808E+02
0000196   2.9841E+02  7.6221E+01 -2.5473E+02
0000197   4.7039E+02  2.1639E+02  6.0670E+02
0000198   5.8239E+02 -3.4450E+01  1.2673E+01
0000199   1.0594E+02  2.1595E+02  5.7616E+01
0000201   4.6444E+02 -1.9154E+02 -1.4161E+02
0000202   3.9516E+02  1.2960E+02 -1.1840E+02
0000203   2.5885E+02 -1.5880E+02 -8.8974E+01
0000204   2.3948E+02 -2.5762E+02  8.5878E+01
0000205   2.6219E+02  1.9100E+02 -3.9873E+02
0000206   2.3303E+02  1.5323E+02 -2.4949E+02
0000207   8.0943E+01  2.8697E+02 -1.1502E+02
0000208   5.4254E+02  4.1570E+00  3.0041E+02
0000209   2.3489E+02 -1.2315E+02 -7.8343E+00
0000210   4.5420E+02 -7.5813E+01 -1.9029E+02
0000211   4.5638E+02 -3.8694E+02  1.3148E+01
0000212   5.7330E+02  2.2603E+02  1.2675E+02
0000213   5.9992E+02  1.4977E+02 -3.7386E+01
0000214   8.2329E+02  1.2747E+01  2.0489E+02
0000215   3.9874E+02 -2.4866E+01  1.1424E+01
0000216   4.0825E+02 -1.5190E+02 -2.0478E+02
0000217   3.6923E+02  1.8173E+02  2.5652E+02
0000218   8.2597E+02 -1.0393E+02  2.5695E+02
0000219   2.8902E+02  1.1758E+02 -1.5392E+02
0000220   8.5402E+02 -2.2449E+02 -3.7348E+02
0000221   1.4221E+02  1.4010E+02 -2.4018E+02
0000222   7.1139E+02  3.6238E+01  9.3871E+00
0000223   5.9746E+02  2.5805E+01 -1.4984E+01
0000224   5.6324E+02 -3.2412E+02 -3.2739E+02
0000225   9.1822E+01 -1.2457E+02  1.4330E+02
0000226   3.9037E+02 -1.8794E+02 -3.8121E+02
0000227   2.7328E+02  2.7070E+02 -2.1206E+02
0000228   2.2162E+02  7.5090E+01 -3.1537E+02
0000230   6.3187E+02  1.0546E+02 -5.1897E+01
0000231   4.7084E+02  6.7975E+01  1.0772E+02
0000232   4.0060E+02  1.7992E+02 -1.2914E+02
0000233   3.4452E+02  3.1746E+01  2.3969E+02
0000234   7.1561E+02  1.0514E+02 -3.3268E+01
0000235   3.9088E+02  9.4627E+01 -1.0722E+02
0000236   4.4883E+02  4.9561E+02  1.0572E+01
0000237   3.6894E+02  4.2873E+01 -1.1027E+02
0000238   6.6125E+02 -1.7867E+00  4.1426E+01
0000239   4.3003E+02 -1.6183E+01  3.9916E+02
0000240   3.0585E+02  1.0157E+00  3.5212E+01
0000241   5.3845E+02  1.9558E+02  6.7308E+01
0000242   6.2158E+02 -8.7252E+00  4.7082E+01
0000243   7.0269E+02 -1.8359E+02  7.3426E+01
0000244   5.4205E+02 -1.6732E+02  5.2139E+01
0000245   3.4172E+02  7.1928E+01 -1.4897E+02
0000246   2.4133E+02  7.8897E+00  1.6765E+02
0000247   2.3836E+02  3.3734E+01  2.8437E+02
0000249   4.2624E+02 -5.9208E+01  2.5791E+02
0000250   6.4102E+02  1.9049E+02 -6.4872E+00
0000251   6.4125E+02 -1.0735E+02 -2.9736E+02
0000252   6.7731E+02 -1.7340E+01 -2.4916E+02
0000253   6.0077E+02 -4.4178E+02  2.2126E+02
0000255   6.2911E+02 -3.2244E+01  2.6601E+02
0000256   7.7815E+02 -1.1329E+02 -1.6811E+02
0000257   9.6903E+01 -2.8232E+02 -2.3709E+01
0000258   5.4235E+02 -4.7189E+01 -6.3647E+01
0000259   1.0562E+02 -2.8609E+02  2.2763E+02
0000260   5.4518E+02 -5.9240E+01  3.2951E+02
0000261   3.9146E+02 -2.6994E+02 -1.5881E+02
0000262   5.5153E+02 -3.9342E+02  2.0277E+02
0000263   1.8875E+02 -9.0934E+01 -4.6980E+01
0000264   6.8151E+02 -1.8446E+02 -1.6558E+01
0000265   2.3439E+02 -1.4002E+01  2.2793E+02
0000266   2.5495E+02  6.4276E+01 -1.5329E+02
0000267   8.0938E+02 -4.7232E+02  4.4348E+01
0000268   7.8759E+02 -8.8343E+01  3.1130E+02
0000269   1.5685E+02  5.8195E+01  1.3149E+02
0000270   2.5516E+02  1.2531E+02  2.1349E+02
0000271   4.5206E+02  2.1159E+02  1.1826E+02
0000272   4.0507E+02 -9.1363E+01  1.4120E+02
0000274   3.2500E+02 -2.1286E+02  2.3885E+01
0000275   7.5673E+02  1.0940E+02  5.8185E+00
0000276   2.2562E+02 -2.4306E+02 -5.4929E+02
0000277   1.2723E+02  9.8893E+01 -3.2638E+02
0000278   3.9013E+02  2.2542E+02  7.4390E+00
0000279   5.7380E+02 -1.4648E+02  2.8771E+02
0000280   3.8820E+01  2.0971E+02  2.5384E+02
0000281   8.2808E+02 -7.6111E+01  4.3814E+01
0000282   1.1880E+02 -2.4440E+01 -3.1180E+01
0000283   6.3566E+02 -1.9940E+02 -3.4744E+01
0000284   7.3595E+01 -2.1707E+02 -7.0621E+01
0000285   1.4595E+02 -7.0667E+01  2.6568E+02
0000286   2.9977E+02 -4.3454E+01  7.9044E+01
0000287   5.2297E+02 -3.7880E+01 -3.4093E+02
0000288   2.1208E+02  8.1213E+01  9.2317E+01
0000289   2.4503E+02 -8.2906E+01  5.8424E+01
0000290   3.9000E+02  1.4496E+01 -3.0871E+02
0000291   6.9785E+02 -1.4397E+01  2.7969E+02
0000292   3.0207E+02  1.5746E+02 -1.9175E+01
0000293   6.0367E+01 -5.6933E+01  6.5690E+01
0000294   4.1325E+02  2.0620E+02 -1.2900E+01
0000295   2.3207E+02  7.7803E+01 -3.2456E+02
0000296   4.3761E+02 -4.0489E+02 -2.5356E+02
0000297   3.0964E+02 -3.4510E+02  9.6514E+01
0000298   3.6613E+02  6.4270E+02 -2.2624E+02
0000299   6.1025E+02  3.2296E+01  3.2216E+02
0000300   3.3407E+02  6.4920E+01  4.1750E+02
0000301   4.9607E+02  1.6936E+02  2.3404E+02
0000302   5.0267E+02  2.7348E+01 -1.3168E+02
0000303   4.6306E+02  1.5784E+02 -2.3718E+02
0000304   6.4717E+02  3.0412E+01 -1.1500E+02
0000305   3.0365E+02  1.1685E+02  1.5421E+02
0000306   4.0358E+02 -8.1618E+01 -7.1976E+00
0000307   1.5187E+02  6.2598E+01  1.1032E+02
0000308   7.0428E+01  1.7631E+02  2.1288E+02
0000309   3.8069E+02 -1.0285E+02 -6.6940E+01
0000310   1.5497E+02  3.8346E+02 -6.3513E+01
0000311   2.3682E+02 -2.7615E+02  1.0771E+02
0000312   2.8675E+02  8.0665E+01  1.1328E+02
0000313   4.8904E+02  5.7624E+01 -3.2050E+02
0000315   8.1130E+02  1.5305E+01 -5.5138E+01
0000316   4.0070E+02  3.0536E+01  3.2604E+02
0000317   1.1207E+02 -5.1392E+02 -3.1540E+02
0000318   5.9846E+02 -1.3035E+01 -2.5605E+02
0000319   5.1524E+02 -2.1195E+02 -3.3970E+02
0000320   3.1746E+02  2.7378E+02 -1.8143E+02
0000321   4.8170E+02  1.2660E+02  1.7472E+02
0000322   5.5715E+02  8.0179E+01 -9.5575E+01
0000323   2.9867E+02 -1.6226E+02 -8.8743E+01
0000324   6.5502E+02 -1.0328E+00  3.4297E+02
0000326   3.8804E+02  2.1923E+02 -2.9162E+02
0000327   5.0754E+02  1.5943E+01 -4.9663E+01
0000328   1.9993E+02 -2.9768E+01 -1.0474E+02
0000329   6.5469E+02 -1.5133E+02  1.4775E+02
0000330   4.3191E+02  3.1180E+01  3.0103E+02
0000331   4.6783E+02  1.8912E+02  3.1424E+02
0000332   6.8427E+02  2.1237E+02  2.6034E+01
0000334   5.5816E+02 -1.3571E+02  2.5934E+02
0000335   5.0882E+02 -2.7731E+01  9.3888E+01
0000336   2.1027E+02  6.0965E+01 -2.4714E+02
0000337   6.7670E+02 -7.0601E+02 -1.2944E+02
0000339   5.0237E+02  1.7454E+02 -1.5122E+01
0000340   4.1116E+02  4.4242E+02 -8.7874E+01
0000341   3.5570E+02  9.5000E+01  7.5875E+01
0000342   5.7044E+02  2.3485E+02 -4.2844E+00
0000343   5.9022E+02  3.4116E+01  4.1454E+02
0000344   2.4303E+02  2.2233E+02 -2.2824E+02
0000345   4.4588E+02  1.2791E+02 -1.9639E+01
0000346   8.1744E+02  1.7342E+02 -1.0247E+02
0000347   4.3199E+02 -6.7630E+01 -4.5018E+02
0000348   3.3458E+02  9.0638E+00  2.1331E+02
0000349   3.2727E+02  2.2076E+02 -1.9574E+02
0000350   3.8939E+02 -2.0745E+02 -3.6480E+02
0000351   4.1695E+02  4.0629E+02 -7.4920E+01
0000352   5.3288E+02  9.8205E+01 -5.9747E+02
0000353   9.4964E+02 -2.9727E+02 -1.4759E+02
0000354   7.3306E+02 -1.1135E+02 -7.5730E+01
0000355   7.6067E+02 -6.6950E+01  3.0253E+02
0000356   3.4655E+02 -1.5810E+02 -1.2986E+02
0000357   6.3590E+02  1.0089E+00  1.8348E+02
0000358   2.9442E+02  2.0543E+02 -3.1181E+02
0000359   3.3299E+02  5.0911E+00  2.6065E+02
0000360   4.9001E+02  1.8387E+02 -2.0067E+02
0000361   3.0839E+02  5.1248E+00  3.2595E+02
0000362   2.8626E+02 -4.8080E+01 -2.4203E+02
0000363   5.1358E+02  3.1201E+02  3.9798E+02
0000364   7.7753E+02  1.1958E+02  2.7668E+02
0000365   3.6297E+02 -9.1707E+01 -1.0447E+02
0000366   1.8520E+02  4.0736E+01 -1.4413E+02
0000367   5.3446E+02  2.3135E+02  1.5877E+02
0000368   4.3806E+02 -1.7318E+02  4.9090E+00
0000369   1.5474E+01  2.5917E+02 -3.6951E+02
0000370   4.2276E+02  2.2407E+02  2.6498E+02
0000371   7.3566E+02  1.6491E+02 -1.8643E+02
0000372   1.9006E+02  2.5980E+02 -2.0024E+02
0000373   4.3841E+02  1.5333E+01 -6.4538E-02
0000374   4.2055E+02 -1.9548E+02  1.7277E+02
0000375   2.6016E+02  1.1450E+02  5.9060E+01
0000376   3.4166E+02  7.8562E+01  4.0309E+02
0000377   3.7291E+02  7.1274E+01  5.8496E+01
0000378   6.4160E+02 -1.2458E+02 -1.8124E+02
0000379   3.3899E+02  5.4033E+01 -2.8846E+02
0000380   5.6468E+02 -9.9000E+00 -1.8010E+02
0000381   5.2297E+02  2.3671E+02  2.0685E+02
0000382   4.5147E+02  6.0664E+02  4.7720E+01
0000383   4.4107E+02 -9.7107E+01 -7.7861E+01
0000384   4.1101E+02 -4.4966E+01  4.1762E+02
0000385   8.6799E+02 -1.1907E+02  1.4962E+02
0000386   1.9702E+02 -3.1837E+01  3.1453E+01
0000387   1.4143E+02  5.8298E+01  2.4334E+01
0000388   8.3486E+02 -1.0965E+02 -1.3308E+00
0000389   6.5902E+02  2.2988E+02 -3.5365E+02
0000390   6.5213E+02 -8.4139E+01 -4.4138E+02
0000391   3.0746E+02 -1.2521E+02 -7.8606E+01
0000392   6.9814E+02 -3.0582E+02 -2.9648E+02
0000393   7.2334E+02 -6.4792E+02 -9.0776E+01
0000394   7.5255E+02 -1.4072E+01 -9.8490E+01
0000396   4.9366E+02 -3.2939E+01  2.3154E+02
0000397   3.5598E+02 -5.5385E+01  3.4449E+01
0000398   2.9544E+02  6.7622E+02 -2.7372E+01
0000399   7.4932E+02  1.6251E+02  1.3347E+02
0000400   4.8713E+02 -1.9321E+02 -6.3610E+01
0000401   5.6431E+02 -2.3943E+02 -2.2882E+01
0000402   5.2799E+02 -1.4784E+02  3.6674E+01
0000403   5.6929E+02  2.5816E+02 -1.9673E+02
0000404   5.8731E+02  1.4922E+02 -4.1558E+01
0000405   9.4730E+01  5.9397E+02 -1.7987E+02
0000406   1.9741E+02 -8.3852E+01  1.9748E+01
0000407   2.6857E+02  1.0593E+02  1.3513E+02
0000408   3.0193E+02  8.2036E+01  3.0233E+01
0000409   3.1106E+02  2.7269E+02  2.2136E+02
0000410   5.8549E+02  1.6058E+01  1.3619E+02
0000411   4.9320E+02  2.5488E+02 -5.5774E+01
0000412   5.3986E+02  4.2163E+02  4.4710E+02
0000413   4.1098E+02  5.0185E+01  1.4012E+02
0000414   4.4149E+02 -1.3578E+02 -7.4366E+00
0000416   8.9692E+00 -2.1362E+02  2.3478E+02
0000417   3.5612E+02  6.0387E+02 -8.0222E+01
0000419   5.0122E+02  3.2398E+02  1.0364E+02
0000420   3.2517E+02  8.2234E+01  7.0463E+01
0000421   1.3693E+02  3.5358E+02 -1.9679E+02
0000424   1.9909E+02 -3.7102E+01  1.3420E+02
0000425   1.3768E+02  6.5722E+01  8.1674E+01
0000426   2.7044E+02  2.8337E+02  1.0249E+02
0000427   3.9509E+02 -7.7389E+01  1.9317E+02
0000428   6.1044E+02  9.7428E+00  3.7378E+02
0000429   3.5584E+02  1.4458E+02  6.0137E+02
0000430   4.8786E+02 -3.7717E+02  1.6580E+02
0000431   3.5793E+02 -7.9346E+01 -2.1785E+02
0000432   8.5141E+01 -1.1386E+02  1.9288E+02
0000433   7.0804E+02 -1.0402E+02  1.6492E+02
0000434   3.2315E+02  1.4148E+02  9.9777E+02
0000435   2.8289E+02  8.2287E+01  2.0511E+02
0000436   4.2381E+02  1.0189E+02 -6.5266E+01
0000437   1.1551E+02  4.0388E+02  1.0964E+02
0000438   4.0312E+02 -5.4459E+02  2.8902E+02
0000439   3.9945E+01 -1.1112E+02  3.3354E+02
0000440   1.9180E+02  8.5624E+01 -1.8065E+02
0000441   1.1818E+02  2.4096E+02 -1.6192E+02
0000442   4.0512E+02  4.0762E+02  1.4596E+02
0000443   7.3356E+02  1.0278E+02  6.9902E+01
0000444   2.0153E+02 -1.4019E+01 -1.1197E+02
0000445   5.0277E+02  9.2200E+01  9.8721E+01
0000447   1.3614E+02 -1.3895E+01  7.6863E+01
0000448   3.0182E+02 -1.2965E+02  4.2896E+01
0000449   5.1336E+02 -2.0688E+02 -1.7960E+02
0000450   4.4431E+02  1.0496E+02 -3.7825E+02
0000452   6.0880E+02 -1.1917E+02 -2.4996E+02
0000454   3.3911E+02 -1.0252E+02  1.5671E+02
0000455   4.7423E+02  7.5812E+01 -1.5257E+02
0000456   4.8925E+02  2.4802E+02  3.3575E+02
0000457   1.2734E+02  3.1424E+02 -8.8044E+01
0000458   4.6099E+02  3.9363E+02  1.5713E+02
0000459   4.3929E+02  9.5066E+01 -5.2506E+01
0000460   2.1497E+02  1.9083E+02  1.9456E+02
0000461   3.9472E+02 -9.0850E+01  2.4684E+02
0000462   1.7730E+02 -1.3663E+02  1.0900E+02
0000463   1.9493E+02  1.0494E+02  3.4361E+02
0000464   2.3096E+02 -3.1289E+00  1.2512E+02
0000465   4.0023E+02  3.4844E+02 -2.0882E+02
0000466   7.8455E+02 -3.2757E+02 -1.1049E+02
0000467   2.1525E+02 -2.2157E+02  6.4743E+01
0000468   4.9170E+02  3.6497E+02  7.6103E+01
0000469   6.7353E+02 -4.4677E+01  1.4831E+02
0000470   9.9480E+01 -9.4678E+01 -4.0930E+02
0000471   2.1864E+02 -2.2407E+02  2.4260E+02
0000472   2.9183E+02 -2.2297E+02 -4.0194E+01
0000473   2.5860E+02  6.7629E+01  6.2543E+01
0000474   3.7931E+02  1.3273E+02 -2.6932E+02
0000475   2.3738E+02  1.8299E+02 -7.7975E+01
0000476   4.9928E+02  1.0051E+02  1.3023E+02
0000477   5.2168E+02  1.8633E+02 -2.7916E+02
0000478   4.8139E+02  9.0965E+00 -2.3612E+02
0000479   4.8257E+02  1.0408E+02  2.4167E+02
0000480   3.8013E+02 -4.7566E+01 -7.7106E+01
0000481   2.9993E+02  3.9969E+01 -1.6720E+02
0000483   2.0914E+02 -1.3076E+02  1.2768E+02
0000484   5.6366E+02  1.1497E+02 -2.7276E+02
0000485   9.3348E+01  1.4901E+02  1.9493E+02
0000486   2.5462E+02  1.6016E+02  1.5255E+00
0000487   1.6718E+02 -2.9574E+01  1.1328E+01
0000488   4.9165E+02 -4.5774E+02  1.1047E+02
0000489   4.7042E+02 -4.8904E+01 -1.5212E+02
0000490   1.1973E+02 -7.3089E+01  4.2566E+02
0000491   3.6195E+01 -2.8563E+01  4.8620E+01
0000492   1.1327E+02 -2.2527E+02 -6.7271E+01
0000493   2.0333E+02 -9.6948E+01 -1.8168E+02
0000494   2.9746E+02 -2.7691E+02 -1.2957E+02
0000495   4.6359E+02  7.9181E+01  3.4300E+00
0000496   3.3549E+02 -1.6410E+02 -8.3724E+01
0000497   6.6131E+02 -2.4863E+02  1.1433E+02
0000498   4.3001E+02  3.5764E+01  2.8284E+02
0000499   5.2630E+02 -2.6978E+02  6.0632E+02
0000500   5.5614E+02  8.9219E+01  3.6186E+02
0000501   4.8504E+02 -2.9606E+00 -2.5504E+01
0000502   4.9348E+02 -2.6166E+01 -2.1082E+02
0000503   2.6915E+02 -1.3659E+01 -1.8733E+02
0000504   2.5417E+02  6.8929E+02  7.1168E+01
0000505   3.9768E+02 -1.1097E+02  9.4814E+01
0000506   2.9965E+02 -3.0453E+02  2.9055E+02
0000507   6.8777E+02  5.7431E+01  1.8083E+02
0000508   2.4260E+02 -4.9305E+01 -1.3812E+02
0000509   3.1790E+02  3.8190E+02  3.6735E+02
0000510   6.8073E+02  7.0353E+01  3.4083E+02
0000512   1.3306E+02 -3.1532E+01  1.2726E+02
0000513   3.6655E+02  1.2611E+02  7.2040E+02
0000514   4.7036E+02  9.6599E+00 -7.1774E+01
0000515   4.5171E+02 -1.4774E+02 -1.8118E+02
0000517   6.4060E+02 -1.0259E+02 -2.0110E+02
0000518   5.3441E+02  1.3146E+02 -1.2734E+02
0000519   4.9373E+02 -2.4469E+02  2.9770E+02
0000520   4.9635E+02  2.0823E+02 -3.0705E+02
0000521   5.2940E+02  2.3555E+02  2.4647E+02
0000522   2.0636E+02  3.5043E+01  9.0602E+01
0000523   6.4650E+02  5.3850E+02  3.2230E+00
0000524   4.3403E+02  1.6234E+02 -1.0963E+02
0000525   2.6037E+02 -8.7666E+00  6.6622E+01
0000526   1.2741E+02  4.9083E+01  5.6630E+01
0000527   1.6415E+02 -2.8219E+02 -3.7331E+01
0000528   3.1897E+02  5.1358E+02  3.9216E+00
0000529   3.7322E+02 -1.3908E+02  5.7419E+01
0000530   4.0124E+02  3.2183E+01  6.7257E+01
0000531   2.3146E+02  1.6481E+01  9.9299E+01
0000532   2.8143E+02 -2.3354E+02 -1.1819E+02
0000533   6.6870E+02  2.4403E+02 -1.5788E+02
0000534   4.7667E+02 -8.5173E+01 -1.1045E+02
0000535   4.0758E+02 -1.2825E+02  4.3360E+02
0000536   4.2316E+01  2.3697E+02 -6.5445E+01
0000537   5.3063E+02  4.9496E+01 -1.3594E+02
0000538   6.2400E+02 -1.9762E+02  1.2085E+02
0000539   1.0482E+02  1.0659E+01 -1.3793E+01
0000540   5.3146E+02  2.9101E+02 -1.3459E+02
0000541   3.1156E+02  2.7682E+01 -1.6043E+02
0000542   2.7354E+02  9.4258E+01 -9.9700E+01
0000543   6.0308E+02 -5.5822E+02  2.0838E+02
0000544   2.0903E+02 -7.1858E+00 -3.3047E+01
0000545   9.2056E+01 -4.8409E+01 -2.1991E+02
0000546   5.2767E+02  8.6662E+01  2.7915E+02
0000547   5.9139E+02 -4.3832E+01 -1.1669E+02
0000548   4.8769E+02  2.0311E+02  7.4534E+00
0000549   7.4600E+02  3.3938E+01  3.5801E+02
0000550   4.9728E+02  9.3050E+01 -2.9793E+02
0000551   6.0423E+02  8.6353E+01  1.9169E+02
0000552   4.2025E+02  1.3775E+02 -9.6018E+01
0000553   6.2466E+02  1.4115E+02 -1.4763E+02
0000554   1.6799E+02  1.2475E+02 -1.7456E+02
0000555   5.5823E+02  1.0726E+02 -7.9685E+01
0000556   4.1076E+02 -1.6871E+02  2.5393E+02
0000557   3.3851E+02  1.3355E+02 -5.1921E+01
0000558   9.8550E+02 -2.5137E+02  4.2195E+01
0000559   5.2544E+02  2.5791E+02  1.9181E+02
0000560   6.7691E+02 -2.7945E+02 -3.7038E+02
0000561   4.4621E+02 -8.6739E+01  1.6156E+02
0000562   5.1712E+02 -3.0322E+02 -4.4037E+02
0000563   8.8773E+02  1.9133E+02 -9.4613E+01
0000564   3.4033E+02  1.5368E+02 -1.6039E+02
0000565   6.5963E+02 -5.5895E+02 -3.5066E+02
0000566   4.4130E+02  3.8368E+01 -1.9238E+02
0000567   6.6759E+02 -8.4311E+01 -2.0273E+02
0000568   3.3348E+02  4.6311E+02 -2.0008E+02
0000569   1.4636E+02  1.1449E+02  2.5987E+02
0000570   5.2349E+02  8.3986E+00  1.5602E+02
0000571   2.8729E+02  1.7217E+02 -1.7430E+02
0000572   2.9198E+02 -1.8946E+02  1.2858E+02
0000573   4.1732E+02 -2.7437E+02  2.2348E+02
0000574   7.2999E+02 -3.8037E+02  1.8608E+02
0000575   3.6675E+02  2.3353E+02  3.8655E+02
0000576   4.9215E+02  4.0641E+02  1.0445E+02
0000577   5.0679E+01 -7.6078E+01 -9.9939E+01
0000578   8.1068E+02 -1.4661E+01  2.3500E+01
0000579   4.2124E+02 -1.8722E+02 -3.5888E+02
0000580   3.1791E+02  5.2538E+02  1.1095E+02
0000581   3.0252E+02  3.9599E+02 -2.0355E+02
0000582   4.0389E+02  2.8261E+02  5.1256E+01
0000583   3.5309E+02  7.7317E+01 -3.6347E+01
0000584   3.4702E+02  1.0998E+00 -1.7036E+01
0000585   3.1481E+02 -1.1954E+02 -2.4351E+02
0000586   4.1449E+02 -4.5131E+01  4.2755E+02
0000587   3.8131E+02  2.1505E+02  1.1811E+00
0000588   3.6643E+02 -3.9628E+01  9.4781E+01
0000589   4.5745E+02 -2.5757E+02  8.1736E+01
0000590   6.3691E+02  3.0854E+01 -6.5702E+01
0000591   4.4942E+02  3.6215E+01  2.0192E+02
0000592   3.4755E+02 -4.6682E+01  1.0639E+02
0000593   4.2530E+02 -5.0721E+02  8.0244E+00
0000594   3.7088E+02 -7.4223E+01 -1.7805E+02
0000595   5.0303E+02 -2.1593E+02 -5.3469E+01
0000596   3.7856E+02 -1.5085E+02  1.4278E+02
0000597   3.0376E+02  3.5783E+02  1.7175E+02
0000598   6.0550E+02 -2.8982E+02 -2.0079E+02
0000599   4.3603E+02  9.1164E+01  2.3580E+02
0000600   3.0720E+02  9.1677E+01  2.2786E+01
0000601   4.9165E+02  1.3825E+02 -1.5857E+02
0000602   6.0700E+02 -3.0853E+02  5.7140E+01
0000603   1.1444E+02  4.9761E+02  1.2763E+02
0000604   1.7610E+01 -1.1890E+02 -4.6454E+02
0000605   3.8326E+02  2.1085E+02 -1.4497E+02
0000606   4.3937E+02  2.4614E+02  1.5837E+02
0000608   1.9589E+02 -4.5183E+02 -1.6672E+02
0000609   3.2806E+02  9.8630E+01 -5.3550E+02
0000610   4.2305E+02  2.2080E+02  9.1397E+01
0000611   2.8821E+02  1.9383E+02 -1.0845E+02
0000612   5.5400E+02  6.4568E+01  2.5728E+02
0000613   2.1104E+02 -2.0981E+02 -1.3981E+02
0000614   2.3304E+02 -1.7924E+02 -9.1215E+01
0000615   7.9463E+01 -2.6133E+02  1.2520E+02
0000616   6.8381E+02  3.2815E+02  3.4097E+01
0000617   3.4191E+02 -8.2396E+00  6.4122E+01
0000618   3.5154E+02 -4.2878E+02  1.3954E+02
0000619   5.5060E+02 -3.8017E+02 -2.8863E+02
0000620   1.1686E+02 -1.2402E+01  9.0707E+01
0000621   4.9017E+01 -8.6986E+01 -2.2362E+02
0000622   5.1394E+02 -8.6423E+00  5.3785E+01
0000623   3.6385E+02  2.7312E+02 -1.2796E+02
0000624   1.4325E+02  1.3094E+02  7.6849E+01
0000625   2.8638E+02 -4.7675E+01 -3.5328E+02
0000626   1.5390E+02 -4.0266E+01  8.5447E+01
0000627   2.5182E+02 -2.2737E+02 -5.5121E+01
0000628   4.4428E+02 -5.1043E+02  1.0906E+02
0000629   2.6269E+02 -2.6728E+02  1.0740E+01
0000630   2.0350E+02 -3.4926E+02  1.0371E+02
0000631   1.8020E+02 -3.7705E+00  6.0694E+01
0000632   8.6003E+01 -3.2273E+02  2.4402E+02
0000633   6.3968E+02 -9.4230E+01  1.3398E+02
0000634   3.6709E+02  7.9194E+01  2.9842E+02
0000635   6.2843E+02  3.8829E+01  8.7870E+01
0000637   1.5008E+02  1.7213E+02 -2.5184E+02
0000638   5.0829E+02  9.1567E+01 -3.6933E+02
0000639   3.0028E+02  2.1887E+02  5.1746E+01
0000640   5.9053E+02  2.6508E+02 -2.8899E+02
0000641   5.6225E+02 -1.0709E+02  8.4864E+01
0000642   9.4389E+01  2.7021E+01 -8.4473E+01
0000643   6.1301E+02  1.2472E+02  1.1217E+02
0000644   3.2076E+02  2.0943E+02 -6.9427E+01
0000645   3.5305E+02  9.5020E+01 -1.0273E+02
0000646   5.6751E+02  1.5927E+01 -8.2722E+01
0000647   2.1393E+02 -3.6469E+02  5.9368E+01
0000648   4.3832E+02  8.8134E+01 -1.1096E+02
0000649   4.3953E+02 -2.4910E+02 -7.5535E+01
0000650   2.3309E+02 -6.0423E+01  6.9965E+01
0000651   3.7578E+02  7.9646E+01  2.3848E+02
0000652   5.5158E+02 -3.1194E+02 -2.8730E+02
0000653   5.9847E+02 -1.2512E+02  7.8354E+01
0000654   6.4438E+02 -1.3981E+02  2.8558E+02
0000655   1.1966E+02 -1.0995E+02  1.1065E+02
0000656   5.7646E+02  3.0132E+01 -6.4248E+01
0000657   8.0166E+02 -4.3120E+02 -2.2325E+02
0000658   4.9510E+02  2.4740E+02  1.0413E+01
0000659   5.8703E+02  3.0407E+01 -1.8873E+02
0000660   6.1412E+02 -2.5402E+02 -3.6043E+01
0000661   8.8382E+02  1.1256E+02 -1.5330E+01
0000662   7.2822E+01 -8.3577E+00 -1.4683E+02
0000663   1.1393E+02 -2.8778E+02 -6.3624E+02
0000664   6.4048E+02 -6.2037E+00 -3.1162E+02
0000665   1.4776E+02 -1.0193E+02 -1.1029E+02
0000666   4.3151E+02 -5.0207E+02  2.7025E+02
0000667   9.0014E+02  6.6138E+01  1.8474E+02
0000668   8.1545E+02 -9.6083E+01 -3.2238E+01
0000669   5.7989E+02  5.5313E+01 -5.8230E+01
0000670   3.1450E+02  7.5312E+01  2.1491E+01
0000671   5.5921E+01 -2.2922E+02 -3.2277E+02
0000672   3.7199E+02  3.3112E+02  1.9698E+02
0000673   4.9492E+02  8.7772E+01  3.1136E+02
0000674   4.9125E+02 -7.5950E+01  2.8087E+02
0000676   3.2443E+02 -1.0957E+02  6.2972E+01
0000677   3.3475E+02 -1.8416E+02  2.8318E+02
0000678   3.8243E+02 -4.4971E+01 -1.7560E+02
0000679   4.7111E+02  3.7099E+02  2.8509E+02
0000680   4.6517E+02  2.8093E+02 -9.2252E+01
0000681   4.4986E+02  6.4579E+01  5.9145E+01
0000682   3.3698E+02  8.4285E+01  2.0811E+02
0000683   4.3958E+02 -1.2882E+02  4.3729E+02
0000684   3.2505E+02 -1.4564E+02  7.5239E+00
0000685   3.2822E+02 -2.9141E+01 -2.5159E+02
0000686   1.0268E+02 -3.3708E+02 -7.5202E+01
0000687   2.1938E+02 -1.2411E+02 -4.2485E+02
0000688   2.6858E+02 -2.6705E+02  2.4009E+02
0000689   3.0755E+02 -2.8817E+02 -3.3290E+02
0000690   5.4005E+02  2.0189E+02 -1.1870E+02
0000691   4.4313E+02 -4.3449E+02  9.1703E+01
0000692   6.1937E+02  1.1483E+02 -3.5246E+02
0000693   4.5817E+02  8.3354E+01 -7.5211E+01
0000694   3.3788E+02 -1.4681E+02 -2.5521E+02
0000695   8.3006E+02  3.3558E+02  9.7677E+01
0000696   2.3046E+02 -2.1197E+01 -5.4748E+02
0000697   2.0358E+02  2.6655E+01 -1.3552E+02
0000698   6.3673E+02 -4.0565E+02  9.5215E+01
0000699   3.3626E+02 -2.4251E+02  6.0525E+01
0000700   4.2116E+02 -2.5553E+01  2.4741E+02
0000701   1.4053E+02  2.3422E+02 -3.2929E+02
0000702   3.6965E+02  9.8359E+01  4.1012E+01
0000703   5.2803E+02 -1.2225E+02  1.0700E+02
0000704   2.9476E+02  8.2169E+01  6.8532E+00
0000705   1.2719E+01 -2.0898E+02  2.4864E+02
0000706   5.5063E+02  8.1134E+01  7.7517E+01
0000707   2.8302E+02 -5.3545E+02  6.7303E+01
0000708   2.4655E+02 -5.2039E+01 -2.8570E+02
0000709   4.2385E+02 -2.6056E+02  2.2924E+01
0000710   4.7809E+02 -1.9016E+02 -6.6972E+01
0000711   3.0905E+02 -3.0605E+01 -7.9752E+01
0000712   8.8456E+02 -1.1999E+02  1.7803E+02
0000713   9.6513E+01  3.5260E+02 -1.6871E+02
0000714   3.7174E+02 -6.6970E+01  3.8737E+01
0000715   5.5316E+02  4.0887E+02  1.6217E+02
0000716   3.5013E+02  2.6733E+01  1.0827E+02
0000717   6.0325E+02 -4.6892E+01  3.3783E+02
0000718   2.6936E+02  2.3414E+02 -4.5021E+01
0000719   3.0082E+02 -2.9110E+02  1.6990E+02
0000720   1.5965E+02  5.4344E+02  2.1602E+02
0000721   6.8333E+02 -3.0001E+01  2.3043E+02
0000722   2.2108E+02  1.6636E+02 -1.1119E+02
0000723   5.5505E+02  1.5815E+02  4.5658E+02
0000724   2.2525E+02  3.7577E+02  3.6998E+02
0000725   3.6128E+02  4.7885E+02  2.1715E+02
0000726   5.4301E+02 -1.3245E+02 -1.2074E+01
0000727   5.9892E+02 -6.2806E+01  6.5854E+01
0000728   4.6163E+02  1.0313E+02  8.2363E+01
0000729   5.6942E+02  1.1699E+02 -2.7904E+02
0000730   3.8196E+02 -1.3231E+01  1.6376E+02
0000732   4.3539E+02  3.1778E+01  2.2194E+02
0000733   1.7611E+02 -1.5450E+02  2.1290E+02
0000734   5.8549E+02 -2.4517E+02 -2.1275E+02
0000735   3.1350E+02 -2.6841E+02 -1.9602E+02
0000736   5.4410E+02  4.7226E+01  1.4207E+02
0000737   5.3765E+02 -2.3334E+02  3.5071E+00
0000738   3.9913E+02  3.4052E+01  2.2019E+02
0000739   2.0538E+02 -7.7408E+00 -2.8766E+02
0000740   5.5251E+02 -5.5435E+01  2.8255E+02
0000741   2.0338E+02 -5.8175E+02 -3.7942E+02
0000742   2.8829E+02 -6.2732E+02 -1.9192E+02
0000743   8.3462E+02 -8.3813E+01  1.3430E+02
0000744   3.6894E+02  1.9114E+02  3.5777E+01
0000745   2.5310E+02  9.7592E+01  8.7271E+01
0000746   2.0983E+02  1.5331E+02 -3.8960E+01
0000747   5.1266E+02 -6.9147E+01  3.4204E+02
0000748   7.3891E+02  1.5488E+02 -3.3394E+01
0000749   2.2349E+02  2.9498E+02  3.9414E+01
0000751   2.6595E+02  1.1535E+02  5.6957E+01
0000753   2.2641E+02  1.4660E+02  1.1183E+02
0000754   3.4083E+02  5.8391E+01  2.4563E+02
0000755   1.5666E+02  4.4444E+02  2.5833E+02
0000756   5.2445E+02 -2.6738E+02 -1.7770E+02
0000757   2.6948E+02  1.3360E+02  6.1332E+01
0000758   2.8635E+02 -7.5466E+00  1.0540E+02
0000759   3.9108E+02 -2.1685E+02 -7.6061E+01
0000760   2.1930E+02  2.9352E+02 -5.8254E+01
0000761   2.7431E+02 -1.9703E+02 -2.0218E+02
0000762   5.6840E+02 -2.5856E+02  2.5357E+02
0000763   2.2980E+02  2.4502E+02  2.5221E+02
0000764   7.0938E+02 -8.6204E+01 -2.2384E+02
0000765   2.5912E+02  1.3596E+01  1.4940E+02
0000766   1.8779E+02  1.2636E+02 -1.5002E+02
0000767   1.9648E+02  8.4439E+00 -3.6147E+01
0000768   5.8335E+02  1.0606E+02  9.7659E+01
0000769   2.3453E+02 -4.1335E+01  2.3738E+02
0000770   3.5530E+02 -4.9431E+02  2.6401E+02
0000771   5.5078E+02  9.8150E+01  4.4584E+02
0000772   3.6861E+02 -2.4885E+01  9.0245E+01
0000773   1.0571E+02 -1.8857E+02  2.0895E+02
0000774   7.3327E+02  1.9403E+02  3.0520E+02
0000775   4.2724E+02  4.1302E+02  1.5162E+02
0000776   4.7711E+02 -2.0828E+02  5.1039E+01
0000777   2.1109E+02 -1.4331E+02  7.7847E+01
0000778   1.4861E+02  6.9469E+01  2.0731E+02
0000779   4.0147E+02  1.4925E+02 -3.2298E+02
0000780   6.1013E+01 -2.8164E+00  7.1728E+01
0000781   5.2045E+02  2.7985E+02 -2.4880E+01
0000782   2.7843E+02  2.0095E+02 -5.9810E+01
0000783   6.2703E+02  3.1552E+01  1.1266E+02
0000784   4.7220E+02  1.9081E+02  4.8366E+02
0000786   5.1128E+02  2.6223E+02 -7.1205E+01
0000787   4.3326E+02  1.0662E+02 -2.1379E+02
0000788   2.5088E+02 -1.5752E+02  3.7615E+01
0000789   5.7127E+02 -1.8974E+02  2.7926E+02
0000790   4.3241E+02  1.1014E+01 -2.3331E+01
0000791   1.0460E+02 -2.0734E+02  1.1264E+02
0000792   5.0455E+02  1.7773E+02 -1.1992E+02
0000793   4.2941E+02  3.1045E+02 -1.9155E+01
0000794   5.2730E+02  2.6638E+02  1.6103E+02
0000795   5.2477E+01 -4.3210E-01 -1.8182E+02
0000796   2.1754E+02  3.3020E+02 -3.4313E+01
0000797   5.0563E+02  1.9258E+02  3.1653E+02
0000798   3.2723E+02  2.3481E+02 -7.5276E+01
0000799   1.5798E+02  2.5079E+02 -1.6426E+02
0000800   6.9471E+02  8.4060E+01  3.0524E+02
0000801   2.3792E+02  4.5878E+01  3.5214E+01
0000802   3.5576E+02  2.1750E+00 -3.2841E+02
0000803   5.0185E+02 -8.1016E+01 -5.3372E+01
0000804   1.2209E+02  8.7874E+01 -2.0686E+02
0000805   4.4426E+02 -3.5231E+01  4.2212E+01
0000806   1.6680E+02  4.3763E+01 -1.7853E+02
0000807   8.0242E+02  2.2807E+02 -3.5912E+02
0000809   1.8213E+02 -1.9720E+02  1.7878E+02
0000810   3.2982E+02 -2.1121E+02  1.6805E+02
0000811   3.7588E+02  2.9228E+02  7.1939E+01
0000812   5.1136E+02 -2.5005E+02  2.0005E+02
0000813   2.3457E+02 -3.8173E+02 -3.9805E+02
0000815   3.8628E+02 -2.6573E+02 -1.5888E+02
0000816   1.5091E+02 -1.5907E+02  2.4329E+02
0000817   8.3812E+01  1.7638E+02  2.5386E+02
0000818   5.2405E+02 -1.6954E+02  8.3795E+01
0000819   6.5976E+02 -1.8840E+02  1.6679E+02
0000820   2.6008E+02 -9.3173E+01  1.6390E+02
0000821   5.7990E+02  1.0324E+02  1.8120E+02
0000822   1.4115E+02 -1.9718E+02 -4.8385E+01
0000823   6.8343E+02  5.0464E+01 -2.7802E+02
0000824   3.4979E+01  2.6940E+02 -1.2220E+01
0000825   1.8334E+02 -2.6391E+01 -1.3347E+02
0000826   4.5636E+02  6.4265E+01 -7.2675E+01
0000827   2.3608E+02 -2.0352E+02  9.7322E+00
0000828   1.5549E+02 -4.3181E+01  7.6689E+01
0000829   2.9859E+02  1.4816E+02 -2.0342E+02
0000830   4.7781E+02 -2.5368E+01 -2.3289E+02
0000831   4.5716E+02 -7.1132E+01  2.5330E+02
0000832   4.5186E+02 -2.5510E+02 -8.3268E+01
0000833   1.7346E+02 -1.6277E+02 -1.5832E+02
0000834   5.6319E+02 -1.1511E+01  2.8446E+02
0000835   3.6735E+02  1.3340E+02 -3.3441E+02
0000836   6.9440E+02 -1.4733E+02  2.6764E+01
0000837   6.7827E+02 -8.8338E+01 -4.3602E+02
0000838   8.9713E+01 -2.7289E+01 -1.1328E+02
0000839   3.6026E+02 -1.9690E+02  1.3811E+02
0000840   4.1133E+02  4.3977E+02  1.6028E+02
0000841   4.4054E+02 -3.6830E+00 -1.6555E+02
0000842   1.9118E+02 -1.6772E+02  3.2572E+02
0000843   3.6614E+01  1.0920E+02  1.8568E+02
0000844   1.2728E+02 -1.8400E+02  3.5126E+02
0000845   4.0393E+02  3.7940E+02  1.6448E+02
0000846   4.4231E+02 -2.3582E+02 -1.0039E+02
0000848   6.6263E+02 -1.1989E+02 -3.4215E+01
0000849   9.0009E+01  1.5226E+02  1.3955E+02
0000850   2.6656E+02  1.2453E+01  1.8253E+02
0000851   3.0998E+02  1.0201E+02 -9.2101E+01
0000853   8.1435E+02  5.6520E+01 -2.7231E+02
0000854   5.5960E+02 -2.8535E+02  1.6350E+02
0000855   4.6748E+02  1.0242E+00  1.1742E+02
0000856   1.4695E+02 -4.7492E+01 -9.5327E+01
0000857   3.5162E+02  1.6862E+02  1.5815E+02
0000859   2.8917E+02  8.7966E+01  4.2434E+02
0000860   3.8768E+02  4.4022E+02  2.9039E+01
0000861   7.4014E+02 -1.6467E+02  2.4230E+02
0000862   1.8098E+02 -3.0683E+02  3.6911E+02
0000863   4.5593E+02 -5.3966E+01  1.2766E+02
0000864   6.4649E+02  6.7355E+00 -3.1043E+02
0000865   7.4469E+02 -2.6860E+02 -2.6637E+01
0000866   8.6390E+02 -7.5904E-01  6.7837E+01
0000867   2.9590E+02  3.2195E+02 -2.2395E+02
0000868   5.2109E+02 -5.9737E+02 -1.5714E+02
0000869   3.3991E+02  9.0134E+01 -8.5986E+01
0000870   4.2910E+02  1.6120E+02 -6.4165E+01
0000871   6.1889E+02 -1.4833E+02  3.3364E+01
0000872   5.4276E+02  8.9050E-01 -2.0265E+01
0000873   3.1360E+02  3.0475E+02 -5.0480E+02
0000874   2.8300E+02 -4.3501E+01 -2.3576E+01
0000876   2.3008E+02 -2.3730E+02  4.5936E+02
0000877   4.2015E+02 -8.7766E+00 -3.0508E+02
0000878   1.9103E+02 -1.7542E+02  1.7334E+02
0000879   1.5867E+02 -6.7125E+01  2.9676E+02
0000880   5.4599E+01  8.8876E+01  3.7903E+02
0000881   5.6758E+02  1.2588E+02 -3.7840E+01
0000882   3.3381E+02  1.6179E+02 -3.1899E+02
0000883   7.8553E+02  6.8399E+01 -3.8245E+00
0000884   3.1500E+02  4.3606E+02  1.3362E+02
0000885   1.3638E+01  2.4556E+02 -4.6179E+01
0000886   6.3988E+02  3.9503E+01  1.1697E+02
0000887   2.0426E+02  6.7672E+02 -7.2855E+01
0000888   2.5567E+02  2.1939E+02  5.2593E+01
0000889   1.0215E+02  7.8798E+01 -2.3416E+02
0000890   6.9936E+02 -3.9691E+01 -2.3048E+01
0000891   5.0274E+02 -3.1442E+02  2.0943E+01
0000892   2.5689E+02  4.3607E+02 -1.4191E+02
0000893   5.4779E+02 -5.9233E+01 -8.4853E+01
0000894   4.1087E+02 -3.5912E+01  1.0332E+02
0000895   4.3713E+02 -7.7633E+01  1.1737E+02
0000896   1.1030E+02 -1.7513E+02  2.9580E+02
0000897   2.9843E+02 -2.8145E+01  9.2983E+01
0000898   2.6637E+02  2.3556E+02 -1.4562E+02
0000899   1.6273E+02 -1.1523E+02 -1.9944E+02
0000900   2.0434E+02  1.1999E+02  8.3914E+01
0000901   5.9828E+02 -7.9729E+01 -1.2013E+02
0000902   3.8427E+02  4.8258E+01 -3.7952E+01
0000903   2.8222E+02  1.8386E+02 -1.7732E+02
0000904   6.5606E+02  3.8620E+02 -9.6320E+01
0000905   3.6413E+02 -1.9331E+02 -7.6458E+01
0000906   7.7811E+02  1.2746E+02  3.5497E+02
0000907   8.1883E+01 -1.4220E+02 -2.4610E+01
0000908   2.9808E+02  1.2557E+01  1.1002E+02
0000909   6.2392E+02  1.2886E+02  4.8515E+01
0000910   1.8814E+02  5.7686E+01  2.5106E+02
0000911   4.8239E+02  3.2708E+02 -2.8852E+02
0000912   2.7265E+02 -3.1998E+02  1.9331E+02
0000913   4.1530E+02  7.6668E+01  6.7727E+01
0000914   5.5627E+02 -1.4424E+02 -3.1548E+02
0000917   5.9874E+02 -4.5658E+02  3.1484E+02
0000918   5.1538E+02  2.6061E+02  7.0963E+01
0000919   8.1631E+02  2.2432E+02 -2.3188E+01
0000920   3.5275E+02  6.7789E+01 -8.0400E+00
0000921   4.3050E+02  4.0192E+02  1.0136E+02
0000922   5.0479E+02 -3.2947E+02  2.7131E+02
0000923   7.6918E+02  7.1691E+00 -3.7937E+01
0000924   3.9663E+02 -8.6236E+01  1.8992E+02
0000925   7.2087E+01 -1.3243E+02  5.1083E+02
0000926   4.2101E+02 -1.5200E+02  1.1456E+02
0000927   4.0993E+02  6.2833E+01 -3.7112E+01
0000928   2.3459E+02  3.0001E+02  1.3907E+02
0000929   2.1523E+02 -5.3331E+01 -7.6848E+01
0000930   2.1590E+02  2.6382E+02 -4.3228E+02
0000931   6.9429E+02 -1.4741E+02  7.8737E+01
0000932   7.4681E+02 -1.6485E+01 -3.5569E+02
0000933   2.9800E+02 -2.3894E+02 -8.2586E+01
0000934   7.8803E+02 -1.4183E+02  4.6948E+00
0000935   4.4133E+02  3.0879E+01 -3.5996E+02
0000936   6.3495E+02  1.6850E+02  4.5200E+01
0000937   4.1729E+02 -1.1114E+02 -1.0829E+02
0000938   3.4529E+01  2.2356E+02 -2.8151E+02
0000939   2.2824E+02  8.9708E+01 -8.7471E+01
0000940   4.1660E+02  3.4425E+01 -1.7888E+02
0000941   5.1424E+02  8.0030E+01  1.4810E+02
0000942   3.6092E+02  1.3518E+02 -1.1801E+02
0000943   2.7618E+02 -1.9354E+02 -3.2113E+01
0000944   8.3428E+02 -2.0433E+02 -2.8475E+02
0000945   5.3099E+02  1.6735E+02 -2.1798E+02
0000946   1.9033E+02  1.0615E+02 -2.2938E+02
0000947   5.1960E+02  4.1878E+02  1.3560E+01
0000948   3.5058E+02  3.9100E+00 -1.0231E+02
0000949   4.1974E+02  9.7025E+01  5.2779E+01
0000950   4.2763E+02 -1.0385E+02  2.3614E+02
0000951   5.9358E+02  6.0231E+01  2.4089E+02
0000952   8.2026E+02  3.5776E+01  1.7041E+02
0000953   9.2250E+01 -2.4652E+01 -2.1128E+02
0000954   3.2052E+02 -2.0837E+02  3.1551E+01
0000955   5.0724E+02 -3.2186E+02 -1.6215E+01
0000956   6.0975E+02 -4.5124E+01 -6.7771E+01
0000957   3.3710E+02  1.1811E+02  9.5423E+01
0000959   5.9145E+02  3.3641E+02 -9.0504E+00
0000960   2.8351E+02  2.1546E+02 -4.2647E+01
0000961   8.4484E+02 -1.0414E+02 -2.0761E+02
0000962   2.8453E+02 -3.7473E+02 -8.1588E+01
0000963   4.8005E+02 -2.0978E+02  1.7454E+02
0000964   7.5701E+02  1.1456E+02 -7.1339E+01
0000965   2.8068E+02 -1.4875E+02 -2.2352E+01
0000966   4.8616E+02  2.0302E+02 -2.3154E+02
0000967   2.4123E+02  2.3418E+01 -3.1948E+02
0000968   5.3745E+02  5.2980E+02  3.0319E+02
0000969   8.7127E+02  3.6205E+02  2.2488E+02
0000970   5.5408E+02  3.6241E+01  2.5280E+02
0000971   7.3481E+02  1.7168E+02 -3.9464E+02
0000972   2.2482E+02 -2.5029E+02  6.9074E+01
0000973   2.5279E+02  2.6866E+02 -1.0578E+02
0000974   5.1998E+02 -1.3824E+02 -2.0173E+02
0000975   1.2006E+02  4.1166E+02  1.5291E+02
0000976   6.6507E+02 -1.2558E+02  2.7720E+02
0000977   5.5243E+02 -1.2265E+02  2.2059E+02
0000978   6.9020E+02 -5.2510E+01  3.2274E+02
0000979   6.4857E+02  1.3808E+02  2.5293E+02
0000980   4.6230E+02 -2.0100E+02  7.7483E+01
0000981   4.5191E+02 -1.6658E+02  3.5160E+02
0000982   8.8736E+01 -2.0231E+02  9.3142E+01
0000983   6.8802E+02 -1.8273E+02 -2.8677E+02
0000985   6.2219E+02  3.7929E+02 -5.8343E+01
0000986   5.5297E+02  1.4001E+02 -1.6810E+02
0000987   1.9586E+02  4.9432E+01  2.4328E+02
0000988   2.1775E+02 -1.2915E+02  1.4520E+02
0000989   5.3472E+02  5.4498E+01 -9.3802E+01
0000990   4.9040E+02  7.4993E+01  9.9152E-01
0000991   3.8179E+02  2.5778E+02  1.9046E+01
0000992   3.4551E+01 -1.5502E+02  1.2324E+02
0000993   3.9572E+02 -1.4394E+02  8.3106E+01
0000994   3.8782E+02 -1.8498E+02 -1.0155E+02
0000997   2.6110E+02 -4.3758E+00  2.8893E+02
0000998   3.5127E+02 -1.0552E+02  2.4049E+02
0000999   4.2045E+02  6.5345E+01 -8.5161E+01
0001000   4.8343E+02  2.2760E+01  4.1586E+02
