============================== SRIM-2013.00 ==============================
==============================================================================
====== SRIM Outputs\RANGE_3D.txt : File of Final Ion Positions =====

Ion =  F (09)   Ion Mass= 018.9984
Energy  = 2000000.E-05 keV
Ion Angle to Surface = 00.0 degrees
==================== TARGET =======================
  Layer # 1 - None
  Layer # 1 - Bottom Depth=500000.E-01 A
  Layer # 1 - Density =0007.8700 g/cm3
  Layer # 1 -  100 % of Fe
様様様様様様様様様様様様様様様様様様様様様様様様様様
                                            
Ion       Depth  X   Lateral Y   Lateral Z  
Number    (Angstrom) (Angstrom)  (Angstrom) 
-------  ----------- ----------- -----------
0000001   2.8904E+02 -2.0584E+01 -1.0676E+01
0000002   4.5955E+02  1.8375E+02 -6.9950E+01
0000003   2.2755E+02 -2.9350E+00 -1.2838E+02
0000004   6.5435E+01  1.5324E+01  9.3717E+01
0000005   1.8567E+02  8.1061E+01 -2.9305E+01
0000006   3.0454E+02 -8.3352E+00  4.1141E+01
0000007   4.1681E+02 -1.4108E+02  6.7493E+01
0000008   2.6215E+02 -6.7257E+01  4.9898E+01
0000009   5.1521E+01 -1.1053E+02  9.6798E+01
0000010   2.9237E+02  1.2636E+01 -2.1203E+02
0000011   1.0140E+02 -7.7582E+01 -7.0757E+01
0000012   1.6367E+02  1.0078E+02  5.4626E+01
0000013   8.8780E+01  2.4552E+01  6.2701E+00
0000014   4.5987E+02  3.0016E+01  1.0374E+02
0000015   1.2757E+02  8.6207E+01 -8.7479E+01
0000016   2.0758E+02  1.9458E+01  1.1062E+02
0000017   2.2344E+02  2.9411E+01  2.0437E+02
0000018   6.4398E+01 -3.9969E+01  3.7152E+01
0000019   3.0088E+01 -8.1909E+00  5.0579E+01
0000020   2.3650E+02  5.3039E+01 -6.2469E+01
0000021   3.0172E+02  7.5713E+01 -1.1998E+02
0000022   1.3045E+02  1.4302E+02  1.7719E+02
0000024   1.8486E+02 -9.4929E+01 -1.1923E+02
0000025   1.8479E+02 -1.7497E+02  2.4239E+02
0000026   5.8738E+01 -4.7757E+00  2.9453E+02
0000027   1.2438E+02  1.7960E+02  2.7626E+01
0000028   1.2084E+02 -4.5762E+01 -1.0424E+02
0000029   2.6325E+02 -6.8620E+01  1.1176E+02
0000030   1.4099E+02 -1.8582E+01 -2.3819E+01
0000031   1.5236E+02  1.1723E+02  2.1198E+02
0000032   2.3352E+02 -5.2268E+01  1.0226E+02
0000033   1.5325E+02 -2.3032E+02  2.0882E+02
0000034   1.1196E+02  1.5868E+02 -2.1717E+02
0000035   2.8167E+02 -5.2868E+01 -5.9890E+01
0000036   7.2345E+01  4.4140E+01 -5.2162E+01
0000037   3.0112E+02 -2.6738E+01  1.4059E+02
0000038   1.1700E+02  4.6744E+01 -1.9077E+02
0000040   3.6680E+02  4.7992E+01  1.5258E+02
0000041   3.0754E+02 -4.5480E+01 -5.2947E+01
0000042   2.0659E+02 -8.2522E+00  1.2202E+02
0000043   2.2510E+02  8.9787E+01  1.5646E+02
0000044   7.3659E+01  2.5989E+02  4.7811E+00
0000045   3.7816E+02 -8.3948E+01 -2.5649E+01
0000046   1.4342E+02  4.0930E+01 -1.2995E+02
0000048   1.7838E+02 -1.0292E+02  6.5049E+01
0000049   2.1214E+02 -1.8339E+01  1.0471E+02
0000050   8.9702E+01 -9.5048E+01  7.8181E+00
0000051   3.8279E+02 -1.8711E+01  7.3359E+01
0000052   9.2022E+01  1.0877E+02  1.2704E+02
0000053   1.6386E+02  1.4094E+02 -3.6065E+01
0000054   1.2877E+02  1.0595E+02  9.1160E+01
0000055   1.2334E+02  9.4224E+01  1.3082E+01
0000056   3.4615E+02 -9.4775E+00  1.4932E+02
0000057   2.3614E+02  4.0623E+01 -4.0408E+01
0000058   4.2749E+02  1.8589E+02 -1.0596E+02
0000059   1.9280E+02 -6.8854E+01 -4.1539E+01
0000060   4.6333E+01 -3.3104E+01  8.9726E+01
0000061   2.1473E+02 -4.8989E+01 -1.1018E+02
0000062   2.6599E+02  2.1840E+02  1.0006E+02
0000064   2.9528E+02 -1.7601E+02  4.5352E+01
0000065   1.5268E+02  2.6386E+01  1.3664E+02
0000066   1.8332E+02  2.2228E+02  7.6055E+01
0000067   3.3960E+01 -1.4281E+01 -1.1099E+02
0000068   3.6268E+02  3.6876E+01 -8.3108E+00
0000069   2.4169E+02 -8.5476E+01 -9.0380E+01
0000070   4.0516E+02 -1.5364E+02 -2.0305E+02
0000071   1.2560E+02  1.3781E+02 -7.6041E+01
0000072   2.9649E+01  1.8952E+02  3.7764E+02
0000073   6.7386E+01  2.0871E+01  1.1814E+02
0000074   3.2657E+02 -1.4991E+01 -1.0992E+02
0000075   4.9586E+01  9.5144E+00  2.6012E+02
0000076   3.0834E+02 -1.4330E+00 -1.6422E+01
0000077   1.5293E+02 -3.1050E+01 -1.2488E+01
0000078   3.2437E+02 -2.3537E+01  1.5418E+02
0000079   2.9682E+02  2.4694E+02  1.2362E+02
0000080   1.4215E+02 -5.3340E+01  5.7516E+01
0000081   2.4007E+02 -1.5074E+02 -6.5998E+01
0000082   1.1494E+02  2.4068E+01  7.3212E+01
0000083   2.5495E+02  1.9945E+00 -2.6263E+02
0000084   1.7860E+02  1.4332E+01 -7.8335E+01
0000085   2.3330E+02  1.1560E+02 -1.1579E+02
0000086   1.9140E+02  2.1611E+01  2.1210E+01
0000087   2.1768E+02 -2.6245E+01  1.4508E+02
0000088   1.3172E+02  1.1532E+01 -9.3287E+01
0000089   2.3857E+02  1.7914E+02 -1.0588E+02
0000090   2.2772E+02  6.5313E+01 -1.7975E+01
0000091   3.4992E+02  1.6328E+02  1.9521E+02
0000093   3.3880E+02 -4.2968E+01 -5.8051E+01
0000094   1.6417E+01 -9.4805E+01 -1.5414E+01
0000095   2.0926E+02 -1.2133E+02  1.6948E+02
0000096   4.6017E+02 -8.2818E+01 -6.9943E+01
0000097   3.1844E+02 -4.7029E+00  3.0160E+01
0000098   2.4846E+02 -7.6903E+01  1.4647E+02
0000099   2.5914E+02 -1.8547E+01 -1.2334E+01
0000100   8.0229E+01 -8.8551E+01  1.3199E+02
0000101   1.4762E+02 -9.4518E+01  9.4403E+00
0000102   2.5313E+02 -9.8409E+01  1.7370E+02
0000104   1.7631E+02 -4.0077E+01 -7.1490E+01
0000105   2.3103E+02 -8.0415E+01  7.1443E+01
0000106   1.2753E+02  1.0616E+02 -3.4886E+01
0000107   2.1586E+01 -1.2549E+02 -5.2924E+01
0000108   2.2888E+02  5.0699E+01  2.4632E+01
0000109   2.1591E+02  5.0744E+01  2.4754E+01
0000110   4.1856E+02 -1.7519E+01 -1.5124E+02
0000111   7.1111E+01 -5.1479E-01 -4.7534E+01
0000112   1.9084E+02  5.0282E+01 -7.1684E+01
0000113   8.1659E+01  4.9421E+01  2.4829E+02
0000114   1.9303E+02 -1.2237E+02  8.3546E+01
0000116   2.4687E+02 -1.2640E+01  1.0034E+02
0000117   4.4537E+02 -2.1186E+02 -6.2706E+01
0000118   1.5035E+02  2.4741E+01 -1.0756E+02
0000119   5.7655E+01  8.0726E+00  1.3862E+02
0000120   4.8185E+02  1.0220E+02 -3.1414E+01
0000121   3.0167E+02 -1.9011E+02 -2.9554E+02
0000122   2.1180E+02 -7.7829E+01 -1.4936E+02
0000124   4.4327E+00 -1.7573E+02  2.9638E+01
0000125   2.2975E+02  9.1431E+01  4.7567E+01
0000126   1.9498E+02 -1.2351E+02 -6.8542E+00
0000127   1.9239E+02  1.0137E+02  4.1705E+01
0000128   1.4838E+02 -7.0078E+01  9.3811E+01
0000129   1.3845E+02  6.8420E+01  2.2821E+00
0000130   2.2450E+02 -1.8533E+02  2.7513E+01
0000131   1.7015E+02 -2.9087E+01 -5.3196E+00
0000132   2.4601E+02 -1.3651E+02  3.4198E+01
0000134   6.2563E+01  2.3749E+02 -9.6946E+01
0000135   2.4407E+02 -7.5362E+01  9.0423E+01
0000136   1.6686E+02  1.5825E+01 -1.8482E+01
0000137   3.5582E+02 -2.2931E+01  2.9916E+01
0000138   3.0139E+02 -5.4396E+01  1.0154E+02
0000139   6.4117E+01 -1.0549E+02  4.3823E+01
0000140   1.9607E+02  2.5776E+01  1.0734E+02
0000141   3.5787E+00  6.8246E+01  5.5901E+01
0000142   1.6492E+02 -4.3187E+01 -4.9800E+01
0000143   2.3417E+02  1.0617E+02  4.0160E+01
0000144   2.3248E+02  7.9173E+00 -2.0236E+02
0000146   6.6009E+00 -1.4713E+02 -1.0862E+02
0000147   1.2336E+02 -1.2356E+02  3.7485E+01
0000148   2.4228E+02  2.1904E+02  1.8206E+00
0000149   2.5889E+02 -6.3068E+01  7.0988E+01
0000150   4.7436E+02  2.4516E+01 -4.6296E+01
0000151   9.3902E+01 -1.5798E+02  1.7495E+02
0000152   1.6869E+02 -3.8822E+01  2.3428E+02
0000153   3.3423E+02  2.0565E+01  7.5805E+01
0000154   1.7824E+02 -1.2154E+02 -6.4213E+01
0000155   1.3085E+02  7.1829E+01  2.6112E+01
0000156   2.6879E+02  8.0677E+01 -2.0647E+02
0000157   4.1563E+02  1.7328E+02  8.7964E+01
0000158   1.2147E+02 -1.0867E+02 -1.8544E+02
0000159   2.0334E+02  1.0328E+02 -8.8020E+00
0000161   3.5675E+02 -1.1319E+02  1.0295E+02
0000162   3.3876E+02  1.3153E+02  1.3205E+02
0000163   7.5880E+01 -8.6889E+01  4.2230E+01
0000164   2.8678E+02  3.0329E+01  1.2450E+02
0000165   2.0351E+02 -1.7551E+02 -3.0009E+01
0000166   2.6282E+02  1.6261E+02  7.1812E+01
0000169   1.1973E+02 -8.0823E+01  1.3101E+02
0000170   3.9142E+02 -1.0733E+02 -1.8026E+02
0000171   3.0543E+02 -1.3343E+02  2.3097E+01
0000173   3.1494E+02  5.7369E+01 -3.4764E+02
0000174   1.0066E+02 -5.6296E+01 -1.4951E+01
0000175   2.3802E+02  4.2112E+01 -1.5865E+02
0000176   1.5021E+02 -2.9280E+01 -9.9720E-01
0000178   1.8737E+02  2.0289E+01 -8.8204E+01
0000179   1.2561E+02 -2.8136E+01 -5.6992E+00
0000180   1.1268E+02 -1.5039E+01 -1.0024E+02
0000181   2.9148E+02 -8.4680E+01 -1.7055E+02
0000182   1.1499E+02  6.8256E+00  9.1466E+01
0000183   2.5167E+02  7.8265E+01 -1.3197E+02
0000184   1.4770E+02  1.1480E+02  1.1417E+02
0000185   2.5845E+02 -1.0541E+02 -4.0765E+01
0000186   1.9636E+02 -1.4293E+02  6.6876E+01
0000187   1.2691E+02  9.6127E+01 -1.5884E+02
0000188   3.5262E+02 -1.3653E+02 -1.4405E+02
0000189   5.5292E+01  7.7436E+01 -4.5581E+01
0000190   1.6679E+02 -4.3133E+01  1.1267E+01
0000191   1.2271E+02  4.8831E+00  6.8463E+01
0000192   2.0751E+02  6.9611E+01 -9.5428E+00
0000193   1.7933E+02  8.7538E+01 -1.2535E+02
0000194   3.8761E+02  1.2673E+02 -2.2495E+01
0000195   1.3979E+01 -1.5538E+01  6.4450E+00
0000196   3.0366E+02 -1.1294E-01  1.2558E+02
0000197   2.4410E+02 -5.2289E+01  3.7830E+01
0000199   3.9703E+02 -3.0763E+01  2.3641E+02
0000200   3.9532E+02  4.2140E+01 -2.1326E+02
0000201   3.5100E+02 -6.8443E+01 -1.5995E+02
0000202   2.1887E+02  1.5379E+01  1.1225E+02
0000203   4.3925E+02 -8.8876E+01  8.5394E+01
0000204   3.1508E+02 -1.7224E+02 -1.7280E+02
0000205   3.8806E+02  1.0678E+02 -1.7729E+02
0000206   2.6398E+02 -9.2538E+01 -1.9953E+02
0000207   2.1014E+02  1.0359E+02  1.1800E+02
0000208   1.6771E+02  9.7578E+01 -1.8519E+02
0000209   2.2495E+02 -1.6490E+02  4.3209E+01
0000210   1.5844E+02  6.1117E+01 -4.8914E+01
0000211   3.6432E+02  1.4470E+01 -9.3046E+01
0000212   4.4577E+01  9.7540E+01 -7.0415E+01
0000213   2.9344E+02  2.4469E+01  1.2670E+02
0000214   6.0886E+01  4.9406E+01 -3.8793E+01
0000215   1.7666E+02 -8.7071E+01  7.1886E+00
0000216   2.1716E+02  6.1577E+00  1.8002E+02
0000217   3.0838E+02  9.0280E+00 -4.2619E+01
0000218   2.8471E+02  5.2065E+01  2.5266E+02
0000219   1.8341E+02  1.0289E+02  1.4198E+02
0000220   2.9815E+02 -2.0607E+01  2.0649E+01
0000221   2.1493E+02 -1.2250E+02  7.4703E+00
0000223   1.2993E+02  2.1212E+01 -5.4504E+01
0000224   6.5598E+01  1.1610E+02  2.7608E+02
0000225   2.1695E+02 -5.0267E+01  3.0000E+01
0000226   2.1930E+02 -1.7437E+02  1.9315E+00
0000227   3.3761E+02  2.1240E+02  1.5392E+02
0000228   2.5922E+02 -9.8069E+00 -5.2979E+01
0000229   1.7974E+02 -3.8431E+01 -5.0558E+01
0000230   1.6292E+02 -4.6883E+01 -4.5252E+01
0000231   2.2849E+02  1.0177E+02  5.3086E+01
0000232   2.9873E+02 -1.8247E+00 -1.2792E+02
0000233   1.7205E+02 -7.8341E+01  5.8497E+01
0000234   1.2898E+02 -1.2450E+02  1.1033E+01
0000236   2.3342E+02  7.5510E+01  4.5106E+01
0000237   4.7716E+02  6.6374E+01 -1.6588E+02
0000238   2.9395E+02 -5.9170E+01 -9.6048E+01
0000239   1.5295E+02  3.1203E+02 -9.2584E+01
0000240   2.4612E+02 -8.2921E+01  5.7853E+01
0000241   1.9753E+02  2.7014E+02 -6.7964E+01
0000242   2.6765E+01  4.7357E+01 -3.3878E+01
0000243   8.1001E+01 -3.8420E+01  2.8563E+01
0000244   3.0148E+02 -1.6608E+02  3.4464E+01
0000245   1.8372E+02  1.4331E+02 -9.7284E+00
0000246   2.1871E+02 -5.5786E+01 -1.4258E+02
0000247   2.6869E+02 -7.9848E+01 -1.8585E+02
0000248   1.1171E+02  4.6364E+01 -8.0400E+01
0000249   2.6005E+02 -7.5808E+01  2.4698E+01
0000250   3.2183E+02  2.7190E+01  2.4164E+02
0000251   1.7651E+02  4.0713E+01 -1.1421E+02
0000252   4.9422E+02 -1.5101E+02 -8.6568E+01
0000253   2.5881E+02 -1.7791E+02 -2.5769E+02
0000254   1.4516E+02  5.1224E+01 -3.3929E+01
0000255   3.2646E+02  6.3507E+00  2.5881E+01
0000256   1.6370E+01  8.1022E+01 -8.7659E+01
0000257   3.2510E+01  1.0228E+02  2.3798E+01
0000258   1.9436E+02 -1.1763E+02  3.8026E+01
0000259   1.5201E+02 -3.0928E+01  6.5229E+01
0000260   2.7246E+02 -1.3546E+01 -7.7771E+01
0000261   1.5812E+02 -2.9673E+01 -1.8061E+01
0000262   8.0200E+01 -1.3894E+00  6.0788E+01
0000263   8.5656E+01  1.9266E+02 -9.8139E-01
0000264   1.2564E+02 -5.8821E+01 -9.8579E+01
0000265   9.5500E+01  1.2615E+02 -1.9776E+02
0000267   2.0954E+02  4.4269E+01 -4.6627E+01
0000268   6.0835E+02 -9.2025E+01  4.0771E+00
0000269   2.3158E+02 -5.7790E+01 -9.6925E+01
0000270   3.0795E+02  8.1811E+01 -2.6585E+02
0000271   2.2139E+02 -3.9717E+01 -4.6811E+01
0000272   8.4805E+01  2.2055E+02 -2.5214E+02
0000273   3.4092E+02 -3.7472E+01  1.5241E+01
0000275   2.2566E+02 -1.1973E+02 -1.2464E+02
0000276   1.0952E+02  2.7045E+02  2.5805E+02
0000277   1.1763E+02 -1.8564E+00 -2.8648E+00
0000278   2.0734E+02  1.1208E+01  1.6146E+02
0000279   2.9963E+02  1.0507E+02 -6.7148E+01
0000280   1.4967E+02  1.2627E+02  1.1150E+02
0000281   3.2168E+02  1.8454E+02 -1.2170E+02
0000282   3.2276E+02 -8.0054E+01 -1.5054E+02
0000283   1.7648E+02 -1.2875E+01  1.3907E+01
0000284   2.6938E+02 -4.9301E+01  4.0391E+01
0000285   2.3132E+02  1.2791E+02 -5.2988E+01
0000286   2.0048E+02  4.5697E+01  2.2870E+02
0000287   1.2738E+02 -1.3741E+02  4.2696E+01
0000288   1.4895E+02 -3.4784E+02 -1.1116E+02
0000289   1.1678E+02  1.1256E+02 -1.6969E+02
0000290   8.6206E+01  8.4454E+01 -1.0056E+02
0000291   1.1860E+02  1.5877E+02  3.3001E+02
0000292   4.4389E+01  5.1908E+01  1.5894E+02
0000293   3.5093E+02 -4.8044E+01  1.2878E+02
0000294   3.3989E+02 -9.8413E+00  8.1991E+01
0000295   1.5130E+02  5.9474E+01 -8.6172E+01
0000296   1.3242E+02 -4.3479E+01  6.7697E+01
0000297   2.9002E+02 -1.6473E+02  1.6093E+00
0000298   2.0357E+02 -7.3378E+01 -1.2980E+02
0000299   1.1374E+02 -9.6748E+01  2.3659E+01
0000300   1.5792E+02 -2.3791E+01 -3.4345E+01
0000301   1.9435E+02  1.7730E+01 -2.1509E+02
0000302   2.3601E+02  7.3295E+01 -1.2941E+02
0000303   9.4608E+01  5.5348E+01  1.4425E+02
0000304   1.1556E+02 -1.7566E+02 -2.0081E+02
0000305   1.7564E+02 -4.8495E+01  3.2369E+02
0000306   2.6557E+02  1.0408E+02  1.3628E+02
0000307   1.2408E+02  1.3559E+02  3.1080E+02
0000308   2.2916E+02 -9.7495E+01 -7.3846E+01
0000310   3.5956E+02  1.5647E+02 -1.1228E+02
0000311   2.4487E+02 -1.0793E+01 -6.8497E+01
0000312   3.4216E+02  2.3928E+01  3.3163E+02
0000313   4.5405E+01 -1.7929E+02 -1.5872E+01
0000314   2.8362E+02  2.4754E+02 -1.9757E+02
0000315   4.7719E+02  8.5905E+00  2.4389E+01
0000316   2.2848E+02  5.2654E+00  1.8441E+01
0000317   2.6326E+02  1.7317E+02  2.0456E+02
0000318   1.3952E+02  3.6833E+02  1.8950E+02
0000319   2.0824E+02 -1.0218E+02 -1.7194E+00
0000320   3.2432E+02  6.9685E+01 -1.0069E+02
0000321   1.4099E+02 -8.1820E+01  6.8321E+01
0000322   1.3832E+02 -5.6555E+01 -2.8226E+02
0000323   1.4957E+01 -1.9512E+02 -1.8631E+02
0000324   2.1035E+02  7.0569E+01 -3.5135E+01
0000325   2.4119E+02 -2.3584E+01  1.0673E+02
0000326   2.6642E+02  5.6135E+01 -7.1479E+01
0000327   3.0175E+02 -1.4496E+02  5.5230E+01
0000328   1.9294E+02  6.0205E+01 -7.2957E+01
0000329   5.6563E+01  7.2731E+01  1.1881E+02
0000330   1.1955E+02 -3.3472E+02 -1.4077E+02
0000331   3.6279E+02  3.1559E+01  3.6070E+01
0000332   3.2780E+02  8.7950E+00 -5.4413E+01
0000334   2.4799E+02 -1.7749E+02 -5.8486E+00
0000335   2.2594E+02 -7.9177E+01 -5.8682E+01
0000336   1.9175E+02 -3.5452E+01  7.5686E+01
0000337   3.8421E+02 -2.3738E+02  7.0637E+01
0000338   2.4402E+02 -1.2905E+02 -2.2152E+02
0000339   1.3789E+02  1.4566E+02  6.5608E+01
0000340   2.3444E+02  3.4835E+01  1.3945E+02
0000341   8.8139E+01 -1.4511E+02 -5.5142E+00
0000342   1.2975E+02  4.8770E+01  1.1140E+01
0000343   4.6424E+02  4.8250E+00 -1.6381E+02
0000344   1.2735E+02  4.8827E+01 -1.0897E+02
0000345   2.0831E+02 -2.8980E+01 -1.6560E+02
0000346   2.0371E+02 -8.0894E+01 -1.2218E+01
0000347   4.1038E+02 -1.4794E+02 -3.6733E+01
0000349   2.5405E+02  2.9417E+02 -3.2337E+01
0000350   2.7912E+02  1.6986E+01 -1.4244E+02
0000351   1.6905E+02  6.6743E+01 -3.3179E+01
0000352   1.0861E+02 -1.2267E+00  4.8712E+01
0000353   5.1642E+02  8.0818E+01  1.9073E+02
0000354   3.2161E+02 -7.7702E+01 -8.3516E+01
0000355   1.9507E+02 -1.9770E+02 -8.7717E+01
0000356   2.6785E+02 -6.4107E+01  2.0639E+01
0000357   2.6962E+02  1.3673E+01  1.3069E+02
0000359   2.0813E+02 -8.0488E+01 -5.8882E+01
0000360   1.8944E+02  5.1912E+01 -8.7636E+01
0000361   1.4530E+02  1.5195E+01  2.7615E+00
0000362   1.5184E+02 -5.9363E+01  2.2154E+01
0000363   3.8459E+01  1.6709E+02  2.9875E+01
0000364   2.4487E+02 -4.6563E+01  1.5524E+02
0000366   1.8484E+02  1.2398E+02 -4.4421E+01
0000367   9.9119E+01  9.2779E+01  1.7913E+02
0000368   1.7884E+02  3.4034E+01 -1.5955E+02
0000369   1.9715E+02  2.4044E+02  9.7687E+00
0000370   3.8423E+02  1.1507E+02  3.4626E+01
0000371   1.1007E+02  2.1504E+02 -4.7763E+01
0000372   2.1455E+02 -9.5398E+01 -1.5578E+02
0000373   3.7725E+02 -8.9844E+01 -5.0960E+01
0000374   2.0678E+02 -2.9128E+00 -1.4896E+02
0000375   2.2193E+02  1.0145E+02 -4.9859E+01
0000376   1.2308E+02  5.7833E+01 -1.3721E+02
0000377   3.7199E+02 -3.2632E+01  9.0593E+01
0000378   3.2048E+02 -4.3062E+01 -3.0886E+01
0000379   2.5941E+02  7.9663E+01 -2.1667E+00
0000380   3.4902E+02  1.3322E+01 -4.3746E+02
0000381   1.3420E+02  6.7251E+01  2.2299E+01
0000383   2.9595E+02 -1.6987E+02  9.8697E+01
0000384   4.0693E+02 -1.0080E+01 -2.4603E+02
0000385   4.9529E+01  8.5640E-01 -2.4777E+01
0000386   4.0167E+02  1.3378E+02  6.5316E+01
0000387   2.9403E+02  1.8892E+01 -1.0060E+02
0000388   7.9554E+01  1.0340E+02  1.1386E+01
0000389   2.2131E+02  2.9037E+01  1.5105E+02
0000390   6.9283E+01 -4.4509E+01  1.4078E+02
0000391   3.2941E+02 -1.2510E+02 -1.5359E+02
0000392   1.3750E+02 -6.0929E+01 -9.3258E+01
0000393   3.6739E+02  9.2554E+00 -8.5413E+01
0000394   2.0861E+02 -7.7150E+01  1.7088E+02
0000395   1.6779E+02 -1.0288E+02  8.1617E+01
0000396   7.4361E+01  1.3353E+02 -1.3746E+02
0000397   2.5570E+02 -1.7366E+02  8.1886E+01
0000398   1.1302E+02  1.1272E+02 -1.2661E+02
0000399   1.4780E+02  3.3052E+02 -1.0715E+02
0000400   2.4078E+02  9.5187E+00 -2.5454E+02
0000401   1.5346E+02 -9.3676E+01  1.3026E+02
0000402   2.6345E+02  1.4458E+02 -2.9641E+02
0000403   1.5741E+02 -1.5560E+02 -1.8702E+02
0000404   2.5726E+02  1.1356E+02  7.0827E+01
0000405   8.7134E+01 -5.4400E+01  3.6087E+02
0000406   3.5489E+01  2.4049E+01 -2.4515E+01
0000408   3.3706E+02 -9.5793E+01  1.7637E+02
0000409   3.4261E+02  1.4547E+02  6.8235E+01
0000410   4.0537E+02  7.9241E+01  8.2092E+01
0000411   2.1816E+02 -3.9968E+00  3.7772E+01
0000412   6.0278E+01  1.4335E+02  2.5856E+01
0000413   1.3789E+02  6.0779E+01 -1.6487E+02
0000414   3.8595E+01 -4.7605E+01  1.4320E+02
0000415   2.6928E+02  1.4299E+02  2.7286E+01
0000416   3.4539E+02  8.7450E+01 -4.2132E+01
0000417   1.5115E+02  2.2554E+02  6.0819E+00
0000418   1.4627E+02 -8.8641E+01 -9.7466E+01
0000419   4.1523E+01 -2.5737E+02  1.7452E+01
0000420   1.4431E+02 -2.0780E+02  5.6637E+01
0000421   1.5985E+02  2.4563E+02 -4.6039E+01
0000422   2.0697E+02  8.7789E+01 -8.5596E+01
0000423   2.2821E+02 -2.5210E+02 -2.6801E+02
0000424   6.7908E+01 -4.3803E+01 -1.6573E+00
0000425   1.0846E+02 -4.6688E+01 -5.1560E+01
0000426   2.3342E+02  4.6805E+01 -6.8989E+01
0000427   2.2766E+02 -3.4625E+01 -3.8075E+01
0000428   9.1173E+01  1.1881E+01  1.0541E+02
0000429   4.8762E+01 -5.4673E+01  1.0091E+02
0000430   4.3145E+02 -4.9842E+01 -1.3707E+01
0000431   1.1643E+02  1.2236E+02 -1.3707E+02
0000432   4.0093E+01  1.3886E+02 -6.9814E+01
0000433   1.3945E+02  5.1289E+01  1.5469E+02
0000434   2.0446E+02 -2.2572E+01 -3.9453E+01
0000435   1.2764E+02 -4.5192E+01 -7.0254E+01
0000436   1.8388E+01  1.0959E+02 -1.3040E+02
0000437   2.5175E+02  3.1401E+01  9.5859E+01
0000438   1.6262E+02 -3.0356E+02 -2.4465E+01
0000439   2.0253E+01  1.6077E+02  7.7957E+01
0000440   3.4617E+02  1.1119E+02  5.6595E+01
0000441   3.1425E+02  2.2018E+02  1.6877E+01
0000442   2.0307E+02  7.2659E+01  9.1709E+01
0000443   3.6981E+02  1.9986E+02  9.7932E+01
0000444   2.7430E+02  1.2989E+02 -2.7173E+02
0000445   2.7236E+02 -1.2579E+02  3.5443E-01
0000446   1.4397E+02  6.4446E+01  1.0734E+02
0000448   1.6043E+02 -9.5690E+00  1.7291E+02
0000449   3.6392E+01  7.7742E+01  2.4206E+02
0000450   2.5358E+02 -1.4962E+02 -1.2911E+02
0000451   2.0675E+02 -2.7197E+02 -1.0494E+02
0000452   3.1273E+02 -2.7097E+02  7.8332E+01
0000453   3.0767E+02 -6.3805E+01  2.9906E+02
0000454   3.3992E+01 -1.8902E+02 -3.9613E+01
0000455   2.3562E+02 -1.0488E+02  4.9936E+01
0000457   3.8795E+01 -2.2764E+01 -1.7303E+02
0000458   4.7417E+01 -1.4627E+02  1.7288E+01
0000459   2.6052E+02  1.6551E+02 -1.0549E+02
0000460   2.6522E+02  5.8001E+01 -1.1890E+02
0000461   2.3866E+02 -1.1441E+02 -8.5932E+01
0000462   2.6375E+02 -1.0703E+02 -1.5472E+02
0000463   2.7138E+02 -3.8038E+01  1.1793E+01
0000464   3.1064E+02  3.1926E-01 -1.3885E+02
0000465   9.4505E+01 -6.3651E+01  1.8866E+01
0000466   1.5852E+02  1.9064E+02 -4.2001E+00
0000467   3.6735E+01 -4.0121E+01 -1.3881E+01
0000468   2.1191E+02 -1.1110E+02 -1.2668E+02
0000469   2.6436E+02 -2.5589E+02 -1.1242E+02
0000470   1.6543E+02 -1.8763E+02 -1.0982E+02
0000471   4.8437E+02  1.0400E+02  3.9445E+02
0000472   2.4968E+02 -1.6899E+02 -1.4093E+02
0000473   3.1228E+02 -1.8479E+02  2.0936E+02
0000474   2.4362E+02  1.4004E+02  1.0634E+02
0000475   3.8023E+02 -9.7237E+01  1.5653E+01
0000476   1.8150E+02  2.0838E+01  1.3472E+01
0000477   3.2574E+02  2.6097E+01  4.5123E+01
0000478   2.4575E+02  1.9255E+01  1.7555E+02
0000479   2.8998E+02  5.6813E+01 -3.0058E+02
0000481   8.1565E+01  6.0013E+01 -2.2089E+01
0000482   3.0307E+02  3.0219E+01 -1.5083E+02
0000483   3.1916E+02  1.1016E+02  1.3186E+02
0000485   9.4004E+01  4.5526E+01 -2.1257E+01
0000486   3.0402E+02  1.7528E+02  1.8889E+02
0000487   3.3136E+02  2.1472E+01 -3.1023E+01
0000488   4.6187E+02 -1.7084E+01  6.6705E+01
0000489   2.9572E+02 -2.8762E+01  3.6512E+01
0000490   1.4231E+02  1.8121E+01  6.1225E+01
0000491   1.3391E+02  3.3370E+01  7.1372E+01
0000492   1.5718E+02  2.5589E+01 -1.4002E+02
0000493   2.9190E+02 -4.4670E+01  1.9429E+02
0000494   2.8185E+02 -9.7410E+01 -2.6887E+02
0000495   7.4132E+01  2.6501E+01  1.5903E+02
0000496   3.6204E+02  6.3695E+01 -1.5711E+02
0000497   2.6342E+02  4.5142E+01 -1.9434E+02
0000498   3.7003E+02 -1.5051E+02 -4.0851E+01
0000499   3.6243E+02 -1.5439E+02  8.8648E+01
0000500   6.5052E+01  5.8341E+01  4.8214E+01
0000501   3.1215E+02  2.0243E+02  6.4315E+01
0000503   1.9197E+02 -1.2241E+02  1.0629E+02
0000504   1.5147E+02  4.7751E+01  1.2997E+02
0000505   1.3100E+02  6.7411E+01  4.8983E+01
0000506   8.7677E+01 -1.1807E+02  1.0188E+02
0000507   1.2103E+02 -8.7701E+01 -1.6799E+02
0000508   5.4595E+02  5.8845E+01 -2.4670E+02
0000509   2.6404E+02 -2.4663E+02  2.2930E+02
0000510   1.6285E+02 -1.8147E+02  1.4514E+02
0000511   2.2005E+02 -1.1979E+02 -1.1505E+02
0000512   1.4795E+02 -3.6237E+01 -1.2065E+02
0000513   2.3742E+02  4.2591E+01  3.1003E+02
0000514   2.7525E+02 -4.4764E+01 -4.0176E+00
0000515   4.4654E+01 -1.1630E+02 -4.4439E+01
0000516   2.6026E+02 -6.9524E+01  1.4499E+02
0000517   1.0351E+02  1.2529E+02  1.6650E+02
0000518   3.3383E+02  1.5090E+02 -1.1064E+02
0000519   3.9218E+01 -1.2848E+02 -1.6577E+02
0000520   1.8485E+02 -2.4088E+00  9.4148E+01
0000521   3.0193E+02  3.4926E+01 -7.1522E+01
0000522   2.0733E+02  3.2495E+01 -2.9702E+01
0000523   2.1494E+02 -1.4455E+02  4.9075E+01
0000524   1.3464E+02  8.2062E+01  3.7059E+01
0000525   2.0070E+02  7.9575E+01  1.9506E+02
0000526   3.6863E+02 -4.1469E+01 -8.3932E+01
0000527   1.8963E+01 -4.5117E+01 -2.1235E+02
0000528   4.5388E+02  9.6066E+01 -2.0975E+01
0000529   9.1380E+01  3.6333E+02  1.3442E+02
0000530   2.8030E+02 -3.2624E+00  1.9453E+02
0000531   3.2772E+02 -2.2918E+01  3.6357E+01
0000532   2.8618E+02 -3.2699E+01 -2.6549E+01
0000533   1.6605E+02 -1.3450E+02 -1.0816E+02
0000534   2.1508E+02  1.9947E+02  8.8036E+01
0000535   1.3135E+01  1.2839E+02  1.3507E+02
0000536   2.0624E+02  7.8539E+01  7.2425E+01
0000538   6.3521E+01 -2.4998E+02 -9.1341E+01
0000539   2.8976E+02 -1.6326E+02  1.7647E+02
0000540   7.4118E+01 -3.7227E+01  1.2844E+01
0000541   9.6783E+01 -1.3527E+01 -4.0447E+01
0000542   1.6354E+02  1.2786E+02 -5.8088E+01
0000543   1.4690E+02 -5.9127E+01  1.4863E+02
0000544   9.7431E+01  8.5170E+01  7.1045E+01
0000545   3.6250E+02 -1.4368E+01 -1.3458E+02
0000546   3.0812E+01 -2.6252E+02 -6.0993E+01
0000548   1.6400E+02 -3.4721E+01 -1.7041E+02
0000549   2.0224E+02  5.5700E+01 -3.0641E+01
0000550   2.5509E+02  2.4356E+02 -7.0064E+00
0000551   2.3140E+02  7.8334E+01  1.0902E+02
0000552   6.9113E+01  3.6835E+01  9.2828E+00
0000553   2.6570E+02 -2.9118E+01 -6.3075E+01
0000554   9.9506E+01 -2.6325E+01 -9.8473E+01
0000555   1.2229E+02  1.5363E+02  1.1818E+02
0000556   2.2390E+02 -7.4284E+01 -5.3312E+01
0000557   8.4980E+00  1.1502E+02 -8.6978E+01
0000558   5.8787E+01  7.7605E+01 -5.5012E+01
0000559   1.6822E+02  1.6924E+02 -7.6971E+01
0000560   1.1142E+02  7.3656E+01 -9.6705E+00
0000561   4.2824E+02  2.6703E+01  1.2016E+01
0000562   2.5577E+01  4.9578E+01  1.5357E+02
0000563   7.7465E+01 -8.9882E+01  5.2307E+00
0000564   2.8735E+02 -2.0809E+02 -5.4497E+01
0000565   1.3956E+02 -1.8539E+02 -1.0290E+02
0000566   2.0076E+02  7.0731E+01 -1.2423E+02
0000567   1.8648E+02 -2.4130E+02  6.9294E+01
0000568   2.6066E+02 -1.1393E+02  1.6718E+01
0000569   2.8274E+02  1.8907E+02  1.1110E+02
0000570   2.9151E+02 -1.8694E+02  6.7160E+01
0000571   2.9042E+02 -1.5697E+02 -6.5447E+00
0000572   9.8297E+01 -5.7662E+01  1.1205E+02
0000574   5.9134E+01  7.5769E+01 -1.3829E+02
0000575   1.0603E+02 -1.1351E+02 -1.7665E+02
0000577   8.2938E+01  1.4338E+02 -2.3753E+01
0000578   3.4280E+02  1.3414E+00  1.8461E+02
0000579   2.4573E+02 -1.1772E+02 -2.4704E+02
0000580   3.0439E+02  2.1775E+01  2.3845E+02
0000581   1.3605E+02  2.9663E+01 -8.6668E+01
0000583   8.9721E+01  2.3056E+02  1.5801E+02
0000584   1.9960E+02 -9.5195E+01 -1.7735E+00
0000585   1.7126E+02 -4.0119E+01 -3.0133E+02
0000586   5.5939E+01  6.5981E+01 -8.2250E+01
0000587   1.3230E+02 -6.6114E+01 -6.3162E+01
0000588   2.2862E+02  3.5579E+01 -7.4158E+00
0000589   2.3346E+02  9.4376E+01  1.0735E+02
0000590   2.1594E+02 -3.9718E+00 -1.1295E+02
0000591   1.9096E+02 -2.3278E+02  1.6152E+02
0000592   2.4782E+02  1.2642E+02 -1.0175E+02
0000593   1.5742E+02 -6.4192E+01 -8.3250E+00
0000594   1.2262E+02 -1.6730E+02  1.1674E+02
0000595   3.1985E+02 -1.9706E+02  3.0759E+01
0000596   7.7982E+01 -3.8737E+01 -1.0162E+02
0000597   2.2828E+02 -1.6923E+02  9.7247E+01
0000598   3.2140E+02 -1.1854E+02 -2.3652E+01
0000599   1.9679E+02  3.4508E+01 -3.3520E+01
0000600   1.3014E+02  8.2173E+01  2.6409E+02
0000601   2.2645E+02 -1.2307E+00 -1.0546E+02
0000602   3.1949E+02 -1.1167E+02 -1.2398E+02
0000603   2.4666E+02  2.2546E+02  2.8746E+02
0000604   1.0233E+02 -5.1761E+01 -1.0217E+02
0000605   5.0659E+01  6.2474E+01 -1.8593E+02
0000606   2.3376E+02 -2.4339E+01 -6.0808E+01
0000607   2.0019E+02 -1.5965E+02  6.8340E+01
0000608   2.2834E+02  5.3614E+01  2.6110E+00
0000609   3.5379E+02 -1.5029E+02  1.9557E+02
0000610   1.5406E+02 -6.4147E+01  1.5369E+02
0000611   4.2296E+02  8.6498E+01 -1.0584E+02
0000612   2.8618E+02 -6.1285E+01 -1.0230E+01
0000613   1.1982E+02 -8.3858E+01  1.1878E+00
0000614   1.3813E+02  6.3511E+01  6.8117E+01
0000615   1.7789E+02  8.6217E+01 -1.4628E+02
0000616   8.8332E+01 -2.9562E+01  5.7153E+01
0000617   1.5986E+02  4.2390E+01  5.1514E+01
0000618   2.1738E+02  5.4996E+01  8.1919E+01
0000619   2.6214E+02 -1.7504E+02  5.5114E+01
0000620   3.3147E+02  7.2740E+01  2.0389E+02
0000621   4.1450E+02 -3.1272E+01  1.0572E+02
0000622   3.7425E+01  4.9633E+01  9.9631E+01
0000623   4.0910E+01  1.3914E+02  2.1075E+02
0000624   3.5082E+02  2.3480E+02  3.0725E+02
0000626   3.0264E+02  4.3694E+01  1.4930E+02
0000627   1.3513E+02 -6.1618E+01  8.5394E+01
0000628   7.7736E+01  1.8420E+02 -2.0654E+02
0000629   7.2681E+01  8.5329E+01  1.1534E+02
0000630   9.0528E+01  1.1749E+02 -2.4855E+01
0000631   2.3654E+01 -8.7534E+01 -1.3918E+02
0000632   2.1322E+02 -1.9664E+01  8.1795E+01
0000633   3.3136E+02  8.3068E+01  1.2141E+02
0000634   1.9505E+02 -4.5488E+01 -4.3893E+01
0000635   3.1106E+02  2.0738E+02 -1.5728E+02
0000636   2.0204E+02 -6.9901E+01 -1.0766E+02
0000637   2.9646E+02  3.4807E+01  3.6742E+01
0000638   2.7803E+02  6.0545E+01 -6.4448E+01
0000639   1.4227E+02 -1.3120E+02  1.8280E+02
0000640   1.3010E+02  1.3479E+02 -1.3036E+02
0000641   4.0772E+01  5.2756E+00  1.0073E+02
0000642   1.4224E+02 -1.0120E+01  1.1750E+02
0000643   1.4924E+02  6.3006E+01 -7.0974E+01
0000644   9.5546E+01 -2.7760E+00  3.0651E+01
0000645   4.0405E+02 -4.7934E+01  2.9307E+01
0000646   3.7134E+02 -8.6716E+01  1.7261E+02
0000647   4.2434E+02 -8.2218E+01 -1.7597E+02
0000648   3.0786E+02 -1.6603E+02 -7.8486E+00
0000649   1.2462E+02  9.6342E+01  1.4879E+02
0000650   1.6457E+02  8.5749E+01 -1.8319E+02
0000651   5.5996E+01  1.2481E+02  1.2041E+02
0000652   7.1871E+01 -2.9536E+01 -1.6876E+02
0000653   1.9408E+01 -4.2636E+01 -1.9625E+01
0000654   8.1836E+01 -9.2650E+01  1.5217E+02
0000656   4.4144E+02  1.3996E+02  3.7757E+02
0000657   2.0186E+02 -9.3925E+01 -1.0593E+02
0000658   3.0610E+02  8.3163E+01 -1.9021E+01
0000659   2.0028E+01 -6.4651E+01  1.0926E+02
0000661   2.8260E+02  8.9591E+01  1.2552E+02
0000662   8.4107E+01 -8.7899E+01  8.4428E+01
0000663   2.9682E+02  8.8862E+01  4.5144E+00
0000664   1.3584E+02 -2.3616E+02 -1.0150E+02
0000665   2.4479E+02 -1.1228E+02  1.4559E+02
0000666   1.8111E+02  1.5913E+01 -1.2500E+01
0000667   2.0867E+02 -3.4443E+02  3.5847E+00
0000668   1.0246E+02 -1.3996E+02 -3.2545E+01
0000669   2.3410E+02 -2.5437E+02 -2.6489E+00
0000672   2.1143E+02 -2.7285E+01 -1.2687E+02
0000673   1.0407E+02 -3.5908E+01 -3.6035E+01
0000674   4.0161E+02  3.6201E+01 -1.2255E+02
0000675   1.1983E+02 -1.7447E+02  8.0827E+01
0000676   2.6141E+02  4.8685E+01  4.8239E+00
0000678   3.1524E+02 -1.4406E+02 -2.1200E+02
0000679   9.6952E+01  1.2343E+02  1.9537E+01
0000680   1.3230E+02  6.3733E+01  1.3399E+02
0000681   2.0317E+01 -1.0539E+02  7.1836E+01
0000682   2.2270E+02 -7.6249E+01  8.2955E+01
0000683   7.1114E+01 -2.8225E+02 -2.9333E+02
0000684   1.3786E+02  1.9436E+02  4.2497E+00
0000685   1.1919E+02  1.9448E+02  3.1908E+01
0000686   3.1093E+02 -5.8615E+01  2.7445E+02
0000687   2.9380E+02 -1.1839E+02 -1.3107E+00
0000689   2.1507E+02 -7.7235E+01  1.2919E+02
0000690   1.8183E+02 -1.8299E+00 -4.4988E+01
0000691   1.2919E+02  9.2520E+01 -1.6838E+02
0000692   2.4724E+02  2.5210E+01 -1.6570E+02
0000693   1.4659E+02 -1.0777E+02 -1.3124E+02
0000694   2.3985E+01  8.0541E+01  6.1049E+01
0000695   1.5141E+02  9.9777E+01  6.2842E+01
0000696   3.2912E+02  2.2357E+02  6.5183E+01
0000697   2.1031E+02 -1.1455E+02 -2.4984E+02
0000698   1.7705E+02  9.5643E+01 -2.4940E+02
0000699   1.6779E+02 -1.8319E+01  1.3547E+02
0000700   3.5539E+02 -9.0419E+01 -1.3151E+02
0000701   1.5196E+02  4.0033E+01 -8.6513E+00
0000702   2.4489E+02  1.4538E+02  2.5062E+02
0000703   4.4832E+01  1.1648E+02  3.5808E+01
0000704   2.8407E+02 -6.8146E+01 -8.1771E+01
0000705   4.8004E+02 -6.7791E-01  1.2478E+02
0000707   4.9849E+01  1.7965E+00 -6.6285E+01
0000708   2.6458E+02 -4.4542E+01 -5.8810E+01
0000709   9.9454E+01  2.1132E+02 -5.6013E+00
0000710   8.5040E+01  1.0283E+02 -2.6529E+02
0000711   1.1152E+02  1.3991E+00  1.4378E+02
0000712   5.1636E+02 -8.3066E+01 -1.9020E+02
0000713   3.5710E+02 -4.1684E+01  4.1959E+00
0000714   1.0582E+02 -1.9579E+01  1.9019E+01
0000715   1.1212E+02  1.1295E+01 -1.0021E+02
0000716   4.7275E+02  2.6887E+01 -6.3148E+01
0000717   3.5728E+01 -1.0215E+02 -5.3163E+01
0000718   9.5210E+01  8.5608E+01  2.4484E+01
0000719   1.9961E+02 -4.0333E+01 -7.0150E+01
0000720   1.3746E+02 -2.6334E+01  2.9450E+01
0000721   3.4021E+02  1.3375E+02  2.6940E+01
0000722   2.5956E+02 -9.3100E+01  6.6739E+01
0000723   6.5480E+01  3.3915E+01  1.1562E+02
0000724   6.3068E+01  2.2781E+02 -2.1454E+02
0000725   1.7781E+02  2.5597E+02  1.5358E+01
0000726   1.3803E+02 -2.3505E+01  4.8461E+01
0000727   1.4679E+02 -5.8332E+01 -6.6126E+00
0000728   2.5592E+02  5.3392E+01 -1.8973E+01
0000729   1.0792E+02 -4.3051E+01 -1.0545E+01
0000730   2.9578E+02  1.6972E+01 -1.3468E+01
0000731   2.0001E+02  2.1574E+01 -1.3114E+02
0000732   4.3402E+02 -5.2946E+01  1.9157E+02
0000733   1.9998E+02  2.2144E+01  6.2096E+01
0000734   2.2159E+02  1.0871E+02 -1.5443E+02
0000735   4.3242E+01 -2.3676E+01  4.5816E+01
0000736   1.4683E+02  1.5736E+01 -7.1898E+01
0000737   3.2176E+02 -6.9368E+00 -1.0478E+02
0000738   1.0485E+02  2.6387E+02 -2.1889E+02
0000740   3.3591E+02  1.7995E+02 -2.7135E+02
0000741   3.3145E+02  6.6464E+01  6.5479E+01
0000743   3.0884E+02  4.5206E+01  1.8469E+02
0000744   1.3753E+02  1.9030E+02 -1.3630E+02
0000745   1.9252E+02 -2.9334E+01 -2.2566E+01
0000746   1.5242E+02  1.0520E+01 -3.5882E+00
0000747   2.4194E+02 -1.9109E+02  8.8826E+01
0000748   2.5744E+02 -8.4837E+01 -1.1357E+02
0000749   1.3412E+02 -1.5310E+01 -3.2664E+01
0000750   2.9068E+02  2.5329E+01  1.3478E+01
0000751   2.9597E+02  1.6699E+02 -1.3425E+02
0000752   5.0257E+02  1.6582E+01  6.7253E+01
0000753   8.4637E+01  3.8619E+00  6.6574E+01
0000754   1.0829E+02 -9.8789E+01  1.2977E+01
0000755   2.4404E+02 -4.8876E+01 -3.4866E+01
0000756   1.3965E+02  4.3172E+01 -7.6429E+01
0000757   1.3728E+02  2.5841E+01 -1.3781E+02
0000759   4.3913E+01  1.4504E+01 -2.5111E+02
0000760   2.8667E+02  1.4655E+02 -1.5158E+02
0000761   2.1788E+02 -2.5694E+01  1.2578E+02
0000762   2.8803E+02 -4.5618E+01 -5.5396E+01
0000763   2.0113E+02  2.9820E+01  4.3760E+01
0000764   2.2672E+02  4.0824E+01  2.3742E+01
0000765   9.4520E+01  2.8393E+01 -3.9299E+00
0000766   2.8163E+02 -6.9638E+01  1.4607E+02
0000767   5.6676E+01  1.4076E+02  2.4350E+02
0000768   1.1251E+02  1.5413E+01 -2.6372E+02
0000769   3.2530E+02 -6.8163E+01 -1.1570E+02
0000770   2.5063E+02 -1.9717E+01  1.4800E+02
0000771   2.2299E+02 -3.4783E+02  1.4571E+01
0000772   2.4587E+02  3.9570E+01 -1.3896E+02
0000773   1.8533E+02  2.0075E+02 -9.4687E+01
0000774   3.3097E+02 -4.9006E+01 -5.5208E+01
0000775   2.7560E+02 -6.1569E+01 -1.0328E+02
0000776   1.4039E+02 -1.1208E+02  1.9465E+01
0000777   1.5429E+02  6.4790E+00  9.6322E+01
0000778   1.4689E+02 -1.1688E+01 -1.9587E+01
0000779   3.5089E+02  1.3881E+02 -2.1120E+00
0000780   1.1375E+02 -1.5889E+01 -1.5421E+02
0000781   5.8354E+01  1.3947E+02  2.6008E+02
0000782   1.5310E+02 -5.0318E+01  1.0597E+02
0000783   3.2378E+02 -4.6998E+01 -1.1296E+02
0000784   4.6564E+02  1.7004E+02 -2.2853E+02
0000785   6.5075E+01 -3.1784E+01 -2.7250E+01
0000786   2.4400E+02 -1.8986E+02 -8.7545E+01
0000787   2.7213E+02 -1.6688E+02 -1.1197E+02
0000788   2.0709E+02 -2.0569E+02  2.1529E+02
0000789   1.5845E+02 -5.8365E+01  2.8203E+01
0000790   2.3711E+02  1.0562E+02  2.2925E+01
0000791   4.4311E+01  2.6056E+02 -9.2273E+01
0000792   4.0123E+02 -1.9371E+02 -2.8972E+01
0000793   5.6452E+02 -1.9164E+02  8.5669E+01
0000794   1.9454E+02 -9.1760E+01  1.4542E+02
0000795   2.5709E+02  1.9443E+02 -2.8801E+02
0000796   4.1389E+02  1.9709E+01 -9.8630E+01
0000797   5.7486E+01 -1.3145E+00 -1.5252E+01
0000798   5.9132E+00 -5.6938E+01  5.4224E+01
0000799   2.8722E+02 -2.4776E+02  2.4389E+02
0000800   1.8880E+02  1.4506E+02 -8.9146E+01
0000802   8.9581E+01 -3.4534E+02 -5.9142E+01
0000803   5.9896E+01  1.0659E+02  5.9755E+01
0000804   2.4354E+01  2.8916E+01  9.5775E+01
0000805   3.6356E+02 -2.2394E+02 -1.7489E+02
0000806   3.3592E+02 -5.2006E+01  3.2185E+02
0000807   3.5338E+02  1.0921E+02  1.2317E+02
0000808   2.3333E+02  8.4830E+01 -1.1249E+02
0000809   3.8852E+02  3.3191E+01 -1.7289E+01
0000810   2.5488E+02  1.7651E+01 -1.9949E+02
0000812   5.2340E+02  1.4579E+02  1.4902E+00
0000813   1.9189E+02  7.6099E+01  1.2270E+02
0000814   3.8350E+02  1.7218E+02 -5.4450E+01
0000815   1.2203E+02 -5.2157E+01  3.4290E+01
0000816   1.9976E+02  4.5678E+01  9.1617E+01
0000817   5.6108E+01  6.9879E+01  3.0307E+01
0000819   3.9036E+02 -4.6773E+01  5.5858E+01
0000820   5.1351E+01  6.4519E+01  1.0152E+01
0000821   2.3830E+02 -2.8971E+01  1.8243E+02
0000822   1.3917E+02 -1.8732E+02  9.7433E+01
0000823   2.8312E+02 -4.0494E+01 -1.1964E+02
0000824   1.6576E+02 -1.5410E+02 -9.4982E+01
0000825   3.5666E+02  1.3254E+02 -1.7807E+00
0000826   4.1014E+02 -1.6627E+02 -7.3109E+01
0000827   2.2128E+01  1.5954E+02 -1.0626E+02
0000828   4.0137E+02 -1.0602E+02 -2.6351E+01
0000831   2.0189E+02 -7.4433E+01  1.0132E+02
0000832   1.7626E+02 -2.7321E+01  7.2228E-01
0000833   1.8417E+02  4.0300E+01 -1.5142E+01
0000834   3.6825E+02 -1.4158E+02 -5.7619E+01
0000835   1.4857E+02  1.9498E+01  9.4388E+00
0000836   1.3958E+02 -8.1315E+01 -7.5794E+01
0000837   3.5744E+02 -2.2951E+02 -3.7706E+01
0000838   2.5776E+02  1.3017E+02 -1.7443E+02
0000839   2.3184E+02 -3.3451E+01 -5.4921E+01
0000840   3.5778E+02  6.0285E+01 -9.5520E+01
0000841   2.6085E+01  1.0041E+02 -4.8031E+01
0000842   1.8566E+02 -2.5926E+02 -1.7704E+02
0000844   1.7013E+02 -1.5817E+02 -5.4212E+01
0000845   6.8732E+01 -7.5965E+01  2.9763E+01
0000846   3.5231E+02 -4.9927E+01 -1.5768E+02
0000847   2.7665E+02 -2.0948E+01  4.3467E+01
0000848   1.6537E+02 -4.7563E+01 -1.0030E+02
0000850   7.4505E+01 -1.0675E+02  6.5633E+00
0000851   2.7678E+02 -1.0281E+02  1.1156E+02
0000852   3.1273E+02  8.8663E+01  9.0499E+01
0000853   3.0135E+02  3.9675E+00  2.2752E+01
0000854   1.1192E+02 -1.9379E+01 -1.1732E+02
0000855   3.4786E+01  4.2248E+01 -6.6192E+01
0000856   2.6854E+02 -3.8553E+01 -1.1703E+02
0000857   1.2529E+02 -1.8919E+02 -2.4461E+01
0000858   3.5145E+02 -2.6386E+02  1.1429E+02
0000859   1.6252E+02  9.7470E+01  6.1144E+01
0000860   8.3992E+01 -2.7393E+01 -1.2218E+00
0000861   1.6804E+02 -8.8269E+01 -2.1609E+01
0000862   1.8694E+02 -1.7517E+02 -2.0826E+02
0000863   2.2468E+02 -1.0234E+02 -7.5601E+01
0000864   2.3919E+02 -1.6406E+02  1.0859E+02
0000865   1.8049E+02  5.8857E+01  2.3495E+00
0000866   2.3093E+02  1.5232E+02 -2.0573E+00
0000867   1.0258E+02 -7.8183E+01 -1.4806E+01
0000868   2.1599E+02  1.3138E+02 -2.5124E+02
0000869   5.0901E+01  1.3387E+01 -9.4027E+01
0000870   1.6044E+02 -4.5692E+01 -1.1881E+02
0000871   2.8439E+02  7.4317E+01  1.5964E+01
0000873   7.5779E+01  5.1881E+01  5.1973E+00
0000874   1.3719E+02 -2.8808E+01 -8.5646E+01
0000875   9.1752E+01 -7.6895E+01  1.0586E+02
0000876   9.0995E+01  7.3855E+01  1.4059E+02
0000877   1.0340E+02  8.9187E+01 -1.0451E+02
0000878   1.0106E+02  9.3193E+01  1.0413E+02
0000880   2.3672E+02 -3.6602E+01  1.3923E+02
0000881   1.4059E+02 -4.9552E+01  1.5334E+02
0000882   7.6541E+01  2.2406E+02 -1.1397E+01
0000883   2.6008E+02 -6.0925E+01 -1.5657E+02
0000884   2.5849E+02 -1.0076E+02  1.2316E+02
0000885   3.5483E+02  6.8836E+01  2.7490E+01
0000886   2.7417E+02 -1.8298E+02 -3.5573E+01
0000887   1.2285E+02  1.7205E+01 -1.4944E+02
0000888   1.6642E+02  7.4428E+01  4.8630E+01
0000889   1.2528E+02 -4.6681E+01  4.8468E+01
0000890   1.4648E+01  1.8326E+02  3.2689E+00
0000891   2.8262E+02 -2.3048E+01 -1.2250E+02
0000892   2.0897E+02 -2.2322E+02 -4.6611E+00
0000893   2.3238E+02 -5.1282E+01 -8.7271E+01
0000894   9.5469E+01  1.0467E+02 -1.7125E+01
0000895   1.1083E+02 -1.0998E+02 -2.0417E+02
0000896   1.4471E+02  1.7913E+01 -6.1141E+01
0000898   3.7858E+02  2.5310E+02  3.7834E+01
0000899   1.4772E+02  3.0520E+01  1.4800E+01
0000900   4.2831E+02 -1.9651E+02 -1.6967E+02
0000901   1.1980E+02 -2.4817E+01 -7.9359E+01
0000902   1.5712E+02  3.8683E+01  1.7499E+02
0000903   4.0843E+02 -3.4137E+01  5.9945E+01
0000904   1.2212E+02  1.9760E+02  4.7872E+01
0000905   3.2118E+02 -1.9413E+02  1.3517E+02
0000906   1.4138E+02 -2.0034E+02 -6.4569E+01
0000907   1.1564E+02 -2.2225E+01 -1.7030E+02
0000908   3.2073E+02 -7.9274E+01 -8.3688E+01
0000909   1.7172E+02 -1.5754E+02  5.1974E+01
0000910   1.0317E+02 -1.6281E+02 -4.1460E+00
0000911   2.1467E+02  1.1215E+02  9.5087E+01
0000912   2.3818E+02 -1.4209E+01 -1.0957E+02
0000913   3.8734E+01  6.7117E+01  2.3234E+01
0000914   3.8625E+02  1.8703E+01  1.5522E+01
0000915   2.6577E+02 -1.6119E+01  9.3574E+01
0000917   3.1489E+02  2.9270E+01  2.7988E+01
0000919   2.2588E+02 -9.3857E+01  1.4510E+02
0000920   5.0971E+01  2.8033E+01 -1.5729E+02
0000921   2.2519E+02 -8.2699E+01 -1.5623E+02
0000922   2.6640E+02 -5.7402E+01  1.3830E+02
0000923   2.2485E+02  1.2446E+02  7.0678E+01
0000924   8.3560E+01 -1.0443E+02 -1.5726E+02
0000925   1.8720E+02  2.1145E+01  1.4806E+02
0000926   1.0519E+02 -1.3701E+02 -5.9047E+01
0000927   1.9636E+01  2.7581E+01  1.4831E+01
0000928   2.2182E+02  4.3269E+01 -2.6815E+02
0000930   2.3025E+02 -8.5941E+01  8.0186E+01
0000931   2.8941E+02  3.0756E+02  7.6457E+01
0000932   3.1814E+02  2.1080E+02  1.8285E+02
0000933   9.2299E+01 -5.1720E+00 -2.6375E+02
0000934   1.8667E+02  1.0504E+02  1.3697E+02
0000935   6.2157E+01  1.3650E+02 -1.1016E+02
0000936   3.7197E+02  3.9438E+01  1.2798E+02
0000937   3.5295E+02 -2.5868E+01 -1.4098E+02
0000938   2.2777E+02  1.2581E+02 -8.9524E+00
0000939   2.3266E+02 -9.4860E+01 -1.7061E+02
0000940   2.4792E+02 -1.2634E+02 -7.6205E+01
0000941   5.1924E+00  2.3310E+02  1.6943E+02
0000942   2.6929E+02  1.1100E+02 -1.0069E+02
0000943   2.0654E+02  2.2118E+01 -1.1418E+01
0000944   6.1200E+01 -1.5247E+00  1.1626E+01
0000945   2.1746E+02  1.0591E+00 -3.4202E+01
0000946   3.0539E+02 -5.7679E+01  3.3351E+01
0000947   3.3545E+01  5.3473E+01  7.8304E+01
0000948   5.4234E+00 -2.5553E+00 -6.3448E+01
0000949   5.4611E+01  1.2071E+01 -2.4909E+02
0000951   3.3741E+02 -1.4640E+02  3.2031E+01
0000952   1.1719E+02  4.7556E-01 -3.1096E+01
0000954   2.0567E+02  3.5829E+01 -7.7698E+00
0000955   2.1111E+02  1.0755E+02 -1.2901E+02
0000956   2.0554E+02 -1.3675E+02 -6.3027E+01
0000957   2.0306E+02  2.2639E+01  1.2046E+02
0000958   3.0886E+02 -2.2072E+02 -6.9688E+00
0000959   7.9637E+01 -1.3737E+02  1.4079E+00
0000960   2.8322E+02  1.0879E+02  2.1008E+02
0000961   4.3700E+02  3.1380E+01 -9.0417E+01
0000962   5.3497E+02 -6.6605E+01 -2.2536E+02
0000963   3.8577E+01  1.1215E+02 -2.8418E+02
0000964   2.9314E+02  1.0968E+02  1.5614E+02
0000965   2.1267E+02 -1.3169E+02  1.5688E+02
0000966   5.6793E+02 -8.2540E+00 -1.0801E+02
0000967   3.9969E+02  4.6332E+01 -1.3088E+01
0000968   1.8786E+02 -4.9720E+01  9.8933E+01
0000969   1.8874E+02  9.2838E+01 -8.2466E+01
0000970   2.1950E+02 -1.7243E+02  1.2736E+02
0000971   3.5148E+02 -2.8340E+01 -2.4972E+01
0000973   3.2275E+01 -2.1021E+01 -8.0075E+01
0000974   1.4096E+02  4.7739E+01 -7.6232E+01
0000975   6.1093E+01 -4.1856E+01 -9.5855E+00
0000976   2.4794E+02  2.9313E+01 -1.7054E+01
0000977   3.0242E+02  1.9035E+02 -9.9396E+01
0000978   1.6673E+02 -5.1328E+01  1.7567E+02
0000979   1.2184E+02 -1.0773E+02 -1.4272E+02
0000980   2.6091E+02  2.2817E+02  1.9727E+02
0000981   4.4442E+02 -1.5356E+01  1.0170E+02
0000983   1.0029E+02  7.8599E+01 -8.9068E+01
0000984   3.5685E+02 -2.2053E+01 -1.2208E+02
0000985   3.2786E+02  3.1334E+00  1.4051E+02
0000986   2.2380E+02 -2.3545E+02  5.1492E+01
0000987   1.8884E+02 -1.3947E+02 -4.0066E+00
0000988   2.0174E+02 -5.8377E+01  1.4866E+02
0000989   2.0060E+02 -2.5594E+01  1.6845E+01
0000991   1.7320E+02 -2.7615E+01  1.9340E+02
0000992   1.9830E+02 -1.2634E+02 -2.7083E+01
0000993   2.8363E+02  9.7533E+01  2.2908E+02
0000994   1.1229E+01 -8.4422E+01  1.1649E+01
0000995   1.4602E+02  5.8967E+01 -1.4114E+02
0000996   1.4264E+02 -1.0803E+02  1.4057E+01
0000997   5.2555E+01  2.6243E+01 -3.1987E+01
0000998   2.5514E+02  1.4862E+02  1.3619E+02
0000999   9.1565E+01 -3.2421E+00  1.3009E+02
0001000   2.4267E+02  1.4308E+02 -4.2724E+01
