============================== SRIM-2013.00 ==============================
==============================================================================
====== SRIM Outputs\RANGE_3D.txt : File of Final Ion Positions =====

Ion =  F (09)   Ion Mass= 018.9984
Energy  = 4000000.E-05 keV
Ion Angle to Surface = 00.0 degrees
==================== TARGET =======================
  Layer # 1 - None
  Layer # 1 - Bottom Depth=500000.E-01 A
  Layer # 1 - Density =0007.8700 g/cm3
  Layer # 1 -  100 % of Fe
様様様様様様様様様様様様様様様様様様様様様様様様様様
                                            
Ion       Depth  X   Lateral Y   Lateral Z  
Number    (Angstrom) (Angstrom)  (Angstrom) 
-------  ----------- ----------- -----------
0000001   6.0413E+02  1.2613E+02  8.2087E+01
0000002   2.4262E+02 -1.6072E+01 -1.3219E+02
0000003   7.6816E+02 -7.0522E+01  5.0376E+01
0000004   4.4084E+02 -3.6038E+02  3.3238E+02
0000005   6.2049E+02  2.0190E+02 -3.8583E+02
0000006   3.3971E+02  2.4232E+02 -5.2126E+01
0000007   4.3840E+02 -7.2696E+01  2.6901E+02
0000008   4.3053E+02  1.3384E+01  9.8801E+01
0000009   1.5187E+02 -2.2277E+02  7.5320E+01
0000010   4.3375E+02  2.8076E+01 -2.3702E+02
0000011   4.3705E+02  4.7577E+02  7.5212E+01
0000012   2.0858E+02 -3.0842E+02  5.0126E+02
0000013   2.1702E+02  1.5178E+02 -3.0848E+02
0000014   2.3872E+02 -6.0364E+01  1.4299E+02
0000015   1.6287E+02 -1.6518E+02  1.5324E+02
0000016   1.6748E+02  8.7812E+01 -4.0905E+01
0000017   1.6289E+02 -2.6476E+02  3.6261E+02
0000018   7.2860E+02  1.9012E+02 -2.7464E+02
0000019   6.5521E+02  1.3439E+02  3.2015E+01
0000020   8.9901E+01  3.0755E+02  5.1375E+02
0000021   2.8428E+02  7.6017E+01 -2.4312E+02
0000022   2.0523E+02  1.1382E+01  3.5017E+02
0000023   3.7796E+02  3.5193E+02 -4.8703E+02
0000024   5.9425E+02 -8.2317E+01 -1.8260E+02
0000025   6.4839E+02  1.9147E+02  1.6443E+02
0000026   4.8462E+02 -3.1959E+02 -3.0573E+02
0000027   1.6927E+02 -2.9255E+02 -1.1217E+02
0000028   1.5072E+02 -9.9253E+01  9.6133E+01
0000030   7.3329E+02  1.6182E+02  3.1662E+02
0000031   3.3218E+02 -1.9245E+00 -4.7731E+01
0000032   1.2572E+02  1.9061E+02 -4.4937E+02
0000033   6.4825E+02 -5.5181E+01  2.1791E+02
0000034   5.1399E+02  2.1539E+02  2.8243E+02
0000035   2.1361E+02 -9.1982E+01  1.0136E+02
0000036   4.4403E+02 -1.0336E+02  1.3605E+02
0000037   3.9804E+02  3.6717E+02  6.1739E+01
0000038   8.0235E+02 -1.4321E+02  1.2798E+02
0000039   4.3305E+02  1.1472E+01 -5.9602E+02
0000040   2.8486E+02 -3.3760E+02 -1.2404E+02
0000041   5.4035E+02 -3.1804E+02  4.1476E+02
0000042   4.9544E+02  1.0602E+02 -3.1192E+02
0000043   1.2484E+02 -3.7346E+00 -6.8213E-01
0000044   6.9320E+02  2.2196E+02  4.9491E+01
0000045   6.3542E+02 -7.5724E+01 -2.2588E+02
0000046   7.1105E+02  2.3053E+02 -1.5729E+01
0000047   4.4140E+02 -4.8188E+01 -1.6056E+02
0000048   6.0506E+02 -1.9476E+02 -4.0619E+02
0000049   1.5314E+02  3.3957E+02 -4.6213E+01
0000050   3.7302E+02 -7.0038E+01  6.1511E+00
0000051   5.2277E+02 -2.5913E+02 -2.8904E+02
0000052   2.8127E+02  1.1926E+02 -1.5695E+01
0000053   2.6324E+02  2.8610E+02 -1.2108E+01
0000054   4.6487E+02 -5.4222E+01 -3.3418E+02
0000055   4.7369E+02 -4.6847E+02  4.9959E+01
0000056   4.3415E+02 -7.6735E+01 -4.3068E+01
0000057   6.1822E+02  2.2568E+02 -4.0938E+02
0000058   3.7732E+02 -1.0663E+02 -8.2057E+01
0000059   2.9105E+02 -1.8381E+02 -1.9029E+02
0000060   7.6804E+02 -5.5623E+01  4.6527E+02
0000061   6.6412E+02 -2.5442E+02 -8.3001E+01
0000062   2.2311E+02 -5.0891E+00  2.5934E+02
0000063   4.0805E+02  1.6582E+02  1.7063E+02
0000065   1.7015E+02 -2.6173E+02 -2.3723E+02
0000066   6.0063E+02  4.1831E+02  1.6037E+02
0000067   6.5519E+02 -1.3748E+02  4.0326E+02
0000068   4.2260E+02  1.7440E+02  5.7602E+01
0000069   4.8088E+02 -1.8827E+02 -1.7280E+01
0000070   7.3143E+02 -4.7494E+01 -4.0344E+02
0000071   6.9344E+02 -3.9021E+02 -2.5287E+02
0000072   2.7067E+02  2.2038E+02  5.9204E+01
0000073   7.9924E+02 -1.5418E+02  7.4524E+02
0000074   2.9474E+02 -2.1311E+02 -3.6747E+01
0000075   7.1483E+02  2.3265E+02  6.9470E+01
0000076   1.1608E+02  5.9472E+00  1.5523E+02
0000077   3.5738E+02  1.8390E+01  4.4980E+02
0000078   4.4146E+02  6.8514E+00 -2.0006E+02
0000079   2.7914E+02  3.8792E+01 -4.7547E+02
0000080   2.6362E+01  1.5882E+02  2.0950E+02
0000082   2.4105E+02  2.2778E+02 -7.0051E+01
0000083   3.7615E+02 -2.1426E+02 -2.2761E+02
0000084   8.7822E+02  7.9725E+00  7.7624E+01
0000085   2.5810E+02 -3.8405E+00 -3.1270E+02
0000086   1.7285E+02 -3.0916E+02  2.6357E+02
0000087   6.3506E+02  3.1806E+02 -9.3199E+01
0000088   4.2646E+02  3.4846E+01 -1.9609E+01
0000089   3.0031E+02  1.7746E+02  3.6506E+02
0000090   3.5889E+02  2.9310E+02 -7.0591E+01
0000091   4.7518E+01 -5.8728E+01  1.6154E+01
0000092   2.2223E+02  3.4001E+02  2.8684E+02
0000093   4.6530E+02 -7.7621E+01 -5.2004E+02
0000094   3.1284E+02 -4.5999E+02 -6.3715E+01
0000095   7.4102E+02 -4.5672E+01  4.9665E+01
0000096   9.4614E+01 -2.7410E+02 -5.7810E+01
0000097   5.1776E+01 -6.7710E+01  3.8675E+01
0000098   4.9598E+02 -1.6264E+01 -3.6176E+01
0000099   3.7628E+02  1.7105E+02  1.2070E+01
0000100   2.4874E+02  3.5520E+02 -4.8224E+01
0000101   5.8466E+02  1.4236E+02  6.7574E+00
0000102   2.9467E+02  2.2454E+02  1.4017E+01
0000103   4.9588E+02 -1.2526E+02  1.3934E+01
0000104   2.7948E+02 -1.0848E+02 -9.9506E+01
0000105   1.3682E+02  1.1554E+02  1.2079E+02
0000106   9.6449E+01  1.5197E+02 -1.7365E+02
0000107   5.9685E+02  9.8534E+00  8.7570E+01
0000108   3.9602E+02 -2.0288E+02 -1.4249E+02
0000109   3.3496E+02 -1.5006E+02  9.8246E+00
0000110   1.8043E+02  2.4130E+00  2.3814E+02
0000111   4.6680E+02  2.5590E+02  2.3787E+02
0000112   1.6601E+02 -1.9663E+01 -1.8465E+02
0000113   4.0860E+02 -1.0480E+02 -8.3569E+01
0000114   2.3735E+02 -1.9606E+02 -1.8690E+02
0000115   1.2423E+02  1.2081E+02  1.4814E+01
0000116   2.9249E+02 -2.2028E+02 -1.7418E+02
0000117   6.8462E+02  5.1187E+01  7.6765E-02
0000118   5.8105E+02  4.2266E+01 -4.3557E+02
0000119   6.2106E+02  2.1937E+02 -1.9836E+01
0000120   2.7182E+02 -4.8675E+01 -2.8620E+02
0000121   2.0755E+02  6.0462E+01  1.4999E+01
0000122   2.3086E+02 -8.9969E+01 -8.9689E+01
0000123   5.5256E+02  6.2169E+02  3.9704E+01
0000124   2.9706E+02 -4.0542E+01  4.1788E+02
0000125   6.0590E+01  3.8601E+02  3.0076E+02
0000126   1.7776E+02 -1.3403E+02 -2.7881E+02
0000127   2.2946E+02 -3.5606E+02  1.1469E+02
0000128   1.4312E+02  1.3304E+02 -3.4910E+01
0000129   2.7259E+02  1.4989E+02  3.2134E+02
0000130   3.9992E+02 -3.5756E+02  1.9415E+02
0000131   5.7968E+02  6.3845E+00  5.2645E+01
0000132   5.8289E+02  2.3744E+02  4.6088E+02
0000133   3.1107E+02  4.5146E+01 -2.1822E+02
0000134   3.6620E+02 -3.9115E+02 -4.1251E+02
0000135   2.0482E+02 -1.7322E+02 -1.3312E+02
0000136   5.3063E+02  9.8350E+01 -1.7781E+02
0000137   3.8326E+02 -1.8714E+02 -1.8532E+02
0000138   6.6631E+02 -1.6647E+02  2.1828E+02
0000139   3.0405E+02  4.5644E+02 -2.5596E+02
0000140   2.5713E+02  1.8355E+02  2.2465E+02
0000141   1.3881E+02  1.5658E+02  2.0219E+02
0000142   4.3675E+02 -1.0948E+02  1.3991E+02
0000143   2.5093E+02 -1.4075E+02  2.2469E+02
0000144   6.5960E+02  3.6127E+02  2.7565E+02
0000145   6.9885E+02 -2.3593E+02 -5.8240E+01
0000146   2.6467E+02 -1.3497E+02  6.5940E+01
0000147   6.0473E+02 -1.7374E+02  7.1294E+01
0000148   5.1940E+02 -3.6869E+01  2.5534E+02
0000149   4.2331E+02 -1.5562E+02 -1.9921E+02
0000150   3.2285E+02 -4.0342E+01 -2.3184E+02
0000151   7.6866E+02  1.4357E+02  2.5661E+00
0000152   5.1334E+02 -1.1007E+02 -2.0899E+02
0000153   1.9750E+02 -4.1554E+02 -1.2691E+02
0000154   3.9216E+02 -4.3506E+02 -1.8586E+02
0000155   1.3566E+02  1.1658E+01 -1.2964E+01
0000156   8.0350E+02  1.9592E+02 -5.7212E+01
0000157   3.1696E+02 -4.6674E+01  1.5393E+02
0000158   5.5382E+02 -2.0064E+02 -1.7770E+02
0000160   1.1851E+02 -1.1618E+01  4.7407E+01
0000161   5.7107E+02  3.1803E+02 -1.8538E+02
0000162   4.7576E+02 -1.4969E+02 -3.7593E+02
0000163   6.2032E+02 -2.8782E+02 -1.1422E+02
0000164   1.7773E+02  1.4825E+01  2.0969E+01
0000165   7.7218E+02 -2.0762E+02  3.6671E+01
0000166   1.6539E+02 -5.3861E+01 -2.2360E+02
0000167   3.3699E+02  3.5317E+01 -2.0993E+02
0000168   7.1970E+02 -1.1177E+02 -1.9728E+02
0000169   4.0908E+02  9.4715E+01  1.4039E+02
0000170   1.3009E+02 -1.1583E+01  3.6847E+02
0000171   1.7537E+02  3.2796E+01 -1.2500E+02
0000172   4.6274E+02 -7.5172E+01 -2.7404E+00
0000173   5.6027E+02 -2.6906E+00 -3.3407E+02
0000174   3.9913E+02 -1.1869E+02 -2.4816E+02
0000176   4.7425E+02  1.1255E+02 -1.2657E+02
0000177   4.3640E+02 -1.4878E+02  1.5917E+02
0000178   6.5062E+02 -1.4534E+02  1.1323E+02
0000179   4.3409E+02  1.9059E+02  1.9969E+02
0000180   6.2421E+02 -1.7562E+02  2.1368E+01
0000181   3.7464E+02  2.4149E+02  5.4607E+00
0000182   4.7128E+02  6.4753E+01  1.3415E+02
0000183   5.3938E+02 -2.0507E+02  1.1954E+02
0000184   8.0708E+01  4.0233E+01 -7.0334E+01
0000185   1.9314E+02  1.6861E+01 -2.5631E+01
0000186   3.5293E+02 -2.4998E+02  3.6570E+02
0000187   2.8595E+02 -9.9098E+01  1.7371E+02
0000188   4.6076E+02  3.3411E+02 -4.1520E+02
0000189   3.0800E+02  2.1668E+02  4.7552E+02
0000190   3.5149E+02 -1.2797E+02 -1.5173E+02
0000192   2.9899E+02  2.9525E+00 -2.8843E+02
0000193   4.4060E+02  5.1233E+02 -4.7488E+01
0000194   2.1986E+02  1.0430E+02 -3.2921E+02
0000195   1.6884E+02  2.5991E+01  2.6492E+02
0000196   3.2529E+02  1.0662E+02  7.9743E+00
0000197   5.5355E+02 -2.0462E+02 -5.6552E+01
0000198   7.3672E+02 -2.1209E+02 -1.9638E+02
0000199   2.7640E+02  1.7870E+02 -4.0235E+02
0000200   7.0629E+01  4.0525E+02  7.4207E+01
0000201   5.5474E+02 -4.5425E+02 -1.7931E+02
0000202   5.2352E+02 -2.3666E+02  4.6217E+00
0000203   5.3167E+02 -1.8339E+02 -2.6992E+02
0000204   7.3703E+02  2.8559E+02 -1.8144E+02
0000205   2.2836E+02 -9.9211E+01 -1.3014E+02
0000206   4.9842E+02 -1.4328E+02 -1.0834E+02
0000207   7.5230E+02  4.0604E+02 -1.8939E+01
0000208   4.0086E+01  1.0081E+02 -3.2995E+02
0000209   2.1837E+02  2.2220E+02 -2.5463E+02
0000210   5.6999E+02  1.6589E+02 -2.8356E+02
0000211   2.3692E+02 -2.5601E+02  9.7940E+01
0000212   6.3237E+02  7.1863E+01  6.3843E+01
0000213   3.6604E+02  8.4462E+01  5.5717E+01
0000214   6.1266E+02 -2.8693E+02 -1.5344E+02
0000215   5.6306E+02  1.5485E+02  1.1066E+02
0000216   3.5933E+02  4.8604E+02  7.1168E+01
0000217   3.6822E+02  2.9077E+02  3.7456E+02
0000218   2.8623E+02  1.8538E+02 -1.5306E+02
0000219   2.5364E+02 -1.3033E+02 -8.8455E+01
0000220   3.0643E+02 -2.5517E+02  3.4025E+02
0000221   3.3265E+02 -1.8398E+02  1.4630E+02
0000222   4.8913E+02 -2.0091E+02  3.9132E+02
0000224   5.4000E+02 -2.3137E+02  2.8926E+02
0000225   4.2043E+02 -4.5778E+00  2.1060E+02
0000226   4.8702E+02 -1.6758E+02 -1.3661E+02
0000227   2.1081E+02 -1.6740E+02  1.2114E+02
0000228   3.9007E+02 -2.5138E+02 -3.3588E+02
0000229   3.2865E+02 -1.3249E+02 -1.7670E+02
0000230   7.4635E+01  2.3375E+01  1.7670E+02
0000231   4.4922E+02 -2.7166E+02  8.8370E+01
0000232   4.9573E+02 -8.0847E+01 -3.6265E+02
0000233   3.7324E+02  3.1260E+02  3.6022E+01
0000234   1.2041E+02  5.2396E+01 -2.5721E+02
0000235   1.1020E+02  4.2667E+01 -2.7955E+00
0000236   2.4777E+02  1.8372E+02  2.3417E+02
0000237   5.7260E+02  2.6990E+02 -2.5438E+02
0000238   2.7615E+02 -2.5739E+02 -6.4767E+01
0000240   5.3134E+02 -1.1961E+02 -1.4005E+02
0000241   6.0334E+02 -8.4956E+01  6.6930E+01
0000242   6.4376E+02 -2.9281E+01 -9.7238E+01
0000243   5.9248E+02  1.2142E+02  4.9560E+01
0000244   3.1541E+02  7.4859E+01 -1.1764E+02
0000245   5.6957E+02  7.7839E+01 -1.9965E+02
0000248   4.6392E+02  1.1051E+02  6.1778E+01
0000249   1.6787E+02 -8.0262E+01  6.4957E+01
0000250   4.4186E+02  7.0480E+01 -2.5653E+02
0000251   6.5344E+02 -1.4113E+02 -3.9074E+02
0000252   3.7072E+02  2.5580E+02 -5.9428E+02
0000253   4.2403E+02 -3.9603E+02 -8.2487E+01
0000254   1.6253E+02 -2.4642E+02  2.1748E+00
0000255   5.1139E+02 -6.2418E+01  9.2034E+01
0000256   2.5122E+02  2.4615E+02 -2.2663E+02
0000257   3.4938E+02 -1.4231E+02  1.0276E+01
0000258   3.3018E+02 -1.2423E+02  2.4004E+02
0000259   1.0350E+02 -8.2576E+01 -8.0356E+01
0000260   1.1274E+02 -4.4627E+01 -1.1183E+01
0000261   3.4139E+02 -3.1922E+02 -2.9863E+02
0000262   4.8007E+02  2.8703E+02 -6.9700E+01
0000263   4.0662E+02 -1.6826E+02  1.7136E+02
0000264   4.8452E+02  2.2427E+02 -7.3900E+01
0000265   2.6316E+02  2.2403E+02  1.0494E+02
0000266   2.7863E+02  1.5650E+02 -2.9859E+02
0000267   2.2869E+02 -9.9049E+01  1.0553E+02
0000268   4.4156E+02 -2.7894E+02 -2.4529E+02
0000269   3.4718E+02 -1.5545E+02 -7.6163E+01
0000270   2.0676E+02  4.2852E+02  1.7678E+02
0000271   6.4330E+02  7.6977E+01  4.1972E+02
0000272   1.2216E+02  3.8487E+02 -4.5331E+01
0000273   6.9034E+02 -5.5486E+01 -7.1201E+00
0000274   5.4172E+02  5.0020E+01 -1.7149E+02
0000275   2.6904E+02  2.0140E+02  8.1323E+01
0000276   5.8086E+02  6.7168E+01  3.9163E+02
0000277   7.6799E+01 -8.3967E+01  1.5473E+02
0000278   5.0495E+02 -4.0246E+02  5.9567E+01
0000279   5.2375E+02  2.6325E+02  6.3848E+01
0000281   4.0556E+02  8.3473E+01  5.3894E+02
0000282   1.2280E+02  3.0805E+02  1.8618E+02
0000283   1.2163E+02 -3.8716E+02  2.4186E+02
0000284   5.4102E+02 -1.3229E+02 -1.5105E+02
0000285   1.6702E+02 -4.7586E+02  1.4504E+02
0000286   4.0411E+02  3.9564E+01  4.8722E+01
0000287   5.8814E+02  1.9037E+02 -2.2660E+01
0000288   3.6664E+02  1.2705E+02  8.0027E+01
0000289   6.8986E+02 -6.4031E+01  1.1934E+02
0000290   2.2936E+02 -2.0817E+02 -7.4295E+01
0000291   4.7340E+02 -5.5681E+02  2.3403E+02
0000292   2.8549E+02  1.7844E+02  1.0505E+02
0000293   4.8428E+02  2.1362E+02  1.6953E+02
0000294   8.6305E+01  7.1320E+01 -1.3337E+00
0000295   3.1436E+02  3.0213E+02 -3.8642E+02
0000296   5.2026E+02  8.3408E+01  2.1707E+01
0000297   1.6927E+02  9.2495E+01  1.5632E+02
0000298   5.4876E+02 -3.9403E+02  1.6699E+01
0000299   1.4888E+02  8.0554E+01  4.8503E+01
0000300   5.3165E+02  2.4221E+02 -3.1613E+02
0000301   3.8003E+02  1.8576E+01 -4.5988E+02
0000302   4.7092E+02  3.3570E+01 -2.5766E+01
0000303   2.7626E+02  2.3267E+02  2.9434E+01
0000304   2.5675E+02 -2.3337E+02  1.2867E+02
0000305   1.9723E+02  2.8584E+02  4.9788E+02
0000306   4.4244E+02 -2.5944E+02  3.2844E+02
0000307   4.9218E+02  9.9353E+01 -8.5974E+01
0000308   1.8754E+02 -2.1915E+02 -1.2313E+00
0000309   2.2245E+02 -1.7382E+02  3.1103E+02
0000310   5.7852E+02 -1.5547E+02  2.7307E+02
0000311   3.9535E+02 -2.3884E+02 -8.2265E+01
0000312   1.2359E+02 -2.6934E+02 -3.2541E+02
0000313   4.7269E+02 -2.8107E+02  3.2018E+01
0000314   3.4391E+02 -2.0953E+02 -1.0071E+02
0000315   1.7924E+02 -2.1328E+02 -7.3541E+01
0000316   6.1987E+02 -3.3661E+02  7.6015E+01
0000317   6.9653E+01  1.3681E+02  1.1371E+02
0000318   3.0767E+02 -7.6512E+01  5.4497E+02
0000319   5.7925E+02 -1.3015E+02  2.7126E+02
0000320   7.0183E+02  2.7435E+02  1.2214E+02
0000321   2.4325E+02  1.9662E+02  4.0860E+02
0000322   1.7155E+02 -2.3310E+02  1.9447E+02
0000323   6.8351E+02  2.5699E+02  1.2679E+02
0000324   1.8723E+02  7.9500E+00 -2.0181E+01
0000325   2.4692E+02  5.5361E+02  2.1757E+02
0000326   1.9254E+02 -1.2088E+02 -6.4246E+02
0000327   1.2891E+02  1.9728E+02 -1.1635E+02
0000328   7.8058E+02  2.9783E+02  1.6446E+02
0000329   3.5779E+02 -2.9876E+02 -2.1058E+02
0000330   1.1373E+02  1.1172E+02 -3.0751E+02
0000331   5.7062E+02 -5.7282E+01 -8.1893E+01
0000332   5.9297E+02 -1.2757E+02 -7.8510E+01
0000333   1.4325E+02  6.0750E+01 -1.3384E+02
0000334   3.6967E+02 -2.4191E+02  1.9945E+02
0000335   7.4370E+02 -1.9406E+02  4.1926E+02
0000337   2.0698E+02  5.0319E+02  4.2716E+02
0000338   1.3546E+02 -8.0837E+01  1.6981E+02
0000339   1.0310E+02 -1.2905E+02 -3.6859E+02
0000340   2.9758E+02 -3.4922E+02  2.9627E+02
0000341   4.3963E+02 -5.7988E+01 -3.9880E+02
0000342   3.0688E+02 -3.8552E+02  3.3272E+02
0000343   7.4615E+02  1.8318E+02  1.4541E+01
0000344   1.7803E+02 -1.2057E+02  6.6483E+01
0000345   6.7139E+02 -2.1574E+02  1.3916E+02
0000346   3.0249E+02 -2.0259E+02 -7.7142E+01
0000347   1.1167E+02 -1.1522E+02  6.7712E+01
0000348   2.1715E+02 -2.0591E+02 -1.6701E+02
0000349   3.7322E+02 -2.7602E+02  2.1553E+02
0000350   4.2264E+02 -2.3953E+02  2.0962E+01
0000351   1.9281E+02  4.6631E+02 -4.0832E+01
0000352   4.8044E+02 -2.4357E+02  3.2407E+01
0000353   1.6285E+02 -7.0098E+01 -4.1579E+01
0000354   3.6768E+02  4.4923E+01 -2.5794E+02
0000355   6.6222E+02 -8.5036E+01 -6.5629E+01
0000356   7.5129E+02  7.7188E+01 -4.9591E+01
0000357   1.0858E+02  1.5901E+01  4.2758E+01
0000358   7.7641E+02  5.1270E+02  8.4896E+01
0000359   6.2394E+02  1.4650E+02  2.1503E+02
0000360   6.4218E+02 -3.9740E+01 -6.0578E+01
0000361   4.1813E+02  4.4213E+02 -1.0437E+02
0000363   2.9393E+02 -1.2077E+02 -2.7416E+01
0000364   3.1259E+02 -3.5581E+02  1.4947E+02
0000366   2.4491E+02  2.5518E+01  1.1597E+02
0000367   2.7764E+02  2.2456E+01  6.8985E+01
0000368   4.8826E+02  3.1968E+02  1.8814E+02
0000369   5.7763E+02 -3.2730E+02 -3.6611E+02
0000370   4.9634E+02  3.4255E+02 -2.9577E+02
0000371   3.4739E+02  1.1727E+01 -1.4852E+02
0000372   6.1334E+02  2.2452E+02  1.8876E+02
0000373   6.2946E+02  1.8164E+02  7.2558E+02
0000374   1.3486E+02  1.6949E+02 -1.1913E+02
0000375   6.9759E+02 -1.6582E+02  3.1427E+02
0000376   9.5974E+02  4.7524E+01  1.9167E+02
0000377   1.3766E+02  4.0655E+02  2.5361E+02
0000378   6.9964E+02 -2.0143E+02 -2.6806E+02
0000379   3.5688E+02 -1.5371E+02  2.0977E+02
0000380   4.7717E+02 -1.2466E+02 -3.2808E+01
0000381   3.7128E+02  1.0160E+02  1.2085E+02
0000382   2.6208E+02  4.4962E+02  1.6295E+02
0000383   2.3939E+02  5.4909E+02 -3.1723E+02
0000384   6.6514E+02  2.1824E+01 -2.7684E+02
0000385   3.5843E+02 -8.1104E-01 -2.1528E+02
0000386   7.3758E+02 -1.9928E+02 -1.6507E+02
0000387   4.3674E+02 -1.1593E+02  1.0432E+02
0000389   3.5691E+02 -2.0633E+01  5.4991E+01
0000392   1.1131E+02 -6.0466E+02 -7.5399E+01
0000393   4.8797E+02 -1.5327E+02 -4.9888E+02
0000394   9.8334E+01 -3.5969E+01 -4.2917E+02
0000396   4.9521E+02 -1.0717E+02  5.4527E+01
0000397   6.1579E+02  2.9800E+01  3.5758E+01
0000398   4.0857E+02  2.1767E+02 -5.1799E+01
0000399   1.3018E+02 -5.1066E+02 -4.0293E+02
0000400   3.6512E+02 -2.4575E+02 -3.0490E+02
0000401   5.3920E+02  4.9179E+01 -9.7798E+00
0000402   3.6424E+02  1.7798E+02 -1.9114E+01
0000403   1.8186E+02  3.2851E+02  5.0488E+02
0000404   5.0465E+02  2.4097E+02  4.7837E+02
0000405   6.5604E+02 -1.2281E+02 -6.7563E+01
0000406   3.5147E+02 -2.9832E+01  1.7459E+02
0000407   2.8838E+02  6.3268E+01  5.0732E+02
0000408   5.0306E+02  8.0614E+01 -2.2481E+01
0000409   1.0648E+02 -3.1976E+02 -8.1867E+01
0000410   7.4389E+02 -3.2493E+02  8.2438E+01
0000411   4.2019E+02  1.9406E+02 -7.3111E+01
0000412   1.0934E+02  4.3046E+01 -1.2746E+02
0000413   6.9224E+02  9.0353E+01 -1.6537E+02
0000414   4.9013E+02 -1.9407E+02  1.8577E+02
0000415   7.1083E+02 -6.5353E+01 -1.6818E+02
0000416   4.6654E+02  1.9411E+00  2.3067E+02
0000418   3.8542E+02  4.4671E+02 -3.8334E+02
0000419   6.9539E+02 -8.8153E+01 -2.4807E+02
0000420   4.8747E+02 -2.3114E+02 -1.9324E+02
0000421   3.5200E+02  5.1109E+02  4.8516E+01
0000422   5.9717E+02 -2.2979E+02 -3.2299E+02
0000423   3.8364E+02 -1.7732E+01 -1.0008E+02
0000424   5.8118E+02 -4.6231E+02 -2.9641E+01
0000425   9.2358E+01  7.4414E+01 -1.7749E+02
0000426   6.6468E+02  2.0312E+02  4.4389E+02
0000427   2.4907E+02  9.6926E+01  3.2386E+02
0000428   3.5032E+02 -2.7788E+02  1.5280E+02
0000429   5.2735E+02  1.5501E+02  2.7412E+02
0000430   1.9751E+02  7.9769E+00  1.1923E+02
0000431   1.1159E+02  1.2187E+02  2.1782E+01
0000432   3.6879E+02 -6.1632E+01 -6.4704E+00
0000433   5.7978E+02 -2.5075E+02 -6.6466E+00
0000434   1.1080E+02  2.2569E+02 -4.6943E+00
0000435   4.5969E+02  2.6115E+01 -4.6146E+01
0000436   3.0848E+01 -3.3837E+02 -4.5741E+01
0000437   5.9161E+02 -2.3966E+01 -8.3614E+01
0000438   7.8847E+02 -4.3455E+01  9.3611E+01
0000439   6.2455E+01 -4.8851E+01  3.9234E+01
0000440   5.4417E+02  2.9830E+02 -1.5128E+02
0000441   9.9891E+02  1.1326E+02 -7.7186E+01
0000442   9.1808E+02 -6.5305E+01  6.3016E+00
0000443   3.5516E+02 -1.1582E+02  8.1024E+00
0000444   4.7841E+02 -1.6970E+02 -1.6096E+02
0000445   4.4664E+02 -2.0894E+01  2.0552E+02
0000446   3.5848E+02 -1.2342E+02  1.3249E+01
0000447   2.1988E+02 -1.6460E+02  3.4612E+02
0000448   2.0698E+02 -3.2116E+01 -1.2604E+02
0000449   1.5004E+02  2.1072E+02  4.2835E+02
0000450   4.1932E+02 -1.5535E+02  5.1369E+01
0000451   8.1317E+02  1.1412E+02  1.2814E+02
0000452   4.3278E+02 -5.9924E+02 -1.4033E+02
0000453   6.1755E+02  2.1476E+02  2.1090E+02
0000454   5.0199E+02  1.2109E+02  2.3984E+02
0000455   4.0663E+02  3.1853E+02 -2.6786E+02
0000456   5.7979E+02 -9.6053E+01  2.9568E+01
0000457   1.5596E+02  5.9527E+01  1.7292E+02
0000458   3.6487E+02  4.8176E+02  4.9830E+02
0000459   6.7388E+01 -4.0079E+02 -3.9328E+01
0000460   7.8282E+02 -2.1592E+02  2.3093E+02
0000461   8.2813E+02  1.7577E+02  6.7387E+01
0000462   3.8823E+02 -3.8968E+01  1.6419E+02
0000463   3.7301E+02  8.3379E+01  3.5900E+02
0000464   1.0636E+02 -2.6373E+02 -4.1475E+02
0000466   7.1098E+02  9.9696E+00  1.0133E+02
0000467   3.0474E+02  4.2333E+01 -3.3665E+02
0000468   3.8953E+02 -2.7397E+02 -1.6497E+01
0000469   2.3527E+02  1.6612E+01  4.0909E+01
0000470   1.7552E+02 -3.5078E+01 -9.9828E+01
0000471   6.9524E+02  1.8037E+02 -1.7731E+02
0000472   1.8940E+02  6.4222E+01 -4.5821E+01
0000473   2.7164E+02  1.2265E+02 -8.6971E+01
0000474   4.9178E+02  1.6487E+02 -2.9859E+02
0000475   7.1086E+02 -4.1273E+02 -8.9426E+01
0000476   2.1624E+02 -1.1427E+02 -1.3621E+02
0000477   5.5473E+02 -1.1384E+02  2.5287E+01
0000478   2.7882E+02 -3.5173E+02  2.8128E+02
0000479   4.0807E+02 -3.6551E+02 -4.7680E+02
0000480   3.8379E+02 -3.4425E+02 -2.0609E+02
0000481   5.3880E+02  1.1133E+02  9.5810E+01
0000482   9.6783E+02  2.7247E+02  2.1892E+01
0000483   2.8953E+02  5.5177E+01 -4.2989E+02
0000484   2.4425E+02  2.4258E+02 -1.5084E+02
0000485   4.4323E+02  2.1337E+02  2.6066E+02
0000486   5.0341E+02 -2.1062E+02 -5.0430E+01
0000487   3.6893E+02  1.9373E+02 -4.7981E+01
0000488   6.2321E+01 -3.9380E+02 -2.0735E+02
0000489   3.3050E+02 -1.5884E+02  3.5983E+02
0000490   3.9778E+02 -2.0112E+02 -5.0888E+01
0000491   2.2940E+02  2.2629E+02 -2.6522E+02
0000492   2.0407E+02 -1.0881E+02  1.4538E+02
0000493   8.3554E+02 -8.3118E+01 -1.5893E+02
0000494   7.5178E+02 -4.1836E+02  2.5203E+02
0000495   4.9403E+02  4.2894E+01  5.5984E+01
0000496   5.3221E+02  6.9795E+01  3.4034E+01
0000497   4.8022E+02  2.8124E+02 -3.0595E+02
0000498   7.9617E+02  4.4822E+01  9.0536E+01
0000499   2.6075E+02  2.9373E+02  1.1468E+02
0000500   1.9915E+02 -1.8493E+02  5.1014E+01
0000501   5.5609E+02 -1.5263E+02 -5.7581E+02
0000502   6.6410E+02  1.0282E+02  2.2631E+02
0000503   4.6505E+02 -8.4076E+01 -5.3972E+01
0000504   2.6395E+02  4.4262E+02  2.2439E+02
0000506   1.7302E+02 -1.1072E+02 -8.0394E+01
0000507   4.1487E+02 -1.0979E+02 -1.4482E+02
0000508   7.1614E+02  1.5013E+02 -1.4073E+02
0000509   3.9172E+02  2.3750E+02  1.2263E+02
0000510   1.0703E+01  7.9973E+01 -9.4195E+00
0000511   4.7381E+02  3.4880E+02  2.0852E+00
0000512   5.8983E+02 -1.2169E+02  2.4158E+02
0000513   3.4738E+02 -2.8729E+01  2.5729E+01
0000514   1.1981E+02 -2.8622E+02  1.2557E+02
0000515   3.3996E+02 -1.3717E+02 -6.1749E+02
0000516   7.3322E+02  1.3319E+02  1.4147E+02
0000517   2.4461E+02 -3.0599E+02  1.2809E+02
0000518   6.3153E+02  1.8524E+02  2.9874E+02
0000519   1.8250E+02 -3.6910E+01  3.1217E+02
0000520   5.0471E+02 -1.2632E+02 -1.5568E+02
0000521   3.0851E+02  2.5539E+02  6.9481E+01
0000522   6.4768E+02  2.9588E+02  1.6991E+01
0000523   4.1801E+02  1.0548E+02  4.7285E+02
0000524   7.7707E+02  1.1330E+02 -3.8282E+00
0000525   4.6556E+02 -3.3622E+02 -1.7421E+02
0000526   1.2261E+01 -1.3166E+02 -1.5595E+02
0000527   3.0617E+02 -4.9935E+02 -2.9044E+02
0000528   7.8649E+02  2.2184E+01 -4.0466E+00
0000529   4.1366E+02  5.0321E+01 -2.7655E+02
0000530   3.3480E+02 -1.6799E+02 -1.7373E+02
0000531   4.3103E+02 -4.0472E+01  3.5506E+01
0000532   2.4985E+02 -7.6602E+01 -1.6709E+02
0000533   6.3558E+02 -1.5571E+02 -3.6441E+01
0000534   7.7851E+02  1.5740E+02  3.8343E+01
0000535   6.5129E+02  3.1551E+02 -4.0727E+01
0000536   4.5020E+02 -2.8203E+02 -5.9620E+01
0000537   6.3425E+02  1.6994E+02  1.2798E+02
0000538   9.1396E+01  4.0190E+02 -2.2294E+02
0000539   6.1738E+01 -1.2561E+02  2.8519E+01
0000540   5.6774E+02 -6.2838E+01  4.4490E+01
0000541   7.8254E+02 -5.4730E+01 -1.2293E+02
0000542   3.2961E+02  2.7660E+02 -3.2967E+02
0000543   6.2663E+02 -1.6507E+02 -1.5175E+02
0000544   8.0263E+02  5.7999E+01 -8.6384E+01
0000545   3.1572E+02 -2.7208E+02  1.7528E+01
0000546   4.9862E+02 -2.7004E+02 -2.1325E+02
0000547   2.9540E+02  8.6410E+01  5.7624E+01
0000548   3.1660E+02  4.7995E+00  3.6061E+02
0000549   4.2549E+02 -2.5316E+02  2.2660E+02
0000550   3.2459E+02  2.4052E+02 -2.0700E+02
0000551   1.2034E+02 -2.0333E+02 -1.6756E+02
0000552   1.7033E+01 -3.0760E+01  2.0532E+02
0000553   2.6762E+02 -6.2739E+01  1.0744E+02
0000554   1.5858E+02  1.1270E+02  1.1316E+02
0000555   1.4059E+02  1.0020E+02 -1.3397E+02
0000556   3.4438E+02  1.1153E+01  2.4315E+02
0000557   2.2641E+02 -2.4429E+02  2.5366E+02
0000558   2.8787E+02  4.7592E+02 -4.6222E+01
0000559   3.5348E+02 -1.9019E+02  5.6781E+01
0000560   1.8263E+02 -1.6754E+01  2.1637E+02
0000561   5.3985E+02 -3.3545E+02  2.3653E+02
0000562   2.7923E+02 -2.0791E+02  1.3092E+02
0000563   5.8324E+02  2.8952E+01  1.4324E+02
0000564   6.4465E+02  1.2512E+02  2.9240E+02
0000565   4.4114E+02 -1.1679E+02 -1.3938E+02
0000566   6.8264E+01 -2.7845E+02  1.8540E+02
0000567   2.1667E+02 -3.2111E+01  3.8973E+01
0000568   2.0659E+02  3.2757E+02 -3.0188E+02
0000569   3.8901E+02 -6.0494E+01  8.1755E+01
0000570   1.8306E+02 -6.1155E+01 -3.4185E+02
0000571   4.2732E+02 -1.8165E+02 -5.2918E+01
0000572   3.4886E+02 -2.7949E+02 -1.0673E+02
0000573   2.7449E+02  5.5882E+02 -2.1027E+02
0000574   3.1173E+02  2.2034E+01 -2.4308E+01
0000575   5.7123E+02  3.0197E+02  4.6128E+01
0000576   5.4332E+02 -1.0861E+02 -7.2405E+01
0000577   6.0658E+02  2.6481E+02 -1.0395E+02
0000578   3.8120E+02 -1.2795E+02 -1.3601E+02
0000579   2.1227E+02 -4.3558E+01 -4.5794E+01
0000580   4.6601E+02 -1.3037E+02 -9.9416E+00
0000581   4.8887E+02  3.6331E+02 -1.6325E+02
0000582   3.4000E+02 -7.3535E+01  3.0112E+02
0000583   5.4817E+02 -3.2145E+01  1.0275E+02
0000584   3.9035E+02  2.6358E+02  1.6057E+02
0000585   3.4903E+02 -1.9499E+02  3.5805E+02
0000586   3.5712E+02 -2.6209E+02 -8.7145E+01
0000587   2.6178E+02  1.9719E+02 -1.4021E+02
0000588   5.3143E+02  8.3682E+01 -1.7995E+02
0000589   3.6800E+02 -2.3085E+02 -5.1073E+01
0000591   5.2189E+02  1.7723E+01 -1.8287E+02
0000592   3.1562E+02 -1.4921E+02  4.0311E+02
0000593   1.3207E+02  4.5539E+01  2.5552E+02
0000594   2.8092E+02 -1.0324E+02  1.5914E+02
0000595   6.9862E+02  1.2479E+02 -4.3186E+01
0000596   2.2464E+02  3.6230E+02 -3.0086E+02
0000599   6.5207E+01 -1.0734E+02  2.8002E+02
0000600   2.4085E+02  2.4766E+02 -1.3637E+02
0000602   1.1451E+02  1.6169E+02  1.3180E+02
0000603   9.6693E+01 -4.1167E+01 -9.8835E+01
0000604   2.3675E+02  6.6334E+01 -2.0075E+02
0000605   5.8073E+02 -1.4536E+01  1.7196E+02
0000606   5.8426E+02  4.0419E+02  3.6317E+02
0000607   3.9401E+02 -1.7553E+02 -3.3743E+02
0000608   4.8583E+02  2.1039E+02  6.3847E+02
0000609   1.9430E+02 -1.3653E+02  2.6218E+00
0000610   6.8936E+02 -4.5375E+01 -7.1880E+00
0000611   2.8284E+02  2.0307E+02  3.6512E+01
0000612   2.9400E+02  5.7961E+01  1.6756E+02
0000613   1.3995E+02  1.0448E+02  8.3031E+01
0000614   6.9345E+02 -1.7060E+01 -3.0318E+01
0000615   1.4103E+02  1.0088E+02 -2.1149E+02
0000616   7.8614E+02 -6.3766E+01  8.2304E+01
0000617   1.7897E+02 -1.3514E+02  1.9271E+02
0000618   7.1299E+02 -2.8665E+02 -8.4806E+01
0000619   4.2905E+02  2.2139E+01  3.9245E+02
0000620   8.0007E+02 -3.2566E+02 -3.1230E+01
0000621   1.9857E+02 -7.8347E+01  4.4742E+02
0000623   4.1636E+02 -5.5316E+01  8.3227E+01
0000625   2.8630E+02  1.7100E+02  8.1107E+01
0000626   2.1789E+02 -7.7031E+01  3.3229E+02
0000627   4.6655E+02 -2.1795E+02  4.7104E+02
0000628   2.4098E+02  4.1792E+02 -2.0447E+02
0000629   2.3460E+02  1.5288E+02 -3.4354E+01
0000630   3.9689E+02 -1.3230E+02 -2.4090E+01
0000631   4.4108E+02  1.0881E+02 -1.2344E+02
0000632   7.3136E+02  2.8640E+02 -1.2873E+02
0000633   1.4532E+02  2.4473E+02 -8.5814E+01
0000634   3.9279E+01 -2.6183E+01 -2.3555E+02
0000635   3.8284E+02  2.7069E+02 -7.1553E+00
0000636   5.4028E+02  3.7042E+01 -7.5954E+01
0000637   3.2093E+02 -1.5138E+01 -8.6550E+01
0000638   4.5390E+02 -3.8423E+02 -2.2773E+02
0000639   1.9514E+02 -2.6636E+02 -1.6453E+02
0000640   2.9396E+02 -1.0800E+02 -1.4292E+02
0000641   5.0434E+02  2.3622E+02 -3.2573E+02
0000642   7.0698E+01  1.3996E+02 -1.2464E+02
0000643   9.4473E+02 -7.9332E+01  7.3882E+01
0000644   4.3018E+02 -1.6805E+02  2.6043E+01
0000645   2.5666E+02 -2.4956E+02  4.7097E+01
0000646   4.1057E+02  8.7429E+01  2.0955E+02
0000647   3.6245E+02  8.1206E+01  1.9295E+02
0000648   7.7304E+02  2.1245E+02  1.9072E+02
0000649   4.1225E+02 -6.1719E+01  2.0555E+02
0000650   2.7806E+02 -2.3372E+02  1.6723E+02
0000651   3.9951E+02 -7.8281E+01  3.6277E+02
0000652   5.0268E+02 -1.3423E+02  2.5821E+02
0000653   3.8043E+01  9.2223E+01 -1.3935E+01
0000654   6.2088E+02  2.3743E+02 -1.6877E+02
0000655   4.0410E+02 -9.9479E+01 -5.7949E+01
0000656   1.7203E+02  3.2638E+02 -1.0835E+02
0000657   3.1759E+02 -2.8722E+02 -4.3018E+02
0000658   3.0041E+02 -8.0817E+01  9.2588E+01
0000659   4.4650E+02  3.0392E+02 -3.5096E+02
0000660   3.0409E+02 -5.1784E+02  1.7487E+02
0000661   2.2023E+02 -2.2644E+01 -1.0489E+02
0000662   4.8342E+02  5.4619E+01  3.7020E+02
0000663   2.6932E+02  2.5551E+02 -1.3355E+02
0000664   6.3223E+01 -2.1720E+02 -1.3534E+02
0000666   5.0691E+02  2.6564E+02 -3.9714E+01
0000667   4.2935E+02  3.2820E+02  2.5801E+02
0000668   5.0167E+02 -3.3209E+02 -4.5523E+00
0000669   4.7898E+02  7.2336E+00  2.1579E+02
0000670   4.9402E+02 -5.4683E+00 -4.9665E+02
0000671   6.9700E+02  1.8862E+02 -1.6279E+02
0000672   3.0703E+02 -2.6851E+02 -1.5614E+02
0000673   3.4750E+02 -3.3385E+02  4.3396E+02
0000674   2.4607E+02 -3.2651E+02 -1.5110E+02
0000675   3.1352E+02 -9.9905E+01 -2.7478E+02
0000676   4.5057E+02 -4.8867E+01 -3.5082E+02
0000677   3.9291E+02 -1.9265E+02 -1.3908E+01
0000679   3.4668E+02 -4.8595E+02  4.0923E+01
0000680   1.9325E+02  1.5921E+01  2.4216E+02
0000681   2.0252E+02 -3.0288E+02 -8.4867E+01
0000682   5.3561E+02 -1.5001E+02 -3.2772E+01
0000683   6.2906E+02 -2.4434E+02 -1.9429E+02
0000684   1.5938E+02 -2.6955E+02  2.9517E+02
0000685   3.4200E+02 -4.1727E+02  4.3337E+01
0000686   2.2613E+02  6.2084E+01  7.2586E+01
0000687   6.3672E+02 -4.0714E+02  5.9696E+01
0000688   3.7894E+02 -3.5130E+02  6.4032E+01
0000689   5.6309E+02 -1.4654E+02 -2.1482E+02
0000690   3.9757E+02  1.4122E+02  2.6999E+01
0000691   1.6267E+02  1.9322E+02 -3.4657E+02
0000692   3.4992E+02  2.7450E+01  1.7200E+02
0000693   2.4087E+02  5.3124E+01  1.8274E+02
0000694   6.6493E+02 -9.5842E+01  2.8999E+02
0000695   5.8603E+02  9.4966E+01 -1.2590E+02
0000696   4.6247E+02  1.4498E+01 -3.0512E+02
0000698   1.7163E+02 -3.4347E+02 -2.2505E+02
0000699   3.9122E+02  2.3869E+02  2.6678E+02
0000700   3.6156E+02  3.1447E+02  1.0033E+02
0000701   3.7185E+02 -9.2525E+01 -7.5365E+01
0000702   5.3479E+02 -3.9930E+02  1.8499E+01
0000703   4.5593E+02  5.4073E+01 -2.0747E+02
0000704   5.2079E+02 -8.5830E+01  2.8293E+02
0000705   3.8108E+02  4.4741E+01  3.7887E+02
0000706   4.9157E+02  3.0126E+02  2.2206E+02
0000707   3.4384E+02 -9.5877E+00 -3.8513E+02
0000708   4.8230E+02 -1.8703E+01  9.5947E+01
0000709   5.5618E+02 -1.9377E+02  1.7893E+02
0000710   1.4817E+02  2.4092E+02  1.8957E+02
0000711   8.8802E+02 -2.0601E+02 -2.0937E+02
0000712   2.6571E+02 -2.0951E+02  8.6696E+00
0000713   5.2157E+02 -9.7821E+01 -6.2448E+01
0000714   4.8705E+02 -2.2152E+02  2.7577E+01
0000715   6.7718E+01  3.9953E+01  1.1691E+02
0000716   5.4374E+02 -1.8175E+02 -2.6405E+02
0000717   1.7819E+02  7.2402E+01  1.2478E+02
0000718   8.2535E+02 -9.1477E+01 -1.8033E+01
0000719   1.3940E+02 -1.8525E+02  2.7728E+02
0000721   4.5994E+02  4.9671E+01 -1.9971E+01
0000722   6.1541E+02 -2.2894E+02 -3.8453E+02
0000723   3.0686E+02  4.6807E+02 -2.0250E+02
0000724   1.4963E+02 -1.2307E+02  9.5060E+01
0000725   4.7230E+02  2.6348E+02  4.1886E+02
0000726   1.2359E+02 -1.2523E+01 -2.1822E+02
0000727   8.4967E+02  3.3568E+02  3.2713E+02
0000728   5.7040E+02 -3.5955E+02  7.5549E+01
0000729   1.4739E+02  1.0183E+02 -8.8183E+00
0000730   4.1900E+01 -2.1475E+02 -9.4043E+01
0000731   5.4238E+02  3.6532E+00  2.4147E+02
0000732   1.8408E+02 -3.2172E+01 -2.6881E+02
0000733   2.7749E+02 -4.8275E+02  7.1627E+01
0000734   4.4593E+02 -9.9808E+01  6.5403E+01
0000735   4.4771E+02 -3.3777E+02 -8.4511E+01
0000736   3.5811E+02  2.9061E+02 -9.6907E+01
0000737   4.0674E+02 -3.1726E+02 -6.9077E+00
0000738   4.2990E+02 -3.8410E+02  6.3500E+01
0000739   4.2332E+02  1.5469E+02 -2.2045E+02
0000740   2.9522E+02 -5.2767E+02 -3.5139E+02
0000741   3.5899E+02  2.5318E+02 -2.1893E+02
0000742   4.5702E+02  8.2199E+01 -2.1709E+02
0000743   6.2462E+02  1.3856E+02 -3.5530E+02
0000744   1.6257E+02  4.2845E+01 -2.5016E+02
0000745   2.9642E+02 -3.3634E+01 -8.7982E+01
0000746   1.9647E+02  3.5687E+01 -8.1735E+01
0000747   4.5540E+02 -5.5354E+02 -4.7611E+02
0000748   3.9947E+02 -2.6711E+02 -1.0568E+02
0000749   6.3996E+02 -5.2026E+01 -6.0543E+01
0000750   4.7738E+02 -2.1127E+02 -8.5365E+00
0000751   4.7053E+02 -3.7440E+01  1.2580E+02
0000752   3.2773E+02 -1.0968E+01 -1.3615E+01
0000753   3.8225E+02  2.7461E+02  1.0908E+02
0000754   3.0545E+02 -1.3595E+02 -1.6959E+02
0000755   3.5860E+02  2.5243E+02  5.2615E+01
0000756   3.4462E+02  1.3373E+02  1.2416E+02
0000757   5.9842E+02  2.2735E+02  1.6531E+02
0000758   5.5938E+02  3.5623E+02 -2.7755E+02
0000759   4.8325E+02  5.1045E+00  3.5612E+02
0000760   2.8302E+02  2.0393E+02  4.6400E+00
0000761   5.8420E+02 -4.8021E+01 -3.0227E+02
0000762   3.3732E+02 -2.8242E+02  4.4422E+02
0000763   7.0979E+02  1.2421E+02  1.7400E+02
0000764   4.2830E+02  2.6844E+02 -2.3017E+02
0000765   3.1827E+02  1.0961E+02  2.6167E+01
0000766   4.6516E+02  2.1164E+02  2.2482E+02
0000767   3.8487E+02 -3.9277E+02 -1.4121E+02
0000768   2.5817E+02 -2.0630E+01  2.9486E+01
0000769   6.0213E+02  1.5393E+02 -2.3762E+02
0000770   2.8007E+02  2.7132E+02 -4.8194E+01
0000771   5.5639E+02 -2.8279E+02  3.6242E+02
0000773   4.7838E+02 -3.7097E+02  4.4774E+02
0000774   5.0679E+02  2.4843E+02  5.4582E+01
0000775   1.2266E+02 -6.5531E+01 -1.4829E+01
0000776   6.6724E+02  1.4294E+02 -1.0857E+02
0000777   5.8620E+02 -3.3813E+02  7.8429E+01
0000778   1.5684E+02 -2.3618E+02  2.6113E+02
0000779   4.2295E+02  1.2009E+02  1.5975E+01
0000780   4.2166E+02  2.9170E+02 -5.3524E+01
0000781   5.7430E+02 -3.5851E+02 -1.2662E+02
0000782   4.0394E+02 -3.6869E+02 -4.2212E+01
0000783   4.6325E+02  3.3491E+01  4.3253E+02
0000784   3.7186E+02 -3.4277E+02  1.9310E+02
0000785   7.8986E+02 -5.1799E+01 -2.0073E+02
0000786   4.3082E+01  6.3055E+00 -1.7413E+02
0000787   5.2975E+02  2.5034E+02  9.1441E+01
0000788   4.6330E+02 -9.8700E+01  2.3068E+02
0000789   1.9764E+02  3.2954E+01  1.7874E+02
0000790   4.5769E+02 -3.1906E+01 -1.8119E+02
0000791   5.3697E+02  2.6260E+01 -8.9559E+01
0000792   4.5763E+02 -1.5544E+02  1.7661E+02
0000793   7.0472E+01  1.0259E+02  7.3491E+01
0000794   5.1020E+02  4.2285E+01 -1.7015E+02
0000795   4.1308E+02 -5.6998E+02  8.3074E+01
0000796   3.0955E+02  3.6988E+02  3.2949E+02
0000797   6.9319E+02 -1.8046E+02 -6.6096E+01
0000798   3.4430E+02 -1.0793E+02  8.2903E+01
0000799   9.7760E+01 -2.4059E+02  4.5889E+02
0000800   4.2680E+02 -1.3954E+02  2.1778E+01
0000801   6.7489E+01 -3.0072E+02 -2.9704E+02
0000802   5.7285E+02 -1.2726E+02  2.9059E+02
0000803   4.9027E+02 -3.4905E+01 -1.0768E+02
0000804   1.3920E+02 -7.6062E+01  3.6856E+02
0000805   3.3088E+02 -1.1288E+02 -1.2883E+01
0000806   5.0107E+02 -1.7959E+02 -1.8242E+02
0000807   4.5859E+02 -6.9732E+01 -3.6307E+02
0000808   5.4878E+02 -2.2701E+02  3.8945E+01
0000809   2.6513E+02  2.9417E+02 -1.3444E+01
0000810   6.7218E+02 -1.5626E+02  1.4298E+01
0000811   7.7747E+02 -6.7652E+01 -2.4986E+02
0000812   6.3804E+02  2.2772E+02  6.4274E+01
0000813   2.5838E+02  3.8243E+02 -2.9607E+02
0000814   5.2699E+02  4.6461E+02 -6.2200E+01
0000815   1.3315E+02 -2.7053E+02  1.1497E+02
0000816   3.6308E+02 -2.5995E+02 -9.9502E+01
0000817   3.9048E+02  3.6135E+02  3.6386E+02
0000818   3.9460E+02 -4.2963E+00  3.8143E+02
0000819   1.9739E+02  2.0666E+02  1.6598E+02
0000820   2.8258E+02 -2.3493E+02 -1.6208E+02
0000821   6.5382E+02 -5.4222E+01 -8.3051E+01
0000822   5.2898E+02 -1.7184E+02 -9.3437E+01
0000823   2.9543E+02  1.3320E+02 -3.6142E+01
0000824   7.0760E+02 -2.6288E+02  3.1852E+02
0000825   5.4608E+02 -2.2367E+02  1.9498E+02
0000826   4.2097E+02 -4.3450E+01 -4.2837E+02
0000827   3.7925E+02  1.1119E+01 -2.7783E+02
0000828   6.3447E+02 -2.2825E+02 -2.7179E+02
0000829   1.0496E+02 -5.8021E+02 -2.4063E+02
0000830   4.3593E+02 -2.7358E+02  1.3555E+02
0000831   2.2997E+02 -8.2103E+01 -2.5949E+02
0000832   3.5273E+02 -8.8125E+01 -1.8788E+02
0000833   6.1490E+02 -3.2629E+02  3.9929E+02
0000834   3.1376E+02  1.2725E+02  1.6947E+02
0000835   3.5134E+02 -1.5154E+01  8.6624E+01
0000836   1.8933E+02 -8.5503E+01  3.2360E+02
0000837   4.6833E+02 -6.3257E+01  5.7375E+01
0000838   2.6124E+02  1.7607E+02  3.1652E+01
0000839   4.4946E+02  2.5434E+01  4.1271E+02
0000840   4.5603E+02  8.3922E+01  2.6653E+02
0000841   2.9015E+02  1.5080E+02 -2.1692E+02
0000842   1.0508E+02  3.9359E+01 -4.5840E+01
0000843   4.9924E+02  2.4823E+02  4.7883E+01
0000844   2.6717E+02 -1.0983E+02 -2.3627E+02
0000845   1.3450E+02  1.3276E+02  2.3908E+02
0000846   2.7145E+02 -2.9130E+02  4.5189E+01
0000847   5.5158E+02  1.9439E+02  9.0431E+01
0000848   4.7462E+02 -1.2080E+02 -2.1721E+02
0000849   5.2780E+02  2.9128E+02  1.5784E+02
0000850   5.9517E+02 -1.7697E+02  2.8900E+02
0000851   6.7252E+02 -2.1210E+02  2.4328E+02
0000853   2.0659E+02 -2.6985E+02  3.5626E+02
0000854   5.9431E+01 -3.7823E+00  4.0896E+02
0000855   6.3895E+02  1.8961E+02  1.8641E+01
0000856   3.6810E+02  3.2600E+01 -3.0388E+01
0000857   4.3611E+02 -2.3373E+02 -8.6968E+01
0000858   3.2947E+02  7.1894E+01 -1.6967E+02
0000860   4.3249E+02  1.7747E+02  1.4150E+02
0000861   4.3964E+02 -4.4015E+01  4.0203E+01
0000862   3.9164E+02 -2.1812E+02 -2.7107E+02
0000863   6.5725E+02 -1.6359E+01 -4.6451E+02
0000864   5.4910E+02  8.0867E+01  2.3238E+01
0000865   2.2358E+02  6.7735E+01  5.5907E+00
0000866   3.2756E+02  1.4230E+02 -1.0830E+02
0000867   7.1339E+02 -1.8461E+02 -2.3399E+02
0000868   5.7350E+02 -2.9913E+02 -2.2332E+02
0000869   7.6924E+02  2.1437E+02 -3.2695E+02
0000870   2.8726E+02  3.1746E+01 -1.6270E+02
0000871   5.3179E+02 -3.5598E+02 -1.2365E+01
0000872   2.0388E+02 -4.5203E+02  3.0750E+02
0000873   4.6162E+02 -1.4011E+02  7.7866E+01
0000874   3.8658E+02 -6.7378E+01  1.1089E+02
0000876   2.7226E+02  5.3617E+01  8.2860E+01
0000877   5.9041E+02  9.6922E+01 -1.6604E+02
0000878   4.2215E+02 -2.2466E+02 -2.2697E+02
0000879   4.2887E+02  1.6266E+02  2.1780E+02
0000880   6.3719E+02  2.8639E+01 -1.5634E+02
0000881   3.1752E+02 -6.6916E+01  4.2140E+02
0000882   3.1129E+02 -4.8670E+01  2.8416E+02
0000884   7.5052E+01 -7.6920E+01 -1.4005E+02
0000885   7.1269E+02 -9.2301E+01 -2.1568E+00
0000886   7.3314E+02  3.2311E+02  3.0391E+02
0000887   5.1337E+02  2.3477E+02 -1.5586E+00
0000888   6.5432E+02  1.0110E+02  2.7144E+02
0000889   1.3400E+02  3.6058E+02  2.1586E+02
0000891   6.8995E+01  7.3825E+01 -1.9300E+02
0000892   9.5362E+01 -3.6357E+02 -1.3865E+02
0000893   3.0699E+02 -2.2490E+02  1.8847E+02
0000894   6.8212E+02  1.1744E+02 -2.7173E+02
0000895   5.7104E+02 -2.0888E+02 -1.5487E+02
0000896   6.3196E+02 -6.6824E+01  5.0558E+01
0000898   5.8703E+02  5.1074E+01  1.4239E+02
0000899   3.4520E+02  1.4549E+02 -6.7141E+01
0000900   1.3168E+02  2.6360E+02 -2.5409E+02
0000901   3.8231E+02  1.2805E+01  2.3730E+02
0000902   2.2750E+02 -1.1861E+02  2.0806E+02
0000903   3.4930E+02  1.6087E+02 -9.5557E+01
0000904   3.7282E+02 -1.6335E+01  3.0756E+02
0000905   3.3606E+02  6.3334E+01 -3.7792E+02
0000906   1.9630E+02  1.2120E+02 -1.7686E+02
0000907   1.4570E+02  3.1995E+02 -3.7575E+02
0000908   4.2920E+02 -3.2331E+02 -1.1292E+02
0000909   3.6755E+02  2.7346E+02 -9.4961E+01
0000910   2.9832E+02 -1.3716E+02 -1.2236E+02
0000911   4.4260E+02  2.0331E+02  1.2134E+02
0000912   7.1583E+02  5.2936E+01 -1.0655E+02
0000913   1.7241E+02 -3.0049E+02  1.7577E+02
0000914   3.3132E+02  5.3992E+01  5.6099E+01
0000915   1.6259E+02 -4.1261E+02  1.6287E+02
0000917   3.6035E+02 -3.9020E+02  1.7294E+02
0000918   3.2361E+02 -2.4611E+02  3.4921E+01
0000919   3.2842E+02 -8.7019E+01  1.9659E+02
0000920   2.4985E+02  1.7119E+01  2.2389E+02
0000921   3.1076E+02 -1.0255E+02  4.3850E+01
0000922   5.5123E+02  1.1828E+02 -1.7021E+01
0000923   4.4803E+02 -2.4614E+02  6.8261E+01
0000924   2.8054E+02 -7.6136E+01  5.0440E+02
0000925   2.3301E+02  2.7894E+01  1.0541E+02
0000926   3.1891E+02  6.8056E+00  2.1951E+02
0000927   3.3327E+02 -9.2257E+01  1.0366E+02
0000928   3.6451E+02  3.0006E+02 -2.9944E+02
0000929   4.1653E+02 -1.0815E+02 -1.5964E+02
0000930   4.5852E+02  8.7426E+01  8.8426E+01
0000931   9.1976E+02  1.6972E+02  1.3363E+02
0000932   4.9524E+02  9.2838E+01  2.9129E+01
0000933   6.6089E+02  1.2071E+02  1.2833E+02
0000934   2.3458E+02  1.1825E+02  1.8998E+02
0000935   3.6586E+02 -2.3692E+01 -4.6649E+02
0000936   5.7233E+02  3.3356E+02 -1.1195E+02
0000939   1.0742E+02  5.5104E+01 -3.7602E+02
0000940   5.8010E+02 -4.2782E+01  6.9377E+01
0000941   1.7394E+02  2.0161E+02  1.0396E+01
0000942   6.0126E+02 -4.6225E+01 -5.3926E+01
0000943   1.9898E+02 -2.9383E+02  1.6424E+02
0000944   5.9021E+02 -4.0830E+01 -3.9691E-02
0000945   1.3046E+02 -6.3663E+00  2.9645E+02
0000946   1.5012E+02  8.5503E+00 -2.9494E+02
0000947   3.5870E+02 -1.1572E+02  4.3483E+01
0000948   4.7254E+02  2.7515E+02 -1.7472E+02
0000949   1.9727E+02 -1.8767E+01  1.4064E+02
0000950   8.5976E+02 -1.4387E+02  1.0703E+02
0000951   1.8635E+02  1.0954E+02 -1.6991E+02
0000952   4.1092E+02  2.7050E+02  1.6208E+02
0000953   3.6208E+02  4.8445E+02  1.8306E+02
0000954   5.5135E+02  1.8631E+02 -2.4885E+01
0000955   2.8173E+02  1.4864E+02 -4.9130E+02
0000956   6.6049E+02 -1.3666E+02  1.2992E+00
0000957   9.1601E+01  1.0883E+02  2.7572E+02
0000958   5.4339E+02  1.2381E+02  6.0875E+01
0000959   5.1860E+01 -2.4320E+02  9.9125E+01
0000960   2.3707E+02 -2.6402E+02  4.4574E+02
0000961   1.8996E+02 -2.1875E+02  3.0233E+02
0000962   5.5829E+02 -2.8873E+01  1.8263E+02
0000963   5.0216E+02 -3.2784E+01  3.4338E+02
0000964   4.1235E+02 -1.4106E+02  2.1582E+02
0000965   6.8800E+02  2.2495E+02  1.0339E+02
0000966   6.2695E+02  7.0172E+01  1.3308E+02
0000967   3.9416E+02  3.5200E+02 -4.7315E+02
0000968   4.8357E+02 -2.9414E+02  1.7490E+02
0000969   5.0120E+02  1.7432E+02  1.6717E+02
0000970   6.4454E+02  1.9820E+02 -3.1137E+02
0000971   4.8585E+02  3.4861E+02 -2.1688E+02
0000972   2.0409E+02  5.6702E+01 -1.6486E+02
0000973   5.3481E+02  1.1036E+02 -9.8691E+01
0000974   3.9610E+02 -2.2517E+02  4.5220E+02
0000975   2.7051E+02  1.1687E+02 -8.6110E+01
0000976   8.0070E+02  4.7767E+01  2.0305E+02
0000977   7.7620E+02 -1.1626E+02  2.7856E+02
0000978   1.9618E+02  3.9808E+02  5.0802E+02
0000979   4.7050E+02 -1.7898E+02 -4.2927E+02
0000980   8.2973E+02  8.0711E+01  3.5419E+02
0000981   4.9421E+02 -1.0528E+02 -6.4568E+01
0000982   4.5157E+02  1.1622E+02  2.3526E+01
0000983   2.2788E+02 -8.2272E+01  2.0528E+02
0000984   5.1316E+02  3.4693E+01  1.3835E+02
0000985   3.4305E+02 -1.4115E+02  4.5020E+02
0000986   2.5952E+02  1.6330E+02 -2.8942E+02
0000987   6.5694E+02 -4.0757E+02 -3.2804E+02
0000988   3.6052E+02  1.5981E+02 -2.3792E+02
0000989   5.8776E+02 -2.7589E+02  1.0140E+02
0000990   3.9375E+02 -3.8579E+01  5.8756E+02
0000991   1.2416E+02 -7.1717E+01  9.7035E+01
0000992   4.0246E+02 -4.7872E+00 -2.2807E+02
0000993   1.6264E+02  6.1981E+01  4.2695E+01
0000994   4.7384E+02  1.8936E+02 -2.8071E+02
0000995   7.3814E+02 -3.1162E+02  2.0129E+02
0000996   2.8143E+02  2.0784E+02  2.5312E+02
0000997   3.7066E+02  7.3339E+01  3.5424E+02
0000998   8.3981E+01 -2.5619E+02 -1.4968E+01
0000999   4.5013E+02  2.7442E+01  2.5213E+02
0001000   4.6380E+02 -1.1025E+02  1.9373E+02
