============================== SRIM-2013.00 ==============================
==============================================================================
====== SRIM Outputs\RANGE_3D.txt : File of Final Ion Positions =====

Ion =  F (09)   Ion Mass= 018.9984
Energy  = 4000000.E-05 keV
Ion Angle to Surface = 00.0 degrees
==================== TARGET =======================
  Layer # 1 - None
  Layer # 1 - Bottom Depth=500000.E-01 A
  Layer # 1 - Density =0007.8700 g/cm3
  Layer # 1 -  100 % of Fe
様様様様様様様様様様様様様様様様様様様様様様様様様様
                                            
Ion       Depth  X   Lateral Y   Lateral Z  
Number    (Angstrom) (Angstrom)  (Angstrom) 
-------  ----------- ----------- -----------
0000001   4.0015E+02 -4.5725E+02 -3.6862E+02
0000002   7.4054E+02  3.2263E+02 -3.1233E+02
0000005   4.9135E+02 -1.3420E+02  1.6737E+02
0000006   7.5050E+02  2.7002E+01  2.8340E+01
0000007   1.8189E+02  4.0634E+02  2.1406E+02
0000008   1.2546E+02 -1.4231E+02 -1.8153E+02
0000009   1.8581E+02 -3.2723E+02 -2.2904E+02
0000010   2.1470E+02  2.3212E+02  1.7301E+02
0000011   1.5336E+02 -2.0096E+02 -2.7811E+02
0000012   4.1975E+01  5.4747E+02  1.7767E+02
0000013   1.1110E+02  1.7714E+02  1.6107E+02
0000014   7.7760E+02 -9.6714E+01 -1.9182E+02
0000015   2.0381E+02 -2.0033E+02  1.0501E+02
0000016   4.1417E+02 -2.7199E+02  5.6194E+01
0000017   3.0023E+02  2.0512E+02 -5.9513E+01
0000018   2.4090E+02 -1.0541E+02 -7.0334E+01
0000019   3.5978E+02  4.0283E+02 -1.5044E+00
0000020   6.9239E+02  7.7897E+00 -1.5521E+02
0000021   1.5327E+02 -3.2729E+01  4.3518E+02
0000022   3.2715E+02  3.6544E+02  1.1776E+01
0000023   8.4742E+01 -1.0202E+02 -2.1282E+02
0000024   5.8194E+02 -8.2384E+01  1.6165E+02
0000025   6.2441E+02 -5.8145E+01 -2.0432E+02
0000026   4.5626E+02  5.1329E+01 -1.4866E+02
0000027   2.1088E+02  1.7996E+02  2.8478E+02
0000029   7.9901E+02  5.0177E+01  8.7325E+00
0000030   1.9295E+02 -1.3998E+02  6.2848E+01
0000031   2.5824E+02 -7.3650E+01  1.0997E+02
0000032   6.8283E+02 -1.6041E+02 -3.4216E+02
0000033   1.0121E+02  4.0919E+01  1.8056E+02
0000034   2.0455E+02 -3.5413E+02 -1.4738E+02
0000035   2.0987E+02  4.4564E+01  4.8332E+01
0000036   4.3211E+02  1.5344E+02 -2.7544E+01
0000037   1.4078E+02  3.4577E+02 -4.2495E+01
0000038   1.1791E+02  4.8960E+02 -4.4861E+02
0000039   6.5187E+01 -1.2321E+02 -2.8850E+02
0000040   2.2330E+02  3.6214E+02 -8.4378E+01
0000041   1.7735E+02  3.1470E+01  4.8657E+01
0000042   2.4793E+02 -1.2596E+01  3.5337E+01
0000043   9.7221E+02  1.2858E+02  5.2510E+00
0000044   5.5868E+02 -3.5788E+02 -3.4436E+01
0000045   5.6664E+02 -2.9193E+01 -2.3599E+02
0000046   3.8981E+02  1.3529E+02  1.5823E+02
0000047   2.3423E+02  2.0426E+02  2.6525E+02
0000048   2.8567E+02  3.8227E+02  1.1094E+02
0000049   4.2519E+02  3.3953E+02  2.4422E+02
0000050   5.6284E+02 -1.3961E+02  6.1079E+01
0000051   3.4947E+02  1.5384E+02  7.7763E+01
0000052   2.2794E+02 -5.4314E+01  2.9964E+02
0000054   7.2726E+02  2.9063E+01 -3.4982E+01
0000055   5.5280E+02  2.7343E+02 -4.2067E+01
0000056   4.0193E+02  9.8097E+01 -1.0679E+02
0000058   6.8052E+02  1.1961E+02 -1.7282E+01
0000059   6.2359E+02  2.0813E+02 -2.2025E+01
0000060   3.0780E+02 -3.6562E+00  1.5333E+02
0000061   2.7613E+02  1.0493E+02 -1.2464E+02
0000062   2.7365E+02 -2.3600E+01  5.3985E+02
0000063   6.2873E+02  5.5819E+00  3.8421E+01
0000064   2.0364E+02 -1.8406E+02  3.6839E+02
0000065   5.3640E+01 -2.8859E+02  5.3420E+01
0000066   2.6378E+02  1.4406E+02 -4.6565E+01
0000067   1.3526E+02 -4.6270E+01 -5.4626E+01
0000068   2.1070E+02 -8.4893E+01  2.3829E+02
0000069   5.8850E+02 -1.6540E+02  2.6221E+02
0000070   8.0705E+02 -4.4988E+01 -2.1916E+02
0000071   3.9717E+01  5.1777E+02 -9.9393E+01
0000072   3.0661E+02 -5.9627E+01 -2.3530E+01
0000073   5.6510E+02  2.3721E+02 -1.3426E+01
0000074   3.9682E+02  2.6574E+02 -4.1909E+02
0000075   4.9784E+02  3.0831E+02  1.4702E+01
0000076   3.5853E+02 -5.8104E+01 -2.2174E+01
0000077   8.6584E+02 -8.8742E+01 -2.4939E+02
0000078   1.7530E+02 -1.0756E+02 -2.0742E+02
0000079   1.9566E+02 -2.5720E+01  1.3569E+02
0000080   3.8676E+02 -4.2572E+02 -1.3016E+02
0000081   5.7911E+02 -2.9236E+02 -1.7014E+02
0000082   2.5437E+02 -2.7244E+02 -1.8504E+02
0000083   3.6058E+02  1.8347E+02 -1.4769E+02
0000084   4.7448E+02  2.3193E+01  5.3051E+02
0000085   2.0338E+02  1.3204E+02 -1.7989E+02
0000086   4.8303E+02 -4.5509E+02 -7.7834E+01
0000087   3.9532E+02 -2.7276E+01  1.3723E+02
0000088   1.8214E+02  8.2279E+01  2.5225E+02
0000089   5.5531E+02  1.7426E+02 -7.8206E+01
0000090   5.6799E+02  4.7931E+01 -1.8721E+02
0000091   3.2561E+02  1.2183E+02 -9.6001E+01
0000092   6.9485E+02 -1.8969E+02  5.7081E+01
0000093   4.9905E+02  3.9093E+01  1.7196E+02
0000094   3.7430E+02 -1.1061E+02  9.8643E+01
0000095   2.8403E+02  1.7189E+02  1.9226E+02
0000096   6.3609E+02  7.0404E+00  3.7502E+01
0000097   6.7271E+02 -1.7186E+02  2.6922E+02
0000098   2.7597E+02 -4.9290E+00  2.7083E+02
0000099   2.6979E+02 -4.9495E+01  1.7362E+02
0000100   4.7713E+02 -1.1216E+02 -4.8471E+01
0000101   3.5468E+02 -6.7710E+01 -1.3869E+02
0000102   3.0242E+02 -3.9699E+02 -1.5501E+02
0000103   4.3578E+02  1.5043E+02  5.9714E+01
0000104   3.8304E+02 -3.5923E+02  1.6656E+02
0000105   6.8490E+02 -1.0614E+02 -7.2808E+01
0000106   5.4254E+02 -3.4291E+02  1.3577E+02
0000107   1.2171E+02 -3.1437E+02  1.1132E+02
0000108   4.4807E+02  6.2912E+01 -9.7052E+01
0000109   4.0251E+02  1.7333E+02 -4.0012E+02
0000110   4.7949E+02 -3.1245E+02  1.5469E+01
0000112   3.7424E+02 -1.4012E+01 -2.5653E+02
0000113   2.4101E+02 -1.6018E+02  3.9219E+02
0000114   3.2388E+02  4.8036E+02  1.3962E+02
0000115   3.6022E+02  1.5137E+02 -2.8724E+02
0000116   1.9911E+02  9.4148E+01 -2.9951E+02
0000117   3.0800E+02 -9.8171E-01  5.6286E+01
0000118   3.3866E+02  5.1968E+01  2.0117E+02
0000120   6.0903E+02  1.1769E+02  7.9561E+01
0000121   2.7566E+02  9.1065E-02  2.3314E+02
0000122   2.9076E+02 -4.3868E+00 -2.8707E+02
0000123   2.6452E+02 -1.0180E+02 -2.6151E+02
0000124   5.0930E+02 -6.9391E+01  4.1281E+02
0000125   4.2788E+02 -7.1223E+01  4.8709E+01
0000126   3.4803E+02  3.5949E+02 -4.9615E+02
0000127   2.5923E+02 -1.6862E+02  2.4491E+02
0000128   7.3243E+02 -1.3349E+02 -1.1434E+02
0000129   2.3649E+02  3.3513E+02 -3.0126E+02
0000130   3.6513E+02  5.1075E+01 -8.5180E+00
0000131   4.9425E+02 -2.0911E+02  6.2890E+01
0000132   7.4978E+01  1.3970E+02 -1.4864E+01
0000133   6.9027E+02 -1.4639E+01  2.2881E+01
0000134   5.9797E+02  2.1765E+02  1.7704E+02
0000135   2.2214E+01  4.1649E+02  2.6608E+02
0000136   2.7619E+02 -5.8507E+00  7.7918E+01
0000137   5.9229E+02 -1.2233E+02 -1.1892E+02
0000138   3.9718E+02  3.6333E+02 -6.8713E+01
0000139   1.8305E+02 -1.4868E+02 -1.0005E+02
0000140   1.5206E+02  1.5235E+02 -8.0653E+01
0000141   6.9679E+02 -4.1171E+02 -1.9456E+02
0000142   3.0727E+02 -7.4900E+01 -2.5766E+02
0000143   2.8742E+02  1.2426E+02 -5.1287E+01
0000144   4.1706E+02 -9.2901E+01 -1.8486E+02
0000145   6.5150E+02  1.9482E+01  2.7879E+02
0000147   6.5477E+02 -2.1111E+02 -5.3904E+01
0000148   5.7214E+02 -1.7507E+01  8.1356E+01
0000149   2.1057E+02  3.6249E+01 -2.3000E+02
0000150   4.2675E+02 -7.2019E+01 -2.6344E+02
0000151   2.9858E+02 -6.7421E+01 -2.5804E+02
0000152   3.8167E+02  3.2961E+02 -1.7134E+02
0000153   8.3974E+02 -6.9110E+01 -5.9829E+02
0000154   6.3121E+02  5.2281E+02 -9.9493E+01
0000155   5.0468E+02 -2.6347E+02  3.7858E+02
0000157   6.6030E+02 -1.6601E+02 -2.3629E+01
0000158   4.1376E+02  1.4561E+02 -1.7127E+02
0000159   5.7146E+02 -6.1379E+01 -2.6505E+01
0000160   2.0424E+02  1.5311E+02  2.7945E+02
0000161   2.1704E+02 -4.6504E+01  5.7847E-01
0000162   2.9452E+02 -6.1369E+01  2.2512E+01
0000163   4.6439E+02  1.3853E+02  8.4619E+01
0000164   5.5599E+02  1.1809E+02  1.1320E+02
0000166   2.4669E+02  1.4108E+02  5.1437E+01
0000167   7.1857E+02 -3.7810E+02 -2.2049E+02
0000168   3.2158E+02 -5.3916E+01 -2.2578E+02
0000169   5.4112E+02 -1.2648E+02  1.3062E+02
0000170   5.2013E+02  1.6110E+02  2.1020E+02
0000171   1.5644E+02  1.9036E+02  1.7726E+02
0000172   2.4747E+02  2.1171E+02 -6.7057E+01
0000173   1.6967E+02  2.9077E+02  3.4927E+02
0000174   5.5371E+02 -3.9396E+02 -2.0152E+02
0000175   2.0928E+02 -1.6592E+01 -5.1092E+02
0000176   3.8649E+02 -1.4397E+01 -4.4549E+02
0000177   7.6751E+02  7.0258E+01 -8.4573E+01
0000178   2.8993E+02 -3.1238E+01  8.4067E+01
0000179   2.3233E+02  2.7537E+00  1.5092E+02
0000180   5.1038E+02 -2.2049E+02 -3.0399E+01
0000181   2.7823E+02 -1.7508E+02 -1.5268E+02
0000182   1.2526E+02 -4.1117E+02 -1.7693E+01
0000183   3.8480E+02  1.4401E+02 -1.0941E+02
0000184   5.0853E+02  1.9822E+02 -3.2086E+01
0000185   3.7556E+02  2.2053E+02  1.3358E+02
0000186   2.2271E+02 -1.6485E+01 -1.9589E+02
0000188   3.9203E+02 -3.1117E+01  1.5853E+02
0000189   3.8205E+02  1.0798E+02  5.8782E+01
0000190   3.8465E+02  1.4937E+02  8.0644E+01
0000191   2.6485E+02  4.6119E+02  3.3386E+01
0000193   3.6254E+02 -7.7053E+01  7.0030E+01
0000194   1.7530E+02 -8.8279E+01 -6.2015E+01
0000195   3.3747E+02  3.0800E+02  2.2658E+02
0000196   1.2972E+02  2.5558E+02 -1.2561E+02
0000197   5.1992E+02  1.7255E+02  2.3598E+02
0000198   4.7104E+02 -2.5128E+02  1.4228E+02
0000199   3.2171E+02  1.5280E+02 -1.1485E+02
0000200   7.9257E+02  7.6166E+01  1.2145E+02
0000201   6.1086E+02 -2.2676E+02 -2.7551E+02
0000202   5.7017E+02  2.5663E+02  4.1729E+01
0000203   3.9294E+02  2.9567E+01  2.1678E+02
0000204   3.3325E+02  1.8144E+02 -1.8151E+02
0000205   3.6289E+02 -2.9332E+01  1.1584E+02
0000206   3.9360E+02 -4.6733E+02 -6.1632E+01
0000207   5.4290E+02  5.7681E+02  3.5979E+02
0000208   3.0680E+02  3.0404E+02 -1.0529E+02
0000209   6.7938E+02  4.3013E+02  1.2181E+01
0000210   9.6416E+01  1.4874E+02  2.7061E+02
0000211   1.5381E+02 -2.0924E+02  8.8728E+01
0000212   7.8286E+01 -3.0716E+01 -1.4787E+02
0000213   3.7731E+02  1.6989E+02 -3.6152E+02
0000214   2.5287E+02  1.1646E+02 -1.3730E+02
0000215   5.9861E+02  1.6363E+02 -3.7664E+02
0000216   3.4181E+02  8.8281E+01 -1.1190E+02
0000217   6.8408E+02 -3.2366E+02 -1.6870E+02
0000218   3.9827E+02  1.4311E+02  1.8265E+02
0000219   5.5881E+01  2.0026E+00  1.4711E+02
0000220   3.8335E+02 -2.4191E+01  1.4851E+02
0000221   1.0349E+02  3.1874E+02  1.2910E+02
0000223   3.5055E+02  6.5153E+01  1.0352E+02
0000226   4.7328E+02  2.0382E+02 -1.6625E+02
0000227   5.5430E+02 -2.5618E+02  1.0783E+02
0000228   5.6637E+02  1.7226E+02 -2.4878E+02
0000229   3.6829E+02  1.6401E+02 -2.6056E+01
0000230   1.7077E+02 -6.5568E+02  7.3610E+01
0000231   3.1701E+02 -2.6444E+02 -4.3044E+01
0000232   2.6347E+02 -2.5163E+02  1.5059E+02
0000233   6.6637E+02 -1.4602E+02 -8.3135E+00
0000234   2.6802E+02  1.7423E+02 -3.4825E+02
0000235   4.5968E+02 -3.9232E+02 -1.2496E+02
0000236   8.3806E+02  1.2795E+01  5.1969E+02
0000237   3.5969E+02  1.9601E+02 -1.4678E+02
0000238   1.9931E+02  1.2353E+01  2.2678E+02
0000239   1.6379E+02 -1.9427E+02 -5.7985E+01
0000240   4.3902E+02 -4.5837E+01 -4.9570E+01
0000241   5.0430E+02 -2.1285E+01  1.9151E+02
0000242   3.7155E+02  2.5594E+02  4.9104E+02
0000243   3.9172E+02  1.5682E+02 -2.5542E+02
0000244   3.3683E+02 -1.1006E+02 -2.9628E+01
0000245   3.4227E+02 -2.5079E+01 -7.5626E+01
0000246   3.4087E+02  2.1906E+02 -2.2475E+02
0000247   5.3494E+02 -2.8448E+02  1.8846E+01
0000248   3.9602E+02  2.1516E+01  1.1978E+02
0000250   4.4035E+02 -5.6269E+01  1.4216E+02
0000251   3.0370E+02  2.0893E+02  3.8057E+02
0000252   1.8399E+02  4.7277E+02  2.8513E+02
0000253   3.6939E+02 -1.4892E+01  1.4625E+02
0000254   1.6826E+02  3.3147E+02  2.0732E+02
0000255   4.6719E+02  1.1583E+02 -2.0136E+02
0000256   3.3080E+02  2.0260E+01  2.2294E+02
0000257   3.0543E+02 -3.7195E+01 -1.1988E+02
0000258   7.7448E+02 -1.7988E+01  9.5733E+00
0000259   7.0966E+02 -4.3303E+02 -4.0642E+02
0000261   6.3881E+02 -6.3279E+01  2.5224E+02
0000262   3.2353E+02 -5.3623E+00 -2.4369E+02
0000263   2.3410E+02  1.0951E+02  2.5328E+02
0000264   5.5150E+02 -2.7266E+02 -2.2512E+02
0000265   8.0211E+02  1.1998E+02  3.7815E+01
0000266   5.6817E+02  1.5277E+02  3.2906E+02
0000268   1.6388E+02 -1.5515E+02 -1.9553E+02
0000269   2.9721E+02  7.6980E+01 -9.3582E+01
0000270   2.4320E+02  2.6298E+02  1.2310E+01
0000271   5.2010E+02 -9.4828E+01 -3.7428E+02
0000272   5.9582E+02  1.7121E+02 -1.0880E+02
0000273   8.4094E+02 -8.7274E+00 -2.3673E+02
0000274   6.4161E+02  7.5109E+01  1.7391E+01
0000275   1.2037E+02  1.3106E+02 -2.0520E+02
0000276   4.6238E+02  8.2425E+01 -1.5949E+02
0000277   6.3009E+02 -5.0583E+02 -1.4379E+02
0000278   7.4356E+02 -5.2950E+00  3.0837E+02
0000279   3.9471E+02  3.4607E+01  7.7125E+01
0000280   5.2246E+02 -7.7124E+01 -2.4245E+02
0000281   6.3093E+02  5.4155E+02  1.1222E+02
0000282   5.4669E+02 -2.9061E+00  1.2045E+01
0000283   5.1468E+02 -8.6618E+01 -7.4441E+01
0000284   3.3798E+02 -3.0843E+02  1.8442E+02
0000285   8.0413E+02  2.1415E+02 -2.9906E+02
0000286   5.1111E+02  2.0684E+01  5.5958E+00
0000287   2.4150E+02 -1.8298E+02  2.7137E+02
0000288   4.5445E+02  2.3701E+02  3.2558E+02
0000289   7.7617E+02 -2.5346E+02 -1.2371E+02
0000290   5.5291E+02  2.5851E+02 -7.5232E+01
0000291   4.3464E+02 -1.5324E+02  3.9767E+02
0000292   5.8181E+02 -3.2861E+02 -1.1721E+02
0000293   1.9059E+02  2.4591E+02 -1.3834E+02
0000294   2.9917E+02 -2.9123E+02  4.2193E+02
0000295   4.6181E+02 -4.0066E+01  4.1186E+00
0000296   1.2215E+02  7.2208E+01 -1.2946E+02
0000297   2.8520E+02  1.7018E+02  1.1020E+02
0000298   4.3147E+02 -3.8937E+01 -2.7318E+02
0000299   9.6348E+01 -1.8492E+02  6.3933E+01
0000300   4.6112E+02 -2.2101E+01  1.7293E+02
0000301   5.1748E+02  4.7378E+02  2.8738E+01
0000302   3.7552E+02  2.5613E+02  1.3998E+02
0000303   3.6438E+02 -1.3173E+02  2.2689E+02
0000304   5.5616E+02  4.8235E+00  1.8494E+01
0000305   3.2303E+02 -6.0897E+00 -1.6536E+02
0000306   5.6288E+02 -6.1211E+01  5.0083E+01
0000307   4.2681E+02 -3.8862E+02 -1.4963E+02
0000308   5.8627E+02  1.9518E+02  1.9750E+02
0000309   5.1862E+02  8.1377E+01 -1.8841E+02
0000310   3.9298E+02 -1.2595E+02  2.0920E+02
0000311   4.5122E+02 -1.6807E+02  1.0417E+02
0000312   2.8090E+02 -1.5691E+02  2.4882E+02
0000313   1.4174E+02  5.0230E+01  1.7581E+02
0000314   5.6741E+02 -3.1054E+01  1.2181E+02
0000315   4.9201E+02 -1.6326E+02 -1.7712E+02
0000316   5.9091E+02  7.9141E+01 -2.4557E+02
0000317   6.1372E+02 -2.2069E+02  4.5292E+01
0000318   2.8267E+02  2.0458E+01 -4.8899E+02
0000319   2.9845E+02 -6.2257E+01 -1.7407E+02
0000320   1.9744E+02 -7.1009E+00 -2.2994E+02
0000321   2.3826E+02 -1.7686E+02  1.4379E+02
0000322   6.3015E+02 -6.1319E+01  2.6554E+02
0000323   5.0069E+02 -3.2079E+02  6.7786E+01
0000324   4.1939E+02  1.1748E+02 -2.8533E+02
0000325   3.7416E+02 -2.3358E+02 -2.0026E+01
0000326   3.4128E+02  2.2499E+02  1.4216E+02
0000327   1.0904E+02 -1.8444E+02  7.9975E+01
0000328   3.5643E+02 -1.7437E+02 -1.4256E+02
0000329   5.8910E+02  2.1394E+01 -2.2043E+02
0000330   5.0395E+02  2.6073E+02  4.5186E+02
0000331   1.8354E+02  1.1346E+02 -1.3424E+01
0000332   1.6328E+02 -1.5295E+02  1.0749E+02
0000333   5.8863E+02 -1.1003E+02 -2.1795E+02
0000334   5.8237E+02 -4.9940E+01 -2.2330E+02
0000335   7.1177E+02  2.2691E+02  3.2809E+01
0000336   5.2129E+02 -3.2354E+02 -1.3857E+02
0000337   2.1783E+02  1.4074E+02 -1.7960E+02
0000338   3.4051E+02  7.8352E+01 -1.5696E+02
0000339   2.1707E+02  3.9095E+02 -4.8460E+01
0000340   1.2816E+01 -1.1413E+02 -3.2283E+02
0000341   3.7469E+02  2.4208E+02  3.1375E+01
0000342   5.9694E+02 -9.5093E+01 -4.2438E+02
0000343   1.8808E+02 -3.5814E+02 -7.6026E+01
0000344   2.6370E+02  1.8849E+02  4.5709E+01
0000345   6.5791E+02  4.2076E+01 -1.1068E+02
0000346   4.2369E+02  9.5759E+01 -3.8963E+00
0000347   3.6090E+02 -1.5565E+02  1.1476E+02
0000348   2.8519E+02 -9.0854E+01  2.5040E+01
0000349   1.2655E+02 -1.2462E+02 -6.4737E+01
0000350   2.6889E+02 -6.5373E+00  4.0993E+01
0000351   2.3832E+02 -2.6147E+01  2.3294E+02
0000352   2.7225E+02 -2.8694E+02 -8.1507E+01
0000353   3.4970E+02  8.3136E+01 -2.0910E+02
0000354   2.6611E+02  9.9883E+00 -3.1845E+02
0000355   7.5465E+02 -5.6223E+02 -3.1418E+02
0000356   4.4751E+02  5.6429E+02  3.0069E+01
0000357   3.3351E+02  2.4361E+02 -5.3628E+01
0000358   4.9504E+02  3.1092E+02 -4.5202E+02
0000359   1.9840E+02  1.3266E+02 -2.4001E+02
0000360   2.4877E+02  2.2178E+02  1.8829E+01
0000361   3.3756E+02 -7.8414E+01 -1.3494E+01
0000362   5.3548E+02  1.8740E+02  1.5559E+02
0000363   8.2344E+02  7.9412E+01 -1.2565E+02
0000364   7.1581E+02  8.2871E+00 -2.0036E+02
0000365   3.3547E+02  3.2864E+02  1.1479E+02
0000366   4.4206E+02 -1.9495E+02  2.7977E+01
0000367   5.5966E+02  3.5627E+02  3.9244E+02
0000368   9.8645E+02 -9.6347E+01  6.6151E+01
0000369   7.6384E+01 -3.6952E+02 -2.3722E+02
0000370   5.9158E+02  1.1437E+02 -1.7361E+02
0000371   4.6208E+02  1.9821E+01  1.0974E+02
0000372   2.4630E+02 -1.2423E+02  5.2256E+01
0000373   4.8477E+02  2.0565E+02  2.5291E+02
0000374   5.4995E+02 -2.3382E+02  5.8112E+02
0000375   5.0420E+02 -5.2133E+01 -3.9967E+01
0000376   5.3929E+02  3.1349E+00 -1.6002E+02
0000377   3.7292E+02  7.6171E+01 -1.5192E+02
0000378   8.6148E+01 -4.7395E+02  1.0258E+02
0000379   3.7538E+02  9.6970E+01  1.4742E+02
0000380   5.4599E+02 -2.8307E+02  3.7446E+02
0000381   5.5840E+02  2.2923E+02 -6.0974E+01
0000382   5.6030E+02 -9.0553E+01  1.9622E+01
0000383   3.7341E+02  1.2019E+02  3.5750E+02
0000384   4.3851E+02  5.4731E+01  3.0443E+02
0000385   4.5774E+02  9.1073E+01  5.0857E+00
0000386   4.8951E+02 -1.3509E+02  2.9415E+01
0000387   3.4652E+02 -2.2308E+02 -4.2091E+01
0000388   7.5413E+02  1.1969E+02 -9.8789E+01
0000389   2.4615E+02  7.4292E+01  1.3549E+01
0000390   4.0669E+02  1.5367E+01  1.1946E+02
0000391   8.7186E+02  1.1628E+02  2.3357E+02
0000392   7.3431E+02 -5.2641E+02  1.4310E+01
0000393   6.4559E+02 -5.6001E+01 -7.6455E+01
0000394   8.5246E+01  2.0664E+02  6.8106E+00
0000395   5.3762E+02 -9.3351E+01 -3.0796E+02
0000396   3.0780E+02 -4.9386E+02  9.9296E+01
0000397   6.4168E+01 -8.9234E+01 -2.5221E+02
0000398   6.3221E+02 -2.1103E+02 -2.5926E+02
0000399   5.6176E+02 -1.1343E+01 -4.7871E+02
0000400   5.9408E+02 -1.7597E+02  1.8799E+02
0000401   4.0773E+02 -1.0875E+02  5.7225E+01
0000402   5.7433E+02  2.5083E+02  3.1487E+02
0000403   3.0357E+02 -4.7246E+01 -1.3728E+02
0000404   2.8312E+02  1.3776E+02 -9.7395E+01
0000405   3.4145E+02  1.2880E+02  3.9818E+02
0000406   3.0181E+02  1.8173E+02 -1.7129E+02
0000407   3.3974E+02 -1.5861E+02  6.3489E+01
0000408   3.5328E+02  3.2347E+02  2.9063E+01
0000409   3.8544E+02  6.2020E+00  8.3851E+01
0000410   4.6544E+02 -3.4028E+02 -7.9950E+00
0000411   2.1987E+02 -3.1459E+02  1.8693E+02
0000412   5.3027E+02 -2.7298E+02 -1.8582E+02
0000413   5.2728E+02 -1.3348E+02 -9.3207E+01
0000414   1.8551E+02 -8.6775E+01  1.3133E+02
0000415   4.8987E+02 -5.2505E+02  4.0252E+02
0000416   3.8590E+02  5.2562E+01 -1.5750E+01
0000417   1.0313E+02  6.0432E+01 -6.3422E+00
0000418   3.6563E+02 -4.2062E+02 -2.8026E+02
0000419   2.1993E+02  6.3399E+01 -1.5139E+02
0000421   4.9555E+02 -2.7153E+02  8.2599E+01
0000422   2.2983E+02  1.1195E+01  2.9693E+02
0000423   3.9054E+02  1.6475E+02 -2.4269E+01
0000424   3.9725E+02  1.2071E+02  3.1363E+02
0000425   1.3814E+02  1.8050E+02 -8.1260E+00
0000426   4.7896E+02 -1.0837E+02 -5.2345E+02
0000427   6.4918E+02  2.2796E+02  3.8539E+01
0000428   3.7806E+02 -8.7039E+01  8.0586E+01
0000429   2.4614E+02 -1.2074E+01 -6.1506E+02
0000430   5.6393E+02 -7.3631E+01 -2.7796E+02
0000431   6.9047E+02  3.7665E+02 -2.0611E+02
0000433   1.7073E+02 -2.6005E+02  6.0827E+01
0000435   4.0445E+02  5.5929E+02 -1.3064E+02
0000436   4.9343E+02  5.2046E+02 -1.4833E+02
0000437   5.9524E+02  1.1551E+02  1.9021E+01
0000438   7.2148E+01 -2.2411E+02 -7.4145E+01
0000439   5.5689E+02  6.7786E+01  3.4144E+02
0000440   2.8486E+02  4.9418E+01 -3.8429E+02
0000441   4.5049E+02 -1.5072E+02 -3.7390E+02
0000442   3.3165E+02 -9.2710E+01  2.0592E+01
0000443   3.9399E+02  1.7103E+02  4.8051E+01
0000444   2.6514E+02  4.1730E+02  2.2504E+02
0000445   3.2676E+02  1.8099E+02 -1.3863E+02
0000446   6.2238E+02  3.7832E+02  1.5589E+02
0000447   4.6398E+02  4.4606E+02  3.9931E+02
0000448   3.8312E+02 -5.4529E+01  5.4534E+02
0000449   1.8625E+02 -1.3730E+02 -2.4434E+02
0000450   8.5140E+02  3.6003E+02  5.3581E+01
0000451   4.6220E+02  3.5561E+02 -1.3758E+02
0000452   3.2018E+02 -1.0125E+02  1.9918E+02
0000453   5.3134E+02  3.0584E+02  1.3047E+02
0000454   1.0107E+02  1.3840E+02 -4.4152E+02
0000455   3.9411E+02 -1.3676E+02  2.9723E+02
0000456   5.6809E+02 -2.3348E+02 -2.5112E+02
0000457   5.7650E+02 -4.3645E+02  2.5772E+02
0000458   4.3228E+02  1.5348E+02 -1.9331E+02
0000459   4.1736E+02  6.2579E+01  6.4557E+01
0000460   2.9405E+02 -5.0704E+01  1.5624E+02
0000461   5.7907E+02 -2.4047E+02  1.0545E+02
0000462   4.6004E+02  3.0035E+02  2.7448E+02
0000463   5.7771E+02 -9.6384E+01  2.3760E+01
0000464   7.0363E+02  6.1339E+01 -2.4731E+02
0000465   9.6189E+01  9.2166E+01 -3.7159E+01
0000466   4.2059E+02 -2.5721E+02  3.2207E+01
0000467   4.0048E+02 -1.8955E+02  2.8327E+02
0000468   2.5349E+02  9.6129E+01 -2.3087E+02
0000469   6.7386E+02 -9.7865E+01  1.7879E+02
0000470   4.2992E+02  3.1685E+02  5.6529E+01
0000471   2.9417E+02  6.3411E+01  9.3937E+01
0000472   6.3259E+02  2.0047E+02 -1.3766E+02
0000473   2.5932E+02 -1.5982E+02  3.1813E+02
0000475   3.4862E+02  1.2137E+02 -1.0707E+02
0000476   5.5085E+02  2.9599E+02  1.8931E+02
0000477   2.3321E+02 -5.3456E+01 -1.7650E+01
0000478   3.4266E+02  1.2942E+02 -3.3048E+02
0000479   5.2724E+02 -8.4765E+01  1.3165E+02
0000480   8.1226E+01  4.2798E+02 -4.9416E+01
0000482   4.5457E+02  2.1937E+02  7.5224E+02
0000483   3.3728E+02 -1.4035E+02 -2.4559E+02
0000484   2.1935E+02  8.6218E+01  2.2902E+02
0000485   4.7614E+02  4.3932E+02 -4.5302E+01
0000486   2.8591E+02 -3.0994E+01  7.9696E+01
0000487   2.3924E+02 -8.3776E+01 -2.4838E+02
0000488   5.3865E+02  3.3017E+01  8.1231E+01
0000489   4.2757E+02 -2.3404E+02  8.9608E+00
0000490   1.1185E+02  6.0686E+02  1.9914E+02
0000491   4.1764E+02  1.6563E+02  1.0999E+02
0000492   9.5394E+02 -8.0728E+00  2.1403E+02
0000493   7.0261E+02 -5.4830E+01 -3.8148E+02
0000494   3.9919E+02 -2.7926E+02  3.8237E+02
0000495   5.7293E+02 -1.8768E+02 -3.2057E+02
0000496   8.0145E+02 -3.8575E+02 -1.2332E+02
0000497   3.4160E+01  2.2901E+02  4.2543E+01
0000498   3.3577E+02  4.2138E+01 -3.2490E+02
0000499   4.8841E+02 -8.8044E+01  3.7428E+02
0000500   4.1849E+02 -2.7141E+01 -2.1208E+02
0000501   2.7819E+02 -1.6960E+02  1.4502E+02
0000502   3.8525E+02 -2.2098E+02  1.6507E+02
0000503   8.9748E+02 -5.8993E+01 -1.7343E+02
0000504   3.4108E+02  2.2796E+02 -5.2573E+02
0000507   1.9335E+02  1.7962E+02  7.8729E+01
0000508   2.3923E+02 -1.7968E+02  1.0943E+02
0000510   2.4665E+02 -2.2180E+02  1.0393E+01
0000511   5.1218E+02  9.9416E+00 -4.4187E+02
0000512   1.8639E+02 -6.1501E+01  1.1872E+02
0000513   1.2188E+02 -8.5569E+01 -7.4750E+00
0000514   4.6939E+02 -1.0683E+02 -2.6682E+02
0000516   3.2622E+02  1.0317E+02 -7.5229E+01
0000517   7.3827E+02 -5.0014E+02  2.5181E+02
0000518   7.4093E+02 -1.0203E+02 -3.5544E+02
0000519   3.2104E+02  1.0299E+02 -1.0703E+02
0000520   4.4001E+02 -1.6578E+02 -5.1794E+01
0000522   2.5269E+02  1.0491E+01  3.7772E+01
0000523   3.2048E+02  4.3351E+01  4.3632E+01
0000524   6.9355E+02 -4.6596E+02 -2.0353E+02
0000525   1.3514E+02  2.3845E+02  2.4336E+02
0000526   3.4859E+02 -5.1876E+02  9.3017E+01
0000527   1.7385E+01 -3.0790E+02  5.2563E+01
0000528   4.2497E+02 -2.6111E+02 -1.2184E+02
0000529   4.2540E+02  1.4245E+02 -1.8905E+02
0000530   2.0311E+02 -1.2870E+01  1.4834E+02
0000531   5.6639E+02 -4.2061E+02 -7.8016E+00
0000532   2.8840E+02  6.8391E+01  2.3103E+02
0000533   5.0498E+02  2.4905E+02  1.2102E+01
0000534   5.4780E+02  1.4327E+02  1.5792E+02
0000535   3.0839E+02 -4.3416E+01 -2.6433E+02
0000536   5.3847E+02  1.3539E+02 -1.9745E+02
0000537   5.1776E+02 -1.4163E+02 -1.3856E+02
0000538   3.6459E+02 -2.4720E+02  1.8476E+02
0000539   4.7587E+02  1.0136E+02  1.3048E+02
0000540   6.8263E+01  6.3308E+02 -4.0435E+01
0000541   2.0770E+02  1.5402E+02 -2.5174E+02
0000542   3.6526E+02  2.3639E+01 -1.1807E+01
0000543   5.2520E+02 -8.4653E+01  2.0756E+02
0000544   1.3436E+02  1.1493E+01  2.1880E+02
0000545   2.8884E+02 -1.7709E+02 -1.2003E+02
0000546   6.2357E+02 -1.3880E+02  1.7165E+02
0000547   3.6421E+02 -1.4479E+02 -1.8629E+02
0000548   6.6591E+02  6.5646E+02  3.7022E+02
0000549   4.1114E+02 -7.3911E+01 -3.1596E+01
0000550   9.7633E+02  2.0919E+02  4.4072E+02
0000551   3.5606E+02  4.0817E+01 -2.6289E+02
0000552   4.8094E+02  7.2882E+02  6.3550E+01
0000553   7.9587E+02 -3.5010E+02 -1.1079E+02
0000554   2.4851E+02  3.3396E+02 -1.8760E+02
0000555   9.8799E+01 -9.4402E+01 -1.9496E+02
0000556   5.2689E+02  2.4508E+01  3.5814E+02
0000557   3.0787E+02 -2.1115E+02  4.5334E+01
0000558   9.4476E+01  6.6622E+01 -1.6457E+01
0000559   5.8976E+02  2.7800E+02  3.1435E+01
0000560   3.0778E+02 -1.2307E+02  1.1184E+02
0000561   4.8602E+02  2.7916E+02  3.5683E+01
0000562   4.6064E+02 -1.3005E+02  1.3889E+02
0000563   5.7752E+02  8.3209E+01  2.4063E+02
0000564   5.3740E+02  1.9447E+00  6.9089E+01
0000565   4.2533E+02 -2.7362E+02 -2.8515E+02
0000566   6.2095E+02 -1.8737E+02  2.6738E+02
0000567   4.7061E+02  1.0636E+02  1.9538E+02
0000568   2.4109E+02 -4.8965E+02 -1.9030E+02
0000569   5.8927E+02 -5.5263E+01  8.1183E+01
0000570   4.8654E+02  3.9679E+02 -2.5791E+02
0000571   1.1157E+02 -5.4682E+00  2.8831E+02
0000572   1.6611E+02  1.8031E+01  9.0056E+01
0000573   6.4632E+02 -3.5979E+01  3.6440E+02
0000574   7.0137E+02 -2.0715E+02  4.9931E+01
0000575   5.0453E+02 -1.3062E+01 -1.6349E+02
0000576   4.3728E+02 -1.7353E+02  5.0518E+02
0000577   5.8036E+02 -2.1193E+01  1.0685E+01
0000578   5.9329E+02  2.7775E+02  2.5425E+02
0000579   3.0881E+02 -2.5299E+02 -2.7886E+02
0000580   2.1804E+02  5.4683E+02  2.1027E+02
0000581   1.0744E+02  1.6415E+02  4.3330E+02
0000582   5.3037E+02  9.5320E+01  9.4476E+01
0000583   2.8200E+02 -4.3466E+02 -4.5939E+01
0000584   1.5817E+02 -1.5096E+02  1.6108E+02
0000586   3.9430E+02  1.2864E+02 -1.9276E+02
0000587   2.6248E+02 -1.2610E+02  1.8593E+02
0000588   2.0403E+02 -1.3027E+02  3.1341E+02
0000589   1.1860E+02 -1.8294E+02  2.1615E+02
0000590   1.2198E+02  1.0066E+02  3.4589E+02
0000591   5.7955E+02 -1.0082E+02 -7.7414E+01
0000592   4.3313E+02  3.5384E+01 -6.7757E+01
0000593   6.0607E+02  3.6799E+02 -1.8083E+02
0000594   5.6929E+02  1.8480E+02 -1.9325E+02
0000595   5.4542E+02 -2.1499E+02 -2.1255E+02
0000596   4.5369E+02 -3.2188E+02  1.5575E+02
0000597   2.9557E+02 -2.9174E+01  2.9899E+02
0000598   3.9051E+02  8.8557E+01 -3.4933E+02
0000599   5.5855E+02  1.3669E+02  1.4043E+02
0000600   2.8963E+02 -2.3395E+01 -1.1929E+02
0000601   4.3205E+02 -6.9274E+01  3.2570E+02
0000602   1.0615E+02  5.4169E+00  1.6379E+01
0000603   5.9492E+02 -7.7613E+01  1.7381E+02
0000604   1.1807E+02  1.5281E+02 -2.3148E+02
0000605   4.6704E+02 -1.0719E+02  7.4030E+01
0000606   5.4179E+02  2.1836E+02  1.3400E+02
0000608   3.4176E+02  3.1206E+02 -1.6095E+01
0000609   4.0782E+02  8.4271E+01  9.6741E+01
0000610   4.0443E+02 -1.0726E+02 -3.4350E+02
0000611   8.4468E+01  2.0539E+02  2.7815E+02
0000612   3.5690E+02  2.8144E+02  1.4687E+02
0000613   5.8258E+02  5.0533E+02 -1.1281E+02
0000614   5.1378E+02  1.1275E+02 -1.0225E+02
0000615   6.0003E+02 -1.2542E+02 -3.5963E+02
0000616   2.3296E+02 -4.2917E+01  1.8880E+02
0000617   4.6815E+02  1.3412E+02 -3.7728E+02
0000618   8.0323E+02 -3.3209E+01  2.8291E+02
0000620   7.1417E+02  9.2104E+01  2.3194E+01
0000621   4.9134E+02 -6.6478E+01  1.7687E+02
0000622   5.0153E+02 -3.9393E+01 -2.1563E+00
0000623   3.7657E+02 -2.8391E+02  1.6197E+01
0000624   3.3103E+02  1.8123E+02  6.9948E+00
0000625   5.1584E+02 -2.5548E+02  4.5748E+01
0000626   6.2890E+02 -2.8616E+02 -1.0969E+02
0000627   7.0196E+02 -7.2096E-01  2.2272E+02
0000628   3.3916E+02  2.9344E+02  1.1868E+02
0000629   6.3016E+02  1.1113E+02 -3.9514E+02
0000630   2.0322E+02 -6.8673E+01 -8.7934E+01
0000631   6.1135E+02  2.5718E+02  4.6624E+01
0000632   1.7617E+02  1.2158E+02 -1.9005E+01
0000633   5.2817E+02 -3.4720E+01  1.6518E+02
0000634   4.5676E+02 -1.1258E+02 -3.5148E+01
0000635   9.7031E+01 -9.0493E-01 -4.4833E+02
0000636   4.2362E+02  1.2409E+02  1.2085E+02
0000637   2.0329E+02 -3.5948E+02  1.9882E+01
0000638   4.9809E+02  4.0223E+02 -2.2829E+02
0000640   1.4304E+02  4.4721E+02  2.0091E+02
0000641   5.5317E+02 -1.1610E+02 -5.2444E+01
0000643   5.5713E+02 -1.1778E+02 -6.8872E+01
0000644   3.6197E+02  1.3567E+02 -2.2678E+02
0000645   4.7015E+02 -7.3895E+01 -5.4724E+01
0000646   5.2936E+02  2.8352E+01 -2.9328E+02
0000647   4.6875E+02 -3.9642E+02  3.8709E+02
0000648   6.8573E+02  2.2580E+02  2.6331E+02
0000649   4.3601E+02  6.0268E+02  1.4602E+02
0000650   4.8417E+02  2.6663E+02  4.7982E+02
0000652   4.8080E+02 -4.2238E+01  1.6251E+02
0000654   2.1525E+02  3.3275E+01  2.3628E+02
0000655   4.1668E+02  2.5148E+02 -2.2032E+01
0000656   2.0586E+02 -7.1246E+00 -1.2044E+01
0000657   4.3390E+01  5.1897E+02  2.6746E+01
0000658   7.9239E+02 -2.8513E+02  1.0990E+02
0000659   4.0712E+02  2.4613E+02  2.7944E+02
0000660   8.4663E+02 -1.0937E+02 -4.6042E+02
0000661   4.5974E+02 -5.2664E+02 -2.7273E+02
0000662   6.7187E+02  1.3384E+01 -1.1922E+02
0000663   4.2910E+02 -3.3593E+02 -4.1595E+02
0000664   2.6555E+02 -3.4345E+02  1.6287E+02
0000665   2.8667E+02 -1.0004E+02 -1.6485E+02
0000667   6.8034E+02  8.0505E+01 -7.4320E+01
0000668   5.2431E+02  2.9921E+01  7.0751E+01
0000669   3.7440E+02 -4.7553E+01  3.2156E+02
0000670   1.0412E+02  2.2654E+02  4.6708E+01
0000671   6.2573E+01 -4.4710E+01 -2.1579E+01
0000672   3.2186E+02 -3.6643E+02  1.0921E+02
0000673   5.2366E+02 -6.2996E+01  1.9904E+02
0000674   5.8011E+02  9.0878E+01 -6.1087E+01
0000675   2.4935E+02  5.7486E+01  9.2408E+01
0000676   3.9985E+02 -1.0366E+02  7.9292E+01
0000677   1.8762E+02 -1.2874E+02 -3.3283E+02
0000678   1.5710E+02  1.7565E+02 -9.2344E+01
0000680   3.1757E+02  1.6342E+01  2.0446E+02
0000681   7.3541E+02  6.8245E+01 -2.9386E+02
0000682   2.5390E+02  2.9630E+02  3.2044E+02
0000683   5.8195E+02  2.3131E+02  3.9938E+01
0000684   4.4394E+02 -9.6243E+01  6.1392E+01
0000685   5.5972E+00  7.8535E+01 -7.1398E+01
0000686   6.6035E+02 -1.2377E+02  8.5859E+00
0000687   4.8570E+02  2.2481E+02 -1.2656E+02
0000688   2.6219E+02  4.9528E+02 -5.0820E+02
0000689   1.9718E+02  2.0789E+02  1.9736E+02
0000690   8.6054E+02  2.1906E+02 -1.5163E+02
0000691   6.8075E+02 -1.7860E+01 -1.4349E+02
0000692   3.0946E+02 -8.6577E+00 -1.4102E+01
0000693   7.9661E+02 -9.9840E+01  2.1307E+02
0000694   7.3372E+02 -2.5566E+00  2.9930E+02
0000695   7.0179E+02  4.0871E+01  4.9444E+01
0000696   7.7537E+02  3.6218E+02  2.6972E+02
0000697   5.9871E+02  2.0167E+02  3.4398E+02
0000698   6.4728E+02 -2.0310E+02 -1.5470E+02
0000699   1.6837E+02  1.3546E+02  2.1540E+02
0000700   1.5126E+02 -9.0008E+01 -1.7794E+02
0000701   8.1235E+02 -3.5633E+02  7.6112E+01
0000702   2.7694E+02 -1.6144E+01  1.3918E+01
0000703   4.1047E+02 -8.7107E+01  2.5036E+02
0000704   6.7800E+01  1.4181E+02 -2.0116E+02
0000705   4.8972E+02  1.1550E+02  2.3326E+02
0000706   2.2370E+02 -4.3007E+02  3.5683E+01
0000707   5.4720E+02  3.9521E+02 -1.2475E+02
0000708   5.4466E+02  3.0367E+02  4.4638E+01
0000709   3.6785E+02  1.7379E+02 -1.6901E+02
0000710   2.8757E+02  3.1227E+01  7.2801E+01
0000711   1.9743E+02  1.1916E+02  1.6327E+02
0000713   6.6925E+02  9.7788E+01 -1.1901E+02
0000714   4.2290E+02 -1.0323E+01 -1.2642E+02
0000715   4.5448E+02 -3.1742E+02 -3.5898E+02
0000716   2.0282E+02  9.2864E+01  7.7298E+01
0000717   5.7678E+02  4.7532E+01  2.0199E+01
0000718   4.0242E+02 -5.4402E+02 -2.0739E+02
0000719   3.7383E+02 -2.3684E+02  3.3434E+02
0000720   6.2024E+02  5.0009E+00  1.7057E+01
0000721   4.2108E+02  1.3932E+02 -3.8650E+02
0000722   3.0193E+02 -2.2900E+02 -7.6181E+01
0000723   4.2623E+02  1.8797E+02  9.9848E+01
0000724   5.7796E+02 -1.2463E+02 -2.8336E+02
0000725   5.3751E+02 -2.2048E+02 -3.8932E+02
0000726   7.8165E+01 -6.1838E+02 -5.9285E+01
0000727   4.4758E+02  4.0553E+02  3.8512E+02
0000729   2.8372E+02 -4.1763E+02 -3.6621E+02
0000730   3.9795E+02  2.7729E+02  2.8421E+02
0000731   5.5160E+02  4.0505E+02 -2.0546E+02
0000732   2.8984E+02 -5.6608E+02  3.0554E+02
0000733   6.1755E+02 -1.4122E+02  3.1663E+02
0000734   3.0853E+01  1.4657E+02  4.9809E+01
0000735   6.4618E+02 -1.8139E+02 -3.3575E+02
0000736   2.2592E+02 -7.7083E+01 -3.4299E+02
0000737   2.8402E+02 -1.0291E+02 -7.4441E+00
0000738   8.9004E+01  1.8229E+02 -7.2015E+00
0000739   3.1500E+02 -7.7504E+01 -3.5121E+01
0000740   4.7026E+02 -1.3730E+02 -3.0827E+01
0000741   6.3075E+02 -2.3653E+02  3.5941E+02
0000742   6.4557E+02 -1.3424E+01 -3.6690E+01
0000744   5.7520E+02  1.8217E+02  2.4683E+02
0000745   4.8481E+02 -1.3367E+02 -2.6472E+01
0000746   5.2958E+02  3.4235E+02 -1.5218E+02
0000747   1.7167E+02  4.6339E+00 -8.1115E+01
0000748   5.7860E+02 -1.1263E+02 -1.1061E+02
0000749   5.5256E+02  4.4228E+00 -7.1939E+01
0000750   6.7624E+02 -1.5685E+02  9.8510E+01
0000751   2.7789E+01 -5.9102E+01  9.1502E+01
0000752   4.6248E+02  2.2695E+01  1.6244E+02
0000753   1.5751E+02  9.4548E+01  1.2504E+01
0000754   4.4914E+02 -5.4890E+01  6.3378E+01
0000755   3.3429E+02 -1.7359E+02  6.9784E+01
0000757   1.1507E+02  1.3650E+02  2.8895E+02
0000758   4.4621E+02  2.8040E+02 -1.5762E+01
0000760   3.7741E+02  5.5777E+01  3.3796E+01
0000761   2.4150E+02 -1.1613E+02 -3.9769E+01
0000762   2.1222E+02 -2.5056E+02 -1.8484E+02
0000763   5.5682E+02 -1.0779E+01 -6.6294E+01
0000764   5.2241E+02 -1.5485E+02  1.4226E+02
0000765   3.8323E+02 -2.4908E+01  2.0115E+02
0000766   5.1145E+02  1.6270E+02 -3.0264E+02
0000767   3.4974E+02  2.0592E+02 -7.0273E+01
0000768   6.2804E+02 -1.5092E+01  1.4208E+02
0000769   2.9855E+02 -2.0339E+01  1.4947E+02
0000770   3.1043E+02 -4.9311E+01  4.6739E+02
0000771   6.8658E+02 -1.5407E+02 -4.3389E+01
0000772   2.3450E+02 -3.3372E+02 -2.4862E+02
0000773   3.6294E+02 -1.2982E+02 -1.8486E+02
0000774   1.3486E+02  2.3214E+02  6.9879E+01
0000775   4.6053E+02 -4.8694E+01  1.9010E+02
0000776   6.0741E+02 -5.4283E+01  7.9967E+01
0000777   6.8073E+02  2.8485E+02 -1.3842E+02
0000778   5.3142E+02  2.0268E+02 -1.5723E+02
0000779   2.7450E+02 -6.0565E+01 -1.5671E+02
0000780   1.2624E+01 -1.1974E+02  5.7717E+01
0000781   4.9886E+02  8.9738E+01 -4.7316E+02
0000782   2.0865E+02 -7.1282E+00  4.1937E+02
0000783   6.6792E+02  2.6190E+02 -2.8872E+02
0000784   4.8102E+02  1.7008E+02  1.0246E+02
0000785   1.8765E+02 -1.7714E+02  1.5563E+02
0000786   5.7933E+02 -1.7629E+02  3.7145E+02
0000787   1.6568E+02 -3.2984E+01  4.0564E+00
0000788   8.1705E+02 -4.6840E+01 -2.1202E+02
0000789   3.6827E+02  1.2864E+01  2.3930E+02
0000791   3.2122E+02 -1.2170E+02  3.6484E+02
0000792   3.6363E+02  1.6253E+01 -8.3063E+01
0000793   3.3466E+02  2.7381E+02  1.2362E+02
0000794   3.7445E+02 -2.9563E+02  1.6357E+02
0000795   5.9584E+02  8.0082E+01 -1.6467E+02
0000796   6.2076E+02 -1.1651E+02 -1.7222E+02
0000797   4.1345E+02 -9.0328E+01  2.1046E+01
0000798   2.6087E+02  2.3366E+02  2.1449E+02
0000800   3.5909E+02  2.7432E+01 -3.6950E+02
0000801   2.3898E+02  2.7538E+02 -1.7818E+02
0000802   3.0910E+02  1.8002E+02 -9.8847E+01
0000803   7.5147E+02  3.8354E+02 -2.3876E+01
0000804   5.1438E+02  8.4626E+01 -9.2608E+01
0000805   2.7131E+02 -2.8108E+02 -7.9459E+01
0000806   4.9260E+02  5.0222E+01  1.2032E+02
0000807   5.1529E+02 -9.0246E+01  3.4687E+02
0000808   3.3504E+02 -3.8159E+01 -2.8932E+01
0000809   6.9312E+02 -2.1742E+02 -2.6882E+02
0000810   4.3273E+02 -6.7925E+01  1.7448E+01
0000812   2.1759E+02  4.0160E+02  1.3872E+02
0000813   4.6052E+02  1.4143E+02 -1.1215E+02
0000814   2.4677E+02 -2.2632E+02 -2.8435E+02
0000815   2.5314E+02  1.5034E+02  4.0596E+02
0000816   4.1559E+02  1.4361E+02  3.1957E+02
0000817   1.9709E+02  4.9444E+01 -1.5689E+02
0000818   5.9661E+02 -2.2196E+02  1.1946E+02
0000819   4.7774E+02 -1.9100E+01  1.8170E+02
0000820   1.6173E+02  2.9267E+02 -3.1575E+01
0000822   8.4789E+02 -5.5047E+01  1.4253E+02
0000823   1.9483E+02 -3.1325E+01  5.3318E+01
0000824   1.2223E+02 -3.0909E+01  3.2229E+02
0000825   5.1414E+02 -2.9171E+02  1.0254E+02
0000828   7.1729E+02  1.4631E+02  2.0939E+02
0000829   5.8784E+02  2.5416E+02  3.9023E+02
0000830   9.2609E+02 -3.1632E+01  1.1897E+02
0000831   4.0136E+02  5.5259E+01  4.2586E+02
0000832   5.6539E+02 -4.3234E+02 -1.8194E+02
0000833   7.2616E+02 -1.0417E+02  1.4546E+02
0000834   2.7052E+02 -4.4238E+02 -5.3589E+01
0000835   6.8936E+02 -4.4573E+02  1.5148E+02
0000836   8.1146E+02  1.3048E+02  7.3982E+00
0000837   4.1617E+02 -9.8321E+01 -1.3655E+02
0000838   6.9646E+02 -2.9245E+02  1.5475E+02
0000839   2.7684E+02 -4.6534E+02 -1.7482E+02
0000840   3.3911E+02 -1.6668E+01 -2.4531E+02
0000841   6.5424E+02 -3.3629E+02 -7.8589E+01
0000842   6.5539E+02 -1.4561E+02  1.1047E+02
0000843   3.5342E+02  1.5679E+02 -8.1679E+01
0000844   2.6825E+02 -3.4347E+01  1.4099E+02
0000845   4.5127E+02  5.8935E+01 -9.8888E+01
0000846   4.3846E+02 -7.0210E+01  1.0524E+02
0000847   3.6875E+01 -9.1420E+01 -5.6868E+00
0000848   5.8914E+02  3.8166E+02  1.0587E+02
0000849   5.4635E+02 -9.2895E+01  4.8261E+02
0000850   2.7094E+02 -3.2282E+02  6.6927E+01
0000851   6.2429E+02  3.2733E+02  1.3367E+02
0000852   3.1544E+02 -4.7583E+01 -3.5897E+01
0000853   7.2491E+02 -1.3374E+02 -2.6883E+02
0000854   6.4092E+02 -3.6345E+01  2.7305E+02
0000855   6.8998E+02  2.2953E+02 -1.9807E+02
0000856   4.3814E+02 -2.3547E+02 -9.4551E+01
0000857   3.0004E+02 -1.8767E+00 -1.9836E+01
0000858   5.6892E+02  2.1296E+02 -2.4554E+02
0000859   5.0283E+02 -4.4012E+02  3.6311E+01
0000860   2.5123E+02 -2.0812E+02 -1.2683E+02
0000861   2.4369E+02 -1.9265E+02 -7.8402E+01
0000862   3.7099E+02  5.1560E+01 -1.2369E+01
0000863   1.2133E+02 -6.6246E+01  1.6509E+01
0000864   5.4010E+02  6.1873E+01 -4.5721E+00
0000865   2.0367E+02 -8.1912E+01  4.4264E+02
0000866   2.8965E+02  1.7379E+02  4.4575E+02
0000867   6.3483E+02  5.2530E+02 -1.6358E+02
0000868   1.6263E+02 -2.8804E+02 -9.6023E+01
0000869   5.1458E+02  2.2345E+02 -1.8726E+01
0000870   5.9699E+02 -4.0666E+02  2.8935E+02
0000871   4.4584E+01  2.9479E+02 -2.3843E+02
0000872   1.9069E+02  4.2167E+01 -2.8403E+02
0000874   3.6410E+01 -9.2329E+01 -1.0318E+01
0000875   2.5209E+01 -9.7636E+01  5.0055E+00
0000876   6.7499E+02  2.3889E+02 -4.7953E+01
0000877   3.1328E+02 -3.5348E+02 -1.9138E+02
0000878   1.2059E+02  8.7196E+00  7.2114E+01
0000879   2.7837E+02 -1.4883E+01 -1.9794E+02
0000880   2.1058E+02  3.1380E+02 -1.2454E+02
0000881   3.2979E+02 -7.5798E+01 -3.1393E+02
0000882   3.1719E+02  1.1568E+02  3.8359E+02
0000883   4.7016E+02  9.8455E+00  1.0180E+02
0000884   7.6371E+02 -2.2119E+02 -1.6500E+02
0000885   3.6829E+02 -9.2123E+01 -3.4840E+01
0000886   1.6531E+02  1.1890E+02 -3.1100E+02
0000887   3.6312E+02 -7.1214E+01 -2.8125E+02
0000888   6.8790E+02 -2.2481E+02  2.3015E+02
0000889   6.9147E+02  4.9723E+01 -1.4069E+02
0000890   3.6091E+01 -3.8451E+02 -2.3100E+02
0000891   1.8574E+02 -1.5573E+01  8.9843E+00
0000892   5.7843E+02  2.9050E+02  5.9901E+01
0000893   2.8790E+02  1.7851E+02  8.4995E+01
0000894   4.0506E+02  3.3685E+02  1.4684E+02
0000896   3.7229E+02  1.3839E+02  2.1554E+02
0000897   1.6398E+02  6.2194E+01  2.5830E+01
0000899   1.0299E+02  1.1739E+02  1.3499E+02
0000900   3.2292E+02 -1.7514E+02 -1.2880E+02
0000901   4.1499E+02 -1.9208E+02  5.8909E+01
0000902   6.3361E+02  7.1742E+02  3.5914E+01
0000903   6.5077E+02 -4.1464E+01  2.0495E+02
0000904   3.8475E+02  5.4745E+01 -2.6234E+02
0000905   2.3903E+02 -9.3305E+01  1.3514E+02
0000906   4.4107E+02 -1.0103E+01 -1.4971E+02
0000907   2.9745E+02 -1.4603E+01 -3.2061E+02
0000908   5.2485E+02  2.5565E+02  1.1631E+02
0000909   3.1683E+02  2.4408E+02  1.4512E+02
0000910   4.5757E+02  9.8344E+01  5.5560E+00
0000911   4.9394E+02 -1.2613E+02  7.4674E+01
0000912   6.1259E+02  2.5420E+02  1.6478E+01
0000913   3.5545E+02 -6.8902E+01 -8.9330E+01
0000914   3.9924E+02 -1.0151E+02  1.2503E+02
0000915   4.1775E+02  2.4086E+02  1.8888E+02
0000916   2.5115E+02  3.0690E+02 -2.5685E+02
0000918   4.7036E+02 -6.1694E+01  1.5944E+00
0000919   5.1916E+02  5.1572E+01 -2.5087E+02
0000920   2.4213E+02  4.3834E+02 -5.6836E+02
0000921   6.4268E+02  5.4114E+01  1.1634E+02
0000922   2.8652E+02 -2.7853E+02 -1.1102E+02
0000923   6.0755E+02 -1.3003E+02 -7.0499E+01
0000924   4.3781E+02 -3.4691E+02  5.4451E+02
0000926   1.8277E+02  5.9126E+01 -2.2566E+01
0000927   6.2837E+01  4.0515E+02 -1.6789E+02
0000928   2.3148E+02  2.7196E+02 -9.9116E+01
0000929   4.4950E+02 -3.7997E+01 -3.5557E+02
0000930   1.5936E+02 -2.2855E+01  1.2568E+02
0000931   6.2344E+02 -2.3272E+02 -3.4697E+02
0000932   3.5047E+02  1.9729E+02  3.0459E+01
0000933   8.0149E+02  1.1562E+02  4.8171E+01
0000934   4.3276E+02 -2.4287E+02  3.0468E+02
0000936   3.6966E+02 -2.7992E+02  3.4848E+02
0000937   1.7023E+02  1.4398E+02 -3.7631E+02
0000938   6.6660E+02  2.6632E+01  9.4418E+01
0000939   2.8109E+02  3.0790E+02 -3.7806E+02
0000940   3.8403E+02 -8.4437E+01  2.3460E+01
0000941   2.4591E+02 -1.8513E+02  3.6981E+02
0000942   4.5020E+02  3.8273E+01 -1.3659E+02
0000943   3.6545E+02 -4.9130E+02  3.0219E+02
0000944   5.2695E+02  6.4625E+01 -1.9843E+02
0000945   7.5270E+02  8.1956E+01  5.4766E+01
0000946   3.5430E+02  2.6150E+02  9.2738E+01
0000947   4.4239E+02 -5.5770E+01  4.8246E+02
0000948   6.7264E+02  1.9470E+02  5.1318E+01
0000949   6.8748E+01  1.8078E+02  1.1442E+02
0000950   3.4628E+02  2.0520E+02  2.2702E+02
0000952   1.9770E+02  2.6479E+01 -3.6053E+02
0000953   4.0082E+02  1.3787E+02 -3.4890E+02
0000954   4.8924E+02  5.4452E+02 -8.2694E+01
0000955   3.2845E+02 -1.4638E+02 -1.2367E+02
0000956   3.0416E+02 -8.1715E+01  1.0571E+02
0000957   7.8793E+02  1.1076E+02 -4.6957E+01
0000959   7.3092E+02 -1.3017E+01 -8.6181E+00
0000960   3.9041E+02  1.4909E+02 -1.8088E+02
0000961   4.7787E+02  1.6659E+02  2.0123E+02
0000962   7.0504E+02  2.9974E+02  5.5008E+01
0000963   4.4526E+02 -1.9904E+02  2.4812E+02
0000964   1.9920E+02  1.3113E+02 -1.9849E+02
0000965   1.2111E+02 -1.3525E+02 -2.9565E+01
0000966   4.5165E+02  3.5031E+02  6.9641E+01
0000967   7.4516E+02 -1.6667E+02 -2.9398E+02
0000968   5.0441E+02 -2.2037E+02  8.8232E+01
0000969   2.5585E+02 -2.8925E+02 -2.0014E+01
0000970   6.4162E+02 -9.1372E+01 -3.5376E+02
0000971   2.8299E+02 -2.2442E+02 -7.0694E+01
0000973   4.5084E+02  2.8774E+02  1.6197E+00
0000974   2.6323E+02 -4.8297E+01  1.7649E+02
0000975   3.5803E+02  5.7231E+01  1.6910E+02
0000976   6.8870E+02 -3.0048E+02 -2.0901E+02
0000977   4.3916E+02  2.8062E+02 -3.9485E+01
0000978   6.2606E+01 -3.7959E+02 -1.6517E+02
0000979   3.8186E+02  1.3494E+02 -1.7386E+02
0000980   2.7416E+02  1.4202E+02  6.0141E+02
0000981   3.9122E+02 -1.1323E+02  1.9272E+02
0000982   4.1170E+02  3.8469E+01 -1.4156E+02
0000983   1.9181E+02 -2.2160E+02  1.0014E+02
0000984   4.3034E+02  1.1093E+02 -6.0523E+01
0000985   2.1644E+02 -7.2202E+01 -1.4985E+02
0000986   2.2854E+02  1.1012E+02  3.1641E+02
0000988   5.3865E+02 -4.1360E+01  6.6351E+00
0000989   5.7829E+02  2.9071E+02 -3.6273E+01
0000990   2.6141E+02 -1.8034E+02  1.6075E+01
0000991   2.7143E+02 -2.1137E+02  2.2440E+02
0000992   1.7702E+02 -4.3001E+02 -1.4558E+02
0000993   4.4515E+02 -1.3336E+02  3.4103E+01
0000994   3.2463E+02 -8.7994E+01 -2.7604E+02
0000995   4.8400E+02 -1.2685E+02  3.4008E+02
0000996   3.2609E+02  4.8706E+02 -1.9270E+02
0000997   1.8766E+02  3.4429E+02  1.9998E+02
0000998   2.0786E+02  2.6965E+02  1.1636E+02
0000999   3.9681E+02  3.3663E+02 -4.2696E+00
0001000   1.6717E+02 -7.2099E+01  2.6136E+02
