============================== SRIM-2013.00 ==============================
==============================================================================
====== SRIM Outputs\RANGE_3D.txt : File of Final Ion Positions =====

Ion =  F (09)   Ion Mass= 018.9984
Energy  = 2000000.E-05 keV
Ion Angle to Surface = 00.0 degrees
==================== TARGET =======================
  Layer # 1 - None
  Layer # 1 - Bottom Depth=500000.E-01 A
  Layer # 1 - Density =0007.8700 g/cm3
  Layer # 1 -  100 % of Fe
様様様様様様様様様様様様様様様様様様様様様様様様様様
                                            
Ion       Depth  X   Lateral Y   Lateral Z  
Number    (Angstrom) (Angstrom)  (Angstrom) 
-------  ----------- ----------- -----------
0000001   1.0482E+02  5.5753E+01  8.3144E+01
0000002   3.3330E+02 -1.5649E+02  2.1724E+02
0000003   3.2008E+02  1.9098E+02 -7.3550E+01
0000004   4.1241E+02  5.7501E+01 -2.6520E+02
0000005   9.1616E+01  1.4490E+02 -1.6883E+02
0000006   1.8402E+02  2.1360E+02  1.8119E+02
0000007   2.1850E+02  2.1855E+02 -2.6222E+02
0000008   1.2291E+02 -4.4027E+01 -4.5713E+01
0000009   7.4339E+01 -2.4435E+02  2.5507E+02
0000010   2.3592E+02  6.9020E+01  5.9152E+01
0000012   1.7199E+02  1.1612E+02 -1.3024E+02
0000013   3.0472E+02  5.7723E+00  1.0079E+02
0000014   1.5516E+02 -2.5129E+02  2.8632E+02
0000015   3.3424E+02  1.3191E+02 -9.9211E+01
0000016   1.9973E+02 -1.4386E+02  5.3769E+01
0000017   4.7665E+01 -4.3709E+00  1.3335E+02
0000018   2.3517E+02  6.8877E+00 -9.5446E+01
0000019   1.4422E+02 -2.8422E+02  6.4763E+01
0000020   3.5091E+02  3.6442E+01  6.2506E+01
0000021   1.9851E+02  1.3249E+02 -1.1340E+02
0000022   2.1103E+02 -2.6542E+01  1.8977E+02
0000023   7.7501E+01 -7.3996E+01 -6.5790E+01
0000024   3.0256E+02  2.3934E+02  1.1991E+02
0000025   2.3466E+02  4.9239E+01 -1.3458E+02
0000026   1.3689E+02 -5.8734E+01 -7.3714E+01
0000027   3.9578E+02  6.0384E+01  1.0605E+02
0000028   2.4958E+02 -1.9577E+02 -1.4420E+02
0000029   1.0581E+02 -6.9882E+01  5.9790E+01
0000030   2.9982E+02  3.2507E+02  2.9942E+02
0000031   3.1653E+02  2.2640E+01  3.6861E+01
0000032   3.0143E+02 -5.7166E+01  1.3337E+02
0000033   5.1563E+01  7.2369E+00 -4.4270E+01
0000034   1.5040E+02 -1.1849E+02  2.2554E+01
0000035   2.1138E+02 -1.3395E+02  1.6800E+02
0000036   3.9790E+01  1.4524E+02  8.6507E+01
0000037   2.9182E+01 -1.0677E+02  2.1500E+01
0000038   5.1508E+02 -1.0680E+01 -2.8569E+02
0000039   1.4250E+02  2.5671E+01  2.0507E+01
0000040   1.1046E+02 -1.1240E+01 -2.2512E+02
0000041   4.2665E+01  7.8112E+00 -1.1389E+02
0000042   1.9781E+02 -3.6123E+01  8.7163E+01
0000043   1.8064E+02  5.3354E+01  3.2596E+02
0000044   2.1979E+02  9.2826E+01  2.6700E+01
0000045   1.9006E+02 -3.7242E+01  3.0904E+01
0000046   2.2737E+02  1.5179E+01  8.0364E+01
0000047   2.5977E+02  5.3737E+01 -6.6860E+01
0000048   1.0397E+02  5.1271E+01  2.8970E+02
0000049   7.9107E+01 -1.7963E+01  5.0639E+01
0000050   3.7194E+02 -1.5019E+02  1.6071E+02
0000051   2.2121E+01  2.0180E+01  1.8201E+02
0000052   1.3993E+02 -5.2719E+01 -2.0472E+02
0000053   1.3689E+02  2.3181E+01  1.9247E+02
0000054   3.9259E+01  1.3399E+01  5.6067E-01
0000055   4.1050E+02 -3.8016E+02  3.9266E+01
0000056   4.0850E+02 -5.1089E+01  1.3653E+02
0000057   1.0100E+02  1.7796E+02  7.2128E+00
0000058   2.3186E+02 -1.1603E+02 -8.6442E+01
0000059   4.6731E+02 -1.9825E+01  3.5027E+01
0000060   2.1585E+02 -2.9460E+01  7.3026E+01
0000061   3.2320E+02  1.2149E+02  2.2489E+01
0000062   2.4474E+02 -2.0447E+02  2.3396E+00
0000063   1.8894E+02  1.6643E+01  9.1630E+00
0000064   3.3127E+02  1.5964E+02  6.4913E+01
0000065   1.8608E+02 -1.0835E+02  7.3656E+01
0000066   3.0662E+02  4.3544E+01 -9.2492E+01
0000067   1.4406E+02 -1.4139E+02 -8.2338E+01
0000068   1.8423E+02 -8.6316E+01  9.4361E+00
0000069   1.3532E+02 -4.7883E+01 -4.0522E+01
0000070   3.4823E+02 -2.6966E+02 -3.2270E+01
0000071   1.7586E+02  2.4351E+02 -1.8604E+02
0000072   7.0506E+01  7.4904E+01  9.7158E+01
0000074   4.1570E+02  1.0551E+02 -1.1525E+02
0000075   1.3900E+02  1.3989E+02 -1.0238E+02
0000077   3.8192E+02  3.6544E+01 -1.4174E+02
0000078   2.4833E+02 -1.0966E+02 -9.1715E+01
0000080   3.9547E+02 -1.5900E+02 -2.7557E+02
0000081   2.8142E+02  1.4212E+02  1.3804E+02
0000082   2.1996E+02  1.1880E+00 -1.1884E+02
0000083   2.2921E+02 -2.1285E+01 -1.3477E+02
0000084   3.3825E+02  3.9684E+01 -5.5382E+00
0000087   2.4183E+02 -2.2930E+01  1.4095E+01
0000088   2.3086E+02 -2.6513E+02  5.2130E+00
0000089   2.0777E+02 -2.9344E+01 -1.7045E+01
0000090   4.7124E+02  9.8790E+01 -2.4154E+01
0000091   1.5883E+02 -3.5466E+02  1.7072E+02
0000092   1.7781E+02  5.5701E+01 -9.4209E+01
0000093   1.6512E+02 -4.5603E+01  4.9190E+01
0000094   1.8571E+02 -1.2727E+00 -2.0642E+01
0000095   1.5523E+02 -1.0717E+02  2.2529E+02
0000096   1.9347E+02  7.5893E+01  7.6160E+01
0000097   2.5903E+02  1.3568E+02  5.8572E+01
0000098   1.9971E+02  2.2113E+01 -3.5627E+01
0000099   4.5238E+02  8.9388E+01 -1.2879E+02
0000100   1.7900E+02 -8.6268E+01  1.9589E+02
0000101   3.2273E+02  1.2500E+01  8.9243E+01
0000104   2.3850E+02  6.3788E+01 -2.0444E+01
0000105   6.1585E+01  1.1828E+01  1.6681E+01
0000106   2.0931E+02 -6.2687E+00  2.5413E+02
0000107   1.5570E+02  2.9335E+01 -6.8136E+01
0000108   4.7048E+02  6.9818E+01 -6.0103E+01
0000109   2.9814E+02  1.5036E+02 -1.5058E+02
0000110   1.6070E+02  1.1577E+02  1.3912E+02
0000111   1.4461E+02  1.7848E+02 -2.8900E+01
0000112   2.3596E+02 -1.4577E+02 -3.0191E+01
0000114   2.5742E+02 -5.8116E+00 -1.8916E+02
0000115   4.4376E+02  1.5044E+02  1.1045E+02
0000116   1.1503E+02  1.3155E+02  1.7921E+01
0000117   2.7757E+02  2.9909E+02 -5.3045E+01
0000118   1.9590E+02 -1.3720E+01  6.0346E+01
0000119   5.1460E+01  5.1898E+00 -3.1775E+01
0000121   2.5558E+02  1.3261E+02  1.1531E+02
0000122   2.0939E+02  1.1709E+02  1.1855E+02
0000123   3.4731E+02 -7.4216E+01  3.8289E+00
0000124   3.1688E+02  2.8881E+01 -9.1221E+00
0000125   1.2866E+02 -6.7197E+01 -8.8755E+01
0000126   7.5419E+01 -3.4042E+02  3.3183E+01
0000127   2.6907E+02  1.9422E+02  6.4481E+01
0000128   4.2604E+01 -5.2308E+01 -3.4598E+01
0000130   3.3273E+02 -1.8257E+02 -1.7184E+01
0000131   6.7304E+01  3.4925E+00  1.0900E+02
0000132   2.2833E+02  3.1559E+01 -1.8566E+02
0000133   1.0992E+02 -8.5981E+01  1.6801E+01
0000134   2.5939E+02 -1.5617E+02 -1.3880E+02
0000135   3.7124E+02  1.6677E+02 -2.2580E+01
0000136   1.5454E+02  1.6409E+02 -9.1465E+00
0000137   3.5961E+02 -3.9919E+01  7.4276E+01
0000138   2.9026E+02  2.7680E+01  1.2568E+02
0000139   5.0565E+01  1.5532E+01 -7.3040E+01
0000141   2.0931E+02  3.6706E+00 -3.4750E+01
0000142   1.2496E+02  1.4654E+01 -2.6461E+01
0000143   1.2472E+02 -5.3304E+01 -9.0011E+00
0000144   1.7066E+02  9.5320E+01 -4.5689E+01
0000145   2.5241E+02 -6.4796E+01  2.3728E+01
0000146   2.8794E+02 -4.1970E+01  8.7526E+01
0000147   2.8499E+02 -3.2187E+01 -6.7293E+01
0000148   1.7548E+02 -9.0312E+01 -5.1807E+01
0000149   1.4664E+02  6.2178E+01 -1.6651E+02
0000150   1.2688E+02 -3.0489E+01 -4.8168E+01
0000151   3.7547E+01 -8.9053E+01 -1.0376E+02
0000152   1.7257E+02  1.0420E+01  4.5590E+00
0000154   3.1601E+02 -1.2280E+02  4.7406E+01
0000155   1.7516E+02 -8.6003E+01  4.4848E+01
0000157   2.9299E+02  9.0049E+01 -2.1603E+02
0000158   2.4747E+02 -4.5191E+01 -5.6085E+01
0000159   1.5260E+02  5.6250E+01  6.7299E+01
0000160   1.7857E+02  2.6098E+02  6.5163E+01
0000161   1.8088E+02  7.9702E+01  1.4288E+02
0000162   8.2176E+01 -3.0610E+01 -3.1953E+01
0000163   1.7716E+02 -1.9169E+02 -3.8482E+01
0000164   2.9971E+02 -1.4609E+02 -3.4114E+01
0000165   2.2212E+02  2.2640E+02  2.1799E+00
0000166   1.3656E+02  5.7559E+01 -9.5665E+01
0000167   1.8450E+02 -2.6883E+01 -7.5861E+01
0000168   1.0256E+02 -3.4665E+01  9.5386E+01
0000169   3.8405E+02  1.1438E+01  3.6713E+01
0000170   1.3189E+02 -2.9468E+01 -2.0633E+02
0000171   2.1599E+01 -1.2614E+02  6.6057E+01
0000172   3.5228E+02  5.4897E+00 -5.4305E+01
0000173   1.0475E+02 -1.7759E+02 -2.6693E+01
0000175   2.7752E+02  8.6106E+01  1.1645E+01
0000176   1.5544E+02  7.9027E+00 -1.9401E+01
0000177   4.3666E+02 -2.2129E+02 -2.9389E+00
0000178   3.8878E+02  8.7053E+00  1.1864E+02
0000179   3.4496E+02 -2.1843E+02  1.6200E+01
0000182   2.4183E+02 -1.5170E+02 -1.2729E+02
0000183   3.0920E+02  6.5160E+01 -1.0313E+01
0000184   2.8829E+02  3.4256E+01  2.7271E+01
0000185   3.6263E+02 -2.1809E+02  1.5039E+02
0000186   3.3163E+02 -5.8178E+01 -5.0380E+01
0000187   2.7595E+02 -4.0670E+01  7.2542E+01
0000188   2.0704E+02 -8.0064E+01 -6.0853E+01
0000189   1.4463E+02 -2.6269E+02 -7.6164E+01
0000190   3.4190E+01  4.0454E+01  1.1321E+01
0000191   3.0423E+02 -2.3349E+01 -1.5446E+02
0000192   5.7858E+01 -2.9096E+01 -6.7576E+01
0000193   3.4863E+02  1.8617E+02  5.8528E+01
0000194   2.4434E+02  2.1005E+00  2.7010E+02
0000196   3.4244E+02 -4.1855E+01  1.0320E+02
0000197   3.5065E+01  8.2460E+01 -5.9987E+01
0000198   2.6110E+02  1.7464E+02 -1.7993E+02
0000199   1.6101E+02 -1.6252E-01 -2.7842E+01
0000200   2.0776E+02  3.7198E+02 -6.0879E+01
0000201   3.7451E+02 -1.9983E+02 -1.7730E+01
0000202   4.2813E+02  6.8439E+01 -1.6677E+01
0000203   1.5543E+02  2.2741E+02 -3.4160E+02
0000204   4.0719E+02 -1.5850E+02  3.8006E+01
0000205   2.2161E+02  4.9514E+01 -8.5008E+00
0000206   1.3420E+02 -5.1785E+01 -7.2857E+01
0000207   1.3654E+02 -3.9172E+01 -5.4027E+01
0000208   3.6229E+02 -9.8842E+01  7.4485E-01
0000209   1.5333E+02  2.2199E+02 -1.0134E+02
0000210   1.2927E+02 -5.4010E+01 -2.0065E+01
0000211   9.9454E+01  2.1749E+02 -1.2997E+02
0000213   2.3065E+02  4.2552E+01 -2.2260E+00
0000214   3.3361E+02 -1.5059E+02 -1.4335E+02
0000215   1.2415E+02  2.0838E+02 -1.7836E+02
0000216   1.1811E+02 -1.3365E+02  9.9524E+01
0000217   1.0842E+02 -8.3454E+01  1.5445E+02
0000218   2.0266E+02 -1.5419E+02 -6.2681E+01
0000219   1.0980E+02  1.3299E+02 -1.4031E+02
0000220   2.3510E+02  2.3162E+02 -1.0291E+02
0000221   2.7803E+02 -1.1783E+02  2.0760E+01
0000222   4.5382E+02  1.1930E+02 -2.1396E+02
0000223   4.1694E+01  2.5376E+02 -5.9917E+01
0000224   2.0349E+02 -8.0093E+00  8.8993E+01
0000226   2.0004E+02  1.6287E+02 -2.1316E+02
0000227   1.9301E+02  6.9272E+01  2.6180E+02
0000228   1.7542E+02  1.9851E+02  1.5579E+02
0000229   3.7439E+02 -9.4473E+01  1.1176E+02
0000230   2.2764E+02 -8.5549E+01  6.9133E+01
0000231   3.7531E+02  1.0601E+02  3.1052E+01
0000232   8.7477E+01  7.7514E+01  1.5754E+02
0000233   6.6738E+01 -2.2738E+02  9.6289E+00
0000234   4.3833E+02 -1.0004E+02 -9.9303E+01
0000235   2.7428E+02 -1.9955E+02  8.2651E+01
0000236   1.7538E+02  3.1203E+01  8.9233E+01
0000237   2.7408E+02 -1.0170E+02 -3.4747E+01
0000238   2.7900E+02 -1.0380E+02  4.2467E+01
0000239   1.2265E+02  1.4152E+02 -1.8905E+02
0000240   1.1941E+01  1.5399E+02 -1.5361E+02
0000241   4.0172E+02 -7.8189E+01 -1.0192E+01
0000242   1.9179E+02 -1.5052E+02  8.8296E+01
0000243   2.3359E+02 -2.2044E+01 -1.7734E+01
0000244   1.9305E+02  9.3292E+01 -3.5646E+02
0000245   3.9316E+01  8.0353E+01 -2.2079E+02
0000247   1.5660E+02  1.1747E+02 -5.3081E+00
0000248   2.1636E+02 -1.0557E+01 -7.3505E+01
0000251   1.0878E+02 -2.6555E+01  3.7972E+01
0000252   4.8369E+02  7.1565E+01 -4.8179E+01
0000253   1.8191E+02  2.1113E+01 -1.7637E+02
0000254   2.5694E+02  8.9835E+01  1.2594E+02
0000255   1.8328E+02 -4.0437E+01 -5.5050E+01
0000256   1.8869E+02 -1.9174E+01 -1.4555E+02
0000257   1.8293E+02  1.0251E+02  1.2519E+02
0000258   1.6598E+02 -1.5914E+02  5.4891E+01
0000259   3.3143E+02 -4.5087E+01 -1.5883E+02
0000260   3.4385E+02 -7.2046E+01 -2.9430E+01
0000261   2.0939E+02 -2.9422E+01  5.8893E+01
0000262   1.5240E+02  7.4395E+01 -7.5828E+01
0000263   4.4701E+02 -4.1947E+00  1.4932E+02
0000264   9.7718E+01  1.3866E+02 -2.9688E+02
0000265   9.5611E+01 -9.9868E+01  9.4905E+01
0000266   3.0490E+02  5.1621E+01  3.8538E+01
0000267   3.2694E+02 -1.0916E+02  3.3525E+00
0000268   1.5285E+02  8.9997E+01  6.7155E+01
0000269   4.6401E+02  1.0334E+02 -9.3287E+01
0000270   2.7939E+02  9.9383E+00 -6.5109E+01
0000271   4.9562E+02  8.7413E+01  1.0545E+02
0000272   1.4905E+02 -1.5579E+02 -1.5357E+02
0000273   2.4363E+02  2.2109E+01  1.2839E+01
0000274   9.8942E+00 -6.0387E+01 -7.4503E+01
0000275   1.1530E+02  2.5258E+02  1.3011E+02
0000276   2.0193E+02 -1.0697E+02 -1.7133E+01
0000277   3.4710E+02 -1.3191E+02  4.4377E+01
0000278   9.0582E+01  9.5039E+00  1.9510E+02
0000279   3.4311E+02 -8.9875E+01 -8.7393E+01
0000281   6.5025E+01  2.2575E+00 -1.2467E+01
0000282   1.9649E+02 -1.3546E+02  4.2291E+01
0000283   1.5439E+02  9.9543E+01 -2.0716E+02
0000284   1.7723E+01  1.2098E+02 -1.1817E+02
0000285   4.4060E+02 -2.2583E+02  1.3987E+02
0000286   6.7891E+01 -1.0397E+02 -1.2886E+02
0000287   4.0182E+01  6.9703E+01 -1.1561E+00
0000288   2.1817E+02  2.8397E+00 -3.6807E+02
0000289   3.3101E+02  1.1607E+02 -1.2911E+02
0000290   1.0845E+02  7.1358E+01  8.3237E+01
0000291   3.0858E+01 -7.8971E+01  1.2256E+02
0000292   1.2285E+02  2.9979E+02  9.4060E+01
0000293   2.4484E+02  9.5947E+01  1.3911E+02
0000294   5.5808E+01 -1.8910E+02  8.7304E+01
0000296   3.9091E+02  3.0131E+01 -1.9850E+02
0000297   6.7703E+01  4.1071E+01  6.4300E+01
0000299   2.5677E+02 -4.9629E+01  1.2428E+02
0000300   5.7144E+01  3.6165E+00 -2.5756E+01
0000301   4.2507E+01  8.6354E+01 -1.2041E+02
0000302   4.1854E+02 -2.2300E+01 -2.0094E+01
0000303   2.0592E+02  5.9105E+01  1.5485E+00
0000304   3.8236E+02  3.4557E+02  4.5999E+01
0000305   2.1798E+02  2.0744E+02  1.3963E+01
0000306   6.2843E+01 -4.8437E+01  4.5814E+01
0000307   3.2034E+02  1.6883E+02  2.4042E+01
0000308   2.8799E+02  2.7339E+01 -9.1894E+00
0000309   3.1904E+02  2.8454E+01  4.4465E+01
0000310   1.1607E+02  2.7500E+01  3.9866E+01
0000311   9.4186E+01  6.7717E+00  1.1320E+02
0000313   3.0835E+01 -8.4012E+01  3.3188E+01
0000315   6.7459E+01 -1.1352E+02  1.0798E+02
0000316   3.7672E+01 -3.2271E+01  1.2086E+01
0000317   1.3554E+02  3.7205E+02  2.6734E+01
0000318   2.1155E+02  2.6115E+02  8.6875E+01
0000319   1.8657E+02  3.7449E+01 -3.4593E+01
0000320   4.9396E+01 -5.7502E+01  2.1923E+02
0000321   8.8749E+01  1.5502E+01  1.2543E+02
0000322   3.4986E+02 -1.4353E+02  1.4923E+02
0000323   2.4255E+02  2.9892E+02 -1.5652E+02
0000324   1.8318E+02  8.6454E+00 -3.3365E+02
0000326   2.2023E+02 -2.3027E+02  3.4843E+01
0000327   4.1744E+02  3.4515E+02  1.0814E+01
0000328   5.4103E+02  2.0105E+02  1.3057E+02
0000329   1.8682E+02  1.3570E+02  1.7180E+01
0000330   8.2298E+01 -3.2818E+01 -1.0871E+02
0000331   3.8276E+02  1.8325E+01  1.3693E+01
0000334   2.0247E+02 -1.4416E+01 -2.7716E+01
0000335   1.4909E+02 -8.0094E+01 -1.0750E+02
0000336   2.6482E+02 -5.1650E+01 -1.0333E+02
0000337   2.1729E+02 -5.1353E+01 -2.5866E+02
0000338   2.1857E+02  8.9751E+01 -9.7657E+01
0000339   2.9447E+02  1.0673E+02  1.0247E+02
0000340   1.5010E+02 -8.0331E+00 -1.2544E+02
0000341   6.7401E+01  1.1155E+01  1.9041E+00
0000342   3.0524E+02  1.4121E+02 -2.2076E+01
0000343   2.3520E+02 -9.2831E+01 -1.2641E+02
0000344   2.5210E+02 -1.7590E+02 -7.6881E+01
0000345   2.1436E+02  1.7450E+02  1.7224E+02
0000346   2.7082E+02 -1.9667E+02 -1.1019E+02
0000347   4.5072E+01 -1.0959E+02  4.1161E+01
0000348   6.1271E+01  9.8873E+01 -8.5688E+01
0000349   3.4273E+01 -4.9126E+01 -1.9759E+01
0000350   2.9229E+02 -1.4379E+02 -6.3687E+01
0000352   4.7094E+02  1.4561E+02 -7.4687E+01
0000353   1.4589E+02  9.7751E+00  2.5096E+01
0000354   3.6605E+02  6.4481E+01  4.5173E+01
0000355   2.3078E+02  1.0661E+02  2.2720E+02
0000356   3.0823E+02 -1.5011E+02 -1.7554E+02
0000357   3.6119E+02  2.0922E+01  6.4460E+01
0000359   1.7542E+02  6.7538E+01  9.2856E+01
0000360   1.4253E+02 -1.5285E+02  9.7107E+01
0000361   3.6622E+02 -1.0357E+01 -1.1676E+01
0000363   1.6090E+01 -1.2773E+02 -2.5463E+01
0000364   1.2079E+02 -4.8358E+01  6.7421E+01
0000365   4.6023E+00 -9.5870E+01  1.7111E+02
0000366   1.3064E+02  6.3756E+01 -3.1497E+01
0000367   1.0159E+02  1.3979E+02  2.1823E+02
0000368   3.3921E+02  8.2591E+01  1.1884E+02
0000369   1.5183E+02 -3.0301E+02  1.8412E+02
0000370   2.2529E+02 -8.7615E+00  7.5937E+01
0000371   1.6507E+02  1.9522E+02 -3.1543E+01
0000372   1.4743E+02 -1.0035E+02  2.1282E+02
0000373   2.6052E+02  6.8722E+01  2.4986E+02
0000374   2.2098E+02  9.8760E+01  6.4232E+01
0000375   1.4564E+02  3.7429E+01 -1.2100E+02
0000376   1.0559E+02  6.9930E+01 -6.0384E+01
0000377   4.4476E+01  4.4445E+01  6.5680E+01
0000378   1.0511E+02  4.0373E-01  3.3128E+01
0000379   1.7352E+02 -1.2584E+01 -1.5382E+02
0000380   9.9292E+01 -3.2183E+00 -3.1447E+01
0000381   1.5409E+02  6.8738E+01  1.2187E+01
0000382   2.0164E+02 -1.3585E+02 -2.6696E+01
0000383   1.8844E+02 -6.3098E+01  3.8506E+01
0000384   2.0350E+02 -1.1420E+01 -1.2666E+02
0000385   1.5670E+02 -1.7493E+02 -1.2521E+01
0000386   4.6586E+02  3.3541E+01 -1.9808E+01
0000387   1.3890E+02  1.4355E+01 -2.2726E+01
0000388   7.6146E+01 -1.0954E+02  1.0963E+02
0000389   1.4374E+02 -4.6067E+01 -3.9793E+02
0000391   1.6668E+02  4.9441E+01 -1.2007E+02
0000392   2.4302E+02 -2.1019E+02 -1.4109E+02
0000393   3.8068E+02  1.3677E+02  1.5171E+02
0000395   6.4571E+01  8.1263E+01 -2.8110E+02
0000397   4.4460E+02  1.2560E+02 -1.5089E+02
0000398   1.1245E+02 -1.1853E+02 -4.1108E+02
0000399   1.3646E+02 -1.7698E+02 -1.7611E+02
0000400   1.7691E+02  2.0298E+02 -1.4404E+02
0000401   2.3915E+02 -8.8311E+01 -6.2724E+01
0000402   1.0896E+02 -1.2326E+02 -8.4141E+00
0000403   1.8792E+02  2.8802E+01  2.1839E+02
0000404   1.9276E+02  9.5659E+01 -4.6854E+01
0000406   1.5895E+02 -1.1773E+02  5.4271E+01
0000407   1.1530E+02  8.1361E+01  6.5231E+01
0000408   2.4159E+02 -1.1133E+02 -8.6227E+01
0000409   1.5178E+02  1.6550E+01  5.5935E+01
0000410   7.1121E+00 -4.2981E+01  7.1701E+00
0000411   2.5078E+02 -1.7204E+02  2.2278E+01
0000412   4.1782E+02 -4.7354E+01  3.2487E+01
0000413   2.9023E+02  1.0956E+02 -1.5481E+02
0000414   1.4044E+02  2.1662E+02 -8.0717E+01
0000415   2.3663E+02  7.5666E+01  1.5383E+02
0000416   4.0920E+02 -1.5166E+02  7.5596E+01
0000417   1.2751E+02  2.2664E+02  6.8497E+00
0000418   6.8079E+01 -2.2074E+00 -1.7016E+02
0000419   1.2872E+02  1.4611E+02 -1.2725E+01
0000420   2.0446E+02 -1.6088E+02  2.5744E+02
0000421   1.6714E+02 -5.6765E+01  3.1174E+01
0000422   4.2411E+02  1.0540E+01  2.5710E+01
0000423   1.8340E+02 -2.7914E+01  2.4302E+01
0000424   2.4384E+02  1.4141E+02  4.7374E+01
0000425   6.4839E+01 -2.4661E+02  1.3148E+02
0000426   1.7589E+02  2.0538E+02  2.0934E+01
0000427   3.5292E+02  5.9350E+01  6.8400E+01
0000428   4.2436E+02 -5.3722E+01 -6.0627E+01
0000429   2.5870E+02 -2.0781E+02 -7.1452E+01
0000430   1.6395E+02  1.2674E+01  4.1456E+00
0000431   1.6775E+02  1.1782E+02  1.3639E+01
0000432   2.0190E+02  1.5235E+02 -3.0427E+01
0000433   2.9750E+02 -3.2693E+02 -4.6597E+01
0000434   9.1262E+01 -3.9723E+01  1.0413E+02
0000435   2.9526E+02  1.0350E+02  4.9473E+01
0000437   3.4253E+02  4.6532E+01 -2.2771E+01
0000438   3.3544E+02  2.9512E+01 -7.5266E+01
0000439   7.0694E+01 -7.0617E+01 -3.6086E+00
0000440   1.6078E+02 -5.5079E+01  1.8006E+02
0000441   1.2503E+02  8.1842E+00  2.8320E+02
0000442   3.4214E+02  1.8906E+02 -5.8764E+01
0000443   3.0151E+02  1.5381E+01  4.1423E+01
0000444   1.5469E+02 -1.1528E+02 -6.3704E+01
0000445   1.9307E+02  2.5213E+02 -1.5344E+02
0000446   2.7429E+02  2.6344E+00 -1.0090E+02
0000447   6.5911E+01  1.7034E+02 -1.0521E+02
0000448   1.1870E+02 -1.9812E+02 -3.0393E+02
0000449   1.8123E+02  3.9712E+01 -1.6930E+02
0000450   1.9189E+02  4.9290E+01  6.2804E+01
0000451   2.4948E+02 -1.6858E+02 -7.8781E+01
0000452   1.5809E+02 -1.8739E+01  1.7047E+01
0000453   3.2630E+02 -7.2396E+01 -8.2148E+01
0000454   6.0878E+01 -3.5771E+01  1.7010E+02
0000455   1.3675E+02  1.8012E+02  2.2369E+01
0000456   2.1515E+02 -1.5621E+02  1.3520E+02
0000457   3.0733E+02  1.1855E+01  1.8022E+01
0000459   3.4426E+02 -2.4075E+01 -6.2262E+01
0000460   2.7310E+02 -1.0476E+02  1.2719E+02
0000461   2.2730E+02  9.7273E+00 -3.0144E+01
0000462   1.8913E+02 -8.9676E+00  6.0350E+01
0000463   7.1884E+01 -5.9547E+01  2.4279E+01
0000464   1.0758E+02 -1.3702E+02 -1.6080E+02
0000465   3.4211E+02  1.6496E+02 -1.1984E+02
0000466   1.8856E+02 -9.2104E+01 -5.4545E+01
0000468   2.9277E+02  4.8871E+01  3.4954E+00
0000469   2.6797E+02 -1.0596E+02  7.4964E+01
0000470   3.7527E+02 -2.2093E+01 -3.4994E+01
0000472   1.2949E+02 -1.1736E+02  6.2679E+01
0000473   6.5327E+01  1.6177E+02  4.4905E+01
0000474   1.7199E+02  6.0625E+01 -9.9146E+01
0000475   4.1100E+01  1.3725E+01 -7.6623E+01
0000476   1.7177E+02  1.3640E+02  3.2207E+00
0000477   2.7984E+02  1.3631E+02 -1.5343E+02
0000478   6.2194E+01  3.5698E+02  2.5812E+01
0000479   1.5454E+02 -1.5572E+02 -2.1370E+02
0000480   2.2874E+02  5.0257E+01  1.3516E+02
0000481   1.6098E+02  9.4221E+01 -1.0094E+02
0000482   1.7492E+02  4.7666E+01  3.2513E+01
0000483   3.5073E+02  5.2661E+01 -1.0116E+02
0000484   2.2890E+02 -1.7889E+02 -5.1011E+01
0000485   3.1040E+02  1.4353E+02 -4.1406E+01
0000486   2.8852E+02 -5.7060E+01  4.1259E+01
0000487   1.3402E+02 -2.3220E+01  9.2891E+00
0000489   4.1444E+02 -2.8909E+02  1.5919E+02
0000490   4.0526E+02  1.5751E+01  1.2306E+02
0000491   1.8361E+02 -6.3839E+01 -7.0482E+01
0000492   2.5057E+02  1.2162E+02  1.7478E+02
0000493   3.0978E+02  7.6198E+01 -2.2120E+02
0000496   2.3486E+02 -9.0709E+01  1.8898E+01
0000497   4.3183E+02 -2.7404E+02  3.2607E+01
0000498   2.4068E+02 -3.9187E+01 -4.8197E+01
0000499   1.8227E+01 -8.6710E+01  9.6147E+01
0000500   7.0285E+01  2.1788E+02 -1.3787E+02
0000501   6.9487E+00 -2.3891E+01 -5.0219E+01
0000502   5.4619E+01  7.2986E+01 -3.3971E+01
0000503   1.7186E+02 -3.8677E+01 -3.5234E+01
0000504   7.8216E+01  9.7412E+01  1.2284E+01
0000505   3.6721E+02 -2.1148E+02  2.3483E+02
0000506   1.9939E+02 -8.2899E+01  9.4305E+01
0000507   2.9912E+02  1.0214E+01  8.1791E+01
0000508   1.0991E+01  3.8193E+01 -6.6482E+01
0000509   5.2362E+02 -1.5369E+02 -1.0474E+02
0000510   1.1111E+02  1.2614E+02  3.3853E+01
0000511   3.1429E+02 -1.7741E+02 -3.8685E+01
0000512   3.5969E+02 -5.4985E+01 -1.7204E+02
0000514   1.0390E+02 -9.6523E+01  2.8599E+02
0000515   7.5082E+01 -5.9123E+01 -1.9937E+02
0000516   8.7646E+01 -1.0144E+00  1.1118E+02
0000517   1.8645E+02  2.9690E+01 -2.1024E+02
0000519   2.9622E+02 -4.1838E+02 -1.8256E+02
0000520   1.1337E+02  1.6832E+02  2.3941E+02
0000521   3.7845E+02 -3.1640E+01 -1.1089E+01
0000522   4.8220E+01  1.0101E+02  1.1478E+00
0000524   3.1164E+01  4.9722E+01  6.4556E+01
0000525   2.4741E+02 -6.5848E+01 -4.6726E+01
0000526   2.1558E+02 -3.5156E+00 -4.6377E-01
0000527   2.2394E+02  5.0283E+01 -2.9863E+02
0000528   3.7158E+02  8.6952E+01  1.8744E+02
0000529   6.5380E+02  1.7274E+02 -1.3699E+02
0000530   2.2447E+02  2.2558E+02  1.2583E+02
0000531   9.9113E+01 -7.3052E+00 -6.9412E+01
0000533   2.4214E+02 -5.1280E+01  5.2735E+01
0000534   1.3675E+02  1.9045E+02 -1.8877E+02
0000535   1.0144E+02 -7.3353E+01 -4.6173E+01
0000536   1.8643E+02 -9.6012E+01  2.1991E+01
0000537   1.6641E+02 -5.3006E+01  4.1585E+01
0000538   4.3438E+02 -3.0388E+02  1.9728E+01
0000539   2.6020E+02 -3.2715E+00  2.2604E+02
0000540   2.4309E+02  5.9507E+01  1.8241E+01
0000541   4.2447E+02 -1.2600E+02  2.0304E+01
0000542   2.0331E+02 -2.9504E+01  1.1918E+02
0000543   3.3333E+02 -1.2725E+02  1.7488E+02
0000545   1.6496E+02 -1.0126E+02  3.3902E+01
0000546   2.4512E+02  2.0829E+01  3.8211E+02
0000547   4.0245E+02 -9.7216E+01 -2.0431E+02
0000550   1.9156E+02  8.4656E+01  8.4730E+01
0000551   1.4145E+02  1.4682E+02 -9.4879E+01
0000552   3.0339E+02 -1.3724E+02  3.1197E+01
0000553   3.1561E+02 -1.1456E+01 -2.4967E+01
0000554   2.5955E+02  3.2710E+01 -4.8028E+01
0000555   2.5544E+02  1.3763E+02  1.4337E+02
0000556   1.5183E+02  1.2534E+02  8.8725E+01
0000558   3.1544E+02  1.9203E+01 -3.8493E+01
0000559   2.0228E+02 -2.2332E+02 -2.9685E+02
0000560   4.6228E+01 -2.5120E+01  3.4482E+01
0000562   2.7887E+02  1.8842E+02  1.9111E+01
0000563   1.9442E+02  1.1820E+02  1.6769E+02
0000565   2.1803E+02 -1.4609E+02 -6.3627E+01
0000566   2.3895E+02  2.5844E+01  1.6021E+02
0000567   1.0326E+02  1.8312E+00  1.1601E+02
0000569   1.7317E+02 -3.2972E+01 -2.0493E+02
0000570   1.5542E+02 -1.4031E+01 -1.2395E+01
0000571   6.1808E+01 -9.8169E+01  1.0358E+02
0000572   8.9488E+01  5.0168E+01 -3.6266E+01
0000573   1.5484E+01 -8.6022E+01 -1.9625E+02
0000574   2.1263E+02 -3.4376E+01 -7.8824E+01
0000575   3.8015E+02  3.3646E+01 -3.9576E+01
0000576   2.4487E+02  1.6784E+02  7.2812E+01
0000577   6.3905E+01 -6.7691E+01 -1.2967E+01
0000578   1.5529E+02 -1.8384E+02 -1.6561E+02
0000579   1.0279E+02  1.8286E+02 -3.3615E+01
0000580   2.9282E+02  3.1756E+02  3.2826E+02
0000581   2.0776E+02 -6.2585E+01  1.1466E+02
0000582   4.5822E+02  1.2150E+02 -1.7465E+02
0000583   1.6466E+02  2.2400E+01  3.5396E+01
0000584   3.0055E+01 -2.1363E+01  7.3397E+01
0000585   1.7157E+02 -9.7367E+01 -2.1960E+02
0000586   5.1427E+01  1.6082E+01 -1.2859E+02
0000587   1.4976E+02  1.7309E+02 -1.9840E+02
0000588   2.7823E+01  4.8804E+01 -9.4121E+01
0000589   2.2780E+02  7.9466E+01 -5.6502E+01
0000590   3.5213E+02 -6.8636E+01 -4.3183E+01
0000592   3.1595E+01 -5.0135E+01 -5.5074E+01
0000593   1.0563E+02  3.2551E+00  2.1150E+02
0000594   8.7801E+01  1.2020E+02 -9.5419E+01
0000595   1.1559E+02 -2.2171E+01  2.0298E+02
0000596   1.5826E+02 -9.1847E+01  3.8076E+01
0000597   2.0798E+02  5.6335E+00 -5.9095E+01
0000598   1.9279E+02  6.2243E+01 -3.1884E+01
0000599   1.9336E+02 -5.1022E+01  1.7145E+01
0000600   2.1796E+02 -4.2736E+01 -4.9344E+01
0000602   9.2230E+01 -1.0767E+02 -1.4096E+02
0000603   1.8716E+02  9.0054E+01  6.9133E+01
0000604   2.0854E+02  9.2673E+01 -4.3072E+01
0000605   3.1006E+02  2.6295E+02 -2.4732E+00
0000606   2.4775E+02  1.0177E+01 -2.6136E+01
0000607   4.4821E+01 -5.4786E+01  6.4714E+01
0000608   2.1878E+02 -1.9870E+02 -3.4003E+02
0000609   2.1888E+02  1.3804E+01  6.7918E+01
0000610   3.7724E+02 -9.1025E+01 -1.0241E+02
0000611   2.8298E+02 -4.0437E+01  3.2601E+01
0000612   2.5917E+02 -1.0116E+02  2.1474E+02
0000613   9.2461E+01 -1.2627E+01 -6.5694E+01
0000614   6.7546E+01 -2.2974E+01  5.0773E+01
0000615   1.3918E+02  2.3016E+01  1.1651E+01
0000616   1.8589E+02 -2.7908E+02 -5.8263E+01
0000617   8.7662E+01  1.6795E+01 -1.1607E+02
0000618   3.1503E+02 -7.8137E+01 -1.7811E+02
0000621   1.7801E+02 -1.8796E+02  2.7224E+02
0000625   2.8265E+02  1.0145E+02  2.1005E+02
0000626   1.1758E+02  1.1472E+02 -1.7853E+02
0000627   3.2198E+02  2.6759E+01 -1.1318E+02
0000628   2.4484E+02  1.6020E+02  1.6876E+02
0000629   1.3423E+02  1.7069E+02  8.1919E+01
0000630   3.4746E+02 -7.4774E+01  1.0566E+02
0000631   2.5319E+02  3.0254E+01 -1.8340E+02
0000632   1.3692E+02 -4.8091E+01 -6.8919E+01
0000633   2.3489E+02 -3.3208E+02 -1.1729E+02
0000634   7.8966E+01  1.1884E+02 -3.1639E+01
0000635   9.0830E+01 -9.4278E+01 -7.1419E+01
0000636   9.5067E+01 -1.8147E+02 -7.0409E+01
0000637   4.1282E+02  6.6582E+00  1.4779E+02
0000638   6.0888E+01 -1.0679E+02 -1.5179E+02
0000639   1.1843E+02 -1.9599E+02 -4.0152E+01
0000640   1.7001E+02  5.0466E+01  5.1831E+01
0000641   4.8916E+02 -8.4465E+01  2.5676E+01
0000642   4.9049E+01  1.7441E+01  8.4085E+01
0000643   3.6266E+02 -9.8091E-01 -1.1200E+02
0000644   2.0907E+02  6.8715E-01  1.0558E+02
0000645   3.5789E+02  4.2607E+01  1.7628E+02
0000646   2.0450E+02  2.5223E+02  2.5216E+02
0000647   2.9012E+02  3.5220E+02  5.8345E+01
0000648   5.5877E+01  8.1206E+01 -2.8164E+01
0000649   1.9474E+02  5.7770E+00  7.3743E+01
0000650   2.1159E+02 -2.4004E+00  2.0792E+02
0000651   3.6338E+02 -3.3387E+01 -6.9041E+01
0000652   6.5458E+01  1.2079E+02  8.1695E+01
0000653   2.8965E+02 -4.2763E+01  1.2798E+02
0000654   3.5543E+02 -2.8074E+02 -2.0122E+02
0000655   1.5871E+02 -1.2688E+02  4.1196E+01
0000656   2.3199E+02 -2.9154E+02 -8.5512E+01
0000657   2.8148E+02 -1.4769E+02  1.5228E+02
0000658   1.4760E+02  9.5773E+01  4.2243E+01
0000659   5.4269E+01 -9.1775E+01 -6.7967E+01
0000660   2.5076E+02 -1.7801E+02  6.8462E+01
0000661   4.4785E+02  1.7404E+02 -6.6926E+01
0000662   3.0696E+02 -1.5021E+02 -1.7738E+02
0000663   5.6345E+01  3.1497E+01  1.2556E+02
0000664   4.2519E+02 -1.7469E+02 -7.2343E+00
0000665   1.5344E+02 -1.4318E+02 -1.2154E+02
0000666   2.7463E+02 -1.4032E+02 -1.3618E+02
0000667   1.0527E+02  8.4680E+01 -4.5034E+00
0000668   2.8728E+02  8.9936E+01 -1.8677E+02
0000669   3.8581E+02  1.4305E+02 -1.2446E+02
0000670   2.8906E+02 -1.2220E+02  1.7907E+01
0000671   1.5561E+02  1.5461E+02 -2.6413E+02
0000672   2.5546E+02  1.0471E+02 -2.2926E+01
0000673   3.7311E+02 -2.2009E+02 -1.1662E+02
0000674   4.4039E+02  5.2018E+00  1.3451E+02
0000676   5.6297E+01 -4.5629E+01  1.0805E+02
0000677   5.3421E+01  1.3063E+02 -1.1213E+02
0000678   4.1810E+02 -5.3374E+01 -1.5325E+02
0000679   1.8106E+02 -5.0425E+00 -1.0545E+02
0000680   4.2730E+02  2.0412E+00  3.3305E+01
0000681   1.8803E+02  3.1194E+01  1.2776E+02
0000682   1.3979E+02  1.9333E+02  1.4382E+02
0000683   4.7319E+02 -1.3116E+02 -5.1563E+01
0000684   1.6326E+02  1.2347E+01 -1.1632E+02
0000685   1.7835E+02  8.2078E+01  5.6111E+01
0000686   3.5462E+02  8.2318E+01  5.0555E+00
0000687   1.4019E+02  1.8239E+02  3.1066E+01
0000688   2.9767E+02 -1.8014E+02 -1.9565E+02
0000689   2.0750E+02 -8.4147E+01  1.1804E+02
0000690   2.6911E+02  5.4910E+01 -1.2480E+02
0000691   1.9084E+02 -9.1699E+00 -2.5504E+01
0000692   3.2038E+02  1.2104E+02  1.0896E+02
0000693   1.8716E+02  1.7119E+02  2.5702E+02
0000694   2.1083E+02 -1.6366E+02 -1.1785E+02
0000695   7.4210E+01 -1.6084E+02  6.6246E+01
0000696   2.6857E+02  6.9689E+01  1.6006E+02
0000697   1.7394E+02  7.4737E+01 -3.9069E+01
0000698   9.6407E+01  1.1322E+02  1.3061E+02
0000699   3.4850E+02  2.5233E+02 -2.0999E+02
0000700   1.7383E+02 -3.9323E+01  1.6058E+02
0000701   4.8370E+02  2.7546E+01  1.2677E+02
0000702   1.3898E+02  6.4622E+01  1.5704E+02
0000703   3.2717E+02 -4.4367E+01  8.5541E+00
0000704   3.2338E+02 -5.2297E+01  1.1445E+02
0000705   1.5000E+02 -2.0531E+02  1.9441E+01
0000706   2.1990E+02 -9.4859E+01 -2.3339E+01
0000707   9.2383E+01  1.7633E+02 -5.5606E+01
0000708   9.0970E+00 -4.2308E+01  1.8943E+02
0000709   9.8533E+01 -4.7014E+01  5.8470E+01
0000710   2.0985E+02  1.4084E+01 -2.0088E+01
0000711   1.3922E+02  1.8758E+02  3.2701E+01
0000712   3.0723E+02  1.2457E+02 -4.3247E+01
0000713   3.1694E+02 -1.7248E+02  1.0542E+02
0000714   3.4789E+02 -9.6801E+01  1.0105E+02
0000715   1.6431E+02  2.4188E+02 -2.5655E+01
0000716   4.5443E+01 -8.4167E+01  8.6855E+00
0000717   3.2116E+02 -6.4802E+01 -1.4823E+02
0000718   3.5621E+02 -9.9945E+01 -1.5128E+02
0000719   2.5830E+01  1.2307E+01  6.2286E+01
0000721   7.1636E+01  1.6450E+02  2.2258E+01
0000722   1.2928E+02  5.7481E+01 -3.8690E+01
0000723   2.6975E+02 -6.9401E+01 -1.1981E+02
0000724   1.2246E+02 -1.7568E+02  3.8923E+01
0000725   1.4639E+02 -3.0550E+02 -2.6856E+02
0000726   1.6627E+02 -7.8709E+01  6.1820E+01
0000727   3.8001E+02  1.4365E+01 -1.3764E+02
0000728   1.4479E+02  1.1757E+02 -1.3258E+02
0000729   2.0155E+02 -3.3697E+01 -7.2048E+01
0000730   2.1415E+02 -1.2808E+02  7.7157E+01
0000731   1.8865E+02  8.0058E+01 -1.7937E+02
0000732   3.9363E+02  1.0850E+02  1.2673E+02
0000733   3.6572E+02  7.6302E+01  1.6106E+01
0000734   3.9863E+02 -3.0593E+01  1.0031E+02
0000735   5.1023E+02 -2.4106E+01  9.1883E+01
0000736   2.5515E+02 -1.1861E+02  1.2635E+02
0000737   3.5485E+02  9.1020E+00 -2.6947E+01
0000738   2.7740E+02  5.8194E+01  6.1747E+01
0000739   2.1390E+02 -1.0278E+02 -1.9928E+02
0000740   9.2034E+01 -1.0954E+02  3.0299E+02
0000742   3.4922E+02  4.1650E+01  1.6696E+02
0000743   5.8541E+01 -8.5058E+01 -7.4369E+01
0000744   2.2303E+02  3.1439E+02  2.2825E+02
0000745   1.6297E+02  1.2083E+01  1.4813E+02
0000746   1.5198E+02  1.1218E+02 -5.7627E+01
0000747   1.6051E+02 -1.1101E+02 -9.1167E+01
0000748   1.2986E+02  1.5391E+02 -1.0407E+02
0000749   3.0965E+02 -1.4059E+02 -2.8202E+00
0000750   1.3231E+02 -1.4327E+02 -2.9459E+01
0000751   3.0402E+02 -5.5589E+01  3.8742E+01
0000752   2.9516E+02  3.4867E+01  1.6825E+01
0000754   6.6960E+01  2.6253E+00 -1.1801E+02
0000755   1.7126E+02  1.1446E+02  4.1843E+01
0000756   3.1463E+02  8.9458E+01 -2.9910E+02
0000758   3.0365E+02  1.4818E+02 -1.5870E+02
0000759   1.7766E+02  1.0057E+00 -1.0567E+02
0000760   7.0094E+01  4.0968E+00  1.2272E+02
0000761   2.2400E+02 -2.1411E+02 -3.3660E+02
0000762   9.7748E+01 -5.4157E+01 -4.8464E+01
0000763   2.3876E+02 -7.2488E+01  6.8317E+01
0000764   2.3619E+02  4.0647E+01  1.5644E+01
0000765   5.4684E+01  3.2088E+01 -9.0894E-01
0000766   1.7281E+02 -1.5156E+02  1.7759E+02
0000767   3.1866E+01 -1.1549E+02 -1.1190E+02
0000768   1.5070E+02 -9.2552E+01 -4.2685E+01
0000769   3.5513E+02 -6.1365E+01  3.1394E+01
0000770   2.9916E+02 -1.3208E+02  6.7238E+01
0000771   2.6532E+02  5.9725E+01 -2.2262E+02
0000772   2.6421E+02  2.0923E+01  3.6576E+01
0000773   2.1576E+02  1.6601E+02 -3.8081E+01
0000774   3.1220E+02  1.9864E+02 -1.8437E+02
0000775   2.3939E+02  1.1681E+02 -1.6314E+02
0000776   1.3978E+02  5.2587E+01  2.2249E+01
0000777   2.7175E+02 -1.2052E+01  1.3347E+02
0000778   1.5449E+02  5.2938E+01 -4.7300E+00
0000779   3.9767E+02 -1.5778E+02 -9.1941E+01
0000780   4.8306E+02  1.9772E+02  1.7430E+01
0000781   1.7496E+02 -1.4120E+01  1.5786E+02
0000782   2.8297E+02  1.6399E+01  2.5009E+02
0000783   6.8308E+01 -1.5563E+02  1.9776E+02
0000784   1.6243E+02 -3.0686E+02 -1.4395E+02
0000785   3.3813E+02 -2.3188E+02  1.0400E+02
0000786   1.0380E+02 -1.0310E+01 -1.9116E+02
0000787   1.1774E+02 -6.9852E+01 -7.1071E+00
0000788   2.7974E+02 -1.7980E+02 -2.2077E+02
0000789   2.9406E+02  6.9918E+01 -2.9131E+01
0000790   1.2213E+02 -1.1269E+02 -1.3570E+02
0000792   2.0659E+02  2.0470E+01 -3.7257E+01
0000794   2.3532E+02  1.5389E+02 -4.4598E+01
0000795   2.9733E+02  4.7035E+01 -1.1394E+02
0000796   9.5298E+01 -3.6524E+00 -7.6495E+01
0000797   2.6785E+02 -5.2415E+01 -3.0649E+01
0000798   1.4603E+02  2.7726E+02 -1.0949E+02
0000799   1.3673E+02  7.2306E+01 -2.2074E+02
0000800   2.4206E+02  1.3235E+01 -1.0781E+02
0000802   6.9067E+01 -4.2570E+02  1.9664E+01
0000803   2.8414E+02 -4.7409E+01 -2.3982E+02
0000804   1.7684E+02  1.2932E+02  1.1291E+02
0000805   1.1935E+02  9.3830E+00  6.0226E+01
0000806   7.7057E+01  9.1118E+01 -1.3839E+01
0000808   2.0389E+02 -2.5864E+02 -2.5913E+02
0000809   4.0276E+01 -8.7421E+01  1.4588E+02
0000810   4.4964E+01 -8.4506E+01  1.2040E+02
0000811   2.6831E+02 -1.4434E+01 -8.5553E+00
0000812   4.1451E+02  2.2399E+02  4.9020E+01
0000813   1.8650E+02  1.0836E+01  9.6122E+01
0000815   2.1594E+01  5.8840E+01  5.6365E+01
0000816   2.0867E+02 -1.4854E+02  7.7090E+01
0000817   1.9791E+02  1.0536E+02 -3.0561E+01
0000818   7.0099E+01  1.6273E+02 -1.4937E+02
0000819   3.0571E+02  1.0911E+02  6.1576E+01
0000821   2.9092E+02 -1.5045E+01 -5.7194E+01
0000822   2.8254E+02 -1.6650E+02  2.8283E+01
0000824   2.2937E+02 -1.5841E+02 -7.0742E+01
0000825   1.9524E+02 -1.3634E+02 -2.6029E+01
0000826   2.1094E+02 -1.1472E+02 -1.6155E+00
0000827   5.1746E+01 -3.0421E+01  1.4942E+01
0000828   6.1514E+01  2.0790E+02  1.3813E+01
0000831   1.2961E+02  1.7470E+02  1.0422E+02
0000832   1.2338E+02  2.0742E+02  5.7366E+01
0000833   1.4851E+02 -1.9907E+02  2.5784E+02
0000834   1.7916E+02 -1.7318E+02  8.7656E+01
0000835   3.1653E+02 -3.6674E+00 -4.0924E+00
0000836   2.1578E+02 -1.1729E+02  1.7751E+02
0000837   2.6032E+02  3.4422E+01 -1.6586E+01
0000838   1.4489E+02  1.7364E+02 -3.7796E+01
0000839   1.2684E+02  7.4121E+01  1.3800E+02
0000840   3.8839E+02 -5.6277E+01  1.1851E+02
0000841   1.0225E+02  9.9543E+01  8.2786E+01
0000842   2.0736E+02 -8.3609E+01  2.1663E+00
0000843   1.2694E+02 -1.2245E+02 -2.6693E+02
0000844   2.0822E+02 -8.3217E+01  5.8465E+00
0000845   1.6439E+02  9.3722E+01 -5.1436E+01
0000846   1.4617E+02 -2.4102E+01  6.3925E+01
0000847   3.9961E+02  8.4681E+01  1.2671E+02
0000848   3.0114E+02  1.1555E+02  1.1680E+01
0000850   4.6821E+01 -8.6936E+01  1.3111E+02
0000851   1.8140E+02  2.5016E+01  1.0146E+02
0000852   3.5924E+02  2.0885E+02  2.5584E+02
0000853   3.1214E+00  1.3487E+02 -4.0206E+01
0000854   1.3773E+02  1.5743E+02 -2.4293E+02
0000855   2.9427E+02 -2.0280E+02  7.7998E+01
0000856   2.8568E+02  4.6787E+01 -2.1137E+01
0000857   1.8542E+02  9.1223E+01 -2.0331E+02
0000858   1.1339E+02 -5.1056E+01  4.8921E+01
0000859   2.6079E+02  1.1738E+02 -9.4933E-01
0000860   2.5330E+02 -1.6661E+02  6.3491E+01
0000861   1.4143E+02 -6.6192E+01 -5.5061E-01
0000862   2.0178E+02 -2.3872E+02 -4.1154E+01
0000863   8.2346E+01 -1.1731E+02 -2.4394E+02
0000864   6.7911E+01 -1.8256E+01  6.1324E+01
0000866   1.7796E+02  9.2004E+01 -6.2484E+00
0000867   1.0153E+02  8.9128E+01  1.4288E+02
0000868   2.5740E+02 -1.9514E+01 -2.6269E+01
0000869   2.9123E+02  5.2613E+00 -1.3156E+02
0000870   2.8032E+02 -1.3144E+02  6.2716E+01
0000871   6.7735E+01 -2.0854E+02 -1.0480E+02
0000872   9.7973E+01  1.5113E+02 -4.2536E+01
0000873   1.7720E+02  4.9328E+01 -9.4195E+01
0000874   3.1045E+02  1.6634E+02 -9.5373E+01
0000875   4.0873E+02  7.0824E+00  1.6908E+02
0000876   2.5020E+02 -2.9992E+02  1.6431E+01
0000877   2.4911E+02 -2.3105E+01 -4.0762E+01
0000878   2.8328E+02 -2.1630E+02  2.0322E+02
0000879   1.2214E+02  1.4632E+02 -3.5332E+01
0000880   2.6634E+02  5.5726E+01  2.0406E+01
0000881   1.8631E+02 -9.3232E+01 -1.0238E+02
0000882   3.1586E+02 -9.6860E+01  1.3833E+02
0000883   2.7064E+02 -3.8173E+01 -1.1462E+02
0000884   1.2872E+02 -1.8725E+02 -1.4033E+02
0000885   3.3626E+02 -1.7476E+01 -6.2391E+01
0000886   1.8086E+02 -6.6692E+01 -1.1960E+02
0000887   4.4293E+02 -1.5338E+02 -1.1939E+01
0000888   8.2319E+01  1.1302E+02 -1.4154E+01
0000889   2.0859E+02  5.1864E+01 -1.3399E+02
0000890   1.1174E+02  9.4439E+00 -6.5085E+01
0000891   1.8359E+02 -1.4579E+02 -1.1618E+02
0000892   1.5099E+02 -3.3041E+01 -2.0054E+01
0000893   4.2076E+02  1.4238E+02  1.2340E+02
0000894   2.5534E+02 -4.7790E+01  5.6492E+01
0000896   1.2493E+02 -1.2679E+01  6.1200E-01
0000897   1.7076E+02  1.2841E+02  1.2082E+01
0000898   4.2693E+01  1.8924E+02 -7.2761E+01
0000899   2.4983E+02  4.3914E+00  1.4465E+01
0000900   2.3871E+02  3.0182E+01 -1.7189E+02
0000901   1.3857E+02 -9.0242E+01 -1.3202E+02
0000902   1.9611E+02 -2.0542E+02 -2.4003E+01
0000903   3.5772E+02  9.2198E+01 -9.5522E+01
0000904   1.7737E+02  4.4142E+01  1.1306E+02
0000905   2.8676E+02  2.5024E+01  1.4622E+02
0000906   3.2541E+02  6.1215E+01 -9.1386E+01
0000907   2.7645E+02 -3.4033E+01  1.9847E+02
0000909   3.2029E+02  1.9306E+02 -1.4872E+02
0000910   3.9687E+02 -1.1465E+02  1.1368E+01
0000911   1.4332E+01  4.7875E+01  5.7195E+01
0000912   1.7044E+02 -1.0196E+02 -7.5825E+01
0000913   2.5106E+02 -2.2177E+02  4.2149E+01
0000914   5.4586E+01 -1.1490E+02 -1.1016E+02
0000915   3.2414E+02 -9.9433E+01  1.6318E+02
0000916   3.7002E+02 -5.4715E+01  1.9453E+01
0000918   2.9098E+02  6.0631E+01 -1.7226E+01
0000919   7.3880E+01  2.0979E+01  4.2192E+01
0000920   1.0445E+02  1.8636E+02  1.0124E+02
0000921   1.1801E+02  1.9167E+02 -1.0665E+01
0000922   1.9826E+02 -8.7485E+01 -1.7461E+01
0000923   1.5320E+02  1.5649E+02 -6.2793E+00
0000924   1.1496E+02 -2.7677E+02 -1.3970E+02
0000925   2.1737E+02  3.4726E+01  6.0639E+01
0000926   1.8318E+02 -3.2928E+01  3.5357E+00
0000927   1.5371E+02  1.0893E+02 -8.7295E+01
0000928   2.6107E+02 -2.4176E+01 -1.0192E+02
0000929   4.4992E+02 -6.8559E+01  5.0100E+01
0000930   2.9282E+02  1.9086E+02 -3.4422E+01
0000931   3.5224E+02  2.2611E+01  2.2734E+01
0000932   4.2033E+02 -8.4481E+01  4.5177E+01
0000933   2.4070E+02 -2.4469E+01  6.7934E+01
0000934   4.8482E+02 -7.4833E+01 -1.9543E+01
0000935   2.0743E+02  1.7593E+02  4.7984E+01
0000936   2.4855E+02 -1.5140E+02  4.6259E+01
0000937   1.8847E+02  6.6067E+01 -3.0392E+01
0000938   2.1383E+02  1.6243E+02 -7.2213E+01
0000939   4.3270E+02 -6.3983E+01  2.3565E+02
0000940   2.5154E+02  3.7946E+01 -8.7039E+01
0000941   2.2969E+02  2.5860E+01 -1.2140E+01
0000942   1.3188E+02  2.3030E+02  2.6535E+02
0000943   3.3624E+01 -1.6693E+02 -1.1979E-01
0000944   1.8575E+02  1.9052E+02  1.4452E+02
0000945   3.4898E+02  2.1308E+01  3.6223E+01
0000946   3.8518E+02  6.1920E+01  8.1099E+01
0000947   1.7035E+02  9.4313E+00 -4.9149E-01
0000948   2.0767E+01 -4.4405E+01  1.0152E+02
0000949   2.7064E+02  1.3860E+02 -8.9560E+01
0000951   1.8432E+02  1.5856E+02 -1.3320E+02
0000952   3.4061E+02 -8.4685E+00 -2.4217E+02
0000953   3.0723E+02 -1.1847E+02  1.2806E+01
0000954   1.9346E+02 -9.9054E+01  5.6485E+01
0000955   1.0272E+02  1.8400E+01 -1.6823E+02
0000956   1.7936E+02 -4.7027E+01  4.0067E+01
0000957   2.4616E+02  2.3446E+02  1.6478E+02
0000958   9.2657E+01 -1.5936E+01  5.1183E+01
0000959   1.4692E+02  7.8495E+01  2.3627E+01
0000960   1.0166E+02  6.0878E+01 -8.5178E+01
0000961   9.8195E+01  5.6964E+01  1.7807E+02
0000962   3.2674E+02  3.5516E+02  2.1516E+02
0000963   1.7754E+02 -8.2018E+01 -4.9675E+01
0000964   2.0927E+02  2.1634E+02  1.3011E+02
0000965   2.9915E+02 -1.2761E+02 -3.4739E+01
0000966   2.5471E+02 -5.6824E+01 -2.4818E+02
0000967   2.5938E+02  1.0497E+02 -4.9114E+00
0000968   1.4479E+02 -1.2399E+02 -2.0427E+01
0000969   3.2916E+02 -1.3271E+02 -3.8434E+01
0000971   4.6905E+02  4.7568E+01  1.8061E+02
0000973   2.4655E+02  5.8870E+00  4.7073E+01
0000974   6.1455E+01 -5.0558E+01 -2.2497E+01
0000975   9.9377E+01  1.6501E+01 -4.1686E+01
0000976   2.0954E+02 -1.1718E+02  1.6214E+01
0000977   2.4381E+02 -1.6441E+01  4.4710E+01
0000978   5.7606E+01  1.2043E+00  3.5798E+01
0000979   2.0175E+02  3.8397E+00 -5.1124E+00
0000980   2.4230E+02  8.4790E+01  3.6616E+01
0000981   1.2804E+02  5.8961E+01 -3.5424E+01
0000982   1.1299E+02  2.4234E+02 -5.6622E+01
0000983   3.9915E+01  2.5093E+01 -7.2882E+01
0000984   1.4622E+02 -4.5363E+01  4.0404E+01
0000985   2.6551E+02  3.9737E+01  7.8255E+00
0000986   1.7955E+02  1.8243E+02 -1.3468E+02
0000988   3.6187E+02 -7.6401E+01  3.6774E+02
0000989   2.1426E+02  1.9191E+02  3.5761E+01
0000990   2.8755E+01 -1.0610E+02  8.7670E+01
0000991   3.0594E+02 -9.8296E+01  1.1675E+02
0000992   4.6605E+02 -3.9980E+01 -1.6546E+02
0000993   2.6522E+02 -7.1920E+01 -4.1643E+01
0000994   1.4417E+02 -1.6379E+01 -2.8482E+01
0000995   1.2319E+02 -2.3731E+01 -1.3655E+02
0000996   1.3226E+02  5.5728E+01  1.4396E+02
0000997   2.2879E+02 -2.8709E+02  1.5654E+02
0000998   2.1521E+01 -7.9866E+00  9.7653E+01
0000999   2.7026E+02  1.0350E+02  3.2185E+01
0001000   2.6898E+02  1.4488E+02  1.6801E+02
