============================== SRIM-2013.00 ==============================
==============================================================================
====== SRIM Outputs\RANGE_3D.txt : File of Final Ion Positions =====

Ion =  F (09)   Ion Mass= 018.9984
Energy  = 4000000.E-05 keV
Ion Angle to Surface = 00.0 degrees
==================== TARGET =======================
  Layer # 1 - None
  Layer # 1 - Bottom Depth=500000.E-01 A
  Layer # 1 - Density =0007.8700 g/cm3
  Layer # 1 -  100 % of Fe
様様様様様様様様様様様様様様様様様様様様様様様様様様
                                            
Ion       Depth  X   Lateral Y   Lateral Z  
Number    (Angstrom) (Angstrom)  (Angstrom) 
-------  ----------- ----------- -----------
0000001   4.7534E+02 -2.8404E+01  1.1420E+02
0000002   2.5392E+02  1.3049E+02 -7.0902E+01
0000003   5.0133E+02 -1.4362E+02  3.7874E+01
0000004   2.6578E+02  2.2948E+01  2.0571E+02
0000005   5.8189E+02  3.6559E+02  1.9519E+02
0000006   3.8596E+02  5.6376E+01  1.4189E+02
0000007   3.9367E+02  1.4688E+02 -1.4178E+02
0000008   1.8479E+02  1.5050E+02 -4.2578E+02
0000009   5.4917E+02 -1.2670E+02 -1.8204E+02
0000010   3.1308E+02 -2.0606E+02 -4.4496E+01
0000011   8.5312E+02 -1.6590E+02  1.3144E+02
0000012   2.3762E+02  3.0651E+02  1.7036E+02
0000013   2.1066E+02  1.5651E+02  1.2766E+02
0000014   4.5286E+02 -8.7534E+01  1.6174E+02
0000015   1.2213E+02  3.7896E+02  1.1786E+02
0000016   8.7884E+02  1.7200E+02  3.0333E+02
0000017   5.3625E+02  5.0297E+02  2.7714E+02
0000018   1.5075E+02  1.2236E+02 -3.7954E+02
0000019   5.0588E+02 -2.0052E+02 -2.9253E+02
0000020   1.1849E+02  4.3652E+02  4.5971E+01
0000021   5.6160E+02  1.0251E+02  2.7640E+02
0000022   4.8601E+02 -2.0590E+02  2.5183E+02
0000023   7.6346E+01  2.9524E+01  4.8713E+02
0000024   5.1391E+02 -1.4528E+02  1.7410E+02
0000025   2.2029E+02  1.0898E+02 -2.2652E+01
0000026   1.0039E+03 -6.9335E+00 -2.0430E+02
0000027   6.0309E+02  3.3637E+02 -2.9239E+02
0000028   1.3415E+02 -1.3879E+02 -3.0699E+02
0000029   2.7865E+02 -1.1218E+02 -4.5432E+02
0000030   3.5842E+02  9.4609E+01  1.7849E+02
0000031   3.1009E+02  1.7965E+02  1.2558E+02
0000032   5.4408E+02  2.2811E+02 -4.4461E+02
0000033   5.1256E+02 -2.7973E+02 -2.5254E+02
0000034   3.7217E+02  7.7501E+00 -9.3063E+01
0000035   6.6270E+02  2.9527E+02  9.7654E+01
0000036   7.5427E+02 -4.9369E+02 -8.3971E+01
0000037   5.3657E+02  1.0605E+02 -1.7563E+02
0000038   3.1400E+02  1.2967E+02  1.6399E+02
0000039   2.5237E+02 -1.1079E+02 -1.1483E+02
0000040   5.9676E+02 -7.5088E+01 -3.8866E+02
0000041   3.1453E+02  2.1947E+02  3.6376E+02
0000042   2.2123E+02 -1.3670E+02  1.7068E+02
0000043   3.9207E+02  3.8761E+01 -2.1787E+02
0000044   5.2892E+02  5.2573E+01 -1.9789E+02
0000045   4.6078E+02  1.8412E+02  1.1216E+01
0000046   2.5887E+02 -6.9674E+01 -1.5687E+02
0000047   4.3770E+02  1.7018E+02 -3.5931E+02
0000048   4.3224E+02  1.9117E+01 -9.7296E+01
0000049   4.8433E+02 -1.3990E+02 -5.9441E+02
0000050   3.2672E+02 -2.0643E+01 -3.0224E+02
0000051   5.5938E+02 -7.1227E+01 -2.2215E+02
0000052   3.3788E+02 -1.6674E+02 -1.8461E+02
0000053   1.2233E+02 -1.2324E+02  2.8864E+02
0000054   8.5126E+02 -2.0279E+02 -1.8929E+02
0000055   4.7006E+02  9.5099E+01  4.5639E+02
0000056   5.0707E+01  1.6608E+02 -9.9649E+01
0000057   4.0321E+02  4.1970E+02  3.7453E+02
0000058   2.8674E+02 -3.7413E+01  3.1884E+02
0000059   6.7543E+02 -3.7603E+01  1.7111E+02
0000060   3.5771E+02 -3.3632E+01 -2.6954E+01
0000061   4.4495E+02  2.1282E+01  1.6671E+02
0000062   1.6184E+02 -1.1884E+02 -2.2322E+02
0000063   4.9411E+02 -2.6009E+02 -4.3482E+02
0000064   3.5173E+02 -4.2670E+00 -1.6441E+02
0000065   3.3546E+02 -1.3424E+02  1.8641E+02
0000067   4.4481E+02  3.3461E+01 -2.6250E+02
0000068   5.2914E+02  6.5919E-02 -3.0492E+01
0000069   5.1789E+02  2.2886E+02  4.0086E+01
0000070   6.5508E+02 -2.5979E+01 -9.5460E+01
0000071   5.9094E+02 -8.7241E+01 -5.9721E+01
0000072   4.7155E+02 -2.5897E+02 -5.6042E+01
0000073   5.3070E+01  2.5634E+02  5.3268E+02
0000074   8.3062E+02 -5.3401E+00  6.8100E+01
0000075   1.1947E+02 -5.6200E+01  2.4364E+00
0000076   3.1887E+02  1.5202E+02 -1.6281E+02
0000078   2.2423E+01 -4.2977E+02  3.6737E+02
0000079   3.9462E+02  1.9996E+01 -1.2843E+01
0000080   3.4851E+02 -2.2179E+02  3.4804E+01
0000081   4.0798E+02 -1.1855E+01 -1.3298E+02
0000082   3.7948E+02 -7.1573E+01 -1.6394E+02
0000083   2.9618E+02 -2.3987E+02  2.9843E+01
0000084   7.2281E+01  6.4760E+01 -3.3075E+01
0000085   4.2803E+02 -3.0471E+02  1.9252E+02
0000086   3.5045E+02  1.2165E+02  5.5757E+01
0000087   4.0066E+02  1.4375E+02  3.6834E+02
0000088   3.5103E+02  3.4454E+02 -5.5011E+01
0000089   4.5762E+02  3.8446E+01 -4.7170E+02
0000090   5.9951E+02 -1.9707E+02  1.9170E+02
0000091   4.7747E+02 -2.4663E+01  1.3655E+02
0000094   2.8504E+02 -5.3924E+01  1.3441E+02
0000096   4.4651E+01 -7.9324E+01  7.3417E+01
0000097   8.1765E+01 -1.0124E+02 -2.4150E+02
0000098   6.7603E+02 -2.3947E+02  4.1101E+01
0000099   7.1747E+02  2.3647E+02 -2.2946E+02
0000100   1.3504E+02  3.0127E+02  1.4071E+01
0000101   9.0330E+01  4.0190E+01 -2.1893E+02
0000102   4.0256E+02 -1.7950E+01  1.1432E+02
0000103   3.2813E+02 -8.9963E+01 -4.1365E+00
0000104   1.3977E+02 -4.4589E+02 -7.3341E+01
0000105   2.9309E+02 -4.2070E+02 -1.1259E+02
0000106   8.6358E+01  1.4886E+02 -2.6022E+02
0000107   3.4775E+02  3.1351E+02 -4.3388E+02
0000108   2.0633E+02 -1.6548E+02  2.5448E+02
0000109   5.9177E+02 -6.6819E+01 -1.0043E+02
0000110   5.1883E+02 -1.3474E+02  1.8836E+02
0000111   1.0525E+02 -2.7049E+02  3.6091E+02
0000112   6.1216E+02 -2.9938E+01  9.5839E+01
0000113   1.2974E+02 -1.2667E+01 -3.6757E+01
0000114   3.1452E+02  2.4352E+02  2.1703E+02
0000115   4.3203E+02  1.8133E+02 -5.2955E+01
0000116   2.8585E+02 -3.1775E+02  5.7171E+01
0000117   6.1412E+02  3.2920E+02 -2.1938E+02
0000118   2.5180E+02  2.9751E+02 -9.9582E+01
0000119   4.5884E+02  2.0957E+02  3.1943E+02
0000120   4.1445E+02 -3.3892E+01  2.1587E+02
0000121   1.2185E+02  1.7913E+02 -6.1122E+01
0000122   2.2204E+02 -3.3963E+01  3.0789E+02
0000123   1.4519E+02 -6.2909E+02  1.6338E+02
0000124   2.9532E+02  3.7677E+01  2.7207E+01
0000125   1.2782E+02  5.1226E+01 -1.7335E+01
0000126   2.9961E+02 -7.6820E+00 -2.4727E+02
0000127   4.9468E+02  3.0165E+00 -1.3489E+02
0000128   3.9947E+02 -2.3503E+02  1.8759E+02
0000129   5.7732E+02 -1.8597E+02  3.2616E+02
0000130   5.1427E+02 -2.3563E+02 -9.4295E+01
0000131   4.3412E+02  2.2528E+02  1.6055E+02
0000132   2.3482E+02  2.4261E+02  3.0733E+02
0000133   5.4305E+02 -2.2690E+02  2.3764E+02
0000134   2.9065E+02 -1.7116E+02  1.1100E+02
0000135   3.3303E+02  1.1793E+02  1.6428E+01
0000136   4.3190E+02  1.5160E+02 -4.6464E+02
0000137   4.4783E+02 -9.1212E+01  5.8922E+01
0000138   4.9935E+02  3.9041E+02 -1.2241E+01
0000140   5.4154E+02  1.6065E+02  4.1657E+01
0000141   3.3249E+02 -4.5819E+01 -1.0208E+02
0000142   2.7337E+02  4.7641E+02  3.2302E+01
0000143   2.8366E+02 -2.6786E+02  3.3876E+02
0000144   5.3066E+02 -5.7921E+01  1.4606E+02
0000145   7.9648E+01  7.1355E+01  3.0897E+02
0000146   2.5511E+02  1.0360E+02  1.0782E+02
0000147   6.9424E+02  9.6116E+01 -1.8608E+02
0000148   2.0866E+02 -3.1176E+01  8.5099E+01
0000149   1.8546E+02  1.4903E+02  9.2476E+01
0000150   6.7467E+01 -2.1307E+02  6.3658E+01
0000151   7.3223E+02 -3.0081E+02  7.9704E+01
0000152   2.9179E+02  1.7404E+02  6.3701E+02
0000153   2.7571E+02 -5.4958E+01 -7.1712E+01
0000154   3.7962E+02  9.0616E+01 -3.7764E+02
0000155   4.8538E+02  3.4017E+01  4.1662E+02
0000156   6.8232E+02 -1.4464E+01 -1.6547E+02
0000158   4.4418E+02 -5.8584E+00 -6.2023E+02
0000159   4.0192E+02 -4.3486E+02 -9.9901E+00
0000161   4.7868E+02 -3.9940E+02  4.4066E+02
0000162   2.3212E+02 -3.5135E+02  2.2909E+02
0000163   2.0370E+02 -5.2896E+01  1.4758E+02
0000165   8.7391E+02  1.8035E+02  2.5466E+02
0000166   3.2669E+02 -2.1437E+01  3.1259E+02
0000167   1.0640E+02  3.6545E+02 -2.0329E+02
0000168   5.5730E+02  3.4086E+02  1.0255E+02
0000169   4.6774E+01 -1.1069E+02 -2.5033E+02
0000170   3.7681E+02  5.8595E+02 -2.7115E+00
0000171   3.7190E+02  3.0392E+01  2.1892E+02
0000172   2.3203E+02 -1.3746E+02  1.3818E+02
0000173   6.6847E+02 -1.9072E+02  8.0725E+00
0000174   4.4237E+02  7.5232E+01  1.2755E+02
0000175   3.4162E+02  2.8413E+02 -1.2054E+02
0000176   2.9939E+02 -1.3963E+02 -2.3088E+01
0000177   2.0071E+02  1.8199E+02  1.7425E+02
0000178   2.3960E+02  7.3332E+01 -3.2905E+02
0000179   5.7819E+01 -1.4834E+01  1.4209E+02
0000180   5.2381E+02  1.2288E+02 -4.4112E+01
0000181   2.7891E+02  4.6919E+00 -4.0224E+01
0000182   2.8682E+02  1.0933E+02  1.3562E+02
0000183   3.0419E+02  3.2614E+01  2.9243E+02
0000185   4.3583E+02 -8.2675E+01  1.0647E+01
0000186   4.6164E+02  1.7810E+01 -1.5591E+02
0000187   4.8331E+02  1.1610E+02  9.4848E+01
0000188   2.9056E+02  2.8285E+02  2.1950E+02
0000189   5.3736E+02  4.7569E+01 -1.0555E+02
0000190   4.4262E+01  3.7977E-01  1.2735E+02
0000191   5.2362E+02 -3.5329E+02 -7.4950E+00
0000192   5.3265E+02 -2.1022E+02 -6.2929E+01
0000193   6.0183E+02  1.7750E+02 -1.5573E+02
0000194   2.7171E+02  1.3784E+02 -1.9486E+02
0000195   2.3913E+02 -3.4103E+02 -1.1802E+01
0000196   3.3908E+02 -3.0192E+01 -1.1786E+01
0000197   6.3045E+02 -2.0613E+02  1.3716E+01
0000198   2.5259E+02 -8.7469E+01  1.0412E+02
0000199   4.9790E+02  3.7300E+02  1.1112E+02
0000200   2.4173E+02 -2.9299E+02 -1.4662E+02
0000201   1.0869E+02 -2.2939E+02  4.6318E+01
0000202   3.4849E+02  6.2657E+01 -2.1429E+01
0000203   3.8684E+02  8.6287E+01  2.5150E+02
0000204   4.3569E+02 -1.6357E+02 -6.0835E+00
0000205   4.6586E+02 -1.7625E+02 -8.9508E+01
0000206   4.3830E+02  2.7650E+02 -1.5591E+02
0000207   3.5398E+02 -1.8372E+02 -2.8777E+02
0000208   4.4236E+02  2.5104E+02  3.0236E+02
0000209   4.5191E+02  6.6419E+01 -1.1638E+02
0000210   4.4729E+02 -5.1170E+02 -1.0802E+02
0000211   3.0710E+02 -1.2135E+02 -9.0201E+00
0000212   6.0863E+02  2.1563E+02  9.6227E+01
0000213   3.6783E+02  4.6625E+02 -1.4527E+02
0000214   6.2943E+02  2.5112E+02 -1.2370E+02
0000216   2.2644E+01  3.6702E+02 -9.8931E+01
0000217   8.5579E+02 -1.7562E+01  2.5229E+02
0000218   4.9250E+02  1.7467E+02  6.1661E+01
0000219   6.4162E+02 -2.8802E+01  1.6112E+02
0000220   9.8745E+01 -1.4229E+01 -1.0684E+02
0000221   5.4972E+02  2.0528E+02  5.3488E+01
0000222   5.3926E+02  1.0564E+02 -1.1419E+02
0000223   4.5949E+02 -3.9969E+02  1.0968E+02
0000224   2.2188E+02 -1.9516E+02 -4.0910E+02
0000225   4.8615E+02  3.6555E+02  1.1104E+02
0000226   3.9739E+02  1.6744E+02 -2.8065E+02
0000227   7.5673E+02  5.0530E+02  1.3385E+02
0000228   3.9967E+02  2.2051E+02  1.3302E+02
0000229   8.6519E+02 -2.0213E+02 -3.9531E+02
0000230   3.4000E+02 -5.0101E+02  1.5153E+02
0000231   2.1738E+02 -5.4232E+02 -2.7686E+01
0000232   7.7721E+02 -3.3928E+02 -4.3492E+01
0000233   1.6628E+02  6.1167E+01  5.2088E+01
0000234   9.6210E+02 -1.1525E+01 -1.2329E+02
0000235   5.1919E+02  5.1386E+02 -2.5539E+02
0000236   4.2399E+02 -2.1150E+02 -2.0178E+02
0000237   6.6082E+02  2.3159E+02  3.0349E+02
0000238   3.8422E+02 -8.4325E+01  2.5838E+02
0000239   4.5747E+02  2.6446E+01  1.6814E+02
0000240   2.2882E+02 -4.2620E+02 -9.4593E+01
0000242   6.9756E+02  1.0821E+02  2.1053E+02
0000243   7.1899E+02 -1.5272E+02  2.0068E+02
0000244   4.0418E+02 -2.3576E+02  4.6452E+02
0000245   6.3952E+02 -3.2011E+02 -1.3709E+02
0000246   5.2551E+02 -1.3976E+02  3.0741E+02
0000248   1.3157E+02 -2.1356E+01 -1.7270E+02
0000249   4.6250E+02  2.0689E+02  1.9085E+01
0000250   3.7338E+02 -1.1435E+02 -6.3866E-01
0000251   3.6978E+02  1.4514E+02 -2.5146E+01
0000252   3.1639E+02  3.0287E+02 -3.3775E+02
0000253   6.6559E+02  2.8157E+02 -8.7606E+01
0000254   1.1884E+02 -1.0638E+02  9.1619E+01
0000255   1.5089E+01  1.3247E+01  4.7457E+01
0000256   2.0331E+02  4.0376E+00  8.6994E+01
0000257   5.3488E+02 -3.5877E+02  4.1439E+02
0000258   3.8344E+02 -1.1575E+02  8.8406E+01
0000259   3.1789E+02 -4.7903E+01  6.2945E+01
0000260   4.7092E+02 -1.8637E+02 -7.5991E+01
0000261   5.3906E+02 -1.9464E+02 -1.4998E+02
0000262   3.8392E+02  4.3342E+02 -3.8779E+02
0000263   6.3722E+02 -1.6251E+02 -1.6345E+01
0000264   4.6809E+02  6.0469E+01 -1.7580E+01
0000265   1.6958E+02 -1.9143E+02  7.6625E+01
0000266   5.5945E+02 -1.8986E+02 -7.7941E+01
0000267   2.4637E+02  8.4057E+01 -1.5138E+02
0000268   2.2521E+02  2.1635E+02  1.4705E+02
0000269   4.0317E+02  1.0408E+02 -1.4324E+02
0000270   1.0883E+02 -3.8715E+00  2.0618E+02
0000271   4.7265E+02 -2.4023E+02 -6.0185E+01
0000272   4.7576E+02 -3.0337E+02 -1.4586E+02
0000273   4.7008E+02  2.9181E+02 -8.9657E+01
0000274   8.3630E+02 -2.9302E+02 -4.5140E+02
0000275   2.1168E+02 -5.1778E+01 -2.8380E+02
0000276   3.8422E+02  7.8025E+01  9.0218E+01
0000277   3.6474E+02  2.1763E+02 -1.1904E+02
0000278   4.0351E+01 -1.1790E+02  3.6249E+02
0000279   2.7208E+02  1.6457E+02 -5.9601E+00
0000280   4.1514E+02 -7.1287E+01 -1.6515E+02
0000281   1.2807E+02 -3.7730E+02  5.8507E+02
0000282   7.4359E+02 -3.3527E+02 -2.5226E+02
0000283   6.3532E+02 -6.4076E+01 -1.1344E+01
0000284   6.2879E+02 -1.5083E+00  2.8483E+02
0000286   4.6881E+02 -2.5376E+02  1.0563E+02
0000287   7.0261E+02  2.3387E+02  1.7633E+02
0000288   3.7152E+02  3.3253E+02  2.4422E+02
0000289   4.6931E+02 -8.9423E+01  9.5534E+01
0000290   9.5647E+01  1.9648E+02  1.6496E+02
0000291   6.6055E+02  2.8513E+02  2.1296E+02
0000292   5.7743E+02 -1.2360E+02  1.0774E+02
0000294   1.7853E+02 -1.1699E+02 -2.0880E+02
0000295   4.9544E+01  2.9434E+01 -2.0697E+02
0000296   6.2313E+02  1.4381E+01  2.0190E+02
0000298   4.9297E+02 -2.2679E+01  2.4375E+02
0000299   4.1695E+02 -4.3596E+02 -1.6561E+01
0000300   2.7183E+02  8.3505E+00  5.2163E+01
0000301   5.8481E+02  2.3918E+02 -7.3457E+01
0000302   4.3871E+02 -2.2066E+02  1.1194E+02
0000303   6.0140E+02 -3.8760E+01  3.9048E+02
0000304   5.3478E+02  5.5555E+01  2.2571E+02
0000305   6.6130E+02 -1.3274E+01  3.8975E+02
0000306   3.5969E+02  1.1579E+02 -4.6556E+01
0000307   1.3934E+02  7.0126E+01  4.1584E+00
0000308   3.1339E+02  1.4169E+02  1.6815E+02
0000309   4.8402E+01  1.8582E+02 -6.6687E+00
0000310   3.8961E+02 -1.2556E+02  1.6252E+02
0000311   4.4078E+02  4.6674E+01 -7.7747E+01
0000312   1.0809E+02 -3.7556E+01 -1.1858E+01
0000313   5.7051E+02  8.1962E+01  3.1838E+02
0000314   2.5549E+02 -3.8803E+02 -1.3299E+02
0000315   2.4538E+02  1.1719E+02  3.9938E+01
0000316   5.1142E+01 -2.2971E+02  8.3868E+01
0000317   4.1998E+02  5.1473E+01 -1.6472E+02
0000318   6.6668E+02  1.4578E+02 -1.6907E+02
0000319   2.5862E+02 -3.4370E+02 -2.8331E+02
0000320   2.9719E+02 -8.0411E+01 -1.5860E+02
0000321   2.2528E+02 -2.0945E+02  1.7080E+02
0000322   2.0054E+02 -5.3299E+02  6.1668E+00
0000323   8.5198E+02  3.4563E+01 -1.8586E+01
0000325   7.8496E+02 -4.7159E+02 -7.4430E+01
0000326   3.1903E+02  2.5197E+02 -1.7156E+02
0000327   5.7583E+02 -1.8971E+02  3.3273E+02
0000328   1.4372E+02 -2.0307E+02 -1.0817E+02
0000329   4.6623E+02 -4.6276E+02  1.2510E+02
0000330   3.0558E+02  3.4958E+01  3.5560E+02
0000331   5.7507E+02  1.5505E+02 -7.4444E+01
0000332   2.5485E+02  2.5287E+02  2.0260E+02
0000333   3.2591E+02 -8.8938E+01 -3.4848E+02
0000334   3.2590E+02  2.6913E+01 -7.1908E+01
0000335   5.4748E+02 -1.8503E+02  5.1778E+01
0000336   3.7027E+02 -9.5568E+00  9.9708E+01
0000337   3.0308E+02 -2.3323E+02 -2.6654E+02
0000339   6.0898E+02 -1.3311E+02 -2.1333E+01
0000340   4.5882E+02 -1.4195E+02 -1.0640E+02
0000341   2.7985E+02 -5.3751E+01  2.2449E+02
0000342   6.3873E+02  3.0797E+02  3.8938E+02
0000343   3.3093E+02 -1.9531E+02  4.9355E+01
0000344   1.2990E+01  1.9121E+02 -1.3063E+02
0000345   1.0543E+02  3.9584E+02  2.3081E+01
0000346   7.3545E+02  2.8776E+01 -4.6132E+02
0000347   2.7290E+02 -1.1810E+02 -2.7558E+02
0000348   5.5419E+02  5.9085E+01  1.3647E+02
0000349   8.2003E+01  1.5709E+02 -1.4054E+02
0000350   5.7568E+02 -3.8843E+00 -9.2656E+01
0000351   1.8195E+02 -1.4703E+01 -3.4973E+02
0000352   3.4998E+02  8.9404E+01 -4.4061E+01
0000353   2.1807E+02  2.7524E+02  3.3969E+02
0000354   2.5573E+02  1.0495E+02  5.3629E+01
0000355   2.8005E+02  7.0537E+01  8.0198E+01
0000356   6.0118E+02  1.2549E+01 -9.7905E+01
0000357   4.6355E+02 -3.2990E+02 -4.5273E+02
0000358   1.7926E+02  1.4593E+02 -9.7568E-01
0000359   3.3976E+00 -3.3681E+02  1.3144E+02
0000360   2.4615E+02 -6.9338E+01 -3.3933E+01
0000361   3.8797E+02 -1.2978E+02 -1.3723E+02
0000362   3.0743E+02 -2.8583E+02 -2.3258E+02
0000363   4.1317E+02 -2.2399E+02 -1.2189E+01
0000364   6.0627E+02 -2.2241E+02  3.8022E+02
0000365   7.4592E+02 -9.1748E+01 -2.3465E+02
0000366   2.7430E+02 -1.8405E+02  1.9411E+01
0000367   4.0256E+02 -7.1444E+01 -2.2263E+02
0000368   3.6982E+02 -9.1603E+01  1.5061E+02
0000369   2.6373E+02 -5.3120E+01  5.6736E+01
0000370   3.3129E+02  6.9576E+01  2.1139E+02
0000371   7.6661E+02 -2.8033E+02 -7.3545E+01
0000372   4.9385E+02 -2.1110E+02 -4.7870E+02
0000373   9.3285E+01 -2.9019E+02  1.9580E+02
0000374   3.7085E+02 -4.4003E+01 -2.3192E+02
0000375   2.8389E+02 -1.5559E+02 -4.1901E+02
0000376   2.9187E+02  2.6777E+02  3.2216E+02
0000377   5.1681E+02  1.2271E+02 -4.1734E+01
0000378   5.7261E+01 -1.1842E+02  1.3794E+02
0000379   1.3660E+02  4.1466E+00 -2.4874E+02
0000380   3.5496E+02 -1.4942E+02  2.8382E+02
0000381   3.3946E+02 -1.7703E+02 -2.3250E+02
0000382   3.8532E+02 -5.0212E+02  1.4485E+01
0000384   4.5154E+02  1.3532E+01  2.3868E+02
0000385   7.4582E+02 -6.5051E+01 -1.0439E+02
0000386   2.3877E+02  3.2822E+01  2.7907E+02
0000387   4.5409E+02  1.6898E+02 -4.8836E+02
0000388   4.6003E+02  2.0836E+01  1.5256E+01
0000389   5.5322E+02 -1.5115E+02  8.5537E+01
0000390   1.8822E+02  3.6471E+02 -1.2624E+02
0000391   5.6370E+02 -1.5301E+02  1.3445E+02
0000392   3.8765E+02  7.5121E+01 -4.7143E+00
0000393   3.5387E+02 -1.2711E+02  3.7790E+01
0000394   2.5436E+02  1.4842E+02  2.3228E+02
0000396   4.0743E+02  1.1380E+02  2.6149E+02
0000397   6.3441E+01  1.3513E+01 -4.2649E+02
0000398   2.9984E+02  1.7366E+01  5.9416E+01
0000399   4.1322E+02  9.6037E+01 -2.7067E+02
0000400   3.6302E+01  2.0448E+02  2.7524E+02
0000401   5.0230E+02  2.0024E+02  1.6362E+02
0000402   5.4573E+02  3.9836E+01  2.0627E+02
0000403   5.2931E+02  1.8517E+02 -2.5661E+02
0000404   1.9806E+02  2.3386E+02 -9.3156E+01
0000405   3.8011E+01  1.6165E+02  1.5447E+02
0000406   2.3831E+02 -2.1961E+02 -1.3559E+02
0000407   2.1036E+02  4.7447E+02  4.7725E+01
0000408   3.7814E+02 -2.8312E+02  6.0699E+01
0000409   4.9517E+02  1.1548E+02 -4.5225E+02
0000410   3.7705E+02 -8.5246E+01 -3.8690E+01
0000411   3.4256E+02  7.8430E+01  1.2218E+02
0000412   2.6033E+02 -3.6514E+02 -3.5333E+01
0000413   8.5247E+01  5.9663E+01  7.8610E+00
0000414   4.2910E+02  3.3497E+02 -7.7489E+01
0000415   4.5396E+02 -4.5387E+02  2.4374E+02
0000416   3.9881E+01 -1.0823E+02  8.0514E+01
0000417   4.6013E+02 -1.7611E+02  6.3382E+01
0000418   4.3634E+02 -2.8879E+02 -1.0563E+02
0000419   3.2808E+02 -6.0250E+01  2.6176E+02
0000420   5.2703E+02  2.9751E+02  9.9576E+01
0000422   4.3124E+02 -3.6642E+01  2.4354E+02
0000423   3.2499E+02 -6.2548E+01 -2.5942E+01
0000424   3.8948E+02 -9.4116E+01  2.5467E+01
0000425   2.9112E+02 -2.6936E+01  2.5148E+01
0000426   2.0958E+02  1.8067E+02  5.8492E+02
0000427   2.7180E+02 -4.7502E+02  9.0630E+00
0000428   4.8553E+02  2.1689E+02 -8.7936E+01
0000429   7.3678E+01  1.7762E+02 -3.3193E+01
0000430   4.5772E+02 -2.5269E+02 -3.6558E+01
0000431   3.0915E+01 -7.5165E+01 -8.6306E+01
0000432   5.0987E+02  2.8187E+02 -1.2358E+02
0000433   1.6619E+02  6.6778E+01 -3.7182E+01
0000434   1.6315E+02 -3.7747E+01  1.0776E+02
0000435   4.8259E+02  3.1817E+02  1.2265E+02
0000436   5.4517E+02 -3.2847E+02  1.4060E+02
0000437   5.5993E+02  2.3282E+02 -2.1592E+02
0000438   5.4813E+02  2.7380E+02 -3.0115E+02
0000439   3.7182E+02  5.1518E+01 -2.4891E+01
0000440   2.1584E+02  1.8763E+01 -1.5143E+02
0000443   3.2724E+02 -1.3053E+02 -1.7518E+02
0000444   5.7089E+02  2.8262E+01 -1.5718E+01
0000445   7.6879E+02  1.1714E+02  2.1728E+02
0000446   6.7771E+02  4.2636E+01 -4.4289E+02
0000447   2.0411E+02  1.8451E+01 -3.6367E+01
0000448   2.9891E+02  2.1317E+02 -1.1426E+01
0000449   3.6529E+02 -2.3788E+01  6.4937E+00
0000450   4.2657E+02  6.1339E+02  1.1450E+02
0000451   5.9594E+02 -1.2836E+01 -1.2147E+02
0000452   2.6816E+02 -4.8113E+02 -5.6722E+01
0000453   1.6529E+02 -1.1121E+02  4.2882E+01
0000455   4.2327E+02  1.9662E+02 -1.2863E+02
0000456   5.1263E+02  2.9766E+02  4.5610E+02
0000457   3.8925E+02 -4.6666E+02 -1.0839E+02
0000458   8.7062E+02 -6.3583E+01  1.4464E+02
0000459   5.4398E+02 -1.7085E+02 -5.7838E+01
0000460   1.6560E+02 -2.3451E+02 -7.3153E+01
0000461   4.5154E+02  3.0105E+02 -3.4103E+02
0000462   9.1106E+01 -3.9775E+02 -7.1477E+01
0000463   7.7491E+02 -2.4660E+02 -1.4575E+02
0000464   3.2122E+02 -1.6955E+02 -2.6892E+01
0000465   4.6595E+02 -2.1413E+02 -7.2213E+01
0000466   3.6240E+02 -3.5082E+01 -3.8545E+02
0000467   2.4980E+02 -1.3928E+02  2.0820E+01
0000468   3.1346E+02 -1.2999E+02  3.1458E+02
0000469   5.8697E+02 -2.7612E+02 -6.3385E+01
0000470   4.9501E+02  2.5192E+01 -6.8840E+01
0000471   2.1137E+02 -1.6601E+02  2.5795E+02
0000472   3.8018E+02  1.7806E+01 -2.1644E+02
0000473   1.8010E+02  2.2448E+02 -5.1506E+01
0000474   1.7162E+02 -3.0297E+02 -1.9441E+02
0000475   4.6693E+02 -2.3939E+02 -2.2168E+02
0000477   5.7025E+02  3.3014E+02  2.4601E-03
0000478   5.1589E+02 -7.5178E+01  1.8695E+02
0000480   3.8878E+02  2.9381E+02 -5.3630E+02
0000481   4.7792E+02  1.8190E+02  4.1582E+02
0000482   6.0437E+02 -1.5662E+02  1.9088E+02
0000483   7.6995E+01  1.6762E+02  2.5566E+02
0000484   1.2222E+02  5.9623E+01 -2.6470E+02
0000485   2.7434E+02  2.2901E+02 -1.2455E+02
0000486   2.0772E+02 -8.6485E+01  1.9295E+02
0000487   4.6018E+02  2.8063E+02 -3.3153E+02
0000488   5.3339E+02  3.0662E+02 -2.3860E+02
0000489   4.9446E+02  1.0862E+02  3.1746E+02
0000490   2.9221E+02  2.2473E+02 -1.9998E+02
0000492   5.4843E+02 -3.0491E+01  1.0924E+02
0000493   6.0596E+02 -6.0464E+01 -1.5013E+02
0000494   8.3807E+01  1.4367E+02 -1.6095E+01
0000495   2.9299E+02  1.6806E+01 -1.1910E+02
0000496   1.1237E+02 -1.8657E+02  3.5916E+02
0000497   5.9781E+02 -1.8838E+02 -8.1342E+00
0000498   1.0134E+02 -1.3199E+02  7.0452E+01
0000499   1.9060E+02 -2.9512E+02 -1.2684E+01
0000500   1.4931E+02 -4.3291E+02 -6.9998E+01
0000501   1.6379E+02  6.1836E+01  4.3069E+02
0000502   3.9677E+02 -2.2704E+02  4.1908E+02
0000503   6.0200E+02 -8.5253E+00 -2.7098E+02
0000504   2.0966E+02 -7.4998E+01 -5.7436E+02
0000505   4.2337E+02  1.5345E+02 -5.7138E+01
0000506   3.7000E+02  5.8525E+01  5.3898E+01
0000507   3.8624E+02  2.7247E+02 -1.6007E+02
0000509   3.1767E+02 -1.1599E+02  8.3299E+01
0000510   4.2658E+02 -1.7082E+02  2.8716E+02
0000511   1.9307E+02 -1.3853E+02  3.8969E+01
0000512   7.3830E+02 -3.2864E+02  3.3773E+02
0000513   5.2002E+02 -1.6525E+02 -1.7517E+02
0000514   4.3135E+02  8.2504E+01 -1.5081E+02
0000515   3.2530E+02 -9.1773E+01 -7.1507E+00
0000516   3.9549E+02 -1.5632E+02  3.7019E+00
0000517   5.7952E+02 -2.3387E+02 -8.5614E-01
0000519   3.1536E+02 -9.8315E+01 -2.0382E+02
0000520   1.0250E+02  3.3525E+02  6.2110E+02
0000521   1.5535E+02 -9.6857E+01  1.6896E+02
0000522   2.4808E+02 -7.2264E+01  1.1643E+00
0000523   7.5642E+02 -2.6611E+02  3.9299E+02
0000524   3.1155E+02  1.2260E+01  3.9192E+01
0000525   5.5342E+02 -7.8299E+01 -7.3239E+01
0000526   1.8625E+02 -5.4733E+02 -1.2487E+02
0000527   8.4442E+02  5.1854E+01 -5.1769E+02
0000528   6.6014E+02 -2.7301E+02  1.7511E+02
0000529   9.2249E+01  8.8370E+01  1.5093E+02
0000530   4.4194E+02 -1.6433E+01 -2.0906E+02
0000531   4.4860E+02 -2.2994E+02  1.1509E+02
0000532   2.6937E+02 -4.7487E+01  7.3953E+01
0000533   5.3830E+02  1.0167E+02 -1.3514E+02
0000534   4.8062E+02  3.3290E+01 -1.8376E+02
0000535   1.4554E+02  2.6143E+02 -2.1992E+01
0000536   5.5267E+02 -3.5404E+01  1.3847E+02
0000537   1.7776E+02  1.1607E+02  6.1330E+01
0000538   4.1318E+02  3.2768E+01  2.7492E+02
0000539   3.0522E+02 -2.0601E+02  3.3940E+02
0000540   4.9584E+02 -1.3639E+02  1.8790E+02
0000541   3.9478E+02 -1.7175E+02 -3.8777E+02
0000542   3.2913E+01  1.6308E+02  7.3375E+01
0000543   6.5557E+02  6.1887E+01 -2.4544E+02
0000544   2.8398E+02  9.9233E+01  2.1152E+02
0000546   3.9488E+02 -4.5665E+02  2.6656E+02
0000547   3.6040E+02 -1.8184E+02 -2.1807E+02
0000548   3.3818E+02 -9.8163E+01  2.2483E+01
0000549   2.2707E+02 -1.1401E+02  1.1664E+01
0000550   2.9158E+02 -8.0327E+01 -1.6247E+02
0000551   3.3909E+02 -1.7844E+02 -8.6374E+01
0000552   1.4360E+02 -1.6957E+02  1.0089E+01
0000553   3.9550E+02  7.8293E+01 -1.0355E+02
0000555   2.4826E+02 -3.0517E+02 -4.0565E+01
0000557   8.9672E+02 -1.5377E+02  1.4361E+01
0000558   4.1164E+02  3.4969E+02 -1.9562E+02
0000559   4.5574E+02 -2.9254E+02  4.1063E+02
0000560   4.3724E+02 -2.5053E+02  3.1991E+02
0000561   3.4477E+02  2.2856E+02  8.9472E+01
0000562   3.7546E+02  6.6663E+01 -1.3378E+02
0000563   1.4582E+02 -5.2451E+01  2.3832E+01
0000564   7.3238E+02 -9.1343E+01 -2.1689E+02
0000565   2.0591E+02  1.3337E+02 -8.6887E+01
0000566   4.3108E+02  2.6562E+02 -2.8996E+02
0000567   2.6268E+02 -3.9684E+02  2.8944E+02
0000568   6.2275E+02  5.5744E+01  1.3548E+02
0000569   2.1889E+02 -1.7919E+02  4.2241E+01
0000570   2.9927E+02  6.6995E+01 -4.2405E+02
0000571   4.6911E+02  5.5526E+01 -3.2784E+01
0000572   3.2415E+02  3.0810E+02 -4.9863E+02
0000573   4.2524E+02  4.2047E+02  2.6168E+02
0000574   3.0971E+02  8.3828E+01 -4.7145E+01
0000575   4.0394E+02 -4.0861E+02 -2.6706E+01
0000576   5.1723E+02  1.2491E+01 -8.9429E+01
0000577   6.2338E+02 -1.8124E+02 -3.1865E+02
0000578   4.4356E+02  7.2631E+01 -1.7082E+02
0000579   1.7140E+02  2.0230E+02 -1.4425E+02
0000580   1.5510E+02  1.4368E+02  3.0886E+02
0000581   5.5330E+02 -1.6094E+02  1.8202E+01
0000582   3.9678E+02 -1.2390E+02  1.2220E+02
0000583   2.3491E+02 -3.3044E+02  1.8561E+02
0000584   1.8374E+02 -3.4213E+01  7.1041E+01
0000585   7.1071E+02  1.2222E+02  8.8498E+00
0000586   2.0896E+02  1.5469E+02  3.0676E+02
0000587   7.7079E+02  1.1000E+02  2.5043E+02
0000588   3.6079E+02  8.7227E+00 -3.5973E+02
0000589   4.4593E+02  9.8111E+01 -3.4355E+02
0000591   1.7409E+02 -2.7122E+02 -7.0003E+01
0000592   7.2267E+01  2.8810E+02 -3.7414E+02
0000593   6.5681E+02  3.8323E+02  6.1949E+01
0000594   3.8353E+02 -2.7258E+02  2.1299E+02
0000595   2.8463E+02 -1.9294E+02  8.7070E+01
0000596   4.4690E+02  8.2876E+01  2.3562E+02
0000597   2.9373E+02  2.2999E+02  2.0225E+02
0000598   2.1559E+02 -4.3787E+02 -5.8834E+02
0000599   2.7895E+02  1.4345E+02  2.3592E+02
0000600   5.3165E+02  2.8609E+02 -1.9865E+02
0000601   5.3209E+01  3.1104E+02 -1.7920E+02
0000602   7.5670E+02  3.2809E+02 -7.0275E+01
0000603   2.6792E+02  1.4568E+02  6.6778E+01
0000604   1.3399E+02  5.9212E+01 -3.5548E+02
0000606   5.4136E+02 -1.1830E+01  2.3567E+02
0000607   2.1207E+02  4.1528E+02 -7.8490E+01
0000608   7.4169E+01 -7.8553E+01 -3.6683E+02
0000609   5.2221E+02 -2.4789E+02 -7.9710E+02
0000610   6.2610E+02 -4.0793E+01 -1.5941E+02
0000611   4.8405E+01  2.2404E+01  2.6075E+02
0000612   1.3134E+02 -3.9229E+02 -2.0189E+02
0000613   4.4498E+02  2.5275E+02  7.8510E+01
0000614   2.9378E+02 -1.5836E+02 -7.3085E+01
0000615   5.0533E+02 -1.2564E+02 -1.1494E+02
0000616   4.6607E+02 -8.5728E+01 -3.0036E+02
0000617   6.1600E+02 -1.3609E+02 -9.3559E+01
0000618   3.7063E+02 -1.3955E+02 -1.6432E+02
0000619   7.1414E+02  3.7638E+01 -1.8125E+02
0000620   3.2988E+02 -3.3155E+02  2.2488E+02
0000621   2.8403E+02 -8.3211E+01  5.4278E+01
0000622   5.3925E+02  2.6001E+02  4.5234E+02
0000623   1.9200E+01  2.7986E+01 -9.5156E+01
0000624   4.9892E+02  6.4194E+02  1.7285E+02
0000626   5.6444E+02 -1.1172E+02 -3.6667E+02
0000627   7.4522E+02 -2.6790E+02 -5.1862E+02
0000628   7.1321E+02  2.3695E+02  4.1639E+01
0000629   3.5282E+02 -1.2043E+02  1.3853E+02
0000630   2.6077E+02  9.4982E+01 -3.6956E+02
0000631   1.6438E+02  1.9668E+02 -2.7114E+02
0000632   6.0771E+02  7.1686E+02  2.1653E+02
0000633   4.0920E+02  9.4800E+01  6.2208E+01
0000634   2.0325E+02  3.3168E+01 -1.3651E+02
0000635   6.0085E+02 -1.1648E+02  1.8563E+02
0000636   5.2052E+02  1.0880E+02  1.6807E+02
0000637   4.8113E+01 -1.1626E+02  2.8835E+02
0000638   4.1034E+02  2.6300E+01  2.3077E+02
0000639   2.4706E+02 -1.4219E+01 -3.2970E+02
0000640   3.1320E+02 -2.9822E+02  1.1948E+02
0000641   5.0775E+02 -1.7031E+02  5.0088E+01
0000642   2.1775E+02  3.9157E+02  4.4283E+02
0000643   2.7528E+02  8.3180E+01 -2.4481E+02
0000644   1.0925E+02 -1.1882E+02 -1.1404E+02
0000645   3.2186E+02  2.6209E+02  5.1763E+02
0000646   4.3036E+02 -2.6666E+02  3.2762E+01
0000647   2.5903E+02 -2.4310E+02 -2.1467E+02
0000648   1.6549E+02 -8.0327E+01  1.2919E+02
0000649   6.0222E+02 -6.3499E+01 -2.8724E+02
0000651   2.3788E+02  6.3202E+01 -1.7756E+02
0000652   2.8213E+02 -2.2172E+02 -5.8977E+01
0000653   4.2302E+02  2.0032E+02  1.8350E+02
0000654   3.0523E+02 -3.5720E+02  1.3376E+02
0000655   3.3987E+02  7.3330E+01 -1.4962E+02
0000656   4.1138E+02  3.0613E+02  5.8112E+01
0000657   3.9366E+02 -2.3203E+02 -1.1591E+02
0000658   3.5369E+02  6.0498E+01  1.8969E+02
0000659   5.1445E+02 -2.0716E+02 -1.8315E+01
0000660   6.5448E+02 -8.8225E+01  1.5959E+02
0000661   1.8092E+01 -1.4087E+01 -1.3233E+02
0000662   2.3678E+02 -2.7502E+02  3.6115E+02
0000663   7.2459E+02  2.8654E+02  2.3290E+02
0000665   1.8499E+02  1.9896E+02  3.9741E+01
0000666   3.3684E+02 -2.2135E+02 -6.9625E+01
0000667   2.6994E+02  3.4699E+02  3.5515E+01
0000668   6.3081E+02 -1.4660E+02 -7.5584E+01
0000669   8.5690E+02 -1.4836E+02  1.8722E+02
0000671   4.5782E+02 -7.8885E+01 -2.3293E+02
0000672   2.8199E+02  1.1951E+02 -1.7642E+02
0000673   4.9302E+02  5.8707E+01  4.1899E+02
0000674   1.7693E+02 -1.6308E+02 -8.1222E+01
0000675   4.6325E+02 -9.2602E+01 -5.7070E+01
0000676   2.6190E+02  4.9338E+02  2.6626E+01
0000677   2.7216E+02  1.1396E+01 -6.8835E+01
0000678   2.8437E+02 -8.2566E+01 -3.4819E+01
0000679   1.3718E+02 -4.1981E+00  4.6387E+01
0000680   3.6211E+02 -6.2411E+02 -2.3573E+02
0000681   1.6025E+02 -3.0917E+02  2.6092E+02
0000682   1.4412E+02 -2.4187E+02 -3.0731E+02
0000683   2.5901E+02  5.6628E+01  3.0566E+02
0000684   4.0717E+02 -3.2478E+02  1.4670E+02
0000685   5.2480E+02  2.3904E+02  2.6024E+01
0000686   4.1651E+02 -1.7912E+01  1.0307E+02
0000687   1.7337E+02 -7.9523E+01  9.6033E+01
0000688   6.4265E+02  3.0741E+02  3.3243E+01
0000689   6.6355E+02  5.6153E+01 -1.9037E+02
0000690   5.6921E+02  1.6708E+02 -2.0171E+02
0000691   8.0491E+01  6.0564E+01 -1.4592E+01
0000692   7.0313E+02 -4.2210E+02 -1.3581E+02
0000693   5.4489E+02 -1.7745E+00 -1.5370E+02
0000694   2.8550E+02 -3.5430E+02 -2.3278E+02
0000695   8.1961E+02 -2.4284E+01 -5.0751E+02
0000696   5.2644E+02  1.3624E+02  4.6285E+02
0000697   7.5253E+02  2.4214E+01 -5.1333E+01
0000698   2.3943E+02 -2.3858E+02  1.4394E+02
0000699   7.3332E+02  3.3110E+02  9.3003E+01
0000700   3.9744E+02 -1.8270E+02  3.4588E+02
0000701   2.1497E+02 -2.7406E+02 -1.6291E+02
0000702   8.7042E+02 -4.5088E+01 -1.0763E+02
0000704   1.4278E+02 -1.0291E+02  5.7632E+01
0000705   4.1054E+02 -4.2188E+02 -3.3374E+01
0000706   1.1945E+02  1.6207E+02  1.9391E+02
0000708   7.1838E+02  2.1551E+00 -2.7086E+02
0000709   2.2905E+02 -3.9877E+02  1.0145E+02
0000710   7.1431E+01  5.6392E+01  1.3044E+02
0000711   1.4669E+02  6.3613E+00  1.6807E+01
0000712   2.9342E+02  2.6918E+02 -4.2860E+01
0000714   4.6530E+02  7.6028E+01  1.9354E+01
0000715   5.2053E+01  2.0438E+02  2.3725E+02
0000716   3.2915E+02 -2.3518E+01 -2.3485E+02
0000717   1.5057E+02 -2.6901E+02  1.6177E+02
0000719   3.2412E+02 -8.3691E+01 -1.5570E+02
0000720   3.6809E+02 -1.0223E+01 -1.6241E+02
0000721   2.0178E+02 -1.6960E+02  1.0642E+02
0000723   4.3437E+02  3.1934E+02 -2.1732E+02
0000724   3.6311E+02 -1.4531E+02 -2.7506E+02
0000725   5.3756E+02 -1.4976E+02 -3.5106E+02
0000726   3.0474E+02 -1.5894E+02 -1.7297E+02
0000727   1.6354E+02 -1.5643E+02 -1.4015E+01
0000728   2.4217E+02  9.0488E+01 -8.0616E+01
0000729   3.9908E+02 -1.9307E+02  1.7851E+02
0000730   5.8639E+02  3.1040E+02  2.9533E+02
0000731   4.6973E+02 -2.1296E+02 -2.1215E+01
0000732   2.0073E+01 -4.9405E+02 -2.7742E+02
0000733   4.3354E+02 -1.2095E+02  2.9059E+01
0000735   3.7450E+02  1.2751E+02  9.6238E+01
0000736   1.9046E+02  1.4239E+02  9.3838E+01
0000737   4.7350E+02  3.3681E+01  1.5308E+02
0000738   5.2835E+02 -2.5878E+02 -2.9623E+02
0000739   4.9665E+01  3.1318E+02 -1.4964E+01
0000740   4.1827E+02  4.0243E+02 -5.8904E+02
0000741   7.1066E+02  2.8086E+02  1.5200E+02
0000742   3.2816E+02 -1.0521E+02 -3.5421E+02
0000743   4.7725E+02 -3.7751E+02  5.6371E+02
0000744   1.4239E+02  3.2507E+02 -2.2042E+02
0000745   5.8337E+02 -1.5657E+02 -3.0683E+02
0000746   8.6858E+02  9.8326E+01 -8.8460E+01
0000747   1.0102E+02 -2.5546E+02 -3.1714E+02
0000748   1.6210E+02  1.6346E+02 -1.4022E+02
0000749   1.3764E+02 -1.1153E+02  6.8373E+01
0000750   4.6117E+02  3.1830E+01 -3.9684E+02
0000751   4.8872E+02 -4.2993E+01  2.9845E+01
0000752   5.7946E+02 -9.2007E+00  3.6403E+02
0000753   6.3870E+01  1.3496E+02  6.5374E+01
0000754   1.8795E+02 -2.1299E+02  7.1304E+01
0000755   5.3754E+02 -3.8312E+02  2.3386E+02
0000756   6.9404E+01  2.9705E+02  1.3864E+02
0000757   3.1450E+02  7.5987E+01  9.6518E+01
0000758   5.4012E+02  2.8115E+02  5.1473E+02
0000759   9.1841E+02  3.0292E+02 -7.4752E+01
0000760   5.0650E+02 -1.0968E+02 -1.5945E+02
0000761   5.1645E+02 -5.4605E+01 -4.6475E+01
0000762   8.5889E+02 -4.1872E+01 -4.3656E+02
0000763   5.1890E+02 -2.1995E+02 -2.7943E+02
0000764   5.5257E+02 -6.9632E+00 -5.0152E+02
0000765   4.9706E+02 -7.2343E+01 -3.3085E+02
0000766   5.2285E+02  9.3631E+01  1.2365E+02
0000767   2.1208E+02 -1.5866E+02  2.3549E+02
0000768   7.2455E+02  4.0291E+01  2.0101E+02
0000769   5.7768E+02  1.6723E+02  4.5393E+02
0000770   3.8234E+02  5.4595E+01 -5.3328E+02
0000771   3.6914E+02  2.3322E+02  1.6039E+02
0000772   5.0390E+02 -1.4524E+02 -1.7909E+02
0000773   1.2073E+02  1.1089E+02 -6.6908E+01
0000774   5.3281E+02  3.6571E+02 -2.9649E+02
0000775   5.9316E+02  4.1057E+02 -4.5686E+02
0000776   4.3788E+02  3.7039E+01 -4.4327E+01
0000777   3.0634E+02  4.1203E+01  2.1929E+02
0000778   4.7512E+02 -4.6756E+02 -2.4878E+02
0000779   3.6073E+02 -5.8457E+00 -7.8306E+01
0000780   4.7439E+02 -2.0131E+02  2.3542E+02
0000781   6.1349E+02 -1.2442E+02  2.2044E+02
0000782   3.9725E+02 -3.4123E+02  2.3298E+02
0000783   3.8163E+02  3.0163E+02 -2.9743E+02
0000784   1.5675E+02 -1.3113E+01 -2.4082E+02
0000785   5.5048E+02  7.9182E+01  3.3976E+02
0000786   3.2237E+02  5.5805E+01 -1.9684E+02
0000787   5.9469E+02  1.2415E+02  4.6780E+01
0000788   1.7940E+02  1.7337E+02  2.1747E+02
0000789   4.6459E+02  3.1415E+02  1.2819E+02
0000790   1.3384E+02  2.4837E+02 -3.3580E+02
0000791   5.4435E+02 -3.7464E+02  1.5715E+02
0000792   1.5501E+02  3.8680E+02  3.3036E+02
0000794   7.7820E+02 -1.3781E+02 -3.1206E+02
0000795   1.3049E+02  5.9608E+02 -5.4720E+01
0000796   1.5478E+02 -2.3091E+02 -3.6241E+02
0000797   4.4630E+02  3.6359E+02 -8.8673E+01
0000798   2.5597E+02  2.1816E+01 -8.5076E+01
0000799   8.6394E+02  1.8294E+02 -4.8338E+01
0000800   3.3783E+02  9.4524E+01  3.3824E+02
0000801   6.5368E+02 -9.9807E+01 -1.2595E+02
0000802   6.6164E+02 -1.8395E+02  2.2710E+02
0000803   4.6677E+02  4.3967E+02  6.0060E+01
0000804   3.9944E+02 -2.7427E+01 -2.5116E+02
0000805   2.3959E+02  1.6564E+02  1.6223E+02
0000806   2.5329E+02  3.3943E+02  1.8038E+02
0000807   1.1062E+02  4.3816E+01 -2.4910E+01
0000808   3.8352E+02 -1.1913E+02 -5.4290E+02
0000809   2.8258E+02  1.9353E+02 -5.5062E+01
0000810   5.3687E+02 -1.0743E+02  3.8269E+02
0000811   3.1706E+02  2.7709E+02 -3.9387E+01
0000812   5.8496E+02  5.2886E+01 -3.8345E+00
0000813   5.2103E+02 -2.1253E+02  7.2597E+01
0000814   3.1723E+02  6.6476E+01 -5.7301E+01
0000815   7.6716E+02 -2.2817E+02  3.4413E+02
0000816   5.4977E+02 -2.0081E+01  1.0669E+02
0000817   3.1195E+02  2.9265E+02  2.3391E+02
0000818   4.3252E+02 -4.4436E+02 -2.7740E+02
0000819   6.1567E+02  1.4335E+02  2.2896E+02
0000821   5.3164E+02  5.3629E+01 -1.1664E+02
0000822   3.2617E+02 -1.3051E+02 -4.3234E+02
0000823   6.0411E+02 -4.4633E+02  1.2823E+02
0000824   3.9987E+02 -1.1788E+02 -4.8933E+01
0000825   7.3375E+02 -4.1074E+00 -1.4455E+02
0000826   6.9610E+02 -1.8859E+02  4.8589E+01
0000827   2.1133E+02 -6.5116E+01  2.3077E+01
0000828   1.4268E+02  2.2418E+02 -2.8332E+02
0000829   6.4662E+02 -2.2610E+02 -1.2266E+02
0000830   2.8670E+02 -2.0188E+02  8.8351E+01
0000831   2.3278E+02 -1.9654E+01  1.9364E+02
0000832   4.5852E+01 -1.0297E+00  1.5317E+02
0000834   2.3619E+02 -3.4393E+02  9.6332E+01
0000835   1.2262E+02 -1.7488E+01 -4.3294E+02
0000836   3.6977E+02  9.5356E+01 -1.2188E+02
0000837   1.0102E+03 -8.9990E+01 -4.4435E+01
0000838   2.0910E+02  1.4638E+02 -1.4357E+02
0000839   6.4925E+02  3.8685E+01  1.4631E+02
0000840   6.4162E+02  5.1321E+01 -8.0255E+01
0000841   3.4384E+02  6.0805E+01  1.5605E+02
0000842   1.1800E+02 -4.1516E+00 -5.1429E+01
0000843   3.6560E+02  4.5540E+02 -3.0225E+02
0000844   2.8499E+02  1.0593E+02 -9.0980E+01
0000845   2.6830E+02 -2.7366E+01  6.1954E+01
0000846   2.6173E+02  3.2847E+02  2.0715E+02
0000847   6.3385E+02 -2.1121E+02 -5.0668E+02
0000848   5.1137E+02  1.6077E+02  5.5190E+01
0000849   7.9965E+02 -3.5822E+02  1.3773E+02
0000850   4.3416E+02 -6.8396E+01 -1.9429E+02
0000851   1.3782E+02  2.7880E+02 -2.9738E+02
0000852   1.4953E+02 -1.5740E+02 -1.5509E+02
0000853   2.8685E+02  2.0549E+02  9.1212E+01
0000854   4.3820E+02 -1.1109E+02 -1.4648E+02
0000855   7.2290E+00 -4.0415E+02  1.5759E+02
0000856   2.7082E+02  3.6016E+02 -3.4495E+01
0000857   2.0297E+02 -3.6210E+02 -3.3318E+01
0000858   4.8782E+02  3.6753E+02  1.8394E+02
0000859   3.7288E+01  1.5643E+02  7.9062E-02
0000860   6.6627E+02  1.9634E+02  1.3531E+02
0000861   2.8904E+02 -9.9969E+01 -3.2089E+02
0000862   4.7630E+02 -1.3524E+02  1.9899E+01
0000863   2.1712E+02  3.9890E+00  1.6556E+02
0000864   2.7653E+02  4.5037E+01  3.2253E+02
0000865   3.7527E+02 -1.0821E+02 -7.6738E+01
0000866   4.1741E+02 -3.4135E+02  4.3745E+02
0000867   2.7603E+02  9.8949E+01 -1.0264E+02
0000868   5.7734E+02 -1.8978E+02 -1.1608E+02
0000869   2.1537E+02  3.5191E+01  1.9727E+02
0000870   6.5118E+02  1.8208E+02 -3.3979E+01
0000871   1.2204E+02 -3.0468E+02  2.8331E+02
0000872   3.9766E+02  1.9618E+02 -3.4336E+02
0000873   5.8952E+02 -1.2320E+02  2.6269E+02
0000874   1.2764E+01  1.9344E+02 -4.0730E+02
0000875   9.7813E+01 -1.1989E+02  2.8585E+01
0000876   3.0238E+01 -4.3598E+02 -3.2432E+02
0000877   9.7963E+02  1.8492E+02 -2.8476E+01
0000878   4.9130E+02  2.3046E+02 -1.2396E+02
0000879   2.5150E+02  3.2026E+00 -9.6529E+01
0000880   5.3297E+02 -2.0766E+01  2.8374E+01
0000882   2.0100E+02 -2.9329E+02  4.1162E+01
0000884   2.8769E+02  3.4534E+02  1.4065E+00
0000885   2.8412E+01 -4.3850E+02  3.5721E+01
0000886   3.9561E+02 -2.9286E+01  2.1898E+02
0000887   5.4977E+02  2.8740E+02 -4.2441E+02
0000888   3.4654E+02  3.3861E+02 -8.0060E+01
0000889   3.7698E+02  3.6406E+02  3.3392E+02
0000890   1.4545E+02 -3.7176E+01  9.6909E+01
0000891   7.5165E+02 -1.7876E+01  2.6343E+02
0000892   6.0294E+02  8.7771E+01 -1.8325E+01
0000893   5.3573E+02  2.6746E+02  1.8732E+02
0000894   4.2743E+02  9.4936E+00  1.2222E+02
0000895   7.1409E+02 -1.2225E+02  4.8254E+01
0000896   3.7994E+02 -1.2635E+02  1.1566E+02
0000897   8.5710E+02  2.1475E+02  4.9536E+02
0000898   4.8022E+02 -9.1323E+01 -2.1154E+02
0000899   3.2339E+02  1.9929E+02 -2.9339E+01
0000900   1.4535E+02  7.3428E+01 -1.8021E+01
0000901   6.5976E+02  4.0774E+01 -1.6827E+02
0000902   3.7633E+02  5.0894E+01  1.6696E+02
0000903   1.5060E+02 -4.1821E+02  1.5607E+01
0000904   3.5478E+02 -1.4436E+02 -3.1371E+02
0000905   4.2238E+02  1.0399E+02 -3.4703E+02
0000906   3.4610E+02  3.4615E+02 -1.4123E+02
0000907   5.2310E+02 -1.7404E+02 -1.2020E+02
0000908   2.4954E+02 -1.5829E+02  1.6673E+02
0000909   2.3152E+02 -3.6758E+01  1.7370E+02
0000910   5.0477E+02  1.8841E+01 -3.0267E+01
0000911   4.3951E+02  8.9044E+01 -7.1494E+00
0000912   2.5192E+02  3.2411E+02 -2.3088E+02
0000913   3.7272E+02 -3.7808E+02  1.0079E+02
0000914   4.4812E+02 -2.7216E+02 -2.8511E+02
0000915   5.4555E+02 -1.5562E+02 -4.7064E+01
0000916   5.8948E+02 -1.7745E+02 -1.7240E+02
0000917   4.6645E+02  4.1116E+02  9.8279E+01
0000918   1.5705E+02  3.7594E+02 -2.1104E+02
0000919   3.9511E+02  2.5002E+02 -5.6311E+01
0000920   2.1536E+02  3.0748E+02  3.8338E+01
0000921   9.8116E+01  1.6508E+02  5.1547E+02
0000922   5.4043E+02  2.8595E+02  4.3388E+02
0000923   5.3986E+02 -1.1477E+02  3.9262E+00
0000924   4.6397E+02 -5.7337E+01  2.7159E+02
0000925   4.7155E+02 -2.2389E+02  1.1173E+02
0000927   7.8283E+02 -8.9493E+01 -6.7758E+01
0000928   8.0009E+02  4.1676E+01 -9.2050E+00
0000929   4.4353E+02 -1.1644E+02 -1.3508E+01
0000930   2.9582E+02 -1.5120E+02 -1.9132E+02
0000931   4.9067E+02 -1.0644E+02  1.4645E+02
0000932   1.8791E+01 -4.2513E+02  6.7388E+01
0000933   2.1060E+02 -2.1554E+01 -8.5610E+01
0000934   7.0691E+02 -2.3676E+02  2.6031E+01
0000935   4.9547E+02  1.4038E+02  2.9898E+02
0000936   4.4151E+02  7.5299E+01  1.8366E+02
0000937   2.7485E+02 -9.6067E+01 -4.2459E+02
0000938   3.3861E+02 -1.1631E+02  4.4869E+02
0000939   9.8973E+01  1.5314E+02 -5.6437E+01
0000941   5.3556E+02 -2.3846E+02 -1.0368E+02
0000942   4.4094E+02  1.7203E+02 -3.7416E+02
0000943   4.1345E+02  1.1452E+02  1.9223E+01
0000944   3.0032E+02 -2.5530E+02  2.0187E+02
0000945   7.2712E+02  1.1956E+02  5.1855E+01
0000946   6.0998E+02  2.8398E+01  2.6961E+00
0000947   5.4855E+02  2.9305E+02  8.1542E+01
0000948   4.7588E+02  7.5418E+01 -2.6067E+02
0000949   5.0774E+02 -1.9864E+02 -1.6876E+02
0000950   1.4703E+02  8.1180E+01 -5.2232E+02
0000951   7.7614E+02 -2.9093E+02 -3.4573E+02
0000953   6.7541E+02 -1.4483E+02  8.8030E+01
0000954   9.2449E+02 -1.7098E+02  3.7824E+01
0000955   4.5755E+02  3.9944E+02  1.4672E+02
0000956   4.4582E+02  8.2728E+01 -2.2545E+01
0000957   6.9902E+02 -1.2929E+02  1.7165E+02
0000958   4.9063E+02 -1.6487E+01  1.6684E+02
0000959   4.7526E+02 -1.2896E+02  8.6349E+00
0000960   4.3128E+02 -4.2200E+01  6.3450E+01
0000961   6.9034E+02  2.6922E+02  3.1473E+02
0000962   4.4483E+02 -3.2239E+02  7.0340E+01
0000963   3.5820E+02  1.9503E+02  2.0079E+01
0000964   6.0401E+02  2.1106E+02 -3.9024E+02
0000965   7.9610E+02 -1.4653E+02  2.0980E+02
0000966   5.8358E+02  3.5328E+02 -1.1877E+02
0000967   5.3406E+02 -1.7128E+02  1.5345E+02
0000968   2.1451E+02  2.7685E+01  1.0654E+02
0000969   4.0040E+02 -6.1552E+01  1.3597E+01
0000970   8.2839E+02 -1.0202E+02  4.4887E+01
0000971   7.3904E+02 -1.4433E+02  9.6024E+01
0000972   3.5533E+02  1.8664E+02  8.0408E+01
0000974   2.0237E+02  2.6925E+02  2.6086E+02
0000976   4.7190E+02 -9.4149E+01 -1.9878E+02
0000977   4.8310E+02 -5.4519E+02 -1.9275E+02
0000980   6.9824E+02 -5.5215E+02  1.8813E+02
0000981   2.0730E+02 -2.8598E+02  1.8299E+01
0000982   5.3679E+02 -5.0736E+02 -3.4194E+01
0000983   6.7805E+02 -1.6465E+02  1.0593E+02
0000984   4.8019E+02 -3.2006E+01 -1.4733E+02
0000986   4.2907E+02  1.4424E+02 -1.3314E+02
0000987   7.2736E+02 -2.3906E+02  9.2636E+01
0000988   6.1628E+02 -2.0954E+02  4.7068E+01
0000989   1.1419E+02 -2.8556E+01  2.3912E+02
0000990   6.8020E+02  1.7544E+02  2.3013E+02
0000991   7.9903E+02 -1.7846E+00 -1.5841E+02
0000992   3.7921E+02  3.1428E+02  1.3529E+02
0000993   7.4963E+00 -1.0759E+02 -2.0911E+02
0000994   6.9230E+02 -1.5614E+02 -8.0846E+01
0000995   3.2565E+02 -1.4754E+02  7.7678E+01
0000996   3.7914E+02 -8.0828E+01  3.2583E+02
0000997   2.5239E+02  1.1691E+01  6.4913E+01
0000998   2.1265E+02 -3.9500E+02  1.1208E+02
0000999   1.5339E+02  4.7234E+02  3.6507E+02
0001000   6.0178E+02 -1.0163E+02 -5.0369E+02
