============================== SRIM-2013.00 ==============================
==============================================================================
====== SRIM Outputs\RANGE_3D.txt : File of Final Ion Positions =====

Ion =  F (09)   Ion Mass= 018.9984
Energy  = 4000000.E-05 keV
Ion Angle to Surface = 00.0 degrees
==================== TARGET =======================
  Layer # 1 - None
  Layer # 1 - Bottom Depth=500000.E-01 A
  Layer # 1 - Density =0007.8700 g/cm3
  Layer # 1 -  100 % of Fe
様様様様様様様様様様様様様様様様様様様様様様様様様様
                                            
Ion       Depth  X   Lateral Y   Lateral Z  
Number    (Angstrom) (Angstrom)  (Angstrom) 
-------  ----------- ----------- -----------
0000001   2.1182E+02 -8.2200E+00  6.2940E+02
0000002   2.5709E+02  2.2173E+02 -7.9456E+01
0000003   6.2362E+02 -2.4120E+02  3.6196E+02
0000004   3.0066E+02 -1.9881E+02  1.6823E+02
0000005   2.8316E+02 -2.6383E+01 -5.7295E+01
0000006   4.5120E+02  2.2968E+02 -2.0240E+02
0000007   1.6747E+02 -2.9821E+02 -1.5243E+01
0000008   5.9050E+02  5.9253E+02  1.5141E+02
0000009   6.3360E+02  6.5921E+01  2.7291E+02
0000010   6.6386E+02 -2.7175E+02 -2.6089E+01
0000011   3.1718E+02 -2.9020E+02  2.0276E+02
0000013   2.9685E+02 -9.0639E+00  1.4106E+01
0000014   1.2177E+02  1.3185E+02 -2.7393E+02
0000015   4.3598E+02 -2.9169E+02  4.1658E+02
0000016   2.4167E+02  2.9116E+01  2.6899E+02
0000017   4.8389E+02 -6.8800E+02 -3.4611E+02
0000018   1.9525E+02  1.2218E+02  1.9192E+02
0000019   8.7290E+02  2.0386E+02  2.7992E+02
0000020   3.3202E+02 -6.4059E+01  3.1980E+01
0000021   4.4861E+02  2.0004E+02 -2.8726E+02
0000022   5.1146E+02 -2.7966E+01  1.5421E+02
0000023   2.9258E+01 -8.5313E+00 -6.7284E+01
0000024   6.5380E+02  2.4515E+02  1.1156E+02
0000025   5.7310E+02 -8.5138E+00  1.3962E+02
0000026   2.4554E+02 -6.5547E+01 -8.1166E+01
0000027   2.1414E+02  3.5406E+02  2.9119E+02
0000028   4.9763E+02 -1.5663E+02 -2.8429E+02
0000030   2.6871E+02 -8.6618E+01  2.7760E+02
0000032   1.1845E+02  1.5499E+02 -1.7422E+01
0000033   3.8183E+02 -1.8748E+02  3.8413E+02
0000034   2.1268E+02  1.3364E+02 -9.1801E+01
0000036   4.8005E+02  3.3211E+02 -8.4792E+01
0000037   1.6558E+02 -2.7876E+01 -3.8410E+02
0000038   5.8423E+02 -1.0288E+02 -2.4553E+02
0000039   3.2557E+02  6.7505E+01 -1.1455E+02
0000040   4.7683E+02 -1.0500E+02 -1.8497E+02
0000041   3.0040E+02 -4.2480E+01  2.4870E+02
0000042   5.9307E+02  2.0248E+01  1.0840E+01
0000043   6.0957E+02  1.3869E+02 -5.1052E+01
0000044   1.8410E+02 -3.9425E+02  2.7015E+02
0000045   5.2559E+02  2.4691E+02  5.7130E+02
0000046   3.0570E+02 -5.0770E+02 -2.9541E+02
0000047   4.1670E+02 -3.9050E+02 -2.8858E+02
0000048   4.7444E+02 -3.4852E+02 -1.8565E+02
0000049   1.5568E+02  1.1165E+02 -3.5757E+02
0000050   1.4933E+02  1.2383E+02 -2.8273E+02
0000051   2.6328E+02  8.7446E+01  3.0129E+01
0000053   5.4171E+02 -1.1521E+02  1.9227E+02
0000054   4.4953E+02  2.2662E+02 -7.2099E+01
0000055   3.3773E+02 -1.7886E+02  1.7427E+02
0000056   2.2869E+02 -3.3933E+01 -6.6802E+00
0000057   4.7825E+02 -5.6430E+01 -2.5606E+02
0000058   1.1536E+02 -4.9644E+02  2.3961E+01
0000059   4.2034E+02 -3.1154E+02 -1.7592E+02
0000060   6.6466E+02  9.7879E+01  1.6988E+02
0000062   1.0627E+02  2.8148E+02 -2.3634E+02
0000064   4.2402E+02  4.4805E+00 -7.1270E+01
0000065   3.9188E+02 -1.0114E+02  2.2420E+02
0000066   6.0775E+02  2.9270E+02 -4.4615E+02
0000067   2.6920E+02  2.1890E+02  1.2838E+02
0000068   5.1887E+02 -3.1074E-01 -1.5090E+02
0000069   4.8411E+02  2.2508E+02  1.1517E+01
0000070   4.5735E+02  3.2663E+02 -1.5504E+02
0000071   4.4618E+02 -5.3031E+01 -1.5588E+01
0000072   2.0804E+02  2.7323E+02 -5.8213E+02
0000073   4.8961E+02 -2.0419E+02 -8.2743E+01
0000074   5.5218E+02 -2.1486E+02  1.3010E+02
0000075   6.6804E+02 -2.3459E+02 -1.8811E+02
0000076   2.4942E+02  4.3553E+01 -1.3002E+02
0000077   9.1556E+02 -9.9318E+01 -5.1283E+01
0000078   4.2566E+02 -1.4129E+02 -1.0532E+02
0000079   4.9869E+02 -4.7778E+00 -1.3989E+02
0000080   2.5557E+02 -1.0554E+02 -5.2052E+01
0000081   6.5878E+02  3.1530E+02  1.7598E+02
0000082   1.0865E+02  6.8039E+01 -3.1248E+01
0000083   2.8923E+02 -4.2722E+01 -1.3596E+02
0000084   2.1831E+02 -2.5633E+02  1.1738E+02
0000085   3.7954E+02  1.1343E+02 -2.2327E+02
0000086   2.2492E+02  5.9066E+01  9.1643E+01
0000087   3.4094E+02 -2.5270E-01  6.8905E+01
0000088   3.1758E+02  1.0929E+02 -2.7423E+02
0000089   8.4847E+02 -3.6953E+02 -2.4263E+02
0000090   5.2635E+02 -1.7647E+02 -3.0349E+02
0000091   2.2962E+02  2.4420E+01  2.2880E+02
0000092   7.1587E+02  4.4511E+02 -2.7908E+02
0000093   1.9308E+02  1.2217E+02  7.4031E+01
0000094   6.2217E+02 -3.8233E+01  3.8032E+01
0000095   2.8343E+02  2.9350E+01  8.6082E+01
0000096   6.1593E+02 -1.2485E+02  1.1579E+02
0000097   2.7964E+02  1.9015E+02  1.8369E+01
0000098   9.4860E+02  4.4556E+02 -3.4294E+02
0000099   4.5187E+02  1.7490E+02  4.2041E+01
0000100   4.6710E+02 -7.7583E+01 -1.4728E+02
0000101   4.4439E+02 -5.9664E+01 -3.6451E+02
0000102   5.8961E+02  8.9783E+01  2.5725E+02
0000103   6.8645E+02 -2.8011E+02 -4.4070E+01
0000105   4.4525E+02  1.9105E+02  3.2867E+02
0000106   2.8431E+02 -3.6143E+02 -4.4836E+01
0000107   5.2739E+02  3.6106E+01  2.1154E+02
0000108   2.9263E+02 -4.9877E+02 -1.0542E+02
0000109   5.8006E+02 -1.1188E+02  6.6467E+01
0000110   4.2045E+02 -3.9253E+01  1.1561E+02
0000111   1.0876E+02  4.8955E+01 -1.9130E+02
0000112   1.0813E+02 -1.8837E+02 -1.0494E+01
0000113   5.6486E+02 -2.5221E+02 -1.3737E+02
0000114   4.5648E+02 -3.0754E+02  3.2061E+02
0000115   1.7441E+02  1.7702E+02 -1.1780E+02
0000116   2.2542E+02 -3.1072E+02 -2.0777E+02
0000117   6.3156E+02 -2.6588E+02  3.5512E+02
0000118   1.6814E+02 -4.6529E+01 -4.0200E+02
0000120   2.9315E+02  1.5684E+01 -2.1225E+02
0000121   1.7243E+02 -8.1238E+01 -7.7773E+01
0000122   3.0162E+02  2.2368E+02 -2.2519E+02
0000123   4.9074E+02  2.2997E+02 -1.2749E+02
0000124   7.2917E+02  1.5535E+02 -4.0493E+01
0000125   3.2730E+02  3.0481E+02 -3.8993E+02
0000126   6.8931E+02 -2.5777E+01 -4.8636E+01
0000127   3.1854E+02 -2.1400E+02 -6.3437E+01
0000128   4.4824E+02 -2.8384E+02  1.5272E+02
0000129   2.2521E+02 -3.5188E+02 -1.5204E+02
0000130   3.3440E+02 -3.9499E+01 -4.1857E+02
0000131   7.5096E+02 -3.6796E+02  2.3413E+02
0000132   6.1773E+02  4.5820E+01 -2.5982E+02
0000133   3.7077E+02  2.5974E+02 -1.9216E+02
0000134   5.8953E+02 -4.6910E+02  7.6812E+01
0000135   2.0790E+02 -2.7101E+02 -1.0139E+01
0000136   6.1750E+02  8.9777E+00 -1.0048E+02
0000137   2.9542E+02  1.3935E+02  3.2035E+02
0000138   3.2300E+02 -1.3621E+02  4.3622E+01
0000139   1.7202E+02  1.2010E+02 -7.5958E+01
0000140   1.9845E+02  1.8421E+02  2.3024E+02
0000141   4.6508E+02 -2.6169E+02  2.9841E+01
0000142   1.5186E+02  2.3287E+02  2.2272E+02
0000143   6.2119E+02 -1.9168E+01 -2.0503E+02
0000144   3.3182E+02 -1.3947E+02 -1.9906E+02
0000145   6.3452E+01 -6.8454E+01  3.8480E+02
0000146   3.9121E+02  4.3362E+01 -6.7846E+01
0000147   7.8940E+01  3.4556E+02 -4.7367E+02
0000148   1.0473E+02 -2.3994E+02 -9.6816E+01
0000149   4.4945E+02 -8.0987E+01  1.4822E+02
0000150   4.6221E+01  1.6352E+02  1.7578E+01
0000151   6.4163E+01  2.9141E+01 -1.6823E+02
0000152   4.7661E+02 -2.1866E+02 -2.4608E+02
0000153   5.0613E+02  2.2906E+02 -5.5356E+01
0000154   3.7061E+02 -8.8555E+01  4.3972E+01
0000155   5.8218E+02 -9.4254E+01  1.6909E+02
0000156   5.0607E+02  2.8606E+02 -3.5991E+02
0000157   1.8512E+02 -5.1159E+01  7.0016E+01
0000158   5.3385E+02  6.6724E+01  1.9255E+00
0000160   4.3954E+02 -1.1749E+02  2.2487E+02
0000161   2.1873E+02  4.1963E+02 -8.8042E+01
0000162   1.3308E+02  2.5746E+02  1.1335E+02
0000163   1.9443E+02 -4.8254E+02  4.7218E+02
0000165   8.3156E+01 -2.4985E+02 -5.4402E+02
0000166   2.1739E+02  2.5671E+00  2.0594E+02
0000167   6.7799E+02 -2.2857E+02 -8.0286E+01
0000168   3.8411E+02 -2.0745E+01 -4.8031E+00
0000169   3.6395E+02 -2.9888E+02 -4.1094E+01
0000170   2.7604E+02 -3.0694E+02 -1.4578E+02
0000171   3.8549E+02  7.6155E+01  9.2705E+00
0000172   1.6626E+02 -4.0868E+02  4.5444E+01
0000173   2.2080E+02  6.6082E+02  1.0916E+02
0000174   6.6360E+02  4.0662E+01 -1.1782E+02
0000176   3.6907E+02  1.6391E+02 -1.8618E+01
0000177   4.8461E+02  6.2076E+01 -1.2615E+02
0000178   9.8444E+00  2.4946E+02  1.4196E+02
0000179   6.8336E+02  2.2623E+02  9.5855E+01
0000180   1.6218E+02 -2.6979E+00 -4.5494E+02
0000181   2.0779E+02  1.7605E+02  4.4917E+02
0000182   3.6463E+02 -1.9677E+02 -6.2517E+00
0000183   1.8423E+02  3.1283E+02  8.3110E+01
0000184   2.5333E+02  9.7186E+01 -3.6083E+01
0000185   5.8763E+02  9.8530E+01 -5.4632E+01
0000186   4.6310E+02 -1.2693E+02  6.3935E+01
0000187   1.2433E+02  2.8445E+02  1.0082E+02
0000188   4.6340E+02 -3.4173E+02  2.3242E+02
0000189   1.1896E+02 -1.2345E+02  3.9189E+02
0000191   5.6879E+02  9.4072E+01 -1.0777E+02
0000192   2.5909E+02 -1.9378E+02 -3.6845E+02
0000193   3.7490E+02  5.9569E+01  1.9738E+02
0000194   3.9620E+02  1.2121E+02  2.7593E+01
0000195   2.6713E+02  9.3518E+01  5.6692E+01
0000196   6.8320E+02  7.1541E+00 -1.1058E+02
0000197   6.2303E+02  2.9928E+01 -9.3094E-02
0000198   2.4852E+02 -5.6828E+01  2.9091E+01
0000199   5.6262E+02  3.3985E+02 -1.0778E+02
0000200   5.9563E+02  2.4552E+02  8.0954E+01
0000201   2.5937E+02  2.5867E+02 -4.0160E+02
0000202   4.7605E+02  2.1909E+02  8.6937E+01
0000203   6.9113E+02 -8.3679E+01 -1.9563E+02
0000204   3.2327E+02 -3.5401E+02  9.8404E+01
0000206   2.9295E+02 -2.1188E+02  4.3453E+01
0000207   6.4789E+02  2.3189E+02  3.4625E+02
0000208   3.8927E+02  3.9577E+02 -3.7254E+01
0000209   5.9666E+02 -2.3017E+02 -1.5652E+02
0000210   2.9658E+02 -1.2035E+02  4.5524E+01
0000211   7.5175E+02 -3.5140E+02  1.4934E+02
0000212   4.8575E+02 -3.4559E+02  2.6384E+02
0000213   3.1987E+02 -2.9806E+02 -2.3843E+02
0000214   3.5111E+02  2.9999E+01  1.0431E+02
0000215   5.8561E+02 -3.6203E+02  2.3478E+01
0000216   6.9643E+02 -8.8214E+01 -6.1826E+01
0000217   3.0810E+02  5.2770E+02 -5.6555E+02
0000218   4.9795E+02 -1.6571E-01  2.7767E+02
0000219   1.9071E+02  2.1947E+02 -3.9626E+02
0000220   1.4727E+02 -4.2416E+02  7.3507E+01
0000221   3.3384E+02  1.4223E+02 -5.3178E+01
0000222   1.6031E+02  1.0182E+02 -1.1808E+02
0000223   5.1838E+02 -4.0648E+01 -3.5720E+02
0000224   8.4769E+02  1.8097E+02  2.4594E+02
0000225   4.9148E+02 -1.3559E+01 -7.0490E+01
0000226   5.6711E+02 -1.7877E+02  4.3531E+02
0000227   4.5091E+02 -9.4583E+01 -2.6553E+02
0000228   2.1203E+02  6.0095E+01 -4.8430E+02
0000229   6.8725E+02 -4.4521E+00  1.6578E+02
0000230   5.8980E+02 -2.7821E+02 -1.7634E+01
0000231   5.6123E+02 -8.6369E+01  1.4535E+02
0000232   3.5182E+02  9.8145E+00  6.1860E+01
0000233   4.8057E+02  4.4240E+02 -1.4279E+02
0000234   6.5288E+02  7.7777E+01  2.5752E+02
0000235   5.3904E+02 -6.7257E+01 -2.0716E+02
0000236   6.0322E+02 -2.4927E+02  3.9923E+02
0000237   2.9696E+02  3.3010E+02 -2.2115E+02
0000238   4.4203E+02 -9.4642E+01 -1.9778E+02
0000239   3.8602E+02 -1.3997E+02 -1.0983E+02
0000241   1.3806E+02 -6.0494E+02  1.7376E+02
0000242   2.4950E+02  1.0578E+02 -2.7630E+02
0000243   2.2898E+02 -2.3048E+02  8.3485E+01
0000244   4.5701E+02 -2.6125E+02  1.6894E+02
0000245   3.9254E+02  2.5788E+02 -7.4676E+01
0000246   1.7457E+02  2.0831E+02 -4.2487E+02
0000247   7.1380E+02  2.4888E+02  2.3164E+02
0000248   3.7238E+02 -1.7771E+02  1.9398E+02
0000249   3.8405E+02 -1.0417E+02 -4.3536E+02
0000250   7.7577E+02  1.3213E+02 -3.4713E+02
0000251   2.8947E+02  4.0032E+02 -2.5043E+01
0000252   1.7438E+02  1.0008E+02 -2.9036E+02
0000253   2.4735E+02 -3.8399E+02 -3.1782E+02
0000254   7.0226E+02 -1.3526E+02 -1.1210E+02
0000255   5.5201E+02 -5.0762E+01  1.5121E+02
0000256   7.5864E+02 -1.2069E+02  7.5808E+01
0000257   6.4446E+02 -2.1755E+02 -1.7051E+02
0000258   3.5069E+02  1.5041E+02 -1.7228E+02
0000259   5.0149E+02  3.6158E+02  4.9096E+01
0000260   1.6787E+02 -3.3030E+02  1.2506E+02
0000261   1.2383E+02 -1.4456E+02 -2.2790E+01
0000262   4.2688E+02 -1.3618E+02 -1.9601E+02
0000263   5.4942E+02 -3.1589E+02 -4.9310E+02
0000264   5.9557E+02 -3.2013E+01 -2.8152E+01
0000265   5.1740E+01  1.2382E+02 -5.0801E+01
0000266   3.0410E+02  1.0156E+02 -2.8460E+02
0000267   3.6241E+02  3.1321E+00  3.7418E+02
0000268   4.9276E+01 -1.5886E+02 -1.5066E+02
0000269   2.7814E+02  3.1945E+01  5.3266E+02
0000270   3.9821E+02  2.7084E+02  2.7704E+02
0000271   4.5308E+02  3.4818E+02 -7.8037E+01
0000272   6.3753E+02  1.2120E+02  7.3786E+01
0000273   4.8811E+02  2.2619E+02 -1.4036E+01
0000274   5.3943E+02  3.1294E+02 -1.2177E+02
0000275   5.9261E+02  3.8646E+01  3.2263E+00
0000276   8.3710E+01  3.3553E+02  3.3204E+02
0000277   7.1828E+01  2.7621E+02 -3.0265E+02
0000278   1.8985E+02 -6.8328E+01 -1.5734E+01
0000279   8.7033E+02  3.2556E+02 -3.8494E+01
0000280   4.3605E+02  1.2890E+02 -1.5580E+02
0000281   7.8430E+02  2.2702E+01 -2.9767E+02
0000283   5.1598E+02  1.2774E+02  4.4541E+02
0000284   4.9355E+02  8.7349E+01 -2.3970E+02
0000285   7.7318E+02  5.1531E+01 -8.0472E+01
0000286   1.0621E+02 -7.9938E+01  5.7127E+00
0000287   6.4704E+02 -5.1977E+01  6.6671E+01
0000288   2.1842E+02  3.9487E+02 -1.9323E+01
0000289   2.5692E+02 -8.2574E+00  2.5767E+02
0000290   3.3470E+02 -4.9784E+02 -4.0319E+02
0000291   3.5231E+02 -6.2898E+01  1.8482E+02
0000292   9.9064E+01 -1.8544E+02 -1.0692E+02
0000293   4.6850E+02  4.1406E+01  1.4277E+02
0000294   7.8272E+02 -1.1267E+02  1.9854E+02
0000295   5.0584E+02  3.2719E+02  1.1371E+02
0000296   1.1125E+02 -8.8036E+01 -8.4641E+01
0000298   3.3408E+02  9.7631E+01  1.3093E+02
0000299   4.2962E+02 -1.0688E+02 -1.7663E+02
0000300   3.6788E+02  1.2726E+02  3.8254E+02
0000301   5.5958E+02 -1.6519E+02 -7.3158E+01
0000302   4.1673E+02 -1.3945E+00  1.0161E+02
0000303   2.6078E+02 -2.3924E+01 -2.5288E+01
0000304   4.1787E+02 -9.6480E+01 -5.5767E+01
0000305   5.2545E+02 -1.6947E+02 -3.0665E+02
0000306   7.4950E+02  9.9655E+01  4.1267E+02
0000307   4.4533E+02  1.7165E+02  4.7766E+00
0000308   6.9544E+02  2.3401E+02 -4.2830E+01
0000309   2.1569E+02 -4.9957E+01 -4.7305E+02
0000310   5.2039E+02 -1.5090E+02  3.2058E+02
0000311   2.6125E+02 -2.7251E+02 -1.9476E+01
0000312   8.5648E+01  1.0286E+02 -8.5724E+01
0000313   4.2770E+02  2.1038E+02  4.2127E+02
0000314   1.9492E+02 -1.3345E+02 -1.0451E+02
0000315   2.7103E+02 -1.9048E+02 -2.3649E+02
0000316   2.3532E+02  5.8684E+01 -1.3828E+02
0000317   7.5415E+02 -3.4093E+02  9.4372E+01
0000318   6.0223E+02 -9.0056E+01 -2.9650E+02
0000319   3.3089E+02 -2.1123E+02 -5.4136E+01
0000320   2.8273E+02  1.5614E+02  4.3792E+02
0000321   6.7663E+02  1.3277E+02  1.2481E+02
0000323   1.1081E+02 -1.3958E+02 -2.1254E+02
0000324   6.6515E+02  3.2656E+01 -3.7121E+02
0000325   6.1161E+02 -4.8672E+02  2.2359E+02
0000326   3.4448E+02 -6.7843E+01  6.3400E+02
0000327   4.6092E+02 -9.9158E+00  5.5521E+01
0000328   6.5528E+02 -2.6585E+02  4.7854E+00
0000329   4.9164E+02  5.1382E+01  1.1008E+02
0000330   1.6870E+02  1.7423E+02 -1.0235E+02
0000331   3.1935E+02 -2.5010E+01  1.5579E+02
0000332   3.5334E+02  5.2544E+01 -1.6920E+02
0000333   2.6194E+02 -1.5315E+02  1.9712E+02
0000334   3.9386E+02 -1.5641E+02  3.5246E+02
0000335   4.1664E+02  2.1675E+02 -2.2431E+02
0000336   5.0146E+02 -2.0780E+01  4.3810E+02
0000337   5.2540E+02 -5.7090E+00  2.5969E+02
0000338   2.5179E+02  1.6441E+01 -3.3008E+02
0000339   4.1613E+01 -2.0055E+01  2.6302E+02
0000340   2.0894E+02  3.0926E+02  8.6065E+01
0000341   1.6490E+02 -1.7728E+02 -3.8744E+01
0000342   2.9554E+02  1.1934E+02 -4.4860E+01
0000344   4.8557E+02 -4.2342E+01  4.5227E+02
0000345   2.9984E+02  1.1616E+02  5.5819E+01
0000346   6.2628E+02  1.9494E+02  2.0854E+02
0000347   4.0414E+02  8.6812E+01 -3.3474E+02
0000348   5.4609E+02  3.0308E+01 -8.4599E+01
0000349   3.9522E+02  8.5754E+01 -1.4911E+02
0000350   3.1286E+02  3.3137E+02 -2.4489E+02
0000351   5.1114E+02  2.1424E+02  3.0416E+01
0000352   4.8965E+02  1.2874E+02 -6.6215E+01
0000353   1.3760E+02  2.0028E+02  2.7081E+02
0000354   3.4535E+02 -1.2590E+02 -7.3512E+01
0000355   3.4932E+02 -2.9064E+02 -5.9574E+01
0000356   4.9007E+02 -2.3913E+02 -2.9593E+01
0000357   9.1580E+01  1.4542E+02  1.5861E+02
0000358   6.0175E+02  1.0498E+01 -6.8128E+01
0000359   4.6123E+02  1.9383E+02 -5.8916E+01
0000360   6.6511E+01 -2.8155E+02 -8.9015E+01
0000361   4.0574E+02  2.1826E+02  1.3288E+02
0000363   1.7156E+02  1.4534E+02 -4.1865E+02
0000364   5.3130E+02 -5.4028E+02  3.2903E+02
0000365   5.2254E+02  1.2455E+02 -3.1520E+01
0000366   4.7678E+02 -4.6441E+02  3.9237E+02
0000367   3.2576E+02 -1.4021E+02 -7.0053E+01
0000368   6.0722E+02  1.5621E+02 -2.3585E+02
0000369   3.3075E+02  3.2947E+01  2.6292E+02
0000370   6.8250E+02  2.4755E+01  5.7025E+01
0000371   1.6667E+01  5.0409E+01  1.4678E+02
0000372   3.7914E+02  2.9312E+02  1.9959E+01
0000373   3.4043E+02  1.8751E+02 -1.9400E+01
0000374   2.9157E+02  2.3015E+02  2.1056E+02
0000375   5.5698E+02 -3.6525E+02 -2.0410E+02
0000376   1.4894E+02  8.1106E+01  1.3365E+02
0000377   2.3471E+02 -1.5721E+02 -3.0282E+02
0000378   3.9539E+02  6.4871E+00  3.1247E+02
0000379   2.1991E+02  1.0327E+02  1.7677E+02
0000380   5.1276E+02 -2.0873E+02  2.3562E+02
0000381   6.0848E+01  6.8752E+01  1.2806E+02
0000382   4.6890E+01 -3.8373E+01 -1.1964E+02
0000383   8.6327E+02 -2.4464E+02  1.1362E+02
0000384   3.7544E+02 -1.7483E+02 -4.1772E+02
0000385   5.4974E+02  6.1370E+01 -1.2889E+02
0000386   7.2585E+02  4.0499E+01 -4.7518E+02
0000387   4.9456E+02  9.1588E+01  1.4142E+02
0000388   4.2117E+02  1.9221E+02 -2.4056E+02
0000389   2.0891E+02  2.8710E+01  2.5746E+02
0000390   5.2026E+02 -3.2666E+01  1.2370E+00
0000392   7.1159E+02  3.5083E+01  4.1311E+02
0000393   5.2157E+02 -2.8400E+02  1.8074E+02
0000394   1.0747E+02  1.2197E+02  2.5896E+02
0000395   6.8325E+02  7.0539E+01 -7.2328E+01
0000396   4.0673E+02  2.4414E+02 -2.0144E+02
0000397   4.3997E+02 -1.0974E+02  1.2199E+02
0000398   4.1919E+02 -9.9624E+01  1.8884E+02
0000399   3.7155E+02 -1.9906E+02 -5.0170E+02
0000400   1.8205E+02 -2.1896E+02  1.0087E+02
0000401   7.0485E+01  6.0323E+01 -1.1615E+02
0000402   3.2935E+02 -1.8979E+02  6.4159E+00
0000403   2.0358E+02  3.9574E+02 -1.1301E+02
0000404   3.7353E+02  2.3496E+02 -4.7520E+01
0000405   1.8413E+02  1.7967E+02  2.2892E+02
0000406   2.9405E+02  1.6464E+02 -1.2914E+02
0000407   4.0339E+02  1.0742E+02  2.9659E+02
0000408   4.3467E+02 -1.5142E+02 -1.9131E+02
0000409   1.9375E+02 -2.0038E+01  9.4342E+01
0000410   2.1790E+02 -9.4798E+00  1.0745E+02
0000411   2.4174E+02  3.5854E+02  7.0457E+01
0000412   2.5212E+02  2.3632E+02 -5.7708E+02
0000413   4.5599E+02  1.9449E+02  2.5957E+02
0000414   6.4932E+02  1.3336E+02 -2.2120E+01
0000415   4.6598E+02  2.6181E+02  1.3191E+02
0000416   4.8783E+02 -3.5130E+02  3.5522E+02
0000417   5.3403E+02  3.4246E+02  3.6875E+01
0000418   5.2720E+02  1.6396E+02  2.5557E+02
0000419   3.2065E+02 -2.0786E+02  4.5654E+01
0000420   7.5375E+02  1.5163E+02 -2.4564E+02
0000421   1.8541E+02 -7.2642E+01  1.2459E+02
0000422   1.3445E+02 -1.8580E+02 -9.7045E+01
0000424   9.2055E+02  1.5020E+02 -2.0136E+02
0000425   3.7687E+02  9.3155E+00 -3.5672E+02
0000426   6.5755E+02  3.3299E+02 -1.4084E+01
0000427   4.9344E+02  6.6019E+01 -1.7940E+02
0000428   2.7573E+02 -4.7460E+01 -2.2104E+02
0000429   4.8635E+02 -2.7196E+02 -5.3918E+02
0000430   3.8078E+02 -1.0411E+02 -1.6988E+01
0000431   8.2052E+01  3.4412E+02 -1.0531E+02
0000433   3.8257E+02  4.6348E+02  3.2092E+02
0000434   2.3396E+02 -3.4880E+02  2.4527E+02
0000435   2.9340E+02 -2.4114E+02  3.8157E+02
0000436   2.5259E+02  1.2276E+02  1.0189E+02
0000437   4.7737E+02 -1.8741E+02 -2.0525E+02
0000438   2.8917E+02 -2.5006E+01  1.2048E+02
0000439   7.1615E+02 -4.0468E+02  9.0218E+01
0000440   4.7641E+02 -1.3251E+02 -1.3267E+02
0000441   5.1008E+02  9.4715E+01  3.4968E+02
0000442   3.9749E+02 -2.5864E+02 -1.6674E+02
0000443   5.3975E+02  2.2588E+02 -3.9974E+01
0000444   6.8710E+02  1.5365E+02  4.1021E+02
0000445   4.4102E+02 -6.5667E+01  1.2370E+02
0000446   1.4024E+02  1.7648E+02  7.1886E+01
0000447   3.4204E+02  2.7416E+02  1.9483E+02
0000448   3.3862E+02 -4.3466E+01  9.9357E+01
0000449   3.5453E+02  4.4922E+02 -1.5450E+02
0000450   5.5426E+02  4.1708E+02 -5.3235E+01
0000451   5.5310E+02 -2.4079E+00  2.9495E+02
0000452   1.8154E+02  4.3086E+02  1.6925E+02
0000453   4.6998E+02  1.9120E+02 -3.1322E+02
0000454   5.5244E+02 -7.6230E+01 -1.2139E+02
0000455   6.5052E+02  9.0524E+01  8.6982E+01
0000456   4.8062E+02  3.6614E+01 -4.3645E+00
0000457   4.1514E+01 -1.2572E+02 -7.5937E+01
0000458   8.4874E+01  2.2474E+01  4.2312E+02
0000459   3.3819E+02 -2.0654E+01  6.3966E+00
0000460   4.1141E+02 -2.6265E+02  2.3496E+02
0000461   6.2660E+02 -3.2821E+01  2.6349E+01
0000462   4.6529E+02 -5.5789E+01  7.0510E+01
0000463   3.6638E+02 -3.8241E+02 -3.8587E+02
0000464   1.5595E+02 -6.1011E+01 -1.9789E+01
0000465   4.1399E+02 -3.7670E+02 -2.2645E+02
0000466   2.6017E+02  1.2681E+02  3.2365E+02
0000467   1.6278E+02  1.0173E+02  1.6795E+01
0000468   5.9409E+02 -3.3429E+01  2.4653E+02
0000469   5.4766E+02 -3.3135E+02  1.4586E+02
0000470   5.3953E+02 -2.5821E+02 -2.0145E+02
0000471   3.7231E+02  3.5730E+02  4.3783E+01
0000472   7.2990E+02 -3.4164E+02  2.5627E+02
0000473   7.6018E+02  2.6684E+02  1.7911E+02
0000475   3.4187E+02  5.2360E+02 -8.9109E+01
0000476   1.8687E+02  8.2786E+01 -1.9371E+02
0000477   4.9725E+02  6.9759E+01  1.9502E+02
0000478   4.6717E+02 -2.5743E+01  8.0866E+01
0000479   7.4490E+02  3.1953E+02  4.0505E+02
0000480   1.1251E+02 -4.2392E+02  1.9161E+02
0000481   6.7870E+02  1.9565E+02  1.0351E+02
0000482   3.7005E+02 -1.5035E+02  1.0027E+02
0000483   1.5015E+02  3.4890E+02  1.2226E+02
0000484   3.2562E+02 -9.7553E+01 -3.1834E+01
0000485   1.6708E+02  4.6524E+02 -1.7134E+02
0000486   1.4193E+02 -1.4214E+02 -2.0245E+02
0000487   6.0277E+02  7.0495E+01  1.2216E+02
0000488   7.2698E+02  3.7416E+02  2.5071E+02
0000489   1.2632E+02 -8.5936E+01  1.8947E+02
0000490   3.5689E+02 -1.1294E+02  3.3355E+00
0000491   1.7755E+02 -8.1166E+01 -2.0963E+02
0000492   1.6849E+02 -1.2138E+02 -2.0601E+02
0000493   2.5719E+02  2.2237E+01 -1.3094E+02
0000494   5.0856E+02 -2.3140E+02 -1.4089E+02
0000495   9.7695E+02 -3.1035E+02  2.3216E+01
0000496   6.3311E+02  3.2209E+02  7.0689E+01
0000497   4.7200E+02 -3.1528E+02 -2.9180E+02
0000498   5.7195E+02  2.2300E+02 -4.1825E+02
0000499   3.6887E+02 -1.8330E+02 -4.3285E+02
0000500   4.5182E+02 -1.0229E+02 -2.7411E+02
0000501   5.8111E+02 -2.6497E+02 -3.4883E+02
0000502   7.5977E+02 -8.1628E+01 -3.8159E+02
0000503   1.7951E+02  2.0667E+02  3.0777E+02
0000504   7.6422E+02 -9.0126E+01 -9.9411E+01
0000505   2.6963E+02 -5.6747E+01  1.1925E+01
0000506   4.8544E+02 -1.7061E+02 -1.8756E+02
0000507   7.4179E+02 -2.8201E+02  1.3447E+02
0000508   5.2537E+02  2.0563E+02 -2.4459E+02
0000509   7.7700E+02 -2.2515E+02 -1.0453E+00
0000510   3.5628E+02  6.5583E+01  1.3785E+02
0000511   1.8065E+02  1.7810E+02  3.0091E+01
0000512   1.5730E+02  6.5992E+00  1.5187E+02
0000513   3.7797E+02 -3.3488E+01 -2.0009E+02
0000514   5.2193E+02 -3.3201E+02  1.4849E+02
0000515   3.3131E+02 -2.7924E+02 -2.4232E+02
0000516   6.1033E+02  1.3766E+02  2.6577E+02
0000517   4.9584E+02 -2.1584E+02 -2.5570E+02
0000518   2.4816E+02 -9.9774E+01  1.5878E+02
0000520   1.7606E+02  3.5684E+02  4.3679E+01
0000521   4.2046E+02  1.7710E+02  4.1911E+02
0000522   3.6203E+02 -2.5782E+02  1.5417E+02
0000523   1.5440E+02  3.7604E+01 -8.8508E+01
0000524   1.4098E+02 -1.1301E+02 -1.3278E+02
0000525   5.1395E+01 -1.1929E+02  9.5866E+01
0000526   2.2797E+02 -3.5665E+02  3.4215E+01
0000527   4.0371E+02 -4.9469E+01  1.7498E+02
0000528   3.6066E+02  1.9869E+02 -1.4914E+01
0000529   1.3944E+02  6.6889E+01 -3.3770E+02
0000530   1.2603E+02  2.9757E+02 -2.3425E+02
0000531   2.9417E+02  7.3278E+01 -2.0744E+02
0000532   5.4486E+02  9.7884E+01  2.4662E+02
0000533   3.3659E+02 -6.7862E+01  1.9789E+02
0000534   5.7807E+02  9.5511E+00  2.7083E+02
0000535   3.5108E+02 -1.7768E+02 -4.4242E+02
0000536   2.0138E+02  4.5758E+02 -6.6465E+01
0000538   7.9844E+02  9.7237E+01  1.2155E+02
0000539   3.8438E+02 -1.0974E+02  4.2016E+02
0000540   2.9978E+02 -1.6346E+02 -1.2423E+02
0000541   1.2127E+02 -1.3564E+02 -9.9959E+01
0000542   5.8479E+02  1.1313E+02  4.7702E+01
0000543   2.8387E+02 -8.4540E+01 -1.7861E+02
0000544   3.1196E+02  3.0955E+02 -5.9601E+01
0000545   5.9342E+02  2.3945E+02  3.4809E+02
0000546   3.3383E+02  1.5011E+02  5.8839E+02
0000547   2.2876E+02  1.5937E+02 -1.3350E+02
0000548   2.1113E+02  2.7974E+02  2.8881E+02
0000549   6.6137E+02  9.7285E+01  8.5695E+01
0000550   2.9112E+02 -1.6878E+01  1.0222E+02
0000551   1.6444E+02  7.4394E+01  5.4572E+01
0000552   4.9145E+02 -2.3856E+01 -1.6851E+02
0000553   3.1715E+02  3.8659E+02 -2.3630E+02
0000554   6.5344E+02 -5.9825E+01  8.1799E+01
0000555   3.4961E+02  1.1057E+02 -1.2360E+02
0000556   5.8367E+02 -2.8131E+01 -5.3575E+01
0000557   2.4989E+02 -6.6836E+01 -1.9818E+02
0000558   5.4079E+02  1.8236E+02 -3.1980E+02
0000559   8.2288E+02  9.0730E+01  2.2400E+02
0000560   8.4244E+02  1.1194E+02 -1.4658E+02
0000561   6.3747E+02 -6.1490E+01  2.4683E+02
0000562   3.1678E+02  1.8321E+02 -4.8821E+01
0000563   2.6206E+02  2.2485E+02  1.1926E+01
0000565   4.3425E+02 -7.4805E+01  3.4458E+02
0000566   6.1513E+02 -2.2370E+01  2.4368E+02
0000567   1.5903E+02 -3.2560E+02  1.4537E+02
0000568   1.1933E+03 -1.9141E+02 -3.0906E+01
0000569   2.2958E+02 -2.6792E+02 -1.9901E+02
0000570   4.7242E+02  8.7554E+01 -2.2701E+02
0000571   2.1632E+02 -3.0603E+02  6.1109E+01
0000572   3.4398E+02  2.3041E+02 -3.6127E+01
0000573   4.1267E+02 -1.2074E+02  1.7851E+01
0000574   3.6472E+02  8.1418E+01 -3.5385E+02
0000575   5.0468E+02  2.9656E+02 -1.7442E+02
0000577   3.2603E+02 -2.0467E+02  4.8875E+02
0000578   1.4664E+01 -2.4606E+02  3.9368E+01
0000579   5.3391E+02  2.4557E+02 -1.2578E+02
0000580   8.1434E+02  2.0747E+02  1.2939E+02
0000581   9.4325E+02  4.7731E+01  9.3692E+01
0000582   2.6203E+02  4.8006E+01  3.7844E+02
0000583   1.6465E+01  1.0972E+02  4.6279E+01
0000584   2.7611E+02  2.4311E+02  1.4317E+02
0000585   1.8038E+01  1.6870E+02  2.6110E+02
0000586   2.8146E+02 -2.4879E+02  2.4697E+02
0000587   3.3544E+02 -1.6430E+02  4.6682E+01
0000588   5.3355E+02  5.6464E+01  1.9694E+02
0000589   6.9280E+02  1.4514E+02  2.0862E+02
0000590   5.1836E+02  6.3182E+01  9.8672E+01
0000591   4.5616E+02  4.4441E+02  1.5630E+02
0000592   4.5419E+02  5.1952E+02 -4.5657E+01
0000593   3.2815E+02 -3.9590E+01  2.5082E+02
0000594   4.2165E+02 -1.3592E+01 -5.6470E+02
0000595   3.7097E+02  9.8332E+01  1.5046E+02
0000596   2.6712E+02  1.8185E+01 -8.4855E+01
0000597   5.0953E+02 -1.7160E+02  1.2249E+02
0000598   1.4826E+02  4.7405E+01 -7.5783E+01
0000599   8.1953E+01 -9.5668E+01 -3.5685E+02
0000600   6.0304E+02  6.1064E+01 -1.4528E+01
0000601   2.0747E+02 -4.7282E+01 -2.6043E+01
0000602   5.0747E+02  7.7505E+01  7.9104E+01
0000603   3.9667E+02 -3.3796E+02 -5.6840E+01
0000604   9.6897E+01 -3.6486E+02  1.3025E+02
0000605   3.6431E+02 -2.4448E+01  8.1986E+01
0000606   1.4403E+02 -7.6164E+01  1.6850E+02
0000607   3.5994E+02  3.3860E+02  2.9811E+02
0000608   2.8298E+02 -3.3365E+01 -1.9928E+02
0000609   4.8569E+02  2.1177E+02 -6.5689E+01
0000611   1.9559E+02  4.7987E+01  1.6778E+02
0000612   2.2532E+02  8.8149E+01  7.0259E+01
0000613   3.3185E+02  3.6264E+01  3.4864E+01
0000614   6.0901E+02 -3.7078E+02 -1.9692E+02
0000615   5.6866E+02  3.7403E+01 -2.0588E+02
0000616   3.3815E+02  3.5617E+01 -6.8222E+01
0000617   2.6104E+02  2.8146E+01 -2.2320E+01
0000619   3.4275E+02 -3.1748E+02  1.1219E+02
0000620   4.8774E+02  2.9126E+02 -1.0639E+02
0000621   1.7356E+02 -2.1594E+02 -5.3458E+01
0000622   6.3279E+02  1.9221E+02 -2.2312E+02
0000623   4.5769E+02 -9.8418E+01 -1.0286E+02
0000624   3.4313E+02 -3.1289E+02 -6.7600E+01
0000625   3.5302E+02  1.4731E+02 -6.8395E+01
0000627   5.9025E+02 -3.6390E+02 -1.2303E+02
0000628   4.8344E+02  3.0182E+01  1.6051E+02
0000629   3.9598E+02  3.7931E+02  3.7389E+02
0000630   2.5685E+02 -1.2890E+02  1.8873E+02
0000632   5.5037E+02  3.9625E+02 -4.1356E+02
0000633   8.5080E+01  1.4425E+02  3.3812E+02
0000634   7.1715E+02 -4.3183E+01 -2.7379E+02
0000635   2.3640E+01  4.5440E+01 -1.5593E+02
0000636   2.5808E+02 -2.3544E+02  3.1366E+02
0000637   4.9761E+02 -1.7645E+02 -3.9836E+02
0000638   4.2647E+02 -1.4798E+02 -1.5440E+02
0000639   2.3334E+02  3.6461E+02  4.0528E+02
0000640   4.3854E+02  1.0656E+02 -2.5419E+02
0000641   9.4813E+01 -1.1146E+02  5.7329E+01
0000642   6.6251E+02  2.6726E+02  2.2676E+02
0000643   5.9825E+02 -1.2801E+01  1.6522E+02
0000644   2.3179E+02 -1.3189E+02 -6.7714E+01
0000645   5.9642E+02  2.1043E+02 -3.6291E+01
0000646   3.2417E+02 -1.6549E+02  2.9003E+02
0000647   5.7869E+02 -3.5588E+02  9.4392E+01
0000648   3.6224E+02  5.2950E+02 -3.4315E+02
0000649   5.4748E+02  3.2396E+02 -4.6587E+01
0000650   5.3429E+02 -2.3866E+01  1.7430E+02
0000651   6.7310E+01 -1.8902E+01  6.3365E+01
0000652   4.8067E+02 -1.2624E+01  3.6282E+02
0000653   4.5866E+02 -4.1764E+01  7.0245E+01
0000654   1.4771E+02  1.1070E+01  2.0908E+02
0000655   1.0260E+03 -2.0202E+02  2.9026E+02
0000656   2.0477E+02  1.5239E+02  7.7021E+01
0000657   6.0345E+02  2.5062E+02 -2.9231E+02
0000658   4.4812E+02  1.4566E+02 -1.1145E+02
0000659   8.1319E+01  8.6877E+01  7.1655E+01
0000660   3.8191E+02 -5.9974E+01  8.9716E+01
0000661   2.0580E+02  9.8755E+01  2.8612E+02
0000662   4.1932E+02  1.1018E+02 -1.2931E+02
0000663   5.0132E+02 -1.7932E+02  2.6208E+01
0000664   5.6796E+01 -4.2641E+02 -2.0327E+02
0000665   5.7530E+02 -1.9309E+02 -1.2679E+02
0000666   4.7347E+02 -1.2340E+02 -1.1863E+02
0000667   1.7916E+02  2.4209E+02  9.8840E+01
0000668   5.0428E+02  1.2018E+01  3.7612E+01
0000670   3.5564E+02  1.6557E+02  9.9892E+00
0000671   1.5779E+02 -5.8168E+01 -2.5340E+02
0000672   3.6397E+02  1.9434E+02 -3.8080E+01
0000673   3.5224E+02  2.4800E+02 -2.9519E+01
0000674   7.6148E+02  4.5033E+01  1.4893E+02
0000675   1.2163E+02 -4.0807E+02 -3.2886E+01
0000676   7.6163E+02  2.1565E+02  1.1131E+02
0000677   5.4346E+02 -6.0856E+01 -4.3603E+02
0000678   6.0079E+02  1.0771E+02  1.8524E+02
0000679   2.5270E+02 -2.7837E+02  1.2896E+02
0000680   5.2695E+02  2.1760E+02 -5.2878E+01
0000681   4.8962E+02  9.1626E+01  2.6210E-01
0000682   5.4547E+02 -2.3953E+02 -1.8926E+02
0000683   1.8143E+02 -2.4981E+02 -2.5179E+02
0000684   5.1842E+02 -1.4219E+02  2.6379E+02
0000686   2.3196E+02  1.1933E+02 -1.4580E+02
0000687   5.3347E+02  1.6997E+02  1.1655E+02
0000688   4.4222E+02 -6.4072E+01  2.5548E+02
0000689   4.7314E+02  9.1991E+01  2.0987E+01
0000690   5.8732E+02  8.4920E+01 -5.7056E+01
0000691   4.0258E+02  2.2728E+02 -6.6108E+01
0000693   3.8284E+02 -2.0555E+02  2.4759E+02
0000694   6.2124E+02  1.3483E+01  3.6094E+01
0000696   8.0483E+02 -1.4956E+02 -1.7585E+02
0000697   2.4442E+02 -4.6777E+02 -1.9333E+02
0000698   7.3011E+02  3.1645E+01  3.1940E+02
0000699   2.4255E+02 -9.1297E+01 -7.9421E+01
0000700   5.1414E+02  6.0031E+02 -1.8364E+02
0000701   2.4044E+02  7.8684E+01  1.9068E+02
0000702   3.3504E+02 -2.5175E+02 -1.7646E+02
0000703   3.6818E+02 -9.6930E+01  1.2688E+02
0000704   2.9078E+02  1.3568E+02 -2.3277E+02
0000705   1.4974E+02 -4.2534E+02  3.2772E+02
0000706   4.9416E+02 -9.1932E+01  2.0923E+02
0000707   2.8912E+02  2.6547E+02  4.1986E+02
0000708   1.2853E+02  1.6268E+02  1.7726E+01
0000709   8.7715E+02 -1.8298E+02 -9.2575E+00
0000711   3.3091E+02 -4.5042E+02 -1.9262E+02
0000712   2.9226E+02  1.8713E+02 -1.9481E+02
0000713   2.5929E+02 -1.0684E+02  4.6645E+02
0000714   2.5872E+02  1.6690E+01  1.0387E+02
0000716   3.8287E+02  1.4373E+02  1.9546E+02
0000717   5.3616E+01  6.0451E-01  1.2625E+02
0000718   2.9865E+02 -5.9810E+01  9.1228E+01
0000719   5.6416E+02  1.0617E+02 -4.5184E+02
0000720   3.6572E+02  4.6448E+02  1.9405E+02
0000721   1.4460E+02  2.3727E+01 -2.6780E+02
0000722   6.3889E+02  2.1857E+02  6.4700E+01
0000723   3.9759E+02 -1.3160E+02  3.4251E+02
0000724   3.6608E+02 -6.6546E+01 -1.8176E+02
0000725   5.0475E+02 -1.5704E+02 -5.9870E+01
0000727   3.5870E+02 -1.5176E+02 -1.3475E+01
0000728   5.0688E+02 -4.7502E+02 -9.6614E+00
0000729   1.4047E+02  3.6179E+02 -2.2426E+02
0000730   3.7889E+02  3.2939E+02 -1.9890E+02
0000731   2.9755E+02 -1.7447E+02 -1.1055E+02
0000732   1.9558E+01 -8.3119E+01 -3.3836E+02
0000733   6.6040E+02  1.5459E+02  7.1509E+01
0000734   5.7228E+02 -3.0476E+02 -2.2904E+01
0000735   3.1108E+02  3.0166E+01 -8.6948E+01
0000736   3.7508E+02 -6.4816E-01 -3.2719E+01
0000737   2.8921E+02  6.6860E+01  4.3839E+02
0000738   4.1924E+02  2.5189E+02  2.8007E+02
0000739   4.3675E+02  6.5949E+01  4.9664E+02
0000740   3.0306E+02 -9.5907E+00  2.1770E+01
0000741   5.1212E+02 -4.1257E+01  1.5294E+02
0000742   3.8500E+02 -7.6203E+01 -3.1284E+01
0000743   6.5629E+02 -7.0730E+00  2.8669E+02
0000745   1.1482E+02 -1.0702E+02  3.0251E+00
0000746   5.3460E+02  2.5351E+02  1.0582E+02
0000747   2.1251E+02 -3.8831E+01  4.0186E+00
0000748   2.9978E+02 -3.3482E+00 -5.5779E+02
0000749   1.8674E+02 -1.6402E+01 -1.8039E+02
0000750   7.3807E+02 -2.5774E+02 -2.4598E+02
0000751   5.7767E+02 -1.9253E+02 -4.2246E+02
0000752   2.6217E+02 -1.0839E+01  2.7579E+02
0000753   2.4295E+02  6.4213E+01 -4.5335E+02
0000754   3.1825E+02  2.2291E+02 -1.2846E+02
0000755   2.7310E+02 -2.5989E+01  2.8578E+02
0000756   4.9546E+02 -3.0299E+02  2.1421E+02
0000757   2.5894E+02 -5.8139E+00  2.4068E+02
0000758   5.4373E+02 -1.4320E+02  2.9652E+02
0000759   6.5134E+02 -1.9844E+02 -4.9128E+02
0000760   2.2504E+02 -1.0748E+02  2.2128E+02
0000761   1.9510E+02 -1.6902E+02  2.0646E+02
0000762   7.0260E+02 -1.5876E+02  1.2396E+02
0000763   2.7610E+02 -4.4254E+02 -5.0693E+02
0000764   1.7507E+02 -5.1219E+01  3.9429E+02
0000765   3.3890E+02  3.2448E+02 -3.2475E+01
0000766   6.7534E+02 -2.9837E+02  1.0032E+02
0000767   8.6282E+02  2.0952E+02 -2.6795E+02
0000768   2.4789E+02 -1.4524E+02  1.0898E+02
0000769   3.6222E+02  1.1715E+02 -1.4181E+00
0000770   1.7717E+02 -1.7545E+02  1.1167E+02
0000771   6.3643E+02  7.7103E+01  3.4781E+02
0000772   5.0283E+02 -5.5695E+01  7.5088E+01
0000773   7.3522E+02 -2.6585E+02 -1.0239E+02
0000774   4.3764E+02 -3.8520E+02  9.9296E+01
0000775   3.5601E+02 -3.6861E+02 -4.1206E+01
0000776   5.9400E+02  3.0634E+01 -3.1883E+02
0000777   6.0482E+02 -5.0739E+02 -3.5696E+02
0000778   5.6190E+02  1.8108E+02 -1.1156E+02
0000779   5.1937E+02 -1.5113E+02  6.2214E+01
0000780   5.6841E+02 -1.3880E+02  7.1422E+01
0000781   5.9955E+02  1.2878E+02  2.8807E+02
0000782   3.3457E+02  1.9992E+02 -8.4085E+01
0000783   2.9949E+02  5.5807E+02  3.2633E+02
0000784   2.4427E+02  5.3689E+01  7.2249E+01
0000785   6.0205E+02  1.3137E+02 -2.0635E+02
0000786   5.0855E+02  9.8175E+01 -2.8268E+02
0000787   2.3695E+02  1.6094E+02  1.0302E+00
0000788   2.5949E+02 -3.9664E+01 -1.5488E+02
0000789   5.2376E+02  7.7105E+01 -3.7653E+01
0000790   2.4870E+02 -3.0002E+02  2.3031E+02
0000791   3.5326E+02  6.1063E+01  3.5504E+02
0000792   2.6044E+02  2.6640E+02 -5.9212E+01
0000793   3.7695E+02 -1.1765E+02 -1.4100E+02
0000794   6.8680E+01 -8.9333E+01  2.2836E+01
0000795   3.9878E+02 -3.5987E+00  3.5235E+02
0000796   5.5780E+02 -1.2432E+02 -1.5405E+02
0000797   4.4846E+02 -2.9187E+02 -1.7589E+02
0000798   1.2504E+02  1.6140E+02 -7.7142E+01
0000799   4.4899E+02 -3.3308E+02 -2.2744E+02
0000800   4.4592E+02  1.0074E+02  3.6400E+02
0000801   5.5886E+02  2.0559E+01  1.1488E+02
0000802   1.3693E+02  2.1807E+02  2.9684E+02
0000803   3.8545E+02  1.8848E+02  2.8210E+02
0000804   1.1010E+02  7.1371E+01  2.2181E+02
0000805   4.1995E+02  2.6042E+02  2.3192E+02
0000806   5.8396E+02  1.3672E+01 -2.4233E+02
0000807   4.9980E+02 -1.4162E+01  2.9790E+02
0000808   4.6847E+02 -4.0040E+02  2.2528E+02
0000809   4.9053E+02  1.4436E+02 -3.9836E+02
0000810   2.6928E+02 -5.9289E+02  1.9935E+02
0000811   2.1715E+02 -1.6729E-01  9.8477E+01
0000812   1.8142E+02  2.2874E+02 -2.7788E+02
0000813   1.9744E+02  3.1887E+02 -1.9416E+02
0000814   1.7436E+01 -1.8677E+02 -1.0067E+02
0000816   4.8992E+02 -2.1055E+02 -8.2705E+01
0000817   4.9870E+02 -2.6222E+02  9.1832E+01
0000818   4.3521E+02 -1.6248E+02  2.5083E+02
0000819   4.2149E+02 -6.2581E+01  2.5836E+02
0000820   2.7282E+02 -7.5122E+01  7.1747E+01
0000821   4.3061E+02 -3.4483E+02 -2.0115E+02
0000822   1.4266E+02 -6.7513E+01  4.6018E+01
0000823   5.3051E+02 -1.0276E+02  1.1408E+02
0000824   2.2826E+02  5.5666E+01 -4.2493E+02
0000825   3.7173E+02 -6.4815E+01 -2.7947E+02
0000826   5.7711E+02  3.0968E+02  3.4980E+02
0000827   3.6705E+02  1.1429E+02  1.7626E+02
0000828   5.6675E+02 -1.5012E+02  1.4614E+02
0000829   2.6143E+02  5.4507E+01  3.4257E+02
0000830   2.3214E+02  8.7404E+01 -2.7745E+02
0000831   5.6941E+02  2.5129E+02 -1.8520E+02
0000832   5.9243E+02 -1.2062E+02  1.5654E+02
0000833   5.0438E+02  9.5617E+01  3.0900E+01
0000834   5.4170E+02 -1.7359E+02  3.1168E+02
0000835   5.6362E+02  3.5948E+02 -3.2701E+02
0000836   3.7505E+02 -2.5780E+01  1.8823E+02
0000837   4.8075E+02  3.4723E+02  2.6041E+02
0000838   3.9001E+02 -8.0166E+01  1.7009E+02
0000839   3.2498E+02 -7.8539E+01 -1.1668E+02
0000840   2.5981E+02  5.6240E+01 -1.3206E+02
0000841   4.5717E+02 -2.5223E+02  1.0463E+02
0000842   1.5084E+02  7.7074E+00  8.4084E+01
0000843   2.9216E+02  1.8923E+02 -2.1119E+02
0000844   4.1971E+02  2.4121E+02  1.6474E+02
0000845   5.0252E+02 -6.7977E+01  2.7149E+02
0000846   5.7689E+02  1.1407E+02 -2.0448E+02
0000847   2.2423E+02 -4.4551E+02 -1.9125E+02
0000848   3.1771E+02 -9.5039E+01  1.1876E+02
0000849   8.8748E+01  2.3087E+02  1.9751E+02
0000850   3.9769E+02 -7.6383E+01  2.6894E+02
0000851   5.9310E+02  1.4818E+02  4.0725E+02
0000852   2.4936E+02  2.8788E+02 -3.1075E+01
0000853   4.1915E+02  6.3367E+01 -2.3425E+02
0000854   2.6852E+02  5.3440E+02 -1.7609E+02
0000855   2.3279E+02  5.3806E+01  3.5078E+02
0000857   4.6471E+02  9.5095E+01 -2.9282E+02
0000858   2.1536E+02 -4.6963E+01 -1.1745E+02
0000859   4.5981E+02  2.0833E+01 -1.2702E+02
0000860   4.3657E+02  4.4400E+00  3.0220E+02
0000861   2.0868E+01 -3.3157E+02  9.2287E+01
0000862   3.9639E+02  1.4489E+02  1.9194E+02
0000863   6.0219E+02  1.9200E+02 -4.3608E+01
0000864   4.4648E+02  3.1055E+02  4.1275E+02
0000865   4.2740E+02  1.9367E+02 -2.7376E+02
0000866   3.8428E+02  2.3832E+02  1.1426E+02
0000867   1.0253E+02  3.9384E+02 -1.7858E+02
0000868   1.9423E+02  1.6622E+02 -1.8078E+02
0000869   1.4544E+02 -8.0238E+01 -5.8065E+01
0000870   2.6543E+02 -3.0646E+02 -8.1584E+01
0000871   2.9768E+02  1.5214E+02 -8.3251E+01
0000872   5.6336E+01 -1.4378E+02 -2.3300E+01
0000873   3.7978E+02 -2.5710E+02  5.0083E+00
0000874   5.3739E+02 -5.8368E+01  2.3867E+02
0000875   6.0101E+02  3.0347E+02 -3.4849E+02
0000876   2.3788E+02  1.2317E+02 -3.9010E+00
0000877   5.8926E+02 -1.0955E+01 -3.4217E+02
0000878   2.3122E+02 -1.2873E+02  1.5875E+02
0000879   4.5914E+02  2.0206E+02 -3.9440E+01
0000880   6.1327E+02  1.3472E+02  1.1199E+02
0000881   5.5257E+02  3.2125E+01 -3.3966E+02
0000882   2.8212E+02 -3.1633E+02  8.5986E+01
0000883   4.9957E+02  2.9610E+01 -1.2985E+02
0000884   3.3733E+02 -1.5881E+02  8.0206E+01
0000886   6.4694E+01 -4.3990E+02 -2.2083E+02
0000887   4.7556E+02  4.6061E+01  1.0223E+02
0000888   4.5531E+02 -1.1034E+02 -3.4207E+02
0000889   2.3288E+01  4.5184E+01 -4.0422E+02
0000890   2.9762E+02 -1.3862E+02  2.1589E+02
0000891   2.4901E+02 -2.1350E+02  3.6487E+02
0000892   7.3279E+02  1.7677E+02 -4.2110E+02
0000893   5.7326E+02 -2.8430E+02 -2.2799E+02
0000894   3.2036E+02 -5.1853E+01  3.4656E+01
0000895   5.3491E+02  5.3009E+00  3.0991E+01
0000896   1.6694E+02  2.2022E+02  4.5132E+02
0000897   6.2196E+02  6.8238E+01  6.1102E+02
0000898   4.3401E+02  2.4850E+02  1.8484E+02
0000899   2.8982E+02 -3.5559E+02 -1.9124E+02
0000900   3.1775E+02  2.1960E+02 -1.1164E+02
0000901   8.7801E+02 -8.5179E+01 -1.3821E+02
0000902   2.1507E+02 -1.7686E+02 -2.9969E+02
0000903   2.3493E+02 -7.7140E+01  7.0085E+01
0000904   2.7762E+02  6.0257E+01 -4.5547E+02
0000905   2.2341E+02 -8.1622E+01 -2.7115E+02
0000906   4.3591E+02 -3.9211E+01  3.2906E+01
0000907   3.7938E+02 -2.8165E+02 -2.1534E+02
0000908   5.3353E+02  3.3468E+01  1.9909E+02
0000909   4.7986E+02  1.4949E+02  3.4859E+02
0000911   4.2024E+02 -1.4269E+01  3.5537E+02
0000912   6.7828E+02 -7.4954E+01  4.4011E+01
0000913   4.1056E+02  7.2169E+01  4.0257E+02
0000914   3.9217E+02  1.3269E+02 -5.3091E+02
0000915   4.7405E+02 -5.8654E+01 -2.8548E+01
0000916   4.1937E+02  2.4477E+02 -1.3045E+02
0000918   1.0356E+02  1.9067E+02  4.2124E+01
0000919   3.5853E+02  5.6555E+01 -3.0259E+02
0000920   2.8430E+02 -1.2595E+01  2.3943E+01
0000921   4.9898E+02  1.3205E+02  2.0726E+02
0000922   2.4339E+02 -1.9149E+02 -4.8505E+02
0000923   3.3956E+02 -8.2390E+01  6.9528E+01
0000924   3.1711E+02  1.0746E+02  1.5116E+02
0000925   4.4038E+02 -4.4051E+02 -4.7460E+01
0000926   7.6399E+02 -9.4688E+01 -2.0032E+00
0000927   6.5769E+02 -6.2213E+01 -1.4113E+02
0000928   6.1898E+02 -3.4601E+02  6.0733E+01
0000929   3.4883E+02  1.1744E+02  1.9996E+02
0000930   1.4715E+02  1.9406E+02  2.9589E+02
0000932   4.9683E+02  3.7867E+02  4.0768E+01
0000933   6.7960E+02 -5.4965E+01  2.5058E+02
0000934   5.8038E+02  6.1047E+02 -3.8096E+01
0000935   2.7232E+02 -1.8342E+02  2.2627E+02
0000936   1.8038E+02  3.0454E+02  8.4599E+01
0000937   7.1265E+02 -2.9690E+02  5.4225E+01
0000938   5.2861E+02 -1.7097E+02  1.5181E+02
0000939   2.9924E+02  4.1146E+01  2.4132E+02
0000940   5.0585E+02  8.6264E+01  5.2788E+01
0000941   5.0212E+02  2.9879E+02  1.0770E+02
0000942   2.6579E+02 -1.0757E+02  1.8123E+02
0000943   2.6504E+02  2.0688E+02  5.2896E+01
0000944   2.7068E+02  1.1333E+02  2.4683E+02
0000945   2.4479E+02  1.9360E+02  1.8117E+02
0000946   5.8190E+02  2.7765E+02 -2.0599E+02
0000947   5.9876E+02 -1.8333E+02 -6.0966E+01
0000948   5.2391E+02 -8.6115E+01 -2.1141E+02
0000949   2.5482E+02  1.8425E+02  6.7454E+01
0000950   2.3885E+02 -1.7648E+02 -6.0516E+00
0000951   1.2473E+02  1.5335E+02  1.1611E+02
0000952   5.8611E+02 -1.7841E+02 -2.2168E+02
0000953   3.9424E+01 -3.9693E+02 -3.0916E+01
0000954   3.2583E+02 -3.0537E+02 -3.3417E+02
0000955   3.1918E+02  7.5630E+01 -2.1909E+01
0000956   6.2190E+02  1.4568E+02  1.0891E+02
0000957   2.9033E+02  1.9527E+02  3.3453E+02
0000959   5.2216E+02 -5.8862E+01 -1.4116E+02
0000960   4.5560E+02 -4.2753E+01 -1.4426E+01
0000961   2.5605E+02  2.8834E+02  1.2560E+02
0000962   5.6090E+02  2.4648E+01 -1.2394E+02
0000963   2.2992E+02 -2.2207E+02  6.3488E-01
0000964   4.7393E+02  5.0080E+01 -7.1269E+01
0000965   3.2876E+02 -2.9684E+01  1.1568E+02
0000966   4.7151E+02 -9.7168E+01 -9.2397E+01
0000968   8.7745E+01 -1.1989E+02  1.9802E+02
0000969   1.9108E+02  2.1750E+02  2.9865E+02
0000970   9.1687E+01  8.8473E+01  2.2217E+02
0000971   5.9746E+02  2.4447E+02 -4.7295E+01
0000972   5.5522E+02  3.4759E+02  4.7332E+02
0000973   4.6125E+02  4.3249E+02 -5.5246E+01
0000974   4.0872E+02 -8.0745E+01  4.5675E+01
0000975   1.9456E+02  1.7564E+02  3.1832E+02
0000976   2.9698E+02 -4.5905E+01 -1.4097E+01
0000977   2.4248E+02 -8.5636E+01  6.4044E+01
0000979   3.6506E+02 -1.4936E+02 -1.3359E+02
0000980   5.4388E+02  6.7191E+01  1.8942E+02
0000981   4.5538E+02 -3.2248E+01  3.3879E+02
0000982   6.9932E+02  2.4492E+02  2.2355E+02
0000983   6.8364E+02 -2.1955E+02 -3.8254E+02
0000984   9.8826E+01  2.4096E+02  6.9596E+01
0000985   5.4610E+02  1.6839E+02 -6.2839E+01
0000986   3.6259E+02  3.0742E+02 -3.2476E+01
0000987   4.7155E+02  3.4671E+01 -8.8703E+00
0000988   2.7210E+02 -3.1408E+02  4.9806E+01
0000989   5.5575E+02  1.0995E+02 -3.8745E+02
0000990   4.3176E+02  3.9046E+02 -3.6690E+02
0000991   6.6909E+01  1.5847E+02 -1.7373E+02
0000992   8.6216E+02  6.2085E+01  1.9368E+02
0000993   5.4865E+02 -2.4512E+02 -3.4025E+02
0000994   7.2617E+02 -1.4914E+02 -1.9164E+02
0000995   7.1924E+02 -2.6771E+02  3.1727E+02
0000996   6.0055E+02 -4.0506E+01  1.0812E+02
0000997   3.6803E+02  1.7738E+02  5.5438E+01
0000998   7.0995E+02  1.5896E+02  1.1418E+02
0000999   4.0864E+02  2.5665E+02 -2.8417E+02
0001000   1.8968E+02 -8.2124E+01 -1.4111E+02
