============================== SRIM-2013.00 ==============================
==============================================================================
====== SRIM Outputs\RANGE_3D.txt : File of Final Ion Positions =====

Ion =  F (09)   Ion Mass= 018.9984
Energy  = 4000000.E-05 keV
Ion Angle to Surface = 00.0 degrees
==================== TARGET =======================
  Layer # 1 - None
  Layer # 1 - Bottom Depth=500000.E-01 A
  Layer # 1 - Density =0007.8700 g/cm3
  Layer # 1 -  100 % of Fe
様様様様様様様様様様様様様様様様様様様様様様様様様様
                                            
Ion       Depth  X   Lateral Y   Lateral Z  
Number    (Angstrom) (Angstrom)  (Angstrom) 
-------  ----------- ----------- -----------
0000001   3.1965E+02  4.2198E+02 -1.9773E+02
0000002   1.3983E+02 -2.7211E+01  1.4682E+01
0000003   3.9237E+02  1.5983E+02  4.5934E+02
0000004   4.0113E+01 -9.4202E+01  1.5163E+02
0000005   5.5730E+02  1.7521E+02  5.1510E+02
0000006   8.3554E+02 -2.8535E+02  4.2843E+02
0000007   5.6682E+02  4.0471E+02 -1.4525E+02
0000008   1.4188E+02  1.8660E+02  1.2044E+02
0000009   8.6372E+02 -2.2160E+01  1.3477E+02
0000010   4.9527E+02  4.2545E+02  2.6679E+02
0000011   1.5807E+02  4.4890E+02  2.4232E+02
0000012   4.0404E+02  1.2134E+02 -5.7833E+01
0000013   3.2257E+02  4.3560E+02 -3.8200E+02
0000014   7.4548E+02  3.1711E+02 -4.0928E+01
0000016   3.2925E+02 -2.0046E+01 -4.5159E+01
0000017   5.0345E+01  1.8813E+01 -1.0755E+02
0000018   3.8633E+02 -3.9303E+02 -3.3160E+01
0000019   5.8455E+02  3.1384E+02  4.8550E+02
0000020   7.5838E+02  2.2350E+02 -3.0247E+01
0000022   6.0529E+02 -2.1542E+02 -1.1487E+02
0000023   8.2206E+02  4.3506E+01  2.1914E+02
0000024   7.2948E+02 -3.8677E+02  1.4063E+02
0000025   6.3986E+02 -4.3047E+01  1.0253E+02
0000026   5.3768E+02  3.1862E+01 -2.2142E+02
0000027   1.7631E+02  2.7100E+02  2.5767E+02
0000028   4.3096E+02 -3.8266E+02 -8.4074E+01
0000029   3.2500E+02  3.0756E+02  2.0048E+02
0000030   4.8999E+02  6.3604E+01  2.2268E+02
0000031   7.1812E+02 -1.4722E+02 -1.2745E+02
0000032   6.1254E+02  2.6292E+02  2.9486E+02
0000033   3.4187E+02 -1.7556E+02 -5.5929E+01
0000034   5.7019E+02  2.1641E+02 -1.9698E+02
0000035   4.1682E+02 -1.7945E+02  2.8846E+01
0000036   3.0202E+02  2.0737E+02 -3.0132E+02
0000038   2.5767E+02  8.4895E+01  2.1688E+02
0000039   5.2153E+02 -1.0995E+02  1.6369E+02
0000040   2.4361E+02 -8.2349E+01  2.0830E+02
0000041   2.9171E+02  1.1722E+02  1.5625E+02
0000042   2.0996E+02  1.8125E+02  2.8190E+01
0000043   6.0058E+02 -3.3396E+02 -3.4374E+02
0000044   2.7533E+01 -4.2431E+01 -2.0377E+02
0000045   2.9410E+02  1.5698E+02  5.6880E+00
0000046   4.6955E+02  1.4920E+02 -3.9229E-01
0000047   1.9336E+02 -2.6082E+01  5.3662E+02
0000048   1.9516E+02  6.0185E+01 -3.5701E+01
0000049   3.8282E+02 -7.4234E+01  1.0167E+02
0000050   1.9066E+02  1.0743E+01 -3.3549E+01
0000051   3.9466E+02  2.8563E+01 -2.9331E+01
0000052   2.4015E+02 -1.2915E+01 -2.7750E+01
0000053   1.8715E+02  2.0423E+01  1.9598E+02
0000054   2.9078E+02  1.6950E+02 -4.0372E+02
0000055   4.4537E+02 -1.3477E+02  5.3199E+01
0000056   1.2833E+02  1.2451E+02  1.5345E+02
0000057   1.7859E+02  3.0350E+02  1.6097E+02
0000058   4.3573E+02  3.0582E+02  4.4489E+01
0000059   4.3779E+02  8.5984E+01  3.2478E+02
0000061   2.4363E+01  2.5892E+02 -1.7604E+02
0000062   7.7690E+02 -1.4110E+02 -2.2681E+02
0000063   4.9780E+02 -1.2944E+02  3.8955E+01
0000064   4.2613E+02 -1.3502E+02 -2.0857E+02
0000065   4.3956E+01 -2.6120E+02  1.6930E+02
0000066   4.6454E+02  1.3751E+01  2.6752E+02
0000067   4.0373E+01  2.0984E+02  1.9873E+01
0000068   4.4572E+02  3.5917E+02 -4.7632E+02
0000069   1.4348E+02  4.5264E+02 -1.2935E+02
0000070   7.2072E+02 -2.0032E+02 -1.3329E+02
0000071   7.4370E+02  2.9068E+02 -3.3755E+02
0000072   6.8402E+02  7.6326E+01 -6.5046E+01
0000073   2.0877E+01 -4.7690E+02 -2.0060E+02
0000074   5.7281E+02  1.3954E+02 -3.9142E+02
0000075   3.7830E+02  1.6948E+02 -4.9894E+01
0000076   4.4942E+02  2.1894E+02  3.0343E+02
0000077   5.7823E+02  6.5374E+01  1.2053E+02
0000078   5.5680E+02  1.7880E+02 -6.3924E+01
0000079   4.0866E+02  2.4199E+02 -2.3412E+02
0000080   1.9671E+02  9.7668E+01  5.2339E+01
0000081   5.7349E+02 -3.4478E+02  1.1184E+02
0000082   2.1987E+02 -1.0544E+02 -2.1412E+02
0000083   4.2990E+02 -1.3379E+02 -6.4015E-01
0000084   4.5981E+02 -1.9924E+02 -4.1646E+02
0000085   2.4804E+02 -9.4868E+00 -9.4210E+01
0000086   4.6481E+02 -2.1613E+02  8.1220E+01
0000087   7.2702E+02  5.4684E+02  3.1500E+02
0000088   7.0443E+02  4.8182E+01  2.8065E+02
0000089   3.6147E+02  1.9079E+02 -1.9873E+02
0000090   3.5270E+02  8.5047E+01 -1.2692E+02
0000091   2.8122E+02  9.2976E+00 -1.7508E+02
0000093   7.2508E+02  2.8032E+02 -3.1220E+02
0000094   5.7342E+02  1.2534E+02 -4.6854E+01
0000095   2.6776E+02  1.8866E+02  3.0301E+02
0000096   5.6685E+01  3.1587E+01 -6.2490E+01
0000097   3.6274E+01 -1.9256E+01 -9.0153E+01
0000099   2.0831E+02 -1.6698E+01  2.1607E+02
0000100   3.6990E+02  7.3827E+01  1.9551E+02
0000101   3.7139E+02 -2.1458E+02 -3.4007E+02
0000102   4.9591E+02 -1.7115E+02 -2.4301E+02
0000103   2.5065E+02  1.1625E+02 -7.7474E+01
0000104   3.8172E+02  4.5774E+02 -1.0625E+02
0000105   2.7018E+02 -4.0262E+02 -1.4585E+01
0000106   4.8039E+02  3.2741E+02  7.2648E+01
0000107   5.1433E+02  2.3116E+02  3.0960E+02
0000108   1.8906E+02  2.1818E+02  7.9638E+00
0000109   2.8178E+02 -3.5750E+02 -1.1004E+02
0000110   6.2443E+02 -2.1089E+02  2.3073E+02
0000111   4.2735E+02 -1.1330E+02 -1.1785E+02
0000112   3.2164E+02 -2.7696E+02 -6.1418E+01
0000113   4.1711E+02  3.5894E+02  6.8998E+01
0000114   3.3760E+02  1.6037E+02 -1.8708E+02
0000115   5.7359E+02 -1.0237E+02  8.2446E+01
0000116   4.2864E+02 -1.2763E+02  1.3410E+02
0000117   4.8373E+02 -1.9011E+02 -3.0855E+02
0000118   3.7527E+02 -4.5745E+02 -4.1710E+02
0000119   2.0991E+01  2.7028E+02  1.1003E+02
0000120   4.7496E+02  7.5035E+01  1.3984E+02
0000121   1.9512E+02 -4.8474E+00  2.5758E+02
0000122   1.7895E+02  1.1353E+00 -1.0361E+02
0000123   1.4409E+02 -6.3707E+01  2.3415E+02
0000124   1.4106E+02 -2.3442E+02 -1.1010E+02
0000125   2.6569E+02 -3.4612E+02 -5.9890E+01
0000126   1.7001E+02 -1.2173E+02  2.3663E+02
0000127   2.8175E+02 -1.0800E+02 -1.9650E+02
0000128   6.7524E+02 -3.6664E+02  4.1666E+02
0000129   5.2365E+02  2.1866E+02  2.3509E+02
0000130   2.9308E+02 -3.4763E+01  2.5530E+02
0000131   3.1205E+02  2.6194E+02  2.0861E+01
0000132   2.6903E+02  1.6261E+01  7.3461E+01
0000133   6.8334E+02  2.8463E+02  1.9848E+02
0000134   2.5646E+02  4.6581E+01 -9.4501E+01
0000135   5.9473E+02  5.6705E+01 -3.5670E+02
0000136   5.7206E+02 -1.2612E+02 -9.5419E+01
0000137   2.4974E+02  2.0828E+02 -2.8593E+01
0000138   5.9750E+02 -8.4811E+01  4.0131E+01
0000139   3.5846E+02  1.4685E+02 -2.8380E+02
0000140   6.5946E+02 -2.9922E+02  1.4057E+02
0000142   6.2919E+02 -4.5149E+02  1.2191E+02
0000143   2.3263E+02  5.6832E+02 -4.2316E+01
0000144   6.0158E+02  5.7187E+01  1.9489E+02
0000145   1.2655E+02  3.0084E+02 -3.7933E+01
0000146   4.5366E+02  6.4328E+01 -2.9405E+02
0000147   3.8376E+02  4.5368E+01  5.0866E+01
0000149   6.6571E+02 -2.0022E+02  3.4447E+02
0000150   9.6838E+02  2.1921E+01 -7.7259E+01
0000151   1.7018E+02  6.9053E+01  5.9271E+00
0000152   4.6371E+02 -1.6344E+02  2.6033E+01
0000153   4.2848E+02  3.0724E+02 -9.6457E+00
0000154   2.5840E+02  2.7234E+02 -1.0946E+02
0000155   6.5409E+02 -1.5611E+02  6.2651E+01
0000156   3.4446E+02 -2.1370E+02 -6.2585E+00
0000157   5.9718E+02 -1.0671E+01 -3.5879E+02
0000158   7.1836E+02 -3.0763E+02  1.2428E+02
0000160   3.9942E+02 -3.5858E+02  4.4645E+01
0000161   4.0610E+02 -1.3287E+01 -2.6128E+02
0000162   3.9429E+02 -7.4904E+01  1.2219E+02
0000163   1.8402E+02 -2.0915E+02  4.8253E+02
0000164   1.8978E+02  5.4240E+01  7.7881E+01
0000165   3.9453E+02 -1.5459E+02  1.5894E+02
0000166   1.9041E+02  2.3197E+02  1.1792E+02
0000167   6.3858E+02 -3.1148E+00  1.3122E+02
0000168   4.9796E+02  1.7835E+02 -5.0994E+01
0000169   7.8733E+02  9.7325E+01  9.8042E+01
0000170   3.3756E+02  1.9084E+02  4.6387E+02
0000171   4.3657E+02 -2.4948E+02  5.4215E+01
0000172   5.1527E+02  1.7767E+02 -2.6131E+02
0000173   3.1651E+02  3.7216E+01  3.2057E+00
0000174   9.1181E+02  2.9914E+02 -1.9651E+02
0000176   3.3897E+02  2.9379E+02 -2.7614E+02
0000178   4.1549E+02 -1.5271E+02  1.1561E+02
0000179   1.2667E+02  2.2109E+01  1.3441E+02
0000180   5.2739E+02 -1.0800E+02 -1.6868E+02
0000181   3.3575E+02  8.3886E+01  3.4128E+02
0000182   2.9084E+02 -5.3937E+01  3.5983E+01
0000183   2.7887E+02  2.0640E+02 -1.1127E+02
0000184   5.4275E+02 -1.7758E+02  4.3345E+01
0000185   5.0677E+02  2.2136E+02 -1.6622E+02
0000186   8.1230E+02 -2.2592E+02 -1.7326E+02
0000187   3.5633E+02 -1.2738E+02  1.9778E+01
0000189   1.1885E+02 -2.4747E+02 -4.2208E+02
0000190   3.4184E+02  1.1352E+02  9.2695E+01
0000192   2.4430E+02 -4.0009E+02  6.8144E+01
0000193   2.2900E+02  2.0564E+02  1.1833E+02
0000194   1.9532E+02 -3.6748E+01 -1.8179E+02
0000195   2.6536E+01 -3.0256E+01  7.2401E+01
0000196   7.9602E+01 -3.3498E+02  1.4373E+02
0000197   4.8881E+02 -1.8021E+02 -1.6611E+02
0000198   1.8102E+02 -8.0611E+01 -1.3788E+01
0000199   8.4211E+01 -8.5856E+01 -3.3731E+02
0000200   5.8734E+02 -1.1627E+01 -5.3267E+00
0000201   3.4354E+02  1.5266E+02 -1.2055E+02
0000202   3.7269E+02 -9.1835E+01  2.3509E+02
0000203   7.3804E+02 -1.1879E+02 -2.0985E+02
0000204   2.6991E+02 -3.5258E+01  2.6830E+02
0000205   4.7884E+02  1.9554E+02 -1.7210E+02
0000206   7.6810E+02  1.0410E+02 -2.3791E+02
0000207   5.9169E+02 -1.3159E+02  3.3045E+02
0000208   5.5626E+02  1.8388E+02  1.7123E+02
0000209   2.3357E+02 -7.6435E+01  1.5655E+02
0000210   6.8244E+02  2.7091E+02  2.5206E+01
0000211   5.6223E+02  8.5015E+01  9.5995E+01
0000212   5.0973E+02  3.8837E+02  1.4117E+02
0000213   9.4929E+02  1.4377E+02  1.0461E+02
0000214   5.7978E+02 -7.3888E+01  4.5892E+01
0000215   5.6342E+02  2.4234E+02  5.2181E+02
0000216   5.6346E+02 -1.1710E+02  1.2414E+02
0000217   5.6417E+02 -2.3673E+02  1.9819E+02
0000218   2.8942E+02 -2.9033E+02  2.1926E+02
0000219   7.6085E+02 -1.1903E+01 -1.5556E+02
0000220   3.9743E+02 -4.1353E+02  2.6522E+02
0000221   1.3063E+02  5.0787E+01  4.0328E+01
0000222   9.1697E+02 -2.4898E+02  2.6511E+02
0000223   2.7004E+02  7.3110E+01 -1.2781E+02
0000224   3.0068E+02 -2.9781E+02  2.6217E+02
0000225   3.3540E+02  3.2313E+02 -1.7827E+02
0000226   4.5283E+01  1.6942E+02  3.6970E+01
0000227   1.1972E+02  1.2032E+02  1.3997E+02
0000228   1.5451E+02  6.7209E+01 -1.9825E+02
0000229   4.8193E+02  2.7575E+02  3.1876E+02
0000230   5.0246E+02  1.7946E+02  2.2787E+02
0000231   6.3417E+02 -1.3719E+02 -2.2864E+02
0000232   1.6493E+02 -1.3468E+02 -8.2545E+01
0000233   5.2157E+02  3.6131E+01 -1.3295E+02
0000234   4.4405E+02 -2.0954E+01 -6.4562E+01
0000235   2.7918E+02  3.3113E+02 -2.0037E+02
0000237   8.6574E+02  3.7879E+02  1.5417E+02
0000238   3.2396E+02  3.0499E+02  2.2419E+01
0000240   2.2283E+02 -1.1188E+02 -3.8755E+02
0000241   3.7767E+02 -2.7077E+02 -1.0049E+02
0000242   5.8420E+02 -1.1198E+02 -1.8610E+02
0000243   6.0521E+02 -1.7564E+02 -9.9531E+00
0000244   8.0590E+02  1.6526E+02  4.0719E+02
0000245   5.3494E+02 -4.4141E+02  5.1761E+01
0000246   4.0597E+02 -1.9207E+02 -5.0756E+01
0000247   5.3565E+02  2.0297E+02  2.2990E+01
0000248   1.3701E+02  1.6249E+02 -1.7155E+02
0000249   1.9299E+02 -7.1265E+01 -5.3409E+02
0000250   3.1012E+02 -6.5446E+01 -1.1367E+02
0000251   2.9466E+02  2.5846E+02  1.8103E+02
0000252   8.2812E+02  1.9276E+02  1.6365E+02
0000253   2.5938E+02 -3.3057E+02 -9.1147E+01
0000254   4.6433E+02  1.4915E+02  7.3207E+01
0000256   1.2397E+02  1.4237E+02  1.0868E+02
0000257   7.0281E+02 -5.1031E+01  6.4888E+00
0000258   5.7646E+02  4.9297E+01 -2.7333E+02
0000259   4.1799E+02  1.2918E+00  1.3679E+02
0000260   2.7237E+02  5.6958E+00  2.3258E+01
0000261   3.8525E+02 -7.4082E+01 -5.7493E+00
0000262   1.7789E+02 -2.1907E+01 -2.5978E+02
0000263   2.5983E+02  1.7038E+02 -2.6753E+02
0000264   5.9864E+02 -4.9606E+02 -1.5379E+02
0000265   6.3602E+02 -4.7045E+01 -1.1888E+02
0000266   7.7327E+02  9.9038E+01 -2.1226E+01
0000267   5.1184E+02 -1.4608E+02  5.4510E+01
0000268   1.5834E+02  1.1137E+02  6.3778E+01
0000269   4.5951E+02 -1.4450E+02 -3.0961E+01
0000270   1.4208E+02 -1.1380E+02  6.3928E+01
0000271   5.3167E+01 -6.8605E+01 -8.1891E+01
0000272   6.2335E+02  2.4478E+02 -1.2041E+02
0000273   4.9812E+02 -1.7920E+02 -2.3516E+01
0000274   1.3470E+02  2.0795E+02  3.2786E+02
0000275   6.7805E+02 -1.5200E+00 -7.9277E+00
0000276   4.6471E+02  2.2320E+02  1.9060E+02
0000277   4.4748E+02 -2.2169E+02  2.7450E+02
0000278   2.5245E+02  6.4658E+01  3.0271E+02
0000279   3.6538E+02 -2.3453E+02  6.1176E+02
0000280   4.2649E+02 -6.5009E+01 -1.7025E+02
0000281   4.6024E+02  1.8032E+02  3.1731E+02
0000282   1.7403E+02 -1.5951E+02 -1.5622E+02
0000283   4.5421E+02  1.0136E+02 -2.3535E+02
0000284   7.2344E+02 -5.5400E+02  1.0553E+02
0000285   7.6647E+02  2.5224E+02 -1.5131E+02
0000286   4.6931E+02  4.3985E+02 -3.6079E+01
0000287   3.9067E+02  2.5486E+02 -3.6831E+01
0000288   2.7742E+02  1.6685E+02  2.7521E+02
0000289   1.9523E+02  2.8156E+01  8.8581E+01
0000290   7.4199E+02 -9.4665E+01  6.9515E+01
0000291   5.7864E+02 -6.9456E+01 -2.2699E+02
0000292   2.5822E+02 -1.2469E+02 -9.8982E+01
0000293   2.6865E+02 -1.4089E+02  9.0754E+01
0000294   3.6851E+02  3.0505E+02 -2.9579E+02
0000295   3.4834E+01 -4.1527E+02  4.5068E+02
0000296   2.0723E+02  7.2117E+01  1.6390E+02
0000297   4.1053E+02 -2.3081E+02  2.4972E+02
0000298   6.8627E+01  2.6619E+02 -8.5971E+01
0000299   8.3500E+02 -1.5268E+02 -1.2422E+02
0000300   1.0313E+02 -1.6348E+02 -9.3387E+00
0000301   5.6263E+02  8.3919E+01  3.2221E+02
0000302   1.8557E+02 -1.6102E+02  1.4398E+02
0000303   7.1758E+02 -1.4531E+02 -2.4805E+02
0000304   4.7107E+02 -2.3289E+02 -1.0086E+02
0000305   4.2101E+02  1.3199E+02 -1.2644E+02
0000306   4.0943E+02 -2.5011E+01 -7.6759E+01
0000307   5.5151E+02 -9.2327E+01  3.7175E+02
0000309   3.8664E+02  1.3311E+02  2.9537E+02
0000310   2.1571E+02 -1.4709E+02 -1.9852E+02
0000311   3.9694E+02 -3.9282E+01 -2.6917E+02
0000312   6.1037E+02  8.2332E+01 -2.1908E+02
0000313   4.2118E+02  8.9468E+01  2.2030E+02
0000314   2.9482E+02  1.2630E+02  3.4409E+02
0000315   3.2927E+02  7.9602E+01  1.5686E+02
0000316   2.7687E+02 -1.3218E+02  2.7214E+02
0000317   4.8093E+02  1.9401E+02 -2.5049E+02
0000318   9.0869E+02  6.8684E+01 -4.5361E+00
0000319   6.1463E+02  8.2340E+01 -1.1018E+02
0000320   1.3006E+02  1.8774E+02  2.2346E+02
0000321   2.5392E+02  2.6810E+02 -1.9994E+02
0000322   3.2025E+02  2.5827E+02  1.4403E+02
0000323   6.6557E+02 -6.9206E+01  2.4415E+02
0000324   5.3391E+02 -1.8324E+02  1.4747E+02
0000325   2.4066E+02 -1.4917E+02 -2.9332E+02
0000326   5.9107E+02 -1.5658E+01  1.3498E+02
0000328   5.1539E+02 -1.2246E+02  1.4967E+01
0000329   3.7598E+02 -5.5265E+01 -5.3240E+01
0000330   5.3747E+02 -3.2065E+02  3.8285E+01
0000331   2.8530E+02  1.8761E+02  3.6981E+02
0000332   4.7033E+02 -2.1692E+02 -1.1165E+02
0000334   2.1684E+02  1.4343E+02 -1.2683E+02
0000335   3.6765E+02  1.7833E+02 -3.3567E+02
0000336   3.9656E+02 -2.8298E+02  1.0423E+02
0000337   1.3329E+02 -2.2287E+02 -6.4425E+01
0000338   1.4096E+02  1.2966E+02 -9.1665E+01
0000339   4.5635E+02  5.6006E+02 -1.0721E+02
0000340   5.6430E+02  1.8451E+02 -2.3167E+02
0000341   6.2544E+02  1.2283E+02 -4.0913E+01
0000342   6.7547E+02  7.8154E+01 -9.4831E+01
0000343   1.1224E+01 -1.5281E+01  2.3139E+02
0000344   6.8061E+01  1.3589E+02 -1.5372E+02
0000345   5.9386E+02  3.6972E+01 -1.8934E+02
0000346   5.6001E+02 -1.1503E+02 -5.6350E+01
0000347   3.8503E+02 -3.0480E+02  1.4338E+02
0000348   3.6102E+02 -1.7988E+01  6.2727E+01
0000349   3.8630E+02  2.6067E+02 -3.8477E+02
0000350   2.7210E+02  8.3831E+00 -2.1523E+02
0000351   6.6877E+01  6.0614E+01 -1.7079E+01
0000352   2.6638E+02 -1.0083E+02  9.9300E+01
0000353   5.0008E+02 -7.0316E+01 -5.7883E+01
0000354   4.2821E+02  4.2215E+02  1.6291E+02
0000355   3.1378E+02  4.3755E+02 -4.5669E+02
0000356   8.8153E+01  1.7465E+02 -3.2978E+02
0000357   3.8644E+02 -3.0787E+02 -6.1210E+02
0000358   3.6920E+01  7.0676E+01 -1.5775E+01
0000359   5.7202E+02  1.6865E+02 -2.6487E+02
0000360   5.9195E+02 -2.9955E+02  1.5453E+02
0000361   2.4825E+02  5.3624E+01  5.2502E+01
0000362   6.5907E+02 -2.1619E+02  1.2170E+02
0000363   5.1266E+02 -2.2261E+02 -9.7686E+01
0000364   4.5270E+02  1.6007E+02 -3.6629E+02
0000365   3.2211E+02  5.9287E+01 -1.3892E+02
0000366   3.6649E+02  1.3279E+02 -9.0516E+00
0000367   4.4969E+02 -1.4415E+02  5.4948E+02
0000368   3.5455E+02 -3.4255E+02 -6.8957E+01
0000369   4.4116E+02  2.1081E+02 -3.7239E+01
0000370   1.9632E+01 -2.7365E+02  4.4011E+02
0000371   1.5971E+02  3.8347E+00 -4.2856E+02
0000372   4.5052E+02 -3.9188E+02 -1.2989E+02
0000373   2.7108E+02  9.7001E+01  4.0962E+02
0000374   1.6204E+02  1.0932E+02 -3.4326E+01
0000375   6.2048E+02  2.9494E+02  4.8758E+02
0000376   5.2285E+02  4.6033E+01  9.1369E+01
0000377   3.5711E+02  2.5249E+02  3.0554E+01
0000379   2.3890E+02 -8.3475E+01  7.5477E+01
0000380   2.3426E+02 -9.7242E+01  7.6422E+01
0000381   2.4690E+02  1.2489E+02  2.3754E+02
0000382   4.9332E+02  1.2798E+02  2.8740E+02
0000383   4.7274E+02  9.0379E+01  1.1008E+02
0000384   2.2733E+02 -3.6664E+02  1.2756E+02
0000385   6.4980E+02  7.3643E+01  1.3026E+02
0000386   2.2010E+02  8.9282E+01  1.3645E+02
0000387   7.6749E+02 -1.1207E+02 -9.5092E+01
0000388   4.5647E+02  1.5611E+02 -4.4559E+01
0000389   6.7653E+02  1.6012E+02  6.5010E+01
0000390   4.5773E+02 -6.0424E+01  1.1266E+02
0000391   5.3059E+02 -1.3654E+02 -3.6303E+02
0000392   8.0124E+01 -6.0294E+01  1.1261E+01
0000394   1.3733E+02 -2.6014E+02  1.2047E+02
0000395   3.3545E+02 -1.2442E+02 -4.8645E+02
0000396   4.0614E+02  1.5697E+02 -2.1371E+02
0000397   8.5849E+02  2.1329E+01 -1.8148E+01
0000398   5.0606E+02 -1.9307E+02 -3.7906E+01
0000399   3.0122E+02 -1.1725E+01 -9.5065E+00
0000400   2.9714E+02  3.9527E+01 -5.3142E+01
0000401   1.6470E+02 -1.3117E+02  1.5581E+02
0000402   4.1895E+02 -4.5844E+01  3.6257E+02
0000403   1.9812E+02 -5.6587E+01  9.1813E+01
0000404   2.8232E+02 -1.9709E+02 -6.4118E+02
0000405   4.2772E+02  1.6151E+02  2.5967E+01
0000406   2.6139E+02  2.6191E+02  4.4232E+01
0000407   4.7283E+02  2.7210E+01 -3.0250E+01
0000408   3.9499E+02  3.3478E+02 -3.7108E+01
0000409   1.3889E+02 -4.9847E+01  4.9970E+01
0000410   2.9360E+02  1.7624E+02  4.0588E+02
0000411   3.4379E+02  9.0613E+01 -4.5560E+02
0000412   3.4128E+02  3.2667E+02 -6.8362E+01
0000414   4.5614E+02 -1.6918E+02  2.1488E+02
0000415   5.6404E+02  1.4907E+02  2.4304E+02
0000416   6.7886E+02 -3.6010E+02  2.6822E+02
0000417   2.0032E+02 -2.7912E+02 -2.1109E+01
0000418   1.8168E+02  2.8207E+02  5.7737E+01
0000419   2.4584E+02 -2.4814E+01  9.5540E+01
0000420   2.9735E+02 -3.1625E+02  1.8070E+02
0000421   3.5807E+02 -6.2983E+01  6.8581E+01
0000422   4.1678E+02  3.5690E+02  9.0225E+01
0000423   7.8636E+02 -1.3108E+02  1.0591E+02
0000425   6.0835E+02 -1.5862E+01 -1.6786E+02
0000426   4.5916E+02 -1.0715E+02 -6.1398E+02
0000427   5.4939E+02  6.3258E+01 -2.9556E+02
0000428   6.5145E+02  2.0124E+02 -9.3617E+01
0000429   9.5504E+01  1.3575E+02  1.8617E+02
0000430   3.0937E+02 -2.3819E+02  7.9834E+01
0000431   3.2855E+02 -2.0820E+02 -2.7247E+01
0000432   5.3467E+02  1.3507E+02  1.0434E+02
0000433   3.2336E+02 -3.4066E+01  7.4580E+01
0000434   4.8093E+02 -1.3999E+02 -2.4312E+02
0000435   5.6559E+02 -4.5721E+02 -1.8016E+01
0000436   8.6549E+00  3.9855E+02  2.8975E+02
0000437   4.2585E+02  9.0456E+01  2.5952E+02
0000438   3.9169E+02 -3.6919E+02  5.7309E+01
0000439   1.1390E+02 -1.6176E+02 -2.6817E+02
0000440   2.1897E+02 -4.9374E+02  6.6281E+01
0000441   5.5167E+02  1.9583E+02 -4.0101E+02
0000442   1.4175E+02 -1.2085E+02  1.5507E+01
0000443   4.2879E+02  2.0732E+02  1.4697E+02
0000444   8.1160E+01  9.5061E+01 -2.6715E+02
0000445   4.0625E+02  5.0531E+02 -4.4019E+02
0000446   4.5145E+02  1.5998E+02 -2.0964E+02
0000447   2.1179E+02 -6.7973E+01 -1.0897E+02
0000448   4.7937E+02 -1.9879E+02  2.3255E+02
0000449   1.5671E+02  5.0321E+01  2.2424E+02
0000450   6.3765E+02 -2.1053E+02  3.9659E+02
0000451   3.8185E+02  1.0792E+02 -8.8030E+01
0000452   2.9787E+02 -1.8698E+02  8.8639E+01
0000453   3.2210E+02 -3.3738E+02  3.3488E+02
0000454   4.5655E+02  8.1772E+00 -2.4927E+02
0000455   5.2139E+02  5.7078E+02 -9.3613E+01
0000456   7.3779E+02 -9.1033E+01 -1.1639E+02
0000457   4.1264E+02 -2.5638E+02 -6.3134E+02
0000458   4.5996E+02 -2.7747E+01  2.7143E+01
0000459   4.1667E+02  4.5728E+02  1.1111E+02
0000460   2.7902E+02  2.5494E+02 -1.9789E+02
0000461   5.0182E+02  4.2488E+01  1.3285E+02
0000462   5.1108E+02 -5.2596E+01 -2.5282E+02
0000463   6.4420E+02  4.6786E+02  2.6546E+02
0000464   7.1391E+02  3.8553E+02 -1.3777E+02
0000465   5.2824E+02 -1.8017E+02 -2.8742E+01
0000466   2.3358E+02 -1.3345E+02 -2.9369E+02
0000468   1.7274E+02 -9.5598E+01 -1.9173E+01
0000469   5.1554E+02  5.8220E+02 -1.1989E+02
0000470   2.0630E+02  2.5484E+02  1.0126E+02
0000471   3.9104E+02 -1.0766E+02  2.3090E+02
0000472   1.3604E+02 -7.4242E+01 -4.8428E+01
0000474   5.9030E+02 -4.6469E+01 -4.5205E+02
0000475   1.9035E+02  2.5971E+02 -1.5125E+02
0000477   4.6697E+02  2.2922E+02  3.0967E+01
0000478   1.6062E+02  4.1072E+01  5.5660E+01
0000479   2.8783E+02  4.5837E+02  2.1380E+02
0000480   3.9038E+02  3.7495E+01 -3.7959E+02
0000481   3.2578E+02 -4.3716E+01  2.2014E+01
0000482   4.2312E+02  8.1324E+00  3.8996E+01
0000483   2.7045E+02  3.8285E+02  3.1126E+02
0000484   1.2431E+02  9.9398E+01 -3.5374E+02
0000485   5.8575E+02  4.5613E+02 -7.0875E+01
0000486   5.7814E+02  1.1753E+02  2.8680E+02
0000487   4.0791E+02  3.2567E+01 -9.4378E+01
0000488   8.9021E+02 -5.7871E+02  6.9494E+01
0000489   3.4511E+02 -4.2253E+02 -2.4608E+02
0000490   1.6127E+02  3.2809E+02 -2.5930E+00
0000491   1.7537E+02 -3.9947E+02  9.4576E+01
0000492   5.6506E+02 -1.2359E+01  1.4615E+02
0000493   6.1651E+02  1.3327E+02  4.4344E+02
0000494   6.0672E+02 -3.9556E+00  9.7037E+01
0000495   3.5351E+02 -7.4511E+01  1.9749E+02
0000496   4.2436E+02  1.5338E+02 -3.5077E+02
0000497   2.0638E+02  4.1516E+01 -1.8362E+02
0000498   3.2613E+02  2.1204E+02  2.8558E+02
0000499   5.5204E+02  3.6072E+02 -1.5690E+02
0000500   2.0695E+02 -3.2066E+01  8.3371E+01
0000501   4.9321E+02 -2.5626E+02  6.0140E+02
0000502   4.8126E+02  8.6447E+01  1.2028E+02
0000503   2.3770E+02  6.2818E+01 -2.5140E+02
0000504   3.5802E+02  1.1013E+02  3.1625E+02
0000505   3.3416E+02 -3.6660E+00  2.1461E+01
0000506   4.2333E+02  1.8418E+02 -4.4681E+02
0000507   2.4515E+02  1.8504E+02  2.5588E+02
0000508   7.0104E+02 -3.0233E+01  3.8022E+02
0000510   6.4259E+02 -2.4538E+02  3.4857E+02
0000511   5.9802E+02  2.7084E+02 -1.0312E+02
0000512   3.8134E+02  9.2838E+01 -2.8246E+01
0000513   5.2819E+02  6.1561E+01 -1.5074E+02
0000514   1.5543E+02  2.8415E+02 -3.8275E+02
0000515   1.9465E+02 -2.6645E+01  4.7023E+01
0000516   5.8334E+02  2.2272E+02  4.9001E+01
0000517   1.7883E+02 -1.2340E+02 -1.7475E+02
0000518   8.2081E+01 -2.7933E+02 -4.5225E+00
0000519   8.0816E+02  3.2167E+02 -7.7752E+01
0000520   1.6614E+02  1.0286E+02 -2.7796E+02
0000521   5.5936E+02 -4.9387E+02 -7.3422E+00
0000522   2.8367E+02  6.4597E+01  3.5378E+02
0000523   3.4424E+02 -1.4440E+02 -3.9908E+02
0000524   1.5847E+02  4.7120E+01 -2.6067E+01
0000525   7.6308E+02 -8.0762E+00 -6.1380E+01
0000526   7.1601E+02  3.9631E+01 -3.8061E+01
0000527   7.4318E+02 -3.3771E+01  1.7945E+02
0000528   2.6628E+02 -1.6150E+02  3.6007E+02
0000529   3.1878E+02 -8.7536E+01 -1.2033E+02
0000530   3.1003E+02  1.8480E+02  2.5414E+02
0000531   8.8665E+02 -3.9059E+01  9.6887E+01
0000532   3.2069E+02  1.9588E+02  8.5301E+01
0000534   5.6153E+02  2.9702E+02  3.3753E+02
0000535   3.6175E+02 -2.1794E+02 -3.0356E+02
0000536   4.1138E+02 -9.7313E+01  4.6335E+02
0000537   3.6486E+02  1.0992E+02  2.3316E+02
0000538   5.5688E+02  3.0790E+02 -4.6563E+01
0000539   7.1540E+02  1.7482E+02 -1.2213E+01
0000540   1.8373E+02 -1.1477E+02 -2.7960E+02
0000541   2.9291E+02  3.1165E+02  1.4295E+02
0000542   2.9585E+02  4.4631E+01 -1.8020E+01
0000543   4.2450E+02 -1.9639E+02 -1.3446E+02
0000544   5.7828E+02  9.6288E+01  1.2211E+02
0000545   2.9889E+02  1.4955E+02  3.0544E+02
0000547   2.4661E+02  1.1452E+02  1.1115E+02
0000548   6.4316E+02 -3.1412E+02 -1.2385E+00
0000549   1.7872E+02  4.0978E-01  8.5791E+01
0000550   8.2890E+01  4.0076E+01 -2.5182E+02
0000551   5.7236E+02  5.4401E+01 -3.1447E+02
0000552   7.6061E+02 -1.9880E+02 -3.5973E+01
0000553   4.4959E+02  2.7241E+02  8.6801E+01
0000554   2.1026E+02  3.1731E+02  2.6918E+02
0000555   4.0801E+02 -1.5822E+02  7.3717E+01
0000556   6.7382E+02  3.6925E+02 -3.6762E+02
0000557   4.2702E+01 -2.3790E+02 -3.1064E+02
0000558   6.1507E+02 -2.4049E+02  2.1743E+02
0000559   5.5828E+02 -4.8159E+01 -4.1094E+00
0000560   4.6668E+02  1.4850E+02  2.7400E+02
0000561   1.3121E+02  2.3799E+01  2.0320E+02
0000562   5.7631E+02  3.1258E+02  6.1702E+01
0000563   4.4688E+02 -2.3096E+02  1.2879E+02
0000564   3.7472E+02 -9.9607E+01  1.3354E+02
0000565   4.7827E+02  1.1508E+02 -1.9874E+02
0000566   4.4304E+02  2.5509E+02 -8.7524E+01
0000568   3.8590E+02  3.4176E+02 -1.1720E+02
0000569   2.5243E+02 -3.9109E+01 -6.0378E+01
0000570   1.8574E+02  5.6608E+02 -7.8188E+01
0000571   8.6636E+01  2.2161E+02 -5.5763E+01
0000572   2.6018E+02 -1.6622E+02  4.5309E+02
0000573   3.2372E+02  1.4413E+02  3.2633E+02
0000574   5.4004E+02 -1.1362E+02 -4.7330E+01
0000575   4.0700E+02 -6.0798E+01 -2.3955E+02
0000576   1.0051E+02 -2.8433E+02 -2.8344E+01
0000577   8.3938E+02 -9.1682E+01 -1.4156E+02
0000578   4.3559E+02  3.9729E+02  1.9825E+01
0000579   6.3399E+02 -2.3766E+02  6.2282E+01
0000580   6.9931E+02  6.6262E+01 -3.2314E+02
0000581   5.9282E+02  2.7025E+02  1.4021E+02
0000582   4.2158E+02  1.7342E+02 -1.5982E+01
0000583   2.5710E+02  5.4379E+02  1.5194E+00
0000584   3.1383E+02  1.4486E+02  2.3379E+02
0000585   5.9063E+02 -9.5702E+01  1.6773E+01
0000586   2.4703E+02 -2.0246E+02  1.8662E+01
0000587   4.2864E+02 -2.2485E+02  4.9674E+01
0000588   5.1222E+02 -2.3390E+02  3.8612E+02
0000589   2.7732E+02  4.6567E+02 -8.9507E+00
0000590   3.3692E+02  2.1722E+02 -6.0276E+00
0000591   4.4969E+02  9.8918E+01 -2.4100E+02
0000592   6.0127E+02 -4.3405E+02  3.3994E+02
0000593   4.9136E+02  1.5570E+02  2.6399E+02
0000594   4.8665E+02 -1.8291E+02  1.6683E+01
0000595   2.6001E+02  2.4081E+02 -1.5034E+02
0000596   4.2660E+02 -1.0157E+02  1.7373E+02
0000597   4.4174E+02 -1.9917E+02  5.4784E+01
0000599   7.6012E+02  4.8424E+01 -8.4314E+01
0000600   6.5653E+02 -1.0504E+02  2.4971E+02
0000601   4.4166E+02 -2.2921E+02  2.9602E+02
0000602   5.4378E+02  1.3267E+02  2.2684E+02
0000603   7.6544E+02  3.0969E+02 -3.9637E+02
0000604   4.9978E+02  3.1735E+02  2.8408E+02
0000605   5.5384E+02 -6.1905E+01  1.2929E+01
0000606   7.0580E+02 -3.8355E+01  4.4067E+02
0000607   5.4943E+02  6.1214E+01 -1.9843E+02
0000608   5.8091E+02  2.6660E+02 -8.1051E+01
0000609   2.5727E+02  1.6341E+02 -6.4783E+01
0000610   3.0940E+02  4.3294E+02 -8.2916E+01
0000611   4.2719E+02  7.8508E+01  9.6129E+01
0000612   7.0136E+02  3.3216E+02 -2.1503E+02
0000613   5.2217E+02 -1.0033E+02 -1.1590E+02
0000614   4.3562E+01 -8.0079E+01 -2.2839E+02
0000615   6.2297E+02  2.7216E+02 -2.1533E+02
0000616   3.9884E+02  4.0376E+02  2.7653E+02
0000617   4.4453E+02  5.7126E+01 -4.1268E+02
0000618   2.6224E+02  9.7844E+01 -5.3059E+01
0000619   8.1050E+01  1.6878E+02  3.1713E+01
0000620   3.6601E+02  1.7015E+02  1.6670E+02
0000621   4.8740E+02 -8.0264E+01 -3.0506E+02
0000622   6.4101E+02 -8.5728E+01 -1.8672E+02
0000623   4.1939E+02  2.8870E+01 -2.2301E+02
0000624   3.6077E+02 -6.9504E+01 -1.1332E+02
0000625   2.9315E+02 -4.2933E+01 -3.6842E+02
0000626   4.8478E+02  1.3238E+01 -2.2338E+02
0000627   7.2045E+02  8.5906E+01 -1.4026E+02
0000628   5.8209E+02  2.1946E+02 -1.5839E+02
0000629   4.0211E+02  2.6700E+02 -3.1766E+02
0000630   3.7399E+02  4.7119E+02 -1.3357E+02
0000631   4.7163E+02  6.1110E+01  1.1906E+02
0000632   1.5420E+02  2.0729E+02  9.0626E+01
0000633   2.3441E+02 -1.6230E+01 -4.0621E+02
0000634   4.0488E+02  1.9584E+02 -1.2948E+02
0000635   3.1835E+02  1.0806E+02  1.4022E+02
0000636   1.1827E+02 -1.8613E+02  3.7992E+01
0000637   3.6181E+02 -2.2626E+02 -8.8161E+01
0000638   5.5247E+02  7.6028E+01 -4.1471E+02
0000639   4.7991E+02 -1.2224E+02  3.4413E+02
0000640   5.1400E+02  2.9309E+02  3.0020E+01
0000641   2.7415E+02  7.0548E+01 -2.2380E+01
0000642   4.4380E+02  6.5107E+01  6.5406E+01
0000643   6.1406E+01 -2.0529E+02  4.9670E+01
0000644   3.5031E+02  2.2779E+02 -2.7092E+01
0000645   3.9942E+02  3.2831E+00  3.4747E+02
0000646   3.2742E+02  4.2017E+01  2.4630E+02
0000647   4.5916E+02  2.4607E+02 -1.6614E+02
0000648   4.9474E+02 -2.3515E+01  2.3045E+02
0000649   2.4803E+02 -1.6801E+02  4.9201E+02
0000650   6.5544E+02  1.3398E+01  4.8696E+02
0000651   4.1684E+02 -3.1372E+02 -1.5358E+02
0000652   2.2794E+02 -1.5120E+02  9.9054E+01
0000653   1.0036E+02 -1.0118E+02 -1.0826E+02
0000654   3.2768E+02  3.1047E+02  4.0192E+01
0000655   3.2442E+02 -7.6151E+01 -2.7469E+02
0000656   5.0192E+02 -9.0711E+01 -1.8164E+02
0000657   3.8909E+02 -1.8518E+01 -1.9149E+02
0000658   8.0447E+02  1.0171E+01  4.8677E+01
0000659   5.7653E+02 -8.2871E+01 -2.6080E+01
0000660   2.6747E+02 -6.8188E+01  4.7397E+02
0000661   4.6508E+02  4.2732E+02 -3.9510E+02
0000662   4.2362E+02  2.9507E+02  1.9706E+02
0000663   3.8565E+02 -5.3607E+01  1.5221E+01
0000664   7.7108E+02  2.8598E+02 -2.0905E+02
0000665   5.7431E+02 -1.9482E+02 -5.5792E+01
0000666   1.5803E+02  4.9238E+02 -6.9982E+01
0000667   3.8419E+02 -3.3736E+02  3.1264E+01
0000668   7.5756E+02  1.2359E+00 -4.5028E+01
0000670   4.9920E+02 -9.4542E+01 -1.5210E+02
0000671   2.5133E+02 -1.3527E+02  2.9190E+02
0000672   6.8734E+02 -1.7919E+02  1.2259E+02
0000673   4.3698E+02 -8.9027E+01 -1.9402E+02
0000674   4.2604E+02  1.8232E+02 -2.4693E+01
0000675   6.1253E+02 -4.1341E+01 -9.2442E+01
0000676   6.0793E+02  2.8782E+02 -2.0376E+02
0000677   1.5747E+02  8.6511E+01 -4.9988E+01
0000678   6.3861E+02  1.5033E+02  6.9548E+01
0000679   4.2315E+02 -4.2083E+02  3.3022E+02
0000680   5.1264E+02  5.6892E+01 -4.3429E+02
0000681   3.9484E+02 -9.7036E+01 -4.8134E+01
0000682   6.0885E+02  8.8993E+01 -2.0207E+02
0000683   5.1471E+02  2.7053E+02  2.6655E+02
0000684   2.3359E+02 -1.3114E+02  1.9735E+02
0000685   6.0958E+02  9.6324E+01 -2.3884E+00
0000686   3.7385E+02  1.3593E+02  1.7030E+02
0000687   4.2878E+02 -1.1114E+02  1.1935E+02
0000688   5.5641E+02 -4.0602E+02 -5.7076E+01
0000689   3.3931E+02 -3.3660E+02 -2.3720E+00
0000690   3.7967E+02  2.9457E+02  6.9105E+01
0000691   3.0818E+02 -4.2333E+02  5.4714E+01
0000692   5.1481E+02 -2.2541E+02 -5.2026E+01
0000693   5.9053E+01 -9.0765E+01  2.5337E+02
0000694   2.4457E+02  3.6862E+02 -2.4788E+02
0000695   4.8043E+02  1.3392E+02  1.8615E+02
0000697   4.6565E+01  2.9467E+02  3.2359E+01
0000698   6.2365E+01  2.6977E+02  5.3065E+01
0000699   4.3932E+02  2.6547E+02  5.4629E+01
0000700   5.1396E+02  6.2421E+02  2.1523E+02
0000701   3.6726E+02  3.1338E+02  3.7934E+02
0000702   4.1108E+02 -3.2690E+02  3.3077E+02
0000703   2.0489E+02  3.4612E+00  1.6957E+02
0000704   6.6359E+02 -5.5959E+00  3.0365E+02
0000705   2.5607E+02 -3.1522E+00 -2.9719E+02
0000706   3.4424E+02  4.4019E+02 -7.6024E+01
0000707   4.3673E+02 -2.6629E+02 -3.5834E+02
0000708   3.2774E+02  4.5726E+01  2.3453E+01
0000709   3.5582E+02 -1.6801E+02 -1.9020E+02
0000710   2.6951E+02 -3.4838E+02 -2.1779E+02
0000711   7.0748E+02  2.4206E+02  1.1402E+02
0000712   4.1483E+02 -4.8648E+02  1.0968E+02
0000713   5.7292E+02  3.9408E+01  3.2391E+02
0000715   1.0604E+02  2.1135E+02 -8.0055E+01
0000716   3.7327E+02 -1.2634E+02  3.5551E+02
0000717   2.0052E+02  3.3585E+02 -9.2665E+01
0000718   1.6744E+02  6.4317E+01  1.1493E+02
0000719   7.2231E+02  3.5861E+02 -2.4282E+02
0000720   5.3428E+02  2.4512E+02  3.0499E+02
0000721   4.7978E+02  6.4889E+01 -3.5105E+02
0000722   6.4032E+01  1.0768E+02  4.5612E+02
0000723   3.3033E+02  3.5686E+01 -8.7600E+01
0000724   4.0723E+02 -3.2048E+02  2.9526E+02
0000725   1.9781E+02 -5.7361E+01  3.4623E+02
0000726   4.1901E+02 -1.8279E+02  1.8665E+02
0000727   3.8850E+02 -4.6652E+02 -2.0606E+01
0000728   5.8474E+02 -3.4698E+02 -1.7630E+02
0000729   4.6553E+02  1.0011E+02 -9.8004E+01
0000730   4.3474E+02  5.9221E+00 -4.2060E+02
0000731   4.4542E+02  1.0236E+02  2.3959E+02
0000732   7.6824E+02 -3.7655E+02  1.3343E+02
0000733   4.8246E+02  1.5424E+02 -8.6816E+01
0000734   4.9044E+02 -7.0788E+01 -2.1265E+02
0000737   4.5341E+02  1.6516E+02 -2.1803E+02
0000738   1.0260E+02  4.7028E+01  4.1227E+01
0000739   5.6702E+02 -8.9109E+01  2.7943E+02
0000740   3.4226E+02 -5.2604E+02  3.0579E+01
0000741   4.0633E+02 -1.4047E+02  1.2171E+02
0000742   2.3298E+02  5.9822E+01 -6.4824E+01
0000743   4.3543E+02  7.1802E+01 -2.1939E+01
0000744   6.8754E+02 -1.5498E+02  2.6229E+01
0000746   5.9138E+02 -1.3428E+02 -1.6741E+02
0000747   7.6053E+01  9.6282E+01  4.0714E+02
0000748   2.5484E+02 -2.2300E+02  4.2761E+01
0000749   2.0574E+02 -1.2782E+02 -4.4155E+00
0000750   5.6618E+02 -1.7676E+02 -4.0994E+02
0000751   3.2185E+02 -1.2625E+02 -4.5233E+02
0000752   8.0440E+02 -3.2357E+01 -5.8082E+01
0000753   3.5144E+02 -1.6854E+02  3.4090E+02
0000754   3.4031E+02 -8.4089E+01  1.4666E+01
0000755   2.3082E+02 -4.4277E+01  9.1205E+00
0000756   7.1691E+02  2.6513E+02  2.3612E+02
0000757   5.0685E+02 -4.0330E+01 -9.3313E+01
0000758   2.1437E+02  1.0553E+02  6.1745E+01
0000759   6.2092E+02  1.5375E+02 -1.3587E+02
0000760   7.0043E+02  5.1396E+00 -1.1730E+02
0000761   1.3462E+02  1.9827E+02 -1.1932E+02
0000762   4.2331E+02  1.9721E+01 -1.1174E+02
0000763   4.7938E+02  8.1190E+01  7.1266E+01
0000764   5.7191E+02  1.1340E+02 -2.6645E+02
0000765   7.1249E+02  2.5240E+02 -3.6410E+02
0000766   3.8846E+02  1.2142E+02 -1.2732E+02
0000767   6.6810E+02  9.5071E+01 -1.0655E+02
0000768   8.0208E+02 -2.6525E+02 -1.0076E+02
0000769   4.3115E+02  1.0239E+02  1.9083E+02
0000770   1.8985E+02  9.1712E+01 -2.6183E+02
0000771   2.4917E+02 -2.0230E+01 -2.2724E+01
0000772   3.0698E+02 -2.8399E+01  1.3728E+02
0000773   3.5921E+02  3.3125E+02  8.4785E+01
0000774   3.4289E+02  1.4376E+02  2.6910E+02
0000775   1.7557E+02  6.0181E+01  1.8737E+02
0000776   5.3279E+02 -3.6178E+02 -1.3522E+01
0000777   5.0127E+02  9.3656E+01  2.1701E+02
0000778   2.5710E+02 -1.9217E+02  1.8741E+01
0000779   4.7167E+02  6.0075E+01 -4.9164E+01
0000780   4.7877E+02  1.3819E+02 -2.8193E+02
0000781   5.3324E+02  3.5211E+02  1.4556E+01
0000782   4.1553E+02 -1.8290E+02 -3.4405E+02
0000783   3.3107E+02 -5.5184E+01 -3.8996E+02
0000784   4.2588E+02 -1.3740E+02  1.0180E+02
0000785   1.1071E+02 -1.7249E+02 -1.2066E+02
0000786   2.6533E+02 -1.4976E+02  1.0264E+02
0000787   8.5350E+01  2.9825E+02  2.0981E+02
0000788   3.2846E+02  1.7793E+01  2.3975E+02
0000789   5.1642E+02  2.9907E+02  1.2745E+02
0000790   2.2288E+02 -1.7674E+02 -4.2175E+02
0000791   3.1964E+02 -2.0664E+02  4.5667E+02
0000792   7.4103E+02  1.8503E+02  1.9724E+02
0000793   4.1858E+02 -5.7967E+02 -8.0383E+01
0000794   3.9176E+02  1.4421E+02  3.5629E+02
0000795   1.6560E+02  1.2943E+02 -2.4957E+02
0000796   7.1307E+02  1.3213E+02  1.6571E+02
0000797   5.7641E+02  2.2999E+02  2.6983E+02
0000798   3.5862E+02 -2.8721E+01  2.1565E+02
0000799   3.1848E+02  9.5823E+00 -4.1248E+02
0000800   5.3225E+02 -5.8294E+01  2.3258E+02
0000801   3.3991E+02 -3.6643E+02  4.3555E+02
0000802   3.9692E+02  3.7156E+02  1.0500E+02
0000803   6.4126E+02 -1.6998E+02  1.0877E+02
0000804   7.8810E+02 -1.1805E+01 -1.3838E+02
0000805   1.1215E+02  6.6480E+01 -2.8946E+02
0000806   6.8978E+02 -2.6813E+01  5.5133E+00
0000807   6.0922E+02  1.1000E+02 -1.1622E+02
0000808   1.3300E+02 -6.7870E+01 -1.6829E+02
0000809   3.8973E+02 -2.3321E+02 -1.7238E+02
0000810   4.0708E+02 -7.8206E+01  1.3152E+02
0000811   2.8384E+02  1.1358E+02  1.5031E+01
0000812   5.3752E+02  3.0589E+02  2.2819E+02
0000813   4.2557E+01 -8.3782E+01  1.0693E+02
0000814   6.6429E+02 -8.2895E+01 -3.5281E+00
0000815   2.0069E+02  2.4169E+02 -1.8527E+01
0000816   3.4935E+02 -2.0120E+02  5.1478E+00
0000817   7.6468E+02 -1.6647E+02 -5.5729E+01
0000818   2.2063E+02  2.5482E+01  1.0020E+02
0000819   3.6775E+02 -4.9637E+02 -3.3906E+02
0000820   1.1078E+02 -7.3704E+01  3.3824E+02
0000821   6.4897E+02  5.0143E+02  5.1284E+01
0000822   2.1951E+02 -1.2480E+02 -2.6397E+01
0000823   4.8806E+02 -2.5462E+01  2.2429E+02
0000824   2.6211E+02 -1.2728E+02  4.4591E+02
0000825   6.7466E+02  1.5847E+02  9.9249E+01
0000826   6.0124E+02  4.6987E+02  1.6293E+02
0000827   7.6781E+02 -5.8024E+01 -2.2744E+02
0000828   6.5289E+02 -2.7012E+00  1.4294E+02
0000829   2.2979E+02 -3.4985E+01  1.1211E+01
0000830   8.7352E+02  1.4159E+02  2.9217E+02
0000831   1.5564E+02 -3.5136E+01  2.3715E+02
0000832   4.0765E+02 -2.1317E+02 -3.8016E+02
0000833   1.4531E+02  1.3920E+02  2.6699E+01
0000834   5.5682E+01 -6.6600E+01 -2.7310E+02
0000835   4.2140E+02 -8.7502E+01 -1.3794E+02
0000836   1.2614E+02  2.2011E+02 -1.8462E+02
0000837   6.8874E+01 -5.2881E+02 -6.9727E+01
0000838   3.1019E+02 -1.3488E+02  1.7992E+02
0000839   2.4672E+02  7.7647E+01 -1.0591E+02
0000840   3.2447E+02 -2.4506E+02  1.7189E+02
0000841   1.3598E+02  5.4488E+00 -2.3841E+02
0000842   4.3181E+02  1.9188E+02  1.5628E+02
0000843   2.2373E+02  1.4051E+02  1.2775E+02
0000844   4.3237E+02  1.5047E+01  3.3129E+02
0000845   7.3679E+01 -1.9656E+02  4.3908E+02
0000846   4.1150E+02 -2.3282E+01  3.6701E+02
0000847   3.0039E+02 -2.7491E+01  3.7658E+01
0000848   7.1131E+02  8.6664E+01  4.4177E+02
0000849   1.2740E+02  2.6135E+01 -1.3881E+02
0000850   6.8861E+02  1.6902E+02 -2.0100E+02
0000851   4.8367E+02 -2.4893E+02  1.7702E+02
0000852   4.3613E+02  1.4868E+02 -3.0202E+02
0000853   2.6010E+02 -3.2201E+02  6.3329E+01
0000854   4.8393E+02  2.0227E+02 -3.3377E+02
0000855   6.9869E+01  1.5313E+02  5.7253E+02
0000856   7.6982E+01 -1.5277E+02 -1.9878E+02
0000857   3.7613E+02  1.7171E+02  2.1095E+02
0000858   1.8949E+02 -1.7275E+02 -5.3764E+02
0000859   2.1902E+02 -8.7308E+01 -1.0970E+02
0000860   3.3517E+02 -1.4858E+02 -1.8157E+02
0000861   6.2344E+02 -8.6508E+01 -1.0801E+02
0000862   2.9289E+02 -1.7326E+02  5.7146E+01
0000863   3.5028E+02  1.7964E+02  6.6126E+01
0000864   4.7856E+02 -1.1122E+02  1.3891E+02
0000865   5.5917E+01 -5.6472E+01  4.8270E+01
0000866   4.7454E+02  3.4390E+02 -1.7617E+02
0000867   4.7071E+02 -1.5081E+02 -1.0311E+02
0000868   3.0833E+02 -3.0383E+02 -2.0102E+02
0000869   5.2831E+02  4.5038E+02 -9.7612E+01
0000870   3.8509E+02  9.3791E+01  7.2070E+01
0000871   3.5742E+02 -2.9887E+02 -1.1224E+02
0000872   5.0487E+02  9.2395E+01 -2.6286E+01
0000873   5.3705E+02 -1.5762E+02 -2.5560E+02
0000874   2.8643E+02  1.7223E+02  1.6045E+02
0000875   6.4912E+02 -1.9882E+01  1.6116E+02
0000876   5.5330E+02  3.7663E+02  8.5101E+01
0000877   3.7716E+02 -2.1516E+02  2.9786E+01
0000878   8.1949E+02  1.8202E+01  8.7040E+01
0000879   7.4683E+02  2.2509E+02 -1.4740E+02
0000880   3.5398E+02  5.0673E+02  9.1369E+01
0000881   2.3606E+02  1.1323E+02 -4.3313E+01
0000882   3.0368E+02  1.2247E+02  1.4323E+01
0000883   1.9901E+02 -1.2131E+02  9.1564E+01
0000884   3.8768E+02 -3.0007E+01 -2.7828E+02
0000885   2.4733E+02 -5.2134E+02  2.9452E+02
0000886   1.2736E+02  3.7503E+02 -1.0799E+01
0000887   3.9118E+02 -2.6201E+02 -1.5615E+02
0000888   2.8082E+02  3.7502E+02 -9.7602E+01
0000889   4.9758E+02  4.8718E+00 -1.0404E+02
0000890   2.8191E+02  1.2512E+02 -3.2427E+02
0000891   5.4258E+02  2.7127E+01  6.9255E+01
0000892   4.7287E+02  5.7557E+01 -4.2102E+02
0000893   5.8281E+02 -4.4291E+02  4.8968E+01
0000894   6.2880E+02  4.5410E+02  9.4192E+01
0000895   3.5319E+02  1.6175E+02 -5.0891E+01
0000896   2.4081E+02  2.8167E+02  1.8790E+02
0000897   3.7915E+02  1.8097E+01 -2.6563E+02
0000898   7.4018E+02  1.4935E+02 -1.2288E+02
0000899   6.7659E+01  1.5476E+02 -1.5175E+01
0000900   1.8297E+02 -1.6585E+02  3.5997E+01
0000901   3.3885E+02 -2.2253E+02 -4.9802E+01
0000902   6.3024E+02 -3.3217E+02  4.2758E+01
0000903   1.5317E+02  4.3534E+01 -9.9581E+00
0000904   5.4047E+02  1.1698E+02 -8.3207E+01
0000905   2.7449E+02 -6.8087E+01 -3.2881E+02
0000906   6.9264E+02  7.6578E+00 -2.8237E+02
0000907   7.5176E+02 -2.0647E+01 -1.1208E+02
0000908   1.0256E+02 -3.2262E+02  8.6685E+01
0000909   2.5007E+02 -3.9024E+02  6.6837E+01
0000910   8.4385E+02  2.9744E+02  1.4981E+02
0000911   1.7304E+02  4.4337E+02  3.5370E+02
0000912   2.0786E+02 -9.6864E+01 -2.6151E+01
0000913   3.8800E+02 -3.4491E+01  6.4581E+01
0000914   4.6535E+02 -1.8400E+02  1.2252E+02
0000915   5.7025E+02  2.2539E+01  1.6561E+02
0000916   8.1288E+02  1.6257E+01  1.9983E+02
0000917   2.7611E+02 -2.7523E+01  4.1725E+00
0000918   6.5169E+02 -1.6461E+01 -8.8177E+01
0000919   6.1852E+02  4.3858E+02 -1.2987E+01
0000920   4.9466E+02  5.6796E+01 -2.6830E+02
0000921   2.6912E+02 -2.2953E+02 -2.8989E+02
0000922   4.0487E+02 -2.3855E+02  1.5629E+02
0000923   4.3184E+02 -1.6172E+02 -6.7953E+01
0000924   5.1683E+02  9.9189E+01 -6.1406E+01
0000926   2.8100E+02  6.9325E+01  4.4637E+02
0000927   5.2658E+02 -2.7313E+02 -4.2341E+01
0000928   4.2703E+02  2.5051E+01  8.6351E+01
0000929   7.0884E+02  1.3640E+02  8.1541E+01
0000930   4.0247E+02 -1.8303E+02 -1.2476E+01
0000931   3.4134E+02  2.5318E+02 -5.6212E+01
0000932   4.5460E+02 -1.6805E+02  2.1682E+02
0000933   2.8478E+02 -2.3740E+02 -1.6095E+02
0000934   1.6168E+02 -8.5067E+01  5.8566E+01
0000935   5.7804E+02  1.1095E+01  4.0327E+01
0000936   7.4798E+02 -4.9284E-01 -7.0741E+01
0000937   2.4990E+02  4.4467E+01 -3.8099E+02
0000938   3.0365E+02 -5.5923E+01  2.7747E+02
0000939   6.0902E+02  9.4924E+01  1.6508E+02
0000940   1.6789E+02 -3.6673E+01 -3.0759E+02
0000941   1.6678E+02 -1.1693E+02 -2.1206E+02
0000942   5.4318E+02  3.6576E+02  1.4547E+02
0000943   8.1687E+02  3.1444E+02 -3.4536E+02
0000944   3.2513E+02 -1.3896E+02 -4.8609E+02
0000945   3.8642E+02 -9.5720E+01  2.4041E+02
0000946   7.2191E+02 -1.4708E+02 -2.3470E+02
0000947   6.1866E+02 -3.7647E+02  2.2133E+02
0000948   8.5424E+01 -5.9215E+01  5.5301E+01
0000949   3.6845E+02 -1.2218E+02 -8.9241E+01
0000950   3.3657E+02 -5.7537E+02 -3.0402E+00
0000951   5.9718E+02 -3.7007E+02  3.2623E+02
0000952   5.8617E+02  5.2577E+02  1.0364E+02
0000953   6.6643E+01  2.2190E+02 -3.1806E+01
0000954   3.6801E+02 -1.9397E+02 -4.8952E+01
0000955   2.1299E+02 -4.9901E+01 -5.9312E+01
0000956   2.7013E+02  2.6492E+02  1.9168E+02
0000957   2.5441E+02  1.2237E+02 -1.2860E+02
0000958   6.6932E+02  3.3409E+02 -4.4336E+02
0000959   5.5912E+02  4.4837E+01 -1.3166E+01
0000960   2.6796E+02 -3.8796E+01  3.8898E+02
0000961   9.1916E+01  3.7487E+02  3.2106E+02
0000962   4.3893E+02 -8.4365E+01  1.0506E+02
0000963   3.1696E+02 -4.6837E+02 -5.3600E+02
0000964   4.2186E+02  1.5256E+02  5.2971E+02
0000965   4.0754E+02  2.5510E+02 -4.2297E+00
0000966   3.8374E+02  2.3559E+02  4.1460E+02
0000967   4.6934E+02 -3.1538E+02 -5.1384E+01
0000968   7.5384E+02  7.1636E+01 -1.7926E+02
0000969   2.1625E+02 -3.7845E+01 -5.2080E+00
0000970   1.5272E+02 -1.6657E+00 -1.2653E+02
0000971   3.0239E+02  1.1807E+01 -2.3729E+02
0000972   1.7119E+02  6.7482E+01  2.8636E+02
0000973   3.8734E+02  1.3011E+02  5.6673E+02
0000974   1.3078E+02  3.3635E+02  2.1876E+02
0000976   3.7387E+02 -1.7244E+02  1.7487E+01
0000977   6.1348E+02  1.6692E+02 -3.3888E+02
0000978   3.0377E+02 -3.3286E+02 -6.9286E+01
0000979   2.9817E+02 -1.8084E+02 -7.5466E+01
0000980   6.5120E+02  9.5810E+01  1.6482E+00
0000981   4.0154E+02 -2.9168E+02  4.2998E+02
0000982   6.4808E+02 -4.1156E+02  2.3251E+01
0000983   6.7844E+02  4.1159E+01 -3.2533E+02
0000984   3.5958E+02 -2.3836E+01 -4.0596E+01
0000985   3.3174E+02 -5.6953E+01 -1.5490E+02
0000986   1.6152E+02  1.6657E+02  2.7707E+02
0000987   1.6215E+02 -1.5566E+02 -5.7285E+02
0000988   4.6348E+02  1.3112E+02 -2.1293E+01
0000989   2.6561E+02  7.9714E+01  7.5737E+01
0000990   7.4567E+02  3.6464E+01 -2.0072E+02
0000991   3.5198E+02 -1.7936E+02  2.1239E+02
0000992   5.1981E+02 -1.3990E+02  1.3813E+02
0000993   3.9978E+02 -6.3462E+01 -7.8434E+01
0000994   5.5620E+02  5.1013E+01  1.5881E+02
0000995   4.3696E+02 -2.1867E+01 -6.4675E+00
0000996   2.4056E+02  2.0362E+02  5.4667E+01
0000997   1.9934E+02 -1.8384E+01 -4.9853E+02
0000998   4.2109E+02 -2.6203E+02  1.2690E+02
0000999   3.9186E+02 -6.8606E+01 -1.1147E+02
0001000   1.3036E+02 -5.5251E+01  3.2646E+02
