============================== SRIM-2013.00 ==============================
==============================================================================
====== SRIM Outputs\RANGE_3D.txt : File of Final Ion Positions =====

Ion =  F (09)   Ion Mass= 018.9984
Energy  = 2000000.E-05 keV
Ion Angle to Surface = 00.0 degrees
==================== TARGET =======================
  Layer # 1 - None
  Layer # 1 - Bottom Depth=500000.E-01 A
  Layer # 1 - Density =0007.8700 g/cm3
  Layer # 1 -  100 % of Fe
様様様様様様様様様様様様様様様様様様様様様様様様様様
                                            
Ion       Depth  X   Lateral Y   Lateral Z  
Number    (Angstrom) (Angstrom)  (Angstrom) 
-------  ----------- ----------- -----------
0000001   3.1228E+02  9.1827E+01  3.0578E+01
0000002   2.2627E+02  9.1329E+00  9.9462E+01
0000003   8.4622E+00 -5.7869E+01 -1.8150E+01
0000004   4.1865E+02  7.6054E+01  7.0241E+01
0000005   1.3883E+02 -1.6703E+02  1.1949E+01
0000006   8.9409E+01  1.0208E+02 -1.8585E+02
0000007   1.0949E+02  7.1987E+01  5.3667E+01
0000008   2.3616E+02  1.0047E+02  2.9708E+02
0000009   1.0598E+02  4.3287E+01 -2.3365E+02
0000010   2.6550E+02  1.0773E+02 -5.7048E+01
0000011   3.2797E+02  1.3667E+02  4.5991E+01
0000012   2.3861E+02  6.5345E+01  1.5436E+02
0000013   1.6493E+02 -3.3569E+01 -1.2223E+02
0000014   3.7109E+02 -1.4936E+02 -5.6271E+00
0000015   2.4349E+02 -2.9361E+01  1.2928E+02
0000017   2.8366E+02  1.9607E+02 -2.4223E+02
0000018   2.7161E+02 -7.8283E+01 -4.3086E+01
0000019   1.0842E+02 -1.3160E+01 -7.0679E+01
0000020   3.1136E+02 -1.0222E+02 -5.8252E+01
0000021   2.2495E+02  2.7766E+00  2.8213E+01
0000022   5.1318E+02  8.4849E+01  9.4822E+01
0000023   1.8592E+02  2.0086E+01  8.1537E+01
0000024   3.0669E+02 -1.8374E+02  1.4040E+02
0000025   2.2748E+02 -7.1599E+01  1.4768E+02
0000026   1.8280E+02  5.0337E+01  9.2108E+00
0000027   2.0509E+02 -9.3300E+01  1.9915E+02
0000028   1.1628E+02  8.3969E+01 -1.6242E+01
0000029   1.5622E+02  1.4053E+02  6.9242E+00
0000030   2.5669E+02  4.9980E+00  1.0842E+02
0000031   1.3682E+02  1.8763E+02  1.4610E+02
0000032   1.3209E+02  1.0877E+02 -1.9945E+02
0000033   2.9389E+02  2.8168E+01  1.8054E+02
0000034   2.1667E+02 -6.2790E+00 -5.1734E+01
0000035   9.8378E+01 -1.2022E+02  3.4904E+01
0000037   1.6071E+02 -6.7735E+01  1.3479E+02
0000038   3.0855E+02  3.1974E+02 -1.2570E+02
0000039   1.0852E+02 -1.0110E+02  1.7980E+02
0000040   1.4150E+02 -1.6935E+02  4.5490E+01
0000041   1.1381E+02 -2.6013E+02 -1.2755E+02
0000042   1.6020E+01  7.1539E+01  1.2990E+02
0000043   1.5121E+02  1.7459E+02 -8.0279E+01
0000044   2.3792E+02 -3.3056E+02  2.1705E+02
0000045   1.5720E+02 -3.6298E+01  1.0129E+02
0000046   2.5446E+02  9.1275E+01 -5.3020E+01
0000047   9.3025E+01 -1.5454E+01  1.0557E+02
0000048   8.3012E+01  1.5372E+02 -8.7697E+01
0000049   2.1692E+02 -6.5771E+01 -4.8607E+01
0000050   2.1058E+02  1.0725E+02 -2.4344E+02
0000051   2.4079E+02  5.4729E+01  5.6255E+01
0000052   2.0210E+02 -5.7758E+01  2.0403E+01
0000053   1.7902E+02 -7.1645E+01  8.7189E+01
0000054   4.1222E+02 -2.3632E+02 -7.2732E+01
0000055   7.6483E+01 -2.2054E+01 -5.6366E+01
0000056   8.1152E+01 -8.5180E+01  3.5401E+01
0000057   6.1272E+01  2.4442E+01  5.8037E+01
0000058   2.4066E+02  1.6957E+02  1.5104E+01
0000060   1.0282E+02  1.0732E+01  1.1963E+02
0000061   2.5264E+02 -1.1354E+02 -1.3261E+02
0000062   4.0499E+02  2.1517E+00  1.7487E+01
0000063   2.6003E+02 -1.8117E+01 -2.1486E+02
0000064   6.4227E+01  5.3385E+01 -7.0278E+01
0000066   2.4503E+02 -1.4176E+02 -1.3382E+02
0000067   3.4392E+02 -2.6782E+01  4.7599E+01
0000068   3.9327E+02 -8.4005E+01 -3.4292E+02
0000069   3.5913E+02  9.0599E+01 -3.1777E+01
0000070   2.1086E+02 -6.8438E+01 -4.2847E+01
0000071   1.1769E+02  3.1865E+01 -2.5902E+01
0000072   1.2257E+02 -1.2493E+02  9.7461E+01
0000073   1.8762E+02 -1.7891E+02 -9.8580E+00
0000075   2.7501E+02  2.2797E+02 -1.9683E+02
0000076   4.8483E+01 -2.3196E+01  3.8335E-01
0000077   1.3369E+01  1.6846E+02  1.2255E+02
0000078   3.6695E+02  2.8122E+01  1.0065E+02
0000079   2.4064E+02  8.2951E+01  1.6330E+02
0000080   1.8095E+02  1.4479E+02 -9.4007E+01
0000081   6.7508E+01  1.5064E+01  1.0593E+02
0000082   1.1807E+02  4.2363E+01 -2.4048E+01
0000083   2.9700E+02  1.2713E+02 -7.9626E+00
0000084   1.8777E+02 -6.2187E+01 -9.5431E+01
0000085   2.3104E+02  3.8854E+01  4.1591E+01
0000086   2.2744E+02 -1.7007E+02 -8.1430E+01
0000087   2.7047E+02 -1.3986E+02 -1.3025E+02
0000088   9.5051E+01  9.6258E+01  1.1265E+02
0000091   1.7109E+02 -2.1032E+02 -3.8662E+01
0000092   2.6054E+02  9.0575E+01 -1.0856E+02
0000093   2.9866E+02  1.4243E+02  8.8384E+01
0000094   3.2318E+02 -1.2597E+02 -1.1838E+02
0000095   3.5949E+02  1.6949E+01  8.8314E+01
0000096   8.5056E+01 -1.9337E+01 -3.0002E+02
0000097   9.8692E+01 -1.1875E+02  1.3375E+02
0000099   2.0397E+02 -9.7890E+01 -9.9143E+01
0000100   4.4735E+02  7.0516E+01  7.0796E+00
0000101   1.3648E+01  1.7336E+02 -1.4196E+02
0000102   2.1052E+02  8.2554E+01  1.2520E+02
0000103   1.4951E+02 -1.1987E+02  1.9436E+02
0000105   1.9435E+01  1.9388E+02 -1.6881E+02
0000106   1.7849E+02  6.2275E+01 -2.5609E+01
0000107   1.1649E+02  7.4813E+01  4.5580E+01
0000108   2.9955E+02 -2.5634E+01  1.3738E+02
0000109   2.2611E+02  1.0569E+02 -1.8242E+02
0000110   1.0526E+02 -5.2923E+01  3.7423E+01
0000111   1.4065E+02 -7.6077E+01 -1.9209E+01
0000113   6.8019E+01  7.4445E+00 -1.3148E+02
0000114   7.5660E+01 -9.1575E+01  1.4224E+02
0000115   3.8640E+02  2.4378E+01 -2.7922E+01
0000116   3.0978E+02  2.4269E+02  1.4286E+02
0000118   2.6831E+02 -3.2150E+01 -1.3605E+02
0000120   3.8694E+02  4.9714E+01  6.5330E+00
0000121   2.3663E+02 -1.1564E+02 -2.4425E+02
0000124   5.7269E+02 -2.4392E+01  1.3848E+01
0000125   3.9360E+02 -1.4323E+02  1.8545E+02
0000126   9.4679E+01 -1.6640E+02 -2.3816E+01
0000127   2.3726E+02 -1.3562E+02  3.3737E+02
0000128   8.5352E+01  6.6887E+01  1.5886E+02
0000129   1.2724E+02 -2.5251E+02  5.4701E+00
0000130   3.5747E+02 -1.0480E+01 -8.4349E+00
0000131   2.4876E+02  1.6828E+01  8.5980E+01
0000132   2.4728E+02 -6.6269E+01  1.6902E+00
0000133   3.6984E+02 -3.2234E+00  5.7037E+01
0000134   2.5577E+02  4.6774E+01  1.5936E+02
0000135   1.9844E+02  1.5283E+01  6.4312E+01
0000136   7.6736E+01  4.3285E+01 -3.0820E+01
0000137   1.5914E+02 -1.4719E+00  1.9873E+02
0000138   5.9453E+01 -1.5006E+02 -1.6165E+01
0000139   2.8640E+02  8.9776E+01 -1.0758E+02
0000140   3.3334E+02 -8.2428E+00  1.0623E+02
0000141   1.2200E+02  5.1833E+01 -2.0137E+01
0000142   1.4768E+02 -1.8630E+02  2.0617E+02
0000143   3.9498E+02  2.3066E+02 -1.4739E+02
0000144   3.0527E+02  2.4137E+02 -7.1451E+01
0000145   2.4084E+02 -9.3696E+01 -2.8630E+01
0000146   1.4499E+01  2.5646E+01 -1.0597E+01
0000147   1.7201E+02 -1.6430E+00  1.4721E+02
0000148   3.8607E+02  1.3257E+00 -4.9482E+01
0000149   4.1662E+02 -6.1042E+01 -1.8879E+02
0000150   9.0440E+01  1.1321E+02  4.8423E+01
0000151   2.7419E+02  3.3035E+01  5.5120E+00
0000152   2.2400E+00  1.0664E+02 -1.9408E+01
0000153   3.9485E+02 -1.4150E+02  2.1645E+02
0000155   2.8138E+02 -1.3895E+02  1.4877E+01
0000156   1.4283E+02 -7.4223E+00 -3.4221E+01
0000157   3.7517E+02  1.6489E+01 -3.0663E+01
0000158   2.9142E+02 -6.0259E+01  1.9275E+02
0000159   1.4741E+01  1.1618E+02 -9.0836E+01
0000160   2.3351E+02  2.1645E+01  1.9933E+01
0000161   2.0063E+02 -4.0189E+01  7.2091E+01
0000162   3.8728E+02  1.9510E+01  4.7652E-01
0000163   4.3727E+02  8.5854E+01  8.1586E+01
0000165   2.9769E+02  8.1820E+01 -3.1016E+01
0000166   1.4101E+02  7.1663E+01  2.3456E+02
0000167   2.0931E+02 -1.9823E+01 -3.6325E+01
0000168   3.3917E+02 -2.8272E+01  9.3860E+01
0000169   2.4349E+02  5.3359E+01  4.0815E+00
0000170   1.1494E+02  9.3119E+01 -2.0532E+01
0000171   4.7997E+02  8.4481E+00 -7.1707E+01
0000172   2.3049E+02 -3.7735E+01  5.0926E+01
0000173   1.8259E+02  1.7277E+02 -1.2493E+02
0000174   1.0323E+02 -8.2185E+01 -4.7087E+01
0000175   2.2797E+02  7.8161E+01 -5.9627E+01
0000176   3.1058E+02 -3.6110E+00 -3.2516E+01
0000177   4.8665E+02  1.0385E+01  9.1818E+01
0000178   3.6571E+02  1.2341E+02  1.8549E+02
0000179   4.2574E+02  6.6289E+01 -2.8251E+02
0000180   2.9216E+02 -8.6876E+00  1.4187E+02
0000181   2.2578E+02 -2.0276E+01  6.2559E+01
0000182   2.8574E+02  8.6530E+00  7.0285E+00
0000183   6.3115E+01  3.4846E+01 -3.2774E+01
0000184   1.4865E+02 -9.9668E+01 -1.2742E+02
0000185   2.9426E+02 -8.8569E+01 -7.1455E+01
0000186   1.1474E+02  6.6752E+01 -6.0773E+01
0000187   1.8620E+02  1.2335E+02  8.5605E+01
0000188   2.0423E+02  4.2119E+01  3.0195E+01
0000189   9.1144E+01 -8.4614E+01 -1.1725E+02
0000190   3.8773E+02  1.2058E+02 -2.4821E+02
0000191   1.4592E+02  1.6165E+02  3.3584E+01
0000192   2.0320E+02 -2.2296E+02  1.2307E+02
0000193   2.4013E+02  7.9260E+01  2.0245E+02
0000194   2.9510E+02 -1.0171E+02 -1.5466E+02
0000195   2.1608E+02  1.1008E+02  7.2029E+00
0000196   2.1211E+02  5.5218E+01  5.7853E+01
0000197   5.3479E+02  1.1845E+02  1.1928E+02
0000198   2.0383E+02 -1.1379E+02  2.5997E+01
0000199   2.3656E+02 -1.9914E+01 -2.1791E+02
0000200   1.4380E+02  5.4660E+01  6.5356E+01
0000201   3.0967E+02  1.5158E+01  6.2898E+01
0000202   3.4824E+02 -1.7991E+02  1.5404E+02
0000203   3.3753E+02 -1.5033E+01  1.1489E+02
0000204   4.3138E+02  1.2234E+01  6.6584E+01
0000206   3.3131E+02  1.0646E+02  2.1694E+02
0000207   4.8046E+02 -1.2318E+01  7.2718E+01
0000208   1.7152E+02 -1.1920E+02 -1.0785E+01
0000209   3.1341E+02 -6.7952E+01  2.0117E+00
0000210   2.4388E+02 -7.7999E+01 -1.1544E+02
0000211   2.8432E+02  1.6918E+02  2.5543E+02
0000212   9.9190E+01 -9.2115E+01 -1.4246E+02
0000213   2.9162E+02  2.4913E+02 -5.3851E+01
0000214   9.3250E+01 -8.8617E+01 -7.7927E+01
0000215   1.1704E+02  3.1302E+00  2.4228E+01
0000216   3.0966E+02  2.4601E+01  2.4173E+01
0000217   1.9455E+02 -1.4794E+01  1.7012E+02
0000218   1.0469E+02  1.3649E+02  3.7850E+01
0000219   1.3140E+02  2.9710E+02 -1.3043E+02
0000220   2.5799E+02  8.3955E+01  9.8421E+00
0000221   4.5946E+02 -2.4189E+01  1.4853E+02
0000222   3.7098E+02  5.1953E+01  1.3188E+02
0000224   3.3683E+02 -5.9705E+01  1.1166E+02
0000225   1.9955E+02 -1.3829E+02  2.7744E+01
0000226   3.8160E+02 -4.6056E+01  5.0347E+01
0000227   4.5814E+02  1.5798E+01  3.4492E+00
0000228   9.2153E+01  1.8938E+02  2.3304E+02
0000229   1.6531E+02  4.7585E+01 -2.8775E+01
0000230   1.2446E+02 -3.2025E+02  3.8466E+01
0000231   1.0166E+02  6.0230E+01  1.5358E+02
0000232   2.6907E+02  2.1499E+02 -4.1784E+01
0000233   1.0634E+02 -2.0288E+02  2.4501E+01
0000234   2.0831E+02 -2.3567E+01 -3.6391E+01
0000236   1.7569E+02  1.1084E+02 -6.5902E+00
0000237   5.4943E+02  7.4619E+01  3.9801E+01
0000238   2.8803E+02 -1.0892E+01 -8.6235E+01
0000239   9.9298E+01  9.5794E+00  6.5527E+01
0000240   1.1270E+02  1.3036E+02 -4.7680E+01
0000241   3.5281E+02  8.7875E+01  1.0393E+01
0000242   2.7762E+02 -1.0170E+02 -1.6887E+02
0000243   9.4231E+01  2.5234E+02  1.0837E+01
0000244   2.3210E+02  4.1266E+01 -1.2842E+02
0000245   3.6050E+02  1.1039E+02 -2.3439E+01
0000246   2.0236E+02  4.4928E+01 -5.7555E+01
0000248   1.3196E+02 -1.0209E+02 -7.3355E+01
0000249   1.0120E+02  4.3064E+01  1.5048E+02
0000250   1.2187E+02  2.2038E+01  1.8380E+02
0000251   1.3659E+02 -9.0520E+01  4.9056E+00
0000252   1.4241E+02  3.7487E+01 -2.3124E+02
0000253   2.3038E+02 -2.4915E+02 -4.4842E+01
0000254   3.5798E+02 -7.0573E+01 -6.3294E+01
0000255   4.2478E+02 -1.2960E+02 -1.1357E+02
0000256   1.0354E+02  4.4548E+01 -8.8968E+01
0000257   2.2959E+02 -1.6478E+02  1.8937E+02
0000258   2.6120E+02  2.6535E+02  6.1584E+00
0000259   3.7228E+02 -1.2833E+02  2.3291E+01
0000260   2.5335E+02 -2.8506E+02  1.3079E+02
0000261   3.3128E+02 -2.1521E+01 -1.8910E+02
0000262   7.7477E+01 -1.6618E+01  2.9964E+01
0000263   2.3224E+02  3.7646E+01 -6.8876E+00
0000264   1.1112E+02 -4.6354E+01 -3.0334E+02
0000265   1.2274E+02  1.9837E+02 -8.4992E+01
0000266   1.8905E+02 -1.3013E+01  6.3415E+01
0000267   1.8033E+02 -1.9901E+02  9.5004E+01
0000269   1.0351E+02 -1.3329E+02  7.5277E+01
0000270   1.8559E+02 -8.1044E+01 -1.3568E+02
0000272   1.3844E+02  2.5700E+02 -1.3024E+02
0000273   3.4957E+02  2.5206E+02 -8.3027E+01
0000274   3.2657E+02 -1.4245E+02 -1.7772E+02
0000275   6.6010E+01 -3.3563E+01  6.4599E+01
0000276   2.6270E+02  1.7342E+01  1.3306E+02
0000277   1.2424E+02  1.4501E+02  3.1674E+01
0000278   1.9645E+02 -2.4235E+01 -2.0631E+01
0000280   3.4406E+02  2.2361E+02  1.5036E+02
0000281   1.3310E+02  6.7336E+01 -6.2765E+00
0000282   3.2949E+02 -5.2328E+01 -1.0824E+02
0000283   1.9814E+02  1.5496E+02  4.3061E+01
0000284   2.2940E+02 -1.8286E+01 -1.3231E+02
0000285   3.4501E+02  1.3928E+02  7.3053E+01
0000286   3.4218E+02 -1.1429E+02 -1.0419E+02
0000287   2.4515E+02  4.1584E-01 -1.7734E+02
0000288   2.5574E+02  1.9925E+02 -1.7229E+01
0000289   1.8180E+02 -1.5754E+01 -5.3434E+01
0000290   2.1740E+02 -6.7338E+00  9.6877E+01
0000291   2.4050E+02  4.8217E+01 -2.7013E+01
0000292   8.3998E+00 -2.3803E+02 -1.1647E+02
0000293   1.7760E+02  2.6527E+00 -1.8217E+02
0000294   1.1422E+02 -1.5954E+02  1.1760E+02
0000295   2.6581E+02 -1.6486E+02  7.9112E+01
0000296   2.4302E+02  2.5525E+01 -1.1152E+02
0000297   2.5853E+02  2.3269E+01 -1.3064E+02
0000298   2.8515E+02 -6.1751E+01  1.5243E+01
0000299   1.6127E+02  6.8085E+01 -1.5229E+01
0000301   2.0899E+02  1.3515E+02 -8.4554E+01
0000302   1.8095E+02  2.3675E+01  3.2326E+01
0000303   3.8083E+02  2.0725E+02 -8.7288E+01
0000304   2.7246E+02 -9.5352E+01 -3.8212E+01
0000305   1.2540E+02  7.7795E+01 -4.0618E+01
0000307   9.0123E+01  2.2682E+01  6.3331E+01
0000308   1.6946E+02 -7.4510E+00 -1.0424E+01
0000309   9.6001E+01  2.6444E+02  1.0178E+02
0000310   2.4903E+02 -1.1250E+02 -9.8915E+01
0000311   2.2739E+02 -5.0817E+01  8.9645E+01
0000312   2.0604E+02 -8.3811E+01  1.3327E+02
0000313   2.2454E+02  7.6687E+01 -6.6124E+01
0000314   3.0638E+02 -1.5578E+01 -1.1613E+02
0000315   2.3797E+02 -1.2320E+01  6.0608E+01
0000316   1.0036E+02  1.2430E+02  2.0434E+01
0000317   5.2755E+02  2.5241E+02  3.8438E+01
0000318   2.9416E+02 -1.4503E+02 -7.4399E+01
0000319   1.0745E+02  6.6440E+01  2.7458E+01
0000320   3.9725E+02  4.5601E+01  2.6201E+01
0000321   2.7002E+02  6.4633E+01  2.6596E+01
0000322   2.4945E+02  1.0569E+02  1.8367E+01
0000323   3.0492E+02  2.1429E+01  7.3012E+01
0000324   2.2718E+02  5.3791E+01  3.8243E+00
0000325   1.7349E+02 -5.2951E+01  5.4846E+01
0000326   2.1709E+02 -1.3900E+02 -1.6543E+02
0000327   1.7588E+02 -9.6786E+01  1.9646E+01
0000328   2.2698E+02 -4.4118E+01  6.8537E+01
0000329   1.5905E+02 -3.0318E+01  2.7397E+00
0000331   1.7545E+02 -1.7099E+02  1.7469E+01
0000332   1.9661E+02  2.3031E+02 -3.2529E+02
0000333   1.0593E+02  1.0718E+02  4.5397E+01
0000334   2.4714E+02 -4.9139E+01 -6.3742E+01
0000335   2.4943E+02 -1.3825E+02 -1.2689E+02
0000336   1.4430E+02  6.1798E+00 -5.5085E+01
0000337   4.6625E+02  1.7390E+01  1.4567E+02
0000338   1.2877E+02  7.9945E+00  6.1869E+01
0000339   3.1132E+02 -1.0050E+01  8.0318E+01
0000340   2.4352E+02  8.1049E+01 -2.9292E+01
0000341   8.5380E+01 -6.1155E+01 -1.7070E+02
0000342   3.8771E+02 -7.6702E+01 -4.1733E+00
0000343   3.3864E+02  3.7261E+01 -5.3218E+01
0000344   8.1735E+01 -1.3229E+02  8.7763E+01
0000345   3.2177E+02  1.9398E+01 -3.4381E+01
0000346   1.8020E+02 -1.1526E+02 -2.2560E+01
0000347   9.2557E+01 -2.8701E+01  7.0789E+01
0000348   2.8651E+02 -9.9005E+01 -5.2411E+01
0000349   4.6866E+01 -9.1520E+01 -1.1803E+02
0000350   1.5262E+02 -1.0936E+02  6.8305E+01
0000351   3.2120E+02 -1.5261E+02 -1.4840E+02
0000352   2.7966E+02  1.5344E+02 -4.5342E+01
0000353   1.1189E+02  3.4713E+01  4.0087E+01
0000354   1.2922E+02 -6.3448E+01 -1.9187E+01
0000355   2.4584E+02 -5.1319E+01 -7.5000E+01
0000357   1.4971E+01 -7.9480E+01 -4.7926E+01
0000358   1.4865E+02  2.3255E+02 -5.4264E+01
0000359   5.6291E+02  1.1070E+02 -1.2826E+02
0000360   3.9824E+02  9.0175E+01 -2.2153E+02
0000362   1.3125E+02 -2.1344E+02  9.7255E+01
0000363   2.1280E+02 -2.0131E+02  7.2985E+01
0000364   2.4721E+02 -1.2057E+02  1.0255E+02
0000365   1.0683E+02 -9.9970E+01  4.5281E+01
0000366   5.8954E+01  3.2623E+01  4.6536E+01
0000367   1.6832E+02  3.2349E+01  1.3441E+02
0000368   3.2593E+02  1.0175E+02 -8.4791E+01
0000369   3.6642E+02 -5.6864E+01 -1.3532E+02
0000370   6.5496E+01  1.2671E+02  3.4213E+01
0000371   2.6110E+02  1.1809E+02 -1.0996E+02
0000372   1.5877E+02 -1.1500E+02 -1.7072E+02
0000373   9.5454E+01 -9.0625E+01 -5.4834E+00
0000374   1.5512E+02  9.8709E+01 -1.0724E+01
0000376   3.3757E+02  7.2570E+00 -1.5413E+02
0000377   2.1376E+02 -1.7730E+01 -4.2256E+01
0000378   3.7696E+01 -2.4106E+01 -7.7086E+01
0000379   1.2516E+02  3.8145E+01 -7.6350E+01
0000380   3.4824E+02  1.8664E+01  1.0834E+02
0000381   2.4120E+02  1.0451E+01 -2.4545E+02
0000383   1.7376E+02 -1.0825E+02  2.0071E+02
0000384   2.2823E+02 -5.4059E+01  4.4256E+00
0000385   2.9474E+02 -1.9181E+02  1.6592E+02
0000386   2.7761E+02 -2.0512E+02 -1.1985E+02
0000387   2.1050E+02 -6.3214E+01  1.4099E+01
0000388   8.7176E+01  1.6230E+01 -7.7648E+01
0000389   5.0541E+02 -1.8338E+02 -7.1342E+01
0000390   3.6238E+02 -2.6099E+00 -2.7106E+02
0000391   2.0920E+02  7.1031E+01 -6.8335E+01
0000393   9.2949E+01  5.7429E+01 -1.2603E+02
0000394   1.3916E+01  2.7368E+01 -2.9625E+02
0000395   2.6458E+02  7.4814E+01 -1.6773E+02
0000396   1.7546E+02 -7.8959E+01  1.2882E+01
0000397   2.5279E+02  8.9668E+01  1.8359E+02
0000398   4.8299E+02 -1.4444E+01 -3.5354E+02
0000399   3.7186E+02 -5.6001E+01  1.8535E+02
0000400   2.2261E+02  2.4328E+02  1.2649E+02
0000401   1.3185E+02 -2.2223E+02  2.1686E+02
0000402   1.7851E+02 -5.0147E+01 -1.1487E+02
0000403   1.6961E+02 -2.3175E+01 -1.9874E+01
0000405   2.7165E+02 -1.9043E+02 -7.2531E+01
0000406   8.5059E+01  8.8110E+01 -1.1766E+02
0000407   2.2864E+02  5.1619E+01  6.0883E+01
0000408   1.3282E+02 -1.0094E+01 -4.8818E+01
0000409   2.1710E+02  1.5152E+02  2.1753E+02
0000411   2.5020E+02 -1.1953E+02  7.3430E+01
0000412   2.0927E+02  4.9403E+01 -6.5369E+01
0000413   1.6437E+02  7.8087E+01 -3.8933E+01
0000414   1.5340E+02  2.6466E+02  5.2476E+01
0000415   2.8759E+02  8.6399E+01  1.9627E+01
0000416   2.0694E+02 -9.3123E+00 -7.6936E+01
0000417   2.9844E+02 -1.5113E+02 -2.0724E+01
0000418   3.7094E+02  1.1613E+02 -2.9450E+01
0000419   1.6780E+02  4.2508E+01  1.0695E+02
0000420   1.7678E+02  6.7491E+01  5.4275E+01
0000421   2.7770E+02  6.7245E+00 -1.3097E+02
0000422   1.3104E+02 -5.8656E+01  6.1274E-01
0000423   5.4363E+01  1.0432E+01 -3.6847E+01
0000424   1.3073E+02 -1.0598E+02  4.2886E+01
0000425   2.0133E+02 -1.5146E+02  7.5218E+01
0000426   2.3941E+02 -2.4098E+00 -9.3391E+01
0000428   8.9624E+01  2.1314E+01  5.2681E+01
0000429   2.3356E+02 -1.1184E+02  1.2095E+02
0000430   7.1398E+01  2.0095E+01 -3.1988E+01
0000431   2.2236E+02  1.0739E+02 -2.1322E+02
0000432   2.6516E+02 -1.8461E+02  2.1959E+02
0000433   4.4166E+02  2.4139E+01 -8.1977E-02
0000434   3.1614E+02 -1.7748E+02 -4.5315E+01
0000435   1.0886E+02 -8.8404E+01 -5.8434E+01
0000436   3.6238E+02 -1.5044E+01 -1.5565E+01
0000437   1.5911E+02  8.4792E+01 -9.0636E+01
0000438   3.1259E+02  1.0749E+02  6.4451E+01
0000439   2.2292E+02  7.8072E+01  6.3874E+01
0000440   1.2801E+02  1.9283E+01  1.3122E+02
0000441   2.3987E+02 -6.9843E+01 -1.0615E+02
0000443   1.7802E+02  1.0378E+02 -1.6237E+02
0000444   4.3822E+02  1.1656E+02 -1.6722E+02
0000445   1.5165E+02 -5.0787E+01  6.8273E+01
0000446   2.0619E+02  8.5411E+01 -7.5442E+00
0000447   1.6223E+02  1.0832E+02  1.1744E+01
0000448   6.5137E+01 -6.0528E+01  1.2043E+02
0000449   3.1223E+02 -5.7950E+01  7.4918E+01
0000450   4.6208E+01 -1.0277E+02  2.1833E+02
0000451   3.1418E+02 -4.3629E+01  1.5689E+02
0000452   1.4175E+02 -1.5666E+02  2.9522E+02
0000453   3.2388E+02 -5.0502E+01  2.6959E+02
0000454   3.7962E+02 -1.8325E+02  7.6737E+01
0000455   8.1322E+01 -3.2476E+01  1.2517E+02
0000456   2.6624E+02 -2.4607E+01 -9.1562E+00
0000457   4.4371E+02 -1.8423E+02  2.5004E+01
0000458   2.7684E+02  2.6138E+02 -1.4283E+02
0000459   1.0397E+02  1.5641E+02 -2.4998E+01
0000460   1.2245E+02  1.3815E+02 -1.2940E+02
0000461   3.7708E+02 -3.9720E+01  2.8265E+00
0000463   7.0292E+01  1.5383E+02 -5.3381E+01
0000465   8.2544E+01 -1.1005E+02 -4.6523E+01
0000466   2.1509E+02  1.8331E+01  2.2080E+01
0000467   4.1062E+02  7.3947E+01 -2.4061E+01
0000468   1.0117E+02 -3.5919E+01  5.6863E+01
0000469   9.6616E+01  1.5197E+02 -1.6267E+02
0000470   2.1094E+02 -1.1411E+02  1.5773E+02
0000471   2.1238E+02  9.6371E+01 -4.7504E+01
0000472   2.4868E+02 -7.1151E+01 -1.5535E+02
0000473   2.1190E+02 -8.6220E+01 -5.8955E+01
0000474   2.6212E+02  1.5638E+02  5.9421E+01
0000475   1.3934E+02  7.4705E+01 -8.4255E+01
0000476   7.4626E+00 -8.2279E+01  1.0317E+02
0000477   2.8487E+01 -1.5941E+02  5.0682E+01
0000478   2.2523E+02 -1.0961E+02 -2.3558E+01
0000480   2.7688E+02 -2.0769E+01  4.4107E+01
0000481   1.6363E+02 -1.5176E+02 -1.9723E+02
0000482   2.7751E+02  3.0459E+01  3.9714E+01
0000483   3.3074E+02  8.0273E+01 -5.3447E+01
0000484   5.8061E+01  8.4620E+01 -1.4708E+01
0000486   4.1414E+02  1.8125E+02 -1.0686E+02
0000487   1.6927E+02  7.3520E+01  8.7778E+01
0000488   1.9801E+02 -2.3328E+02 -5.8168E+01
0000489   2.1849E+02 -3.0328E+00  1.9629E+02
0000490   2.0309E+02 -1.8095E+02 -6.9755E+01
0000491   1.3466E+02 -4.4122E+01  3.0592E+01
0000492   3.3307E+02  3.3576E+00 -5.4026E+01
0000493   1.6066E+02  1.1290E+02  9.2982E+01
0000494   1.6852E+02 -7.5918E+01 -6.8014E+01
0000495   3.6745E+01 -2.4641E+02 -2.0651E+01
0000496   3.1660E+02 -1.0393E+02  3.8154E+01
0000497   1.5769E+02  8.0238E+01 -4.4715E+01
0000498   1.8891E+02 -1.6226E+02 -2.4065E+01
0000500   9.8583E+01  1.2186E+02 -1.4222E+02
0000501   2.2791E+02 -2.2447E+02  5.5368E+01
0000502   1.5935E+02 -2.8491E+01 -8.1941E+01
0000503   2.6337E+02 -1.0437E+02  2.0570E+01
0000504   3.6886E+02 -5.2713E+01 -9.1660E+01
0000505   9.8043E+01  1.1693E+02 -1.3780E+02
0000506   3.5734E+02  8.6366E+00 -2.3178E+02
0000507   3.3919E+02  9.8141E+01  1.7567E+01
0000508   1.0828E+02  5.8169E+01 -1.2461E+01
0000509   1.4692E+02 -1.7562E+02  2.0514E+02
0000510   2.3059E+02  1.9272E+02 -1.0064E+02
0000511   1.7011E+02  3.0977E+01 -2.4900E+01
0000512   1.3561E+02  8.1473E+01  5.4163E+01
0000513   2.2692E+02  7.7015E+01  3.0270E+01
0000515   2.2697E+02 -1.5561E+02  2.1045E+02
0000516   1.3294E+02  1.0707E+01  1.2050E+01
0000517   1.7649E+02  8.9549E+00  2.9560E+01
0000518   2.9851E+02 -8.2595E+01 -1.7768E+02
0000519   1.7515E+02 -1.1205E+02  1.1487E+01
0000520   1.4929E+02  1.1094E+01 -8.3516E+01
0000521   3.9105E+02  1.6009E+02 -1.9925E+02
0000522   1.9135E+02  9.9225E+01  5.9723E+01
0000523   3.4821E+01  8.2521E+01  1.3672E+02
0000524   4.6968E+01 -1.1963E+02  3.5429E+02
0000525   1.2375E+02  3.2920E+02  1.6831E+02
0000526   6.2519E+01  1.2520E+02  1.8073E+02
0000528   2.0322E+02 -2.3188E+02 -1.5785E+02
0000529   2.4919E+02 -7.6193E+01  7.4794E+01
0000530   1.2847E+02 -2.3695E+02 -3.4990E+02
0000531   2.4651E+02  7.2509E+01 -2.0784E+02
0000532   4.5039E+02 -2.4284E+02  6.0218E+01
0000533   8.8849E+01  1.6314E+01 -1.1523E+02
0000534   1.4014E+02  1.2054E+02 -1.9724E+02
0000535   7.5343E+01 -5.7018E+00  5.5895E+01
0000536   8.5882E+01  5.2786E+01  1.5334E+01
0000539   2.7802E+02  1.1247E+02  1.8687E+02
0000540   4.2840E+02 -1.7538E+02  7.1764E+01
0000541   4.8268E+02 -2.3871E+00 -5.8326E+01
0000542   1.0761E+02  8.0060E+01 -8.7779E+00
0000543   1.1315E+02  2.5190E+01  2.3491E+02
0000544   1.8880E+02  1.7223E+02  5.3415E+00
0000545   3.5719E+02  4.2752E+01  9.6614E+01
0000548   2.0975E+02 -1.2359E+02 -4.4495E+01
0000549   1.8897E+02  1.4930E+02 -2.0255E+02
0000550   5.4259E+01  7.1849E+00  4.3270E+01
0000551   8.6675E+01 -1.3942E+02  1.2118E+02
0000552   4.9019E+01 -9.8080E+01  2.0813E+02
0000553   3.1773E+02 -2.7361E+02  1.0427E+02
0000554   3.1040E+01 -8.8463E+01 -3.2996E+02
0000555   9.7705E+01  9.7979E+01 -9.4749E+01
0000557   1.4062E+02  6.9560E+01  1.0444E+02
0000558   1.4996E+02  4.6349E+01 -2.9721E+00
0000559   1.3718E+02  9.6115E+01 -9.3730E+00
0000560   1.7334E+02 -2.6236E+02  2.3084E+02
0000561   8.4224E+01 -1.8594E+02 -7.6499E+01
0000562   2.8764E+02 -1.9198E+01 -4.4259E+01
0000563   2.8293E+02 -9.2201E+00 -7.4391E+01
0000564   3.6705E+02 -1.5181E+02 -1.0718E+01
0000565   7.2753E+01  1.3313E+02  1.3325E+01
0000566   4.8127E+01 -1.6644E+02 -6.4436E+00
0000567   4.7556E+00 -1.1137E+01  1.2742E+02
0000568   1.9817E+02 -1.1543E+02  3.1494E+01
0000569   2.3102E+02 -2.1769E+02  1.2770E+02
0000570   1.2678E+02 -7.5209E+01  2.2715E+02
0000571   9.1851E+01  3.6365E+01  3.4159E+02
0000572   1.5057E+02  8.2672E+01  2.2507E+01
0000573   1.7109E+02  8.0903E+00  1.1946E+02
0000574   6.8982E+01 -1.0893E+02  1.2280E+01
0000575   4.2529E+02  1.2469E+02 -1.4376E+02
0000576   2.0009E+02  4.3600E+02  1.7215E+02
0000577   2.7687E+02 -4.4115E+01  3.4152E+00
0000579   1.9239E+02 -1.1021E+02 -6.2358E+01
0000580   2.4533E+02  2.2910E+02 -3.4772E+01
0000583   3.3487E+02  1.0091E+02  1.8001E+02
0000584   2.1950E+02 -4.6996E+01  9.6023E+01
0000585   4.1791E+02 -3.8117E+01  8.2965E+01
0000586   2.3890E+02  6.1306E+01  1.0533E+02
0000587   4.1674E+02 -3.9396E+01 -2.7029E+01
0000588   4.7479E+02 -1.0338E+02 -4.2530E+01
0000589   5.0429E+01  1.2018E+02 -2.3507E+02
0000590   1.6539E+02  7.7046E+01  7.9126E+01
0000591   7.5405E+01  1.2258E+02  3.5579E+01
0000592   1.4844E+02 -9.3480E+01 -3.5039E+01
0000593   2.5788E+02  1.0571E+02  2.3749E+01
0000594   9.0876E+01  7.8519E+00  1.6689E+01
0000595   2.6527E+02  1.4972E+01 -1.2895E+02
0000596   1.8502E+02  1.7089E+01 -1.2786E+02
0000597   2.7111E+02  3.9588E+01  1.2553E+02
0000598   1.9089E+02  2.6518E+01  9.7638E+01
0000599   4.9535E+02 -1.9558E+02  9.1607E+01
0000600   9.1680E+01  9.1489E+01  5.9126E+01
0000601   1.1181E+02  9.7318E+01  3.2416E+01
0000602   7.0749E+01 -8.5325E+01 -1.7241E+02
0000603   3.8629E+01 -6.8957E+01 -9.1873E+01
0000604   2.0851E+02  1.6165E+02 -1.8763E+02
0000605   2.2511E+02 -1.0075E+02 -2.1640E+02
0000606   1.3969E+02 -9.6331E+01 -1.3232E+02
0000607   2.4743E+02  2.1265E+02  2.9569E+01
0000608   3.6126E+02  1.3060E+02  1.1619E+02
0000609   4.6951E+02 -1.7937E+02  1.5591E+02
0000610   2.5879E+02 -2.2184E+01  2.6960E+02
0000611   1.6089E+02 -1.2986E+02  2.8897E+02
0000612   3.6205E+02 -4.0985E+01  1.9314E+01
0000613   1.1321E+02  8.6937E+01 -3.4785E+01
0000614   2.7363E+02 -5.7653E+01  1.6072E+01
0000615   4.0730E+01 -3.7092E+01  6.0340E+01
0000616   2.0353E+02  1.4322E+02 -7.5199E+01
0000617   2.1955E+02 -7.9105E+01  1.1176E+02
0000618   1.7001E+02  1.5100E+02  2.6619E+00
0000619   1.8232E+02  1.8950E+02  1.3069E+02
0000620   1.4894E+02  1.2525E+02  5.3885E+00
0000621   1.4133E+02  5.7231E+01 -2.9775E+01
0000622   1.5160E+02  7.1317E+01 -3.9449E+01
0000623   1.1920E+02  1.7159E+02  1.0121E+02
0000624   1.2567E+02  3.8405E+01  1.2849E+02
0000625   2.0924E+02  1.0095E+02 -1.3239E+02
0000626   9.6992E+01 -2.6355E+00  3.1974E+01
0000627   2.3230E+02 -1.5337E+01 -2.2029E+02
0000629   3.5574E+02  1.7862E+02  4.1155E+01
0000630   6.3999E+01  1.5057E+02 -1.8187E+02
0000631   3.3896E+02 -9.4468E+01 -1.2738E+02
0000632   3.0132E+01  3.5091E+01  5.9311E+01
0000633   1.6384E+02 -5.2627E+01  1.3428E+01
0000634   5.2269E+02  2.7934E+02 -3.8621E+01
0000635   3.5424E+02  1.0608E+02 -9.5248E+01
0000636   2.1075E+02 -1.4897E+01 -1.4492E+02
0000637   2.7434E+02  3.0615E+01 -6.6941E+00
0000638   8.8027E+01 -2.3529E+02 -1.5460E+01
0000639   1.1485E+01 -1.0858E+02 -2.4170E+01
0000640   2.1791E+02  2.1110E+02  1.4713E+02
0000641   1.4841E+02 -9.8804E+01  1.5073E+02
0000642   2.3832E+02  1.7887E+02  2.3759E+01
0000644   2.9409E+02  1.6032E+01  2.6096E+02
0000645   2.4754E+02 -1.4843E+02  2.0369E+02
0000646   2.1355E+02  1.4187E+02  3.1609E+01
0000647   1.0309E+02 -7.8116E+01 -6.6964E+01
0000648   1.2491E+02  7.1218E+01 -1.2712E+02
0000649   2.4718E+02 -1.0229E+02 -2.4880E+01
0000650   1.6019E+02 -5.7229E+01  2.8018E+01
0000651   1.8979E+02  1.1931E+02 -4.5340E+01
0000652   1.9621E+02  8.1686E+01  5.7666E+01
0000653   4.9281E+01  2.3008E+01  4.7508E+01
0000654   9.6104E+01 -3.0940E+01  1.7443E+02
0000655   2.1904E+02 -6.8491E+01  8.6191E+01
0000656   3.0078E+02 -2.4404E+02  1.3401E+01
0000657   1.6892E+02 -5.6466E+01 -1.0660E+02
0000658   3.4121E+02  2.2916E+02 -1.9907E+01
0000659   1.1484E+02  3.3397E+01 -1.8733E+02
0000660   1.8398E+02 -2.3394E+02  1.6269E+02
0000661   2.7060E+02 -2.7821E+01  7.4016E-01
0000662   9.7653E+01  1.2270E+02  1.3815E+02
0000663   9.2555E+01  2.7075E+01 -4.6725E+01
0000664   6.5862E+01 -8.8081E+01 -1.3233E+02
0000665   1.3201E+02  1.7564E+01  8.8929E+01
0000667   1.0670E+02  1.3514E+02  5.8083E+01
0000668   1.1630E+02 -5.8813E+01 -8.1084E+01
0000669   2.1760E+02 -4.2188E+01  1.9808E+02
0000670   1.6392E+02 -9.2296E+01 -2.1998E+02
0000671   3.1805E+02  1.1773E+02 -2.7702E+01
0000672   1.2339E+02  2.6010E+01  1.4640E+02
0000673   2.2421E+02 -1.9012E+02  2.3854E+02
0000674   2.2355E+02  1.3066E+01 -9.5249E+00
0000675   1.4018E+02 -7.2758E+01  1.0214E+02
0000676   8.5093E+01  1.1872E+01 -1.9905E+02
0000678   8.9864E+01 -2.1087E+01 -9.3662E+00
0000679   3.0654E+02  1.3547E+02 -8.4025E+01
0000680   2.2070E+02 -1.1377E+01 -5.4936E+01
0000681   2.4368E+02 -7.2038E+01  8.4064E+01
0000682   2.6144E+02 -2.5701E+02  2.7087E+01
0000683   1.7623E+02 -2.0122E+02  4.4957E+01
0000684   5.6564E+01 -7.8964E+01  2.4253E+02
0000685   2.8651E+02 -7.1978E+01  1.2591E+02
0000686   2.1777E+02  2.4705E+02  2.1380E+02
0000687   3.0641E+02 -1.3102E+02 -6.3163E+01
0000688   3.6713E+02 -2.1297E+01  5.3514E+01
0000689   4.3904E+02 -4.2684E+01 -1.0083E+02
0000690   5.5661E+01  3.0936E+01 -2.0855E+01
0000691   1.1996E+02  1.0488E+02  1.3534E+02
0000692   1.5648E+02  1.2526E+02 -6.6732E+00
0000693   1.5429E+02 -5.7972E+01 -1.9567E+02
0000694   2.7851E+02  2.3389E+01 -1.4364E+02
0000695   1.1540E+02  1.3390E+01 -1.1121E+02
0000696   2.1344E+02  1.4110E+02  3.1704E+01
0000697   4.0816E+02  6.6055E+01  2.0534E+02
0000698   3.3433E+01  1.9568E+01 -1.3682E+02
0000699   2.5088E+02 -2.1685E+01 -6.8277E+01
0000700   1.9380E+02  3.1346E+02  1.3232E+02
0000701   4.2612E+02  2.5187E+02  3.8302E+00
0000702   3.7860E+02 -1.4649E+02  1.1789E+02
0000703   2.0015E+02 -2.0389E+02 -1.0688E+02
0000704   2.7190E+02  6.4040E+01 -1.0565E+02
0000705   2.0200E+02  2.8656E+01  4.7917E+00
0000706   2.5027E+02 -5.6226E+01  7.9918E+01
0000707   2.5311E+02 -2.6128E+01  3.4090E+01
0000708   2.4125E+02  1.3928E+02  1.1003E+00
0000709   3.4981E+02 -2.9938E+01  1.7344E+02
0000710   1.7526E+02  2.9270E+02 -2.6474E+01
0000711   2.2382E+02  4.8707E+01 -2.5257E+02
0000712   3.2270E+02  1.2608E+02  9.1482E+01
0000713   2.3022E+02  1.3450E+02 -1.6129E+02
0000714   1.7729E+02 -2.0787E+01 -3.4189E+01
0000715   8.2124E+01  1.1372E+01  1.8390E+02
0000716   3.2140E+02  1.4866E+02 -9.9288E+01
0000717   3.7958E+02  1.9841E+02  3.9505E+01
0000720   1.4823E+02 -5.4731E+01  1.6536E+02
0000721   1.3817E+02  7.8797E+01 -5.2805E+01
0000722   1.5300E+02  2.0214E+02  2.4176E+02
0000723   1.5752E+02 -3.5024E+01  7.8625E+01
0000724   2.6428E+02 -1.7209E+02  2.0275E+02
0000725   2.4661E+01 -1.7380E+02  3.5670E+01
0000726   7.9815E+01 -8.8001E+00  3.5996E+01
0000727   2.1636E+02 -3.3035E+01 -1.1898E+01
0000728   2.7724E+02 -1.6233E+02  9.0840E+01
0000729   2.3139E+02 -2.9297E+02 -5.3419E+01
0000730   3.8139E+02  1.0356E+02  6.4448E+01
0000731   3.3714E+02 -1.2028E+02  1.4490E+02
0000732   1.6171E+02  1.1143E+02 -7.8358E+00
0000733   2.2094E+02 -1.7154E+01 -9.8573E+00
0000734   2.3441E+02  4.2357E+01  1.2712E+02
0000735   1.5144E+02 -1.9741E+02 -4.0526E+01
0000736   1.4849E+02 -1.4932E+02 -8.6356E+00
0000737   3.1133E+02  1.1621E+02  1.5659E+02
0000738   1.4367E+02 -2.0280E+02 -2.0345E+01
0000739   2.6568E+02 -1.2513E+02  8.2393E+01
0000740   8.1601E+01  1.5960E+02 -1.1410E+02
0000741   1.6167E+02  1.1495E+02  4.3265E+01
0000742   2.3494E+02  2.2669E+01  3.8890E+01
0000743   9.0646E+01 -1.2058E+01  4.2121E+01
0000744   1.9045E+02 -3.6901E+01  1.0848E+02
0000745   3.7512E+02  4.3193E+01 -4.0437E+01
0000746   2.0903E+02  2.4361E+01  1.4695E+02
0000747   4.7502E+01 -3.4485E+01  1.3610E+02
0000748   2.8765E+02  1.4180E+01  4.4439E+01
0000749   2.7345E+02 -5.6815E+00 -1.1592E+02
0000750   5.9167E+01  3.6425E+01  4.5846E+01
0000751   1.9170E+02  1.1810E+02  7.1041E+01
0000752   1.6587E+02 -1.6002E+01  2.1425E+02
0000753   4.4765E+02 -2.1880E+02 -1.9967E+01
0000754   2.4251E+02 -3.2441E+02  1.5328E+01
0000755   5.3842E+01  7.7731E+01  3.2146E+01
0000756   3.1279E+02 -5.9109E-01  8.6635E+01
0000757   2.3580E+02  3.1038E+02 -6.6525E+01
0000760   2.9015E+02  1.5192E+01 -7.1907E+01
0000761   2.3837E+02 -7.8134E+01  2.7783E+02
0000762   2.2491E+02 -7.2124E+01 -2.4851E+02
0000764   1.6174E+02  1.2949E+02  4.9548E+01
0000765   2.3170E+02 -3.8587E+02  9.0160E+01
0000766   2.5166E+02 -2.6498E+02 -1.3666E+02
0000767   2.7971E+02 -1.5388E+02  9.4831E+01
0000768   4.2912E+02 -2.2422E+02  2.0244E+02
0000769   2.9434E+02 -9.5799E+01  5.0473E+01
0000770   4.8792E+02  5.8934E+01 -2.2535E+01
0000771   3.4217E+02  3.9776E+00  2.1766E+02
0000773   2.9069E+02 -5.3633E+01 -7.0682E+01
0000774   3.1497E+02 -2.6635E+02 -3.4234E+00
0000775   1.9146E+02  2.0852E+02 -1.7822E+02
0000776   8.5111E+01  2.0432E+02  9.1858E+01
0000777   1.4105E+02 -7.5170E+01 -1.4007E+02
0000778   1.0871E+02  8.6317E+01 -6.4480E+01
0000779   1.3996E+02 -6.8328E+01 -2.1082E+02
0000780   3.0541E+02 -1.6284E+02 -1.0765E+02
0000781   2.0874E+02 -8.7004E+01 -2.1485E+02
0000782   3.8497E+01  1.1036E+01  3.0287E+01
0000783   1.0211E+02 -6.3332E+01 -9.2100E+01
0000784   3.1511E+02 -1.4572E+02  1.4999E+02
0000785   2.2034E+02 -1.0279E+02  1.0822E+02
0000786   4.8795E+01  1.3634E+02 -3.2619E+01
0000787   2.7967E+02 -4.0510E+01 -9.1830E+01
0000788   1.1491E+02  7.9372E+01  7.9048E+01
0000789   1.0442E+02  1.9979E+02  6.4820E+01
0000790   2.1061E+01 -1.8973E+02  2.4814E+01
0000791   1.8148E+02  3.8241E+01  3.6664E+01
0000792   3.3811E+02  8.2696E+00  6.0849E+01
0000793   4.1126E+01  3.8501E+01  9.2289E+01
0000794   8.7642E+01  1.0914E+02  8.0807E+01
0000795   4.3280E+02  4.5794E+01  2.1299E+02
0000796   1.9863E+01  3.2049E+01 -1.0626E+02
0000798   2.3244E+02 -3.7204E+01  1.7054E+01
0000799   2.1963E+02  2.3271E+01 -6.5421E+00
0000800   2.6231E+02 -2.2803E+02 -2.0235E+02
0000801   3.5518E+02 -9.2626E+01  1.6382E+01
0000802   2.3233E+02  5.6838E+01 -2.8172E+01
0000803   1.7253E+02  1.5983E+02  8.3009E+01
0000804   3.5429E+02  1.5770E+01 -1.7331E+01
0000805   2.2725E+02  9.7996E+01  2.4158E+02
0000807   3.3095E+02 -1.8132E+00  1.6259E+01
0000808   1.4282E+02  1.5031E+02  6.9543E+01
0000809   3.4305E+02  2.0165E+01  1.3073E+02
0000810   5.1180E+02  8.7239E+00  1.9835E+02
0000811   2.7467E+02  5.1491E+01 -9.1137E+01
0000812   4.0037E+02  1.3152E+02 -5.3411E+01
0000813   1.1015E+02 -1.3373E+01  7.4023E+01
0000814   1.6838E+02 -2.5582E+02  1.0585E+02
0000815   3.0569E+02  4.2449E+01 -2.1737E+02
0000816   1.3513E+02  3.9469E+01 -4.2597E+01
0000817   1.5390E+02 -2.1656E+01  1.4305E+02
0000818   1.6431E+02  1.2001E+02 -4.1292E+01
0000820   2.8207E+02  5.4363E+01  1.2110E+02
0000821   4.8575E+01 -1.3100E+02  2.0582E+00
0000822   5.3005E+01  1.0450E+02  1.6106E+02
0000823   3.8759E+02  4.8700E+01 -1.2891E+01
0000824   2.1509E+02  7.3870E+01  1.1268E+02
0000826   9.0639E+01 -1.1025E+01 -5.1374E+01
0000827   7.2442E+01 -1.2113E+02  2.1971E+02
0000828   1.9477E+02  1.9986E+01 -7.2168E+01
0000829   7.7598E+01  3.5776E+01 -4.2125E+01
0000831   1.6075E+02 -3.3965E+00 -2.2923E+01
0000832   1.3676E+02  4.0509E+01  7.3553E+01
0000833   4.2100E+02  2.0526E+02 -5.1474E+01
0000834   1.8492E+02  8.8829E+01  1.6106E+02
0000835   2.4030E+02  1.7536E+02  1.6673E+01
0000836   1.4486E+02  3.4874E+01  2.3365E+01
0000837   1.1638E+02  2.0793E+02 -1.7199E+02
0000838   1.0166E+02 -2.5115E+02 -1.8411E+02
0000839   1.2343E+02  2.5048E+02 -2.6707E+01
0000840   1.4677E+02  3.2367E+01 -1.1272E+02
0000841   2.8754E+02  3.8319E+01 -1.1707E+02
0000842   3.2847E+02  2.0171E+02 -8.2734E+01
0000844   4.1456E+02  6.2942E+01  3.8928E+02
0000845   1.3450E+02  3.2303E+01 -1.4592E+02
0000846   1.7920E+02 -3.5074E+01  1.3117E+02
0000847   4.5069E+01  3.5787E+01  3.2222E+02
0000848   3.4712E+02  6.2524E+01  1.1310E+02
0000849   5.7177E+01 -1.0256E+02 -5.3715E+01
0000850   2.9147E+02  2.2920E+02 -1.9511E+02
0000851   3.3193E+02 -2.8251E+02  3.3583E+01
0000852   1.7386E+02 -1.0751E+02 -1.1547E+00
0000853   9.7152E+01 -1.4351E+02  1.3321E+02
0000854   6.3507E+01 -8.6408E+01 -7.1762E+01
0000855   8.3423E+01  2.2938E+02  2.7981E+01
0000856   3.5143E+02 -2.8786E+01  1.7789E+01
0000857   2.6390E+02 -3.1465E+01  7.8444E+01
0000858   1.5458E+01 -9.2365E+01 -1.1060E+02
0000859   3.1109E+02  1.0604E+02 -1.1446E+02
0000861   2.0623E+02  1.0620E+02  1.1225E+02
0000862   5.0026E+02  1.3214E+02 -1.4803E+02
0000863   1.9103E+02  1.6036E+02 -1.4285E+02
0000864   7.4637E+01  1.2863E-01  1.9347E+02
0000865   1.9709E+02 -1.7884E+02 -2.4790E+01
0000866   6.5936E+01  1.5471E+01 -3.0860E+01
0000867   1.4802E+02 -1.6291E+02 -7.5493E+01
0000868   2.3868E+02  2.5328E+01 -7.0542E+01
0000869   9.8462E+01  2.0626E+01  4.5129E+01
0000870   1.4950E+02  2.1824E+02 -1.3729E+02
0000871   1.3748E+02  5.5465E+01 -3.2301E+01
0000872   1.6507E+02 -9.4817E+01 -1.5862E+01
0000873   1.1234E+02  1.6266E+02 -6.2397E+01
0000874   1.0214E+02  8.6750E-01 -5.0566E+01
0000876   2.4865E+02  9.2173E+01 -5.7059E+01
0000877   1.6183E+02 -1.7394E+01  7.2863E+01
0000878   1.8778E+02  1.0244E+02 -4.6591E+01
0000879   6.6697E+01 -5.9647E+01  2.9300E+02
0000880   2.0004E+02 -1.7532E+01  1.2637E+02
0000881   7.9680E+01  1.2183E+02  1.7846E+00
0000882   2.5460E+02  3.3434E+01 -5.5318E+01
0000883   2.0042E+02 -1.1902E+02 -7.5528E+01
0000885   3.0844E+02 -8.8497E+01 -4.5248E+01
0000886   2.9406E+02 -1.7202E+02  8.8533E+01
0000887   1.3749E+02 -5.8960E+01 -1.0437E+02
0000888   5.0305E+01 -5.9132E+01 -1.1284E+02
0000889   2.9836E+02  7.7362E+00 -4.2104E+01
0000890   2.2257E+02  2.8057E+01  2.1708E+02
0000891   1.9942E+02  1.4989E+01  1.7254E+02
0000892   1.2843E+02 -1.2291E+01 -9.8903E+01
0000893   3.6108E+02 -2.2102E+02 -7.7848E+01
0000894   3.8604E+01 -1.7013E+01  2.3264E+02
0000895   2.3376E+02 -7.7055E+01 -9.9490E+00
0000896   3.0084E+02  2.0205E+01  3.1771E+01
0000897   3.5402E+02 -2.7792E+01 -2.0662E+01
0000898   1.3891E+02 -1.5510E+01 -1.9940E+02
0000899   3.0726E+02  3.5955E+01 -2.8258E+01
0000900   2.2113E+02 -1.9385E+02  3.0528E+01
0000901   1.0733E+02  3.4041E+01  1.8379E+01
0000902   9.3046E+01 -2.4925E+01  5.2082E+01
0000904   3.1959E+02  1.1802E+02 -1.0533E+02
0000905   3.6837E+02 -1.2421E+02 -1.9579E+02
0000906   6.1896E+01 -6.3250E+01 -1.3081E+02
0000907   9.2512E+00 -2.7938E+01  1.8550E+02
0000908   2.8273E+02 -1.4521E+01 -1.2944E+02
0000909   2.8243E+02 -8.0234E+01 -4.6256E+01
0000910   2.0523E+02 -1.7893E+02 -2.6785E+02
0000911   1.0087E+02  9.2652E+00  1.3920E+02
0000912   8.6990E+01  1.5428E+02 -4.2275E+01
0000913   2.2680E+02 -8.5480E+01  2.9915E+02
0000914   6.7009E+01  5.1281E+01  9.7208E+01
0000915   3.8973E+02  1.0001E+02 -5.9038E+01
0000916   9.5516E+01 -3.8707E+01  8.4355E+01
0000917   5.6619E+01 -1.0854E+02  1.5852E+02
0000918   1.6627E+02 -1.2165E+02  1.2339E+00
0000919   1.7300E+02  4.1138E+01  1.8871E+00
0000920   1.3708E+02  1.5652E+02  1.5772E+02
0000921   1.9696E+02  2.9362E+01 -4.8176E+01
0000922   1.1381E+02 -6.6662E+01  5.5276E+01
0000923   4.1793E+02 -3.6389E+01 -2.8940E+01
0000924   2.5829E+02  7.8632E+01  2.7033E+01
0000925   2.9135E+02 -1.1725E+01 -9.5435E+01
0000926   2.8270E+02  4.1092E+02  6.9792E+01
0000927   2.6307E+02 -3.7281E+01 -2.2259E+01
0000928   2.3568E+02  9.3785E+01 -2.0216E+02
0000930   2.8055E+02  1.5207E+01 -2.0559E+01
0000931   2.9855E+01 -1.4913E+02  1.2315E+02
0000932   2.8248E+02  8.5856E+01 -2.4089E+02
0000933   1.6541E+02  4.1373E+01  1.9279E+01
0000934   1.9771E+01  9.2045E+00  3.3710E+01
0000936   1.7529E+02 -2.1666E+02  1.7976E+02
0000937   1.5969E+02 -6.6575E+01  1.8435E+02
0000938   9.7080E+01  7.0456E+01  2.1120E+01
0000939   1.4106E+02  1.5831E+02 -8.7614E+01
0000940   2.5547E+02 -5.6512E+01  3.0070E+01
0000941   1.6128E+02  8.5631E+01 -1.5143E+02
0000942   4.5781E+01 -1.7202E+02  8.1985E+01
0000943   2.4588E+02 -1.6410E+02 -1.1886E+01
0000944   2.3968E+02  7.1562E+01  7.8149E+01
0000945   1.8098E+02 -2.8416E+01 -1.5966E+02
0000946   4.4863E+02  2.0391E+01 -3.8602E+01
0000947   2.0901E+02 -1.0772E+02 -1.0649E+02
0000948   2.4188E+02  6.8176E+01 -1.0636E+02
0000949   2.0590E+02 -7.2469E+01  1.7888E+02
0000950   2.0423E+02  1.1530E+02  2.3370E+02
0000952   1.0672E+02 -1.3046E+02  7.9838E+01
0000953   1.6587E+02 -1.1748E+02  1.2973E+02
0000954   9.5233E+01 -5.6702E+01  1.9840E+01
0000955   2.2391E+02  5.6498E+01  1.2913E+02
0000956   3.0348E+02 -2.2647E+02  8.6459E+01
0000957   3.2365E+02 -4.3340E+00  9.1095E+01
0000958   3.4598E+02  1.6363E+02 -2.2562E+02
0000959   2.4730E+02 -6.7541E+01 -9.3255E+01
0000960   1.1602E+02  2.6085E+01  1.7220E+01
0000961   2.5436E+02  1.6233E+02 -2.4901E+02
0000962   1.6105E+02  1.7997E+02  1.2312E+02
0000963   2.0492E+02  1.2902E+02 -1.5830E+02
0000964   7.1206E+01 -1.0379E+02 -2.8523E+01
0000965   2.9433E+02 -9.3714E+01  6.3467E+01
0000966   2.5145E+02 -1.6910E+02 -2.1181E+02
0000967   2.2036E+02  5.9367E+01 -4.1425E+01
0000968   1.2995E+02  3.3192E+01  8.3505E+01
0000969   2.1075E+02  5.9778E+00 -1.2450E+02
0000970   7.0544E+01 -7.5907E+01 -2.1511E+02
0000971   2.0874E+02  1.1841E+02  7.4710E+01
0000972   3.4272E+02 -5.8420E+01  2.2461E+01
0000973   3.7833E+02  1.2655E+02 -1.9799E+02
0000974   4.3818E+02 -3.4459E+01 -5.1834E+00
0000975   1.6540E+02  1.3140E+02  3.9778E+01
0000976   2.0579E+02 -2.4112E+02  2.4138E+01
0000977   2.9721E+02 -3.5162E+01 -1.0177E+02
0000978   1.1833E+02  5.9263E+00  1.1642E+02
0000980   4.0966E+02  8.4300E+00  8.9319E+01
0000981   1.8295E+02 -8.9608E+00 -1.5072E+02
0000982   2.0191E+02  5.7362E+01  1.3799E+02
0000983   2.4434E+02 -1.9175E+01  5.7554E+01
0000984   2.7335E+02 -8.1136E+01  1.2833E+02
0000985   3.1804E+02  5.9382E+01 -4.5611E+01
0000986   4.9357E+02 -1.3557E+01  9.4394E+01
0000987   3.6424E+02 -1.1100E+02 -1.3070E+01
0000988   3.3475E+02 -3.0187E+01 -1.8834E+02
0000989   1.4151E+02  2.2417E+01 -1.0987E+01
0000990   5.1744E+02 -7.3934E+01 -9.9323E+01
0000991   3.0307E+00  5.3854E+01  1.2533E+02
0000992   3.0991E+02 -1.3734E+02  4.8519E+01
0000993   2.6504E+02 -9.5855E+00 -3.6526E+00
0000994   2.2295E+02 -3.8011E+01  2.2406E+01
0000995   4.1702E+02 -1.6072E+02  4.6321E+01
0000996   1.5074E+02  1.7517E+02  1.6604E+02
0000997   4.7866E+01  1.6961E+02 -1.2292E+02
0000998   9.7145E+01 -8.3797E+01  9.1442E+00
0000999   3.0294E+02 -3.4115E+01  1.3795E+02
0001000   8.4880E+01  2.6658E+02  6.1634E+01
