============================== SRIM-2013.00 ==============================
==============================================================================
====== SRIM Outputs\RANGE_3D.txt : File of Final Ion Positions =====

Ion =  F (09)   Ion Mass= 018.9984
Energy  = 4000000.E-05 keV
Ion Angle to Surface = 00.0 degrees
==================== TARGET =======================
  Layer # 1 - None
  Layer # 1 - Bottom Depth=500000.E-01 A
  Layer # 1 - Density =0007.8700 g/cm3
  Layer # 1 -  100 % of Fe
様様様様様様様様様様様様様様様様様様様様様様様様様様
                                            
Ion       Depth  X   Lateral Y   Lateral Z  
Number    (Angstrom) (Angstrom)  (Angstrom) 
-------  ----------- ----------- -----------
0000001   3.2028E+02 -5.6569E+01  2.9530E+02
0000002   8.0012E+02 -2.5049E+02  1.1114E+02
0000003   3.1778E+02 -2.7691E+02  1.5149E+02
0000004   1.2057E+02  3.3680E+02  4.7425E+02
0000005   5.4402E+02 -1.2700E+02 -2.1803E+02
0000006   5.2545E+02 -8.1410E+01 -1.0744E+02
0000007   2.0836E+02 -2.5648E+02  3.0310E+02
0000008   5.2595E+02  3.5265E+02  1.6080E+02
0000009   5.0248E+02  1.6022E+02 -1.8861E+02
0000010   4.4988E+02  4.2026E+02  2.3983E+02
0000011   4.3715E+02 -2.3087E+02 -4.3029E+02
0000012   2.1898E+02  3.1883E+02  1.5432E+02
0000013   4.3330E+02 -5.7719E+01 -5.6456E+01
0000014   3.1448E+02  2.0314E+01  5.2082E+02
0000015   5.1585E+02 -1.9441E+02 -6.6167E+01
0000016   1.7712E+02 -2.2345E+02 -4.5352E+02
0000017   6.5843E+02 -2.9679E+02  4.6624E+01
0000018   2.7942E+02 -4.9403E+01  2.1243E+02
0000019   1.3669E+02  7.0355E+01 -1.2752E+02
0000020   4.8741E+02 -1.8757E+02 -3.1893E+01
0000021   4.2666E+02 -2.0831E+02  4.0604E+02
0000022   1.1060E+02  1.0060E+02 -1.4612E+02
0000023   1.7466E+02 -3.6666E+02 -9.6147E+00
0000024   6.7871E+02 -5.8518E+01 -1.4729E+02
0000025   3.8686E+02  3.0416E+02  1.5401E+01
0000026   3.6660E+02 -1.1276E+02 -3.8098E+02
0000027   3.8931E+02 -1.3032E+00 -1.2017E+02
0000028   3.8380E+02 -8.7902E+01 -2.9352E+01
0000029   5.7794E+02 -3.0793E+01  1.1159E+01
0000030   7.6492E+02 -2.2994E+02  3.8805E+01
0000031   2.3086E+02  2.5063E+02 -5.9691E-01
0000032   4.5181E+02  2.2721E+02 -2.2860E+02
0000033   6.4499E+02 -7.2066E+01  3.9987E+02
0000034   2.7164E+02  5.9208E+01  2.3535E+02
0000035   7.4525E+02  2.1812E+02 -2.0424E+02
0000036   1.0780E+02  2.4950E+02 -1.9584E+02
0000037   3.4653E+02  1.8912E+02  6.2386E+01
0000038   3.8140E+02 -4.6863E+02 -1.0814E+02
0000039   3.5811E+02  2.9237E+02  3.0153E+02
0000040   3.7344E+02 -7.7902E+01  3.2166E+02
0000041   8.0203E+02 -5.3366E+02  1.0264E+02
0000042   5.1748E+02 -1.3577E+02 -1.0898E+01
0000043   5.3958E+02  1.6621E+02  3.4913E+02
0000044   3.9394E+02 -1.9997E+02 -4.3569E+01
0000045   2.3605E+02 -9.9665E+01  3.5636E+02
0000046   1.0521E+02  1.8847E+02  3.0458E+01
0000047   4.4382E+02 -4.6288E+02  1.2418E+02
0000048   7.7415E+02 -2.0903E+01  6.2592E+01
0000049   1.2504E+02 -2.5970E+01 -8.9412E+00
0000050   2.7047E+02 -9.3923E+01  3.4789E+02
0000051   4.7455E+02 -9.2756E+01  4.3471E+02
0000052   4.8658E+01 -1.6852E+02  7.0236E+02
0000053   4.3264E+02 -5.5696E+01  9.6901E+00
0000054   4.1307E+02 -1.2578E+02  1.1676E+02
0000055   1.2893E+02  6.5017E+01  9.6757E+00
0000056   5.1884E+02  5.1211E+01 -2.2032E+02
0000057   2.4913E+02 -2.2565E+02  1.4177E+02
0000058   4.9260E+01  1.2932E+02 -2.9107E+01
0000059   5.4416E+02 -2.5401E+02 -1.5792E+02
0000060   4.2211E+02 -1.5396E+02 -2.2206E+02
0000061   6.1776E+02 -2.6511E+02  1.0644E+02
0000062   2.7122E+02 -1.8336E+01  7.7518E+01
0000063   3.9373E+02  2.2961E+02 -1.9679E+02
0000064   4.2804E+02 -1.0216E+02 -1.5655E+02
0000065   1.8967E+02 -3.5943E+01 -5.7793E+01
0000067   7.2246E+02 -3.4256E+02 -4.2393E+02
0000068   4.8152E+02 -7.1307E+01 -2.5864E+02
0000069   1.6551E+02  1.8420E+02 -1.0496E+02
0000070   3.0371E+02 -2.6626E+02  6.9511E+01
0000072   4.6826E+02 -6.5543E+01 -1.8810E+02
0000073   3.2390E+02  3.6309E+02 -3.0543E+02
0000074   3.1934E+02 -1.8082E+02  1.2577E+02
0000075   8.9770E+02  1.1989E+02 -3.4637E+02
0000076   3.0975E+02  4.8181E+01  3.3578E+02
0000077   3.9945E+02  1.0700E+02  1.6684E+02
0000078   2.8854E+02 -1.6645E+02 -1.2863E+02
0000079   8.8080E+02 -1.6149E+02  1.6149E+02
0000080   4.8996E+02  9.7281E+01 -2.6709E+02
0000081   4.2253E+02  2.0903E+01  3.5475E+00
0000082   4.5557E+02  4.8523E+01 -2.0200E+02
0000084   1.8681E+02 -3.1804E+02  2.2746E+01
0000085   1.7823E+02  2.3236E+02 -1.4086E+02
0000086   2.6334E+02  2.8662E+02  9.6777E+01
0000087   3.6877E+02 -6.9262E+01  2.5819E+02
0000088   6.1204E+02 -1.6102E+01  7.2372E+01
0000089   4.5688E+02  9.0522E+01  1.3335E+02
0000090   1.6324E+02 -6.2767E+01  5.9886E+02
0000091   5.7017E+02 -3.0623E+02 -1.4768E+02
0000092   5.4033E+02  4.5579E+01  4.8165E+01
0000093   4.1382E+02  3.6503E+02 -2.5974E+01
0000094   7.0197E+02 -5.1655E+02 -2.0195E+02
0000095   6.8645E+02 -3.5202E+02  1.8862E+02
0000096   3.8596E+01 -9.3257E+01 -1.5027E+02
0000097   3.3897E+02  2.2162E+02 -5.6537E+01
0000098   6.0892E+02  5.0830E+01 -2.3626E+02
0000099   2.1487E+02  8.0317E+01 -1.2616E+02
0000100   4.3943E+02 -3.2551E+02 -1.1351E+02
0000101   5.7619E+02 -8.8769E+01  4.7071E+01
0000102   1.9795E+02  1.0068E+02 -1.4295E+02
0000103   5.1871E+02 -4.3090E+02 -9.2777E+01
0000104   5.8173E+02 -9.4706E+01 -2.7272E+02
0000105   3.8772E+02 -4.0335E+01 -7.9876E+01
0000106   6.9983E+02  8.6655E+01 -1.1807E+02
0000107   3.5739E+02  2.3437E+02 -1.4551E+01
0000108   5.5224E+02 -1.2708E+02 -5.9784E+01
0000109   2.9810E+02 -1.2650E+02  1.8030E+02
0000110   4.0866E+02 -8.7288E+01  2.3043E+02
0000111   2.1359E+02 -3.6582E+02  4.7062E+02
0000112   5.9841E+02 -1.1647E+02 -6.3917E+01
0000113   3.4088E+02  3.7295E+01 -2.5198E+02
0000114   1.9965E+02 -4.0532E+02  1.4783E+02
0000115   3.3823E+02 -9.7767E+01 -3.7498E+02
0000116   3.9443E+02 -4.8797E+02  4.5427E+01
0000117   4.4702E+02 -4.9041E+01  1.7697E+02
0000118   1.3285E+02  2.7961E+02 -3.1445E+02
0000119   7.3426E+02 -1.6589E+02 -3.2242E+01
0000120   7.5276E+02  4.0599E+01  4.9495E+01
0000121   5.4689E+02  7.7322E+01 -2.6300E+02
0000122   6.7659E+02  3.6893E+02  1.0713E+02
0000123   1.5576E+02  7.6397E+01  6.1097E+01
0000124   5.7512E+02 -5.7030E+01  2.3208E+01
0000125   4.0627E+02 -2.0833E+02 -1.5506E+02
0000127   4.3927E+02 -2.5193E+02 -3.5157E+02
0000128   4.2775E+02  1.3483E+02 -1.1416E+02
0000129   2.5273E+02 -4.9426E+01  1.8964E+02
0000130   5.2867E+02 -4.9513E+01 -3.3819E+02
0000133   7.8407E+02  1.9505E+02 -1.1895E+02
0000134   6.0605E+02  1.6992E+02 -2.4204E+02
0000135   3.1794E+02  5.6995E+02 -1.5048E+02
0000136   3.8020E+02  3.9597E+02  2.9650E+02
0000137   2.1633E+02  9.7849E+01 -8.6888E+01
0000138   5.7399E+02 -2.2287E+02 -2.2804E+02
0000139   2.3606E+02  3.2803E+02  4.2374E+00
0000140   6.1141E+02  1.9713E+01  1.6536E+02
0000141   5.5023E+02 -4.2893E+02  7.0674E+01
0000142   5.5410E+02  2.9630E+02  3.0040E+02
0000144   3.9142E+02  1.9673E+02  6.2559E+01
0000145   3.6060E+02 -1.5278E+02  3.4498E+01
0000146   4.6825E+02 -1.4442E+02  9.1579E+01
0000147   4.5883E+02 -9.6818E+01  1.0539E+02
0000148   5.3046E+02  4.4064E+02  4.0990E+02
0000149   6.6672E+02 -9.6535E+01  8.8911E+01
0000150   4.3698E+02  2.6841E+02 -1.5163E+02
0000151   4.1233E+02 -4.2676E-01  2.1538E+02
0000152   3.1478E+02 -1.2302E+02 -1.2535E+02
0000153   6.1861E+02 -1.0384E+02 -2.0185E+02
0000154   5.4996E+02  4.8181E+02  1.1065E+01
0000155   1.4563E+02 -1.5570E+01  1.7251E+02
0000156   5.7314E+02  7.4068E+01 -2.3897E+02
0000157   5.7694E+02  2.2930E+01 -3.7784E+02
0000158   4.5310E+02  3.0459E+01 -1.6190E+01
0000159   3.7192E+02 -3.2014E+02  1.1352E+02
0000160   2.8102E+02  2.2137E+02  2.8282E+02
0000161   4.3707E+01 -2.4150E+02 -9.2907E+01
0000162   3.2369E+02 -4.2360E+02  7.9014E+01
0000163   6.8750E+02 -5.0080E+01  2.7461E+02
0000164   1.9143E+02 -1.8395E+02  5.6591E+02
0000165   3.0784E+02  2.7571E+01  1.1172E+02
0000166   4.9558E+02  3.4278E+02 -2.3116E+02
0000167   1.5491E+02  5.5052E+02 -2.7685E+02
0000168   6.8029E+02  6.5205E+01 -9.5019E+01
0000169   4.0221E+02 -1.0825E+02 -2.4028E+02
0000170   6.7399E+02  3.7066E+02  3.7090E+02
0000172   4.8650E+01 -3.4680E+01 -1.4482E+02
0000173   6.7418E+02  3.7352E+02 -1.5599E+02
0000174   2.9571E+02 -4.1195E+02  1.2692E+02
0000175   3.0248E+02 -8.6361E+01  9.7163E+01
0000176   5.9919E+02  1.9912E+01  2.4385E+02
0000177   5.5751E+02 -8.4863E+01  2.9484E+02
0000178   3.3986E+02  2.8445E+02  1.6762E+02
0000179   2.7721E+02 -2.6835E+02  4.6183E+01
0000180   3.4647E+02  2.7130E+02 -2.6915E+02
0000181   3.5373E+02  4.8416E+01 -3.0649E+02
0000182   8.4745E+02  9.7795E+01  2.8320E+02
0000183   7.0315E+01 -2.4353E+02  1.6706E+02
0000184   4.1152E+02  2.6539E+01  2.1586E+02
0000185   4.2238E+02  7.9214E+01  4.6881E+02
0000186   1.5669E+02  6.4967E+01  1.4348E+02
0000187   5.6896E+02 -4.2351E+02  2.3590E+01
0000188   5.7001E+02  1.4792E+02  1.4041E+02
0000189   1.3245E+02 -4.2497E+01 -2.9117E+02
0000190   1.4755E+02  2.7438E+02  2.1425E+02
0000191   1.7627E+02 -4.9718E+02 -4.8787E+02
0000192   6.2912E+02 -2.8493E+02 -9.9049E+00
0000194   3.7015E+02  4.7298E+02 -1.5555E+02
0000197   4.3424E+02 -2.0466E+02  2.2184E+02
0000198   6.4707E+02  6.4014E+01  1.3003E+01
0000199   5.9719E+02 -1.3963E+01 -1.5457E+01
0000200   1.9066E+02  3.1461E+02  8.1078E+01
0000201   1.7889E+02  6.9112E+01  8.0279E+01
0000202   6.5581E+02 -1.9938E+02  1.6724E+02
0000203   4.3767E+02 -2.1035E+02 -4.1265E+02
0000204   1.0951E+02  7.8144E+01 -2.1425E+02
0000206   1.9411E+02 -1.4182E+02 -2.8645E+01
0000207   1.5762E+02  5.5149E+01  8.9488E+00
0000208   3.7985E+02  1.2999E+02 -3.4695E+01
0000209   4.7166E+02 -8.0115E+01 -3.9740E+02
0000210   2.0649E+02 -4.8130E+02  1.3090E+02
0000211   4.3564E+02  2.3921E+01 -3.8071E+01
0000212   3.9670E+02  3.2547E+01 -1.7050E+02
0000213   5.0733E+02  2.7044E+02 -1.8319E+02
0000215   3.8274E+02  8.6085E+01  3.5376E+02
0000216   1.9466E+02 -2.5883E+02  3.5726E+02
0000218   3.9811E+02  3.5429E+02 -4.5186E+02
0000219   1.5021E+02 -1.2249E+02 -1.5072E+01
0000220   3.6773E+02 -1.0893E+02  1.9913E+02
0000221   5.1246E+02 -2.0929E+02 -1.3334E+02
0000222   2.5381E+02 -2.1076E+01  1.2465E+02
0000223   2.9045E+02 -8.9486E+01  2.5764E+02
0000224   8.4308E+02  4.2070E+01 -8.8454E+00
0000225   3.7468E+02 -3.3679E+02  9.4184E+01
0000226   4.7392E+02  2.8136E+02 -3.3735E+02
0000227   4.2862E+02 -1.0539E+02 -3.9756E+02
0000229   1.9580E+02 -2.0215E+02 -1.5680E+02
0000230   5.6289E+02 -7.4011E+01  1.2388E+02
0000231   3.4710E+01 -1.5073E+02 -5.1082E+02
0000232   3.9418E+02  3.8301E+02 -1.3913E+02
0000233   6.3053E+02 -1.3346E+02  2.0438E+02
0000234   6.2776E+02 -1.1049E+02  1.5939E+02
0000235   3.6268E+02 -3.5904E+02 -5.7961E+02
0000236   8.2628E+02 -9.8620E+01  2.3030E+02
0000237   2.8927E+02 -2.0889E+02  2.9643E+02
0000238   3.2690E+02 -2.9929E+02  5.4512E+01
0000239   6.4113E+02 -7.4387E+01 -1.2758E+02
0000240   3.2242E+02  1.1711E+02 -1.4788E+02
0000241   2.5369E+02  2.4042E+02  2.2548E+02
0000242   3.2854E+02 -3.0930E+02 -2.2126E+02
0000243   5.0284E+02  1.6205E+02  1.1712E+02
0000244   1.8618E+02 -5.7704E+02  2.0040E+01
0000245   3.3955E+02  2.4836E+02 -2.2881E+02
0000246   3.2992E+02 -2.9460E+02 -7.3633E+01
0000247   3.3479E+02  1.4208E+02 -3.6340E+01
0000248   2.2534E+02 -3.5199E+01 -2.1673E+02
0000249   2.3621E+02 -1.1343E+02 -7.9250E+01
0000250   9.0423E+02 -2.9511E+02  2.2115E+02
0000251   5.1467E+02 -3.3894E+02  2.5922E+02
0000252   5.0546E+02 -7.7419E+01 -3.2029E+02
0000254   6.9192E+01  1.7936E+02  3.0037E+01
0000255   1.7866E+02 -2.4790E+02 -3.8598E+00
0000256   4.1815E+02  3.1803E+02  5.7649E+01
0000257   6.8581E+02  9.9646E+01  1.8399E+02
0000258   2.8214E+02 -9.8210E+01  7.2016E+00
0000259   7.1599E+02  3.3203E+02 -1.2097E+02
0000260   6.0381E+02 -1.5276E+02  4.1385E+02
0000261   2.6974E+02 -5.0388E+02  1.1760E+02
0000262   2.4804E+02  9.8512E+01 -8.8295E+00
0000263   1.6725E+02  1.5189E+00  2.9324E+01
0000264   1.9425E+02  1.9807E+02  4.0262E+02
0000265   4.8107E+02 -1.8557E+02  2.3220E+02
0000266   2.8996E+02  2.6987E+02  1.1534E+02
0000267   3.4669E+02  9.9444E+01 -2.2019E+01
0000268   4.7952E+02  2.7668E+02  2.9387E+02
0000269   7.4268E+02  1.0864E+02 -2.0978E+02
0000270   5.6786E+01 -4.8947E+00 -2.3913E+02
0000271   2.8123E+02  1.5590E+02  1.1750E+02
0000272   2.1402E+02  3.0078E+02  1.8211E+02
0000273   4.3197E+02  2.9117E+02 -2.1613E+02
0000274   2.3124E+02  2.9319E+02  2.2741E+02
0000275   6.1468E+02  6.6013E+01  3.0744E+02
0000276   3.6282E+02  1.9392E+02 -2.4154E+02
0000277   5.0863E+02  2.1542E+02 -4.0177E+02
0000278   4.6797E+02  1.0805E+02 -2.5451E+02
0000279   3.7568E+02 -1.5667E+02 -9.4462E+01
0000280   4.5081E+02 -5.6347E+02 -1.8484E+02
0000281   5.9867E+02  2.8330E+02  6.4704E+01
0000282   6.8039E+02 -3.4667E+02  7.4712E+01
0000283   4.8040E+02  1.7637E+02 -2.6440E+02
0000284   5.5693E+02 -1.2433E+02 -1.2956E+02
0000285   2.2838E+02 -3.1454E+02 -2.1940E+02
0000286   1.7871E+02 -3.7630E+01 -2.7721E+01
0000287   1.5915E+02  2.9327E+02 -4.6431E+01
0000288   4.4332E+02 -9.8007E+01  1.3304E+02
0000289   4.3955E+02 -2.6645E+01  1.2203E+02
0000290   1.8575E+02  1.1207E+02  2.3373E+02
0000291   3.1261E+02 -1.5658E+02 -3.2897E+02
0000292   6.0973E+02 -4.0396E+02 -4.9577E+02
0000293   4.2017E+01 -1.0734E+02  8.8534E+01
0000294   5.4734E+02 -2.6347E+02 -3.7729E+02
0000295   3.1855E+02  1.1413E+01 -2.9901E+02
0000296   5.5931E+02 -3.3381E+02 -2.1421E+02
0000297   8.8529E+02 -3.0627E+02  2.3653E+01
0000298   4.6613E+02 -6.0809E+02 -9.5783E+00
0000301   6.0390E+02 -1.7238E+02  1.2351E+02
0000302   5.5123E+02 -4.6802E+02 -2.0814E+02
0000303   3.3241E+02 -1.5893E+01 -4.7172E+02
0000304   3.4503E+02  1.1032E+02 -5.5742E+01
0000305   2.0180E+02 -4.2230E+02 -2.3078E+02
0000306   1.7737E+02 -3.4868E+01 -3.5427E+02
0000307   6.9967E+02 -3.3248E+01  2.2983E+01
0000308   7.4157E+01  1.1497E+02 -4.7494E+02
0000309   1.0665E+02  1.0913E+02 -7.1951E+01
0000310   4.3693E+02  2.9126E+01 -3.9149E+02
0000311   2.7787E+01 -5.3718E+01  1.1591E+01
0000312   4.4827E+02 -1.3792E+02  1.4129E+02
0000313   5.4535E+02 -2.5999E+01  1.9855E+02
0000314   3.5403E+02  5.6515E+01 -3.5731E+02
0000315   3.2069E+02 -5.1138E+02  3.6584E+02
0000316   4.6465E+02  1.8253E+02 -2.2913E+02
0000317   1.5157E+02  1.9597E+02 -1.0979E+02
0000318   6.8551E+01 -5.4338E+01  5.3788E+02
0000320   2.5055E+02 -2.3602E+02 -1.2588E-02
0000321   3.0823E+02 -8.0421E+01 -1.2819E+02
0000323   2.3453E+02 -2.0500E+02 -1.9507E+02
0000324   4.7464E+02 -4.1495E+02  1.4042E+02
0000325   6.8561E+02 -1.3097E+02 -2.2450E+01
0000326   3.5602E+02  3.1527E+02 -2.7874E+01
0000327   4.1438E+02 -7.8775E+01 -1.7682E+02
0000328   1.1223E+02 -5.5872E+01 -1.0542E+02
0000329   7.8673E+01  8.9726E+01  1.1231E+02
0000331   5.6895E+02  1.2632E+02 -5.3151E+01
0000332   3.4980E+02 -1.0553E+02 -1.4646E+02
0000333   4.9019E+02  1.2265E+02  3.3210E+02
0000334   5.7014E+02  2.9190E+01 -4.3009E+02
0000335   2.9888E+02  2.2484E+01 -2.5324E+01
0000336   5.0613E+02 -2.9257E+02 -2.6897E+02
0000337   3.5308E+02  3.5557E+02  1.4265E+02
0000338   5.5342E+02 -3.7476E+01  7.4381E+01
0000339   6.4201E+02 -4.1082E+02  6.2547E+01
0000340   6.2766E+02 -3.7244E+02 -5.9262E+01
0000341   4.9688E+02  9.1707E+01 -7.2270E+01
0000342   1.8404E+02 -1.4944E+02  2.3314E+01
0000343   3.4425E+01  2.9689E+02 -1.7970E+01
0000344   4.7736E+02 -2.0115E+02 -1.3127E+02
0000345   1.7024E+02 -3.5483E+01 -1.5919E+01
0000346   7.2794E+02  2.6610E+02  1.2853E+02
0000347   7.5578E+02  2.1905E+02 -3.4557E+02
0000348   3.3591E+02 -4.2748E+02 -1.3441E+02
0000349   4.3766E+02  3.1955E+02  4.6549E+02
0000350   5.9524E+02  2.3131E+01 -1.9648E+02
0000351   2.9735E+02  3.0024E+02  7.0920E+01
0000352   4.3564E+02 -2.7810E+02  1.8329E+02
0000353   3.5829E+02  9.8952E+01 -1.2543E+02
0000355   4.0889E+02 -1.4224E+01  1.7984E+01
0000356   3.0539E+02  4.3098E+02 -2.7127E+02
0000357   5.9577E+02  1.3228E+02 -5.8815E+01
0000358   3.9503E+02  4.1174E+02  1.6455E+02
0000359   2.7874E+02 -3.8280E+02 -4.4215E+02
0000361   6.7947E+02  1.4853E+02  3.8906E+02
0000362   9.2221E+01  4.1704E+02 -7.0986E+01
0000363   5.0859E+02  5.7194E+01  6.9425E+01
0000364   8.8265E+02 -2.5101E+01  4.5462E+01
0000365   5.3979E+02 -3.1844E+02 -1.2245E+02
0000366   7.7619E+01  4.4024E+02 -4.2722E+01
0000367   5.1714E+02  3.2433E+02 -2.7170E+00
0000368   3.1177E+02  4.0915E+01 -3.5908E+02
0000369   5.1208E+02  9.9527E+01 -1.8329E+02
0000370   8.0505E+02 -6.7373E+01  7.0722E+01
0000371   1.7240E+02 -9.4804E+00  1.8860E+01
0000372   1.9745E+02  7.6859E+01  2.3364E+01
0000374   6.3462E+01 -2.2111E+02  4.8866E+02
0000375   2.3425E+02 -1.7093E+02  3.4226E+02
0000376   3.1720E+02  4.4729E+02 -9.2428E+01
0000377   4.3675E+02  1.6002E+02 -3.2483E+02
0000378   2.8560E+02  2.8879E+01  2.5603E+02
0000379   4.1936E+02  3.9933E+02  1.4288E+02
0000380   6.2173E+02 -1.4309E+02  1.5232E+02
0000381   9.6780E+01 -2.2450E+02  3.1031E+01
0000382   1.3885E+01 -3.5001E+02 -2.9416E+02
0000383   4.6414E+02  3.2454E+02  1.3767E+02
0000384   5.2756E+02  1.2906E+02 -5.1256E+02
0000385   3.2509E+02 -5.4381E+02  3.4217E+01
0000386   8.1698E+02 -3.3512E+02 -4.1755E+02
0000387   4.5315E+02 -1.7575E+02 -9.0850E+01
0000388   3.0491E+02 -5.6516E+01  1.1884E+02
0000389   3.0783E+02  2.1138E+01 -3.9307E+01
0000390   2.7521E+02  3.0947E+02  8.1819E+01
0000391   4.9871E+02  2.1701E+02 -1.2165E+02
0000392   1.4316E+02 -8.4087E+01 -3.2441E+01
0000393   3.0871E+02  1.0856E+01  5.3661E+01
0000394   1.3207E+02 -2.4726E+02  6.3285E+01
0000395   4.7840E+02 -4.1398E+01 -3.1893E+02
0000396   3.0066E+02 -1.5652E+02  3.1194E+02
0000397   5.0374E+02  7.4220E+01  3.1727E+02
0000398   4.0773E+02 -3.0463E+01  4.2747E+00
0000399   2.6369E+02  1.7581E+02  7.0966E+01
0000400   3.2046E+02 -3.7582E+02  1.9578E+02
0000401   4.9314E+02  6.0835E+01  1.1503E+01
0000402   4.9875E+02  4.1889E+02  2.4570E+02
0000403   2.9683E+02 -2.7254E+02 -3.4038E+02
0000404   3.2634E+02  2.2573E+02 -1.2545E+02
0000405   1.6733E+02 -3.9217E+02 -2.4170E+02
0000406   6.6477E+01 -3.2758E+02 -6.0171E+01
0000407   2.3827E+02 -1.9246E+02 -3.0909E+01
0000409   5.3082E+02 -3.2022E+02  1.7163E+02
0000410   5.9308E+01  2.6273E+02 -1.8612E+01
0000412   4.8141E+02 -2.7729E+02  1.1425E+02
0000413   3.8888E+02 -2.9834E+02  2.7630E+02
0000414   3.8109E+02 -3.1861E+01  2.9094E+02
0000415   4.4050E+02 -8.1921E+01 -2.2268E+02
0000416   3.4265E+02 -1.3110E+02 -2.3772E+02
0000417   4.0765E+01  1.6030E+02  3.8292E+01
0000418   2.1811E+02  1.1016E+02  2.0100E+02
0000419   4.5636E+02  2.1631E+02  3.2753E+02
0000420   2.6990E+02  1.7657E+02  1.0425E+02
0000421   5.7507E+02  5.6715E+01 -2.7205E+02
0000422   3.7553E+02  8.1135E+01 -1.1162E+02
0000423   1.9916E+01  1.1576E+02 -8.5311E+01
0000424   2.5966E+02  3.5797E+01 -9.3961E+01
0000425   4.6460E+02 -7.6112E+01  9.5806E+01
0000426   3.8106E+02  1.0707E+02  2.0103E+01
0000427   5.7722E+02  3.7813E+02 -1.2136E+01
0000428   2.9712E+02  4.1655E+01 -1.1526E+02
0000429   7.1595E+02 -2.9739E+02  2.5148E+00
0000430   1.7977E+02 -4.8356E+02 -4.9114E+01
0000431   3.6663E+02  5.0358E+00 -6.3877E+01
0000432   3.9319E+02 -5.3703E+01 -9.4633E+01
0000433   1.4588E+02 -3.2501E+01  2.8618E+02
0000434   7.1122E+01  8.8954E+00  8.0997E+01
0000436   7.9753E+02  1.0530E+02 -3.8720E+02
0000437   4.5559E+02 -9.5135E+01 -2.8462E+02
0000438   3.0061E+02  1.3533E+02 -1.6583E+02
0000439   2.8444E+02 -1.6646E+02 -7.2116E+01
0000440   4.6765E+02  2.1395E+02 -2.0532E+02
0000441   4.4286E+02 -3.6448E+01 -1.6486E+02
0000443   1.3951E+02 -4.4749E+02  5.8639E+01
0000444   1.2296E+02 -3.7955E+02  3.2328E+01
0000445   3.2252E+02 -1.6465E+02 -3.1897E+02
0000446   9.2812E+01 -1.8264E+02  2.6204E+02
0000447   2.6494E+02 -2.0336E+02 -1.5427E+02
0000448   1.3842E+02  8.5023E+01 -3.3678E+02
0000449   2.6345E+02  3.0330E+02  1.0451E+02
0000451   3.7714E+02  2.9747E+02 -3.2697E+01
0000452   3.9518E+02 -9.9673E+01  1.9000E+02
0000453   3.7024E+02 -2.2176E+02  4.4428E+01
0000454   7.0642E+02  1.3207E+02  1.5011E+02
0000455   6.6434E+02  1.8952E+02  2.4987E+02
0000456   3.1942E+02  2.2380E+02 -1.2062E+02
0000457   2.8065E+02 -9.5602E+01 -1.9204E+02
0000458   9.2619E+01  2.7358E+02 -1.3254E+02
0000459   8.7040E+01 -1.9554E+01  2.1918E+02
0000460   6.6027E+02 -3.7166E+01  1.7030E+02
0000461   2.8333E+02  1.4799E+02 -2.1710E+02
0000462   3.3932E+02  2.0625E+02  2.7105E+02
0000463   2.2684E+02  1.4959E+02 -4.3272E+02
0000464   2.6048E+02  1.7408E+01  1.4762E+02
0000466   3.9059E+02  2.5348E+02  1.3443E+02
0000467   2.8630E+02  1.7214E+02  5.8644E+00
0000468   3.2314E+02 -4.2866E+01  3.9894E+02
0000469   5.5376E+02  3.4001E+02 -1.7274E+01
0000470   7.7598E+02 -3.0739E+02 -6.7542E+01
0000471   4.5512E+02 -3.3630E+02  1.6177E+01
0000473   6.6461E+02 -2.8662E+01  3.0857E+02
0000474   3.8878E+02 -8.3200E+01 -2.7060E+01
0000475   8.0998E+02  2.6209E+02  1.6288E+02
0000476   1.8397E+01  1.3229E+02 -2.2376E+02
0000477   5.9478E+02  4.2047E+01 -1.8708E+02
0000478   5.5639E+02  3.2879E+02  1.0414E+02
0000479   7.5783E+02 -3.0947E+02  1.5821E+02
0000480   7.2491E+02 -1.5306E+02  4.3289E+01
0000481   3.8112E+02  9.1506E+01 -2.7529E+02
0000482   5.8231E+02 -3.3739E+02  2.4173E+02
0000483   4.5268E+02  2.7350E+02  5.2547E+01
0000484   6.0291E+02 -9.5542E+00 -1.5380E+02
0000485   3.1035E+02 -2.5996E+02 -1.2712E+02
0000486   5.6238E+02 -2.1617E+02 -1.0325E+02
0000487   2.4018E+02 -2.8681E+02  1.6605E+02
0000488   6.2907E+02  1.2658E+02 -1.9347E+01
0000489   7.4281E+02 -2.7228E+01 -1.2115E+02
0000490   3.8577E+02  1.8894E+02 -4.9306E+01
0000491   4.4211E+02 -2.0187E+02 -5.3677E+02
0000492   5.4419E+02  2.5926E+02  1.4771E+02
0000493   1.0979E+02  4.6835E+01 -2.9924E+01
0000494   7.2622E+02 -4.2966E+02 -2.0921E+02
0000495   2.5230E+02  6.1631E+01 -6.2592E+00
0000496   3.1674E+02  3.0346E+02  4.8156E+01
0000497   1.7322E+02 -1.1365E+02  1.0182E+02
0000498   3.5980E+02 -8.3942E+01 -2.5270E+02
0000499   7.7851E+02 -3.4839E+01 -3.3210E+01
0000500   1.5539E+02 -1.3414E+01 -2.9105E+01
0000501   5.1328E+02 -1.3119E+02  5.4651E+01
0000502   3.3560E+02 -6.3838E+01 -4.5595E+01
0000503   3.5627E+02 -1.1286E+02  6.8333E+02
0000504   6.9904E+02  1.9406E+02 -1.2951E+02
0000505   6.0385E+02 -1.5925E+02 -4.0639E+01
0000506   6.6783E+02  2.5606E+02  3.8448E+02
0000507   3.0919E+02  4.1837E+02  1.2126E+02
0000508   4.4718E+02  5.4494E+02 -1.6055E+02
0000509   1.3944E+02  2.6800E+02 -3.1584E+01
0000510   3.9431E+02 -1.1024E+02 -1.4153E+02
0000511   5.7356E+02  2.3218E+02  1.2122E+02
0000512   3.0767E+02  1.2250E+02  6.1604E+01
0000513   5.0566E+02 -2.0130E+02 -2.5765E+02
0000515   2.5254E+01 -1.7262E+02  4.6984E+01
0000516   3.1256E+02  7.0367E+01  5.1330E+01
0000517   5.1912E+02  1.9665E+02  2.7182E+02
0000518   3.2840E+02  2.0255E+02 -4.9634E+02
0000519   2.8720E+02  2.7202E+00  3.8819E+02
0000520   2.9513E+02  8.5872E+01  1.0943E+02
0000521   4.6151E+02 -5.5706E+02  1.1927E+01
0000522   6.2680E+02 -3.4641E+01 -3.2114E+02
0000523   6.0609E+02  3.3094E+02  1.3178E+01
0000524   4.9631E+01 -4.0927E+02 -6.2451E+01
0000525   2.0674E+02  1.9290E+02 -2.3407E+02
0000526   6.9359E+02  3.3324E+02 -4.0202E+01
0000527   5.7085E+02  1.1108E+02 -1.6546E+02
0000528   3.2617E+02 -6.1412E+01 -2.3813E+01
0000530   5.9315E+02  3.4130E+02 -4.4445E+00
0000531   7.5416E+02 -3.1255E+02  2.2210E+02
0000532   2.5836E+02  1.7351E+02 -5.4940E+02
0000533   4.4529E+02 -1.3648E+02  2.7266E+02
0000534   3.9323E+02  8.1638E+01  1.1465E+02
0000535   5.0131E+02  6.9450E+01 -7.8685E+01
0000536   5.1853E+02  2.4534E+01  7.3015E+01
0000537   4.8300E+02 -1.0911E+01 -5.6828E+01
0000538   4.9454E+02 -4.8549E+01 -3.0449E+02
0000539   4.9042E+02  2.7840E+01 -5.5179E+01
0000540   5.3687E+02 -3.4033E+02 -1.2202E+02
0000542   5.0473E+02 -1.5140E+02  5.0826E+01
0000543   5.4670E+02  3.0638E+02  3.7181E+02
0000544   1.6704E+02  1.0907E+02 -4.5507E+01
0000545   3.2554E+02  1.5443E+02  2.2371E+02
0000546   2.9335E+02 -3.6626E+02  3.7271E+02
0000547   3.5288E+02  5.8998E+01  1.2851E+01
0000548   1.6621E+02 -4.4935E+00 -6.4433E+01
0000549   3.7917E+02 -1.9084E+02  2.8107E+02
0000550   5.4996E+02  3.1825E+00 -2.6017E+02
0000552   6.5164E+01  2.7667E+02 -9.5132E+01
0000553   3.5163E+02 -3.6465E+02 -3.8028E+01
0000555   2.3760E+02  9.5703E+01  2.8379E+02
0000556   6.4504E+02  1.0225E+02  9.1862E+01
0000557   4.7838E+02 -2.1089E+02 -1.9615E+02
0000558   3.5697E+02  3.9471E+02  2.7106E+02
0000559   5.0028E+02 -1.7303E+02 -3.5533E+02
0000560   5.7118E+02  2.3054E+02  3.7830E+01
0000561   5.0994E+02 -1.6251E+02 -2.3052E+02
0000562   1.3210E+02  1.3088E+02  7.2662E+01
0000563   5.1319E+02 -1.8636E+02  1.7180E+02
0000564   6.8967E+02 -1.1422E+02 -1.3386E+02
0000565   2.7558E+01  5.1162E+01  6.7072E+01
0000566   5.6340E+01 -1.9613E+02 -1.0724E+02
0000567   5.9010E+02  1.0019E+01  1.1588E+02
0000568   2.8654E+02 -1.2825E+02 -3.1058E+01
0000569   5.1499E+02  3.5771E+01  3.8743E+00
0000570   7.8392E+02  5.9560E+01  7.3307E+01
0000571   1.0040E+03  2.1337E+02  8.0562E+01
0000572   1.9619E+02 -1.4666E+01 -3.0643E+02
0000573   3.7563E+02  1.8618E+02 -3.6767E+02
0000574   5.8408E+02  1.6810E+02  6.2036E-01
0000575   3.3316E+02 -4.8942E+02 -8.5117E+01
0000576   3.0963E+02 -1.9435E+02 -1.5976E+02
0000577   9.2182E+02 -1.7066E+01  2.2555E+01
0000578   5.4689E+01 -1.0872E+02 -5.6436E+01
0000579   1.5542E+02 -3.6491E+01 -1.3408E+02
0000580   4.9358E+02 -1.3638E+02  1.7080E+02
0000581   3.2717E+02 -6.0566E+01 -2.9001E+02
0000582   3.1430E+02 -1.0384E+02 -2.8546E+02
0000583   6.9438E+01  1.0856E+02  1.4775E+01
0000584   4.8946E+02  3.7565E+02 -1.8476E+02
0000585   5.3765E+02 -3.1208E+02  2.4821E+00
0000586   2.5806E+02  1.2994E+02  2.3071E+02
0000587   7.1564E+02  1.8572E+02  2.1398E+02
0000588   8.3767E+01  8.5066E+01 -3.0396E+01
0000589   3.0307E+02 -3.0524E+02 -3.9188E+01
0000590   5.0134E+02 -1.3961E+02 -1.4340E+02
0000591   3.9985E+02  1.9397E+02  1.0182E+02
0000592   3.2693E+02  4.0030E+02  2.5378E+02
0000593   5.0558E+02  6.7501E+01  7.6040E+01
0000594   3.8005E+02 -3.2590E+01  5.7258E+01
0000595   5.9537E+02 -3.7063E+02  2.1902E+02
0000596   5.9946E+02  3.3037E+01 -7.8906E+01
0000597   2.5694E+02  1.8160E+02  1.1277E+02
0000598   1.4450E+01  9.3079E+00  8.8671E+01
0000599   3.6537E+02  2.4578E+01  1.5296E+02
0000600   3.8457E+02 -1.3637E+02  2.8679E+02
0000601   2.2830E+02  2.0796E+02 -1.9431E+01
0000602   6.7139E+01 -2.0733E+02  4.4770E+02
0000603   3.1514E+02  2.4370E+02 -2.0300E+01
0000604   1.3030E+02  1.1056E+01  2.0541E+02
0000605   1.9730E+02 -1.4343E+00  1.6607E+02
0000606   7.6358E+02  1.6505E+02  1.4952E+02
0000607   1.0552E+02 -1.2880E+02  4.7629E+01
0000608   1.5159E+02 -2.5250E+01  3.8075E+02
0000609   1.3901E+02 -1.8638E+02 -3.6088E+02
0000610   4.4945E+02 -1.8699E+02  3.3786E+02
0000611   4.8493E+02  3.0172E+01  1.2596E+02
0000612   3.8763E+02  1.4351E+02  1.2960E+02
0000614   3.4262E+02  1.7366E+02  3.4598E+02
0000615   3.2494E+00  2.6975E+02 -1.1377E+01
0000616   5.6364E+02  2.9336E+02 -1.7204E+02
0000617   4.2406E+02 -1.0861E+02 -6.4951E+01
0000618   2.2664E+02  2.2988E+01 -1.3328E+01
0000620   7.4283E+02 -2.3150E+02  2.0035E+02
0000621   3.6186E+02 -1.0641E+02 -1.6316E+02
0000622   7.3820E+01 -2.1243E+02 -1.1572E+02
0000623   1.8294E+02  9.4470E+01 -1.0300E+02
0000624   5.4843E+01 -2.1651E+02 -2.6782E+02
0000625   5.9018E+02 -1.6619E+02  6.1564E+01
0000626   7.6818E+01 -2.4481E+02 -1.3244E+02
0000627   4.6218E+01 -5.9046E+01  1.6526E+02
0000628   5.8954E+02  2.6944E+02  6.0539E+01
0000630   3.7037E+02  3.5520E+02 -2.4406E+02
0000631   1.7447E+02  1.4326E+02 -1.2024E+02
0000632   2.2090E+02 -3.2360E+01 -1.3232E+02
0000633   2.2830E+02  2.6711E+02  3.5498E+01
0000634   6.4616E+02  4.0789E+02 -5.6383E+00
0000635   3.9171E+02  3.2731E+02 -3.9336E+02
0000636   2.3775E+02  2.6612E+02 -1.4750E+02
0000637   3.1611E+02 -2.3613E+02 -8.3468E+01
0000638   2.1937E+02 -5.2718E+01  1.5404E+02
0000639   5.3307E+01  6.3664E+01 -2.3920E+01
0000641   3.7644E+02 -4.1188E+02  1.2848E+01
0000643   5.5441E+02 -6.1009E+02  1.8944E+02
0000644   6.0702E+02 -3.1093E+02 -4.4235E+01
0000645   4.8402E+02  1.0741E+02  4.0325E+02
0000646   3.0217E+01 -3.7362E+02 -4.3605E+02
0000648   1.9527E+02 -9.4961E+01  1.0936E+01
0000649   1.7493E+02 -2.5266E+01  8.5423E+01
0000650   6.0949E+02  3.0768E+01 -1.3452E+02
0000651   4.9895E+02  2.0651E+02 -4.0897E+02
0000652   4.8271E+02  9.3326E+01 -4.6404E+02
0000653   5.0752E+01 -2.8305E+02  4.6328E+02
0000654   6.2943E+02 -9.1646E+01 -2.6716E+02
0000655   8.8119E+01 -2.6777E+01  3.0476E+02
0000656   1.2672E+02  9.5467E+01 -4.2447E+02
0000657   6.8116E+02  1.7786E+02 -2.0509E+02
0000658   3.4782E+02 -2.2390E+02 -6.6302E+01
0000659   6.2340E+02  8.4072E+01  1.9207E+02
0000660   5.0055E+02 -1.9052E+02  7.8743E+01
0000661   5.5031E+02 -2.1463E+02  1.9153E+01
0000662   3.0870E+02  9.9732E+01  3.8635E+02
0000663   7.8574E+02  1.8976E+02 -1.7116E+02
0000664   4.6190E+02 -1.3772E+02  2.4604E+02
0000665   7.8270E+01 -4.2443E+01  3.8739E+02
0000666   6.1392E+02 -3.2178E+02  2.9338E+02
0000667   1.2634E+02 -1.4526E+01  4.1910E+02
0000668   1.3130E+02  4.8886E+01  7.4849E+01
0000669   4.2230E+02  2.3742E+02  7.4895E+01
0000670   4.9604E+02 -1.9107E+02  1.1280E+02
0000671   4.1931E+02  1.0364E+01  3.6701E+02
0000672   4.4473E+02  1.6645E+02 -9.9654E+01
0000673   5.6846E+02 -7.1766E+01  2.8243E+01
0000674   6.7584E+02 -1.4297E+02 -2.0151E+02
0000675   2.4139E+02 -3.3829E+02 -1.4721E+02
0000676   4.9444E+02 -2.0613E+02  9.0479E+01
0000677   3.7832E+02 -5.0853E+01  3.3727E+01
0000678   5.4555E+02 -2.7776E+02 -2.5987E+02
0000679   5.4763E+02  8.3557E+01  8.5634E+01
0000680   4.6909E+02 -2.6704E+02 -8.1563E+01
0000681   9.1323E+01  1.4866E+02  5.7384E+01
0000682   2.1858E+02 -3.1263E+02 -2.1503E+02
0000683   2.3314E+02  2.2744E+01 -1.0525E+02
0000684   1.4405E+02 -3.0198E+02  4.8501E+01
0000686   7.3391E+02 -1.9824E+02  1.1957E+02
0000687   1.8351E+02 -6.8759E+01 -1.6648E+02
0000688   1.3097E+02  7.5138E+01  2.3364E+02
0000689   2.7980E+02 -1.4800E+02  1.2755E+02
0000690   3.5901E+02 -1.3115E+02  1.8125E+02
0000691   6.5196E+02  2.2269E+02 -2.4249E+02
0000692   1.6681E+02  9.9054E+00  1.4902E+02
0000693   4.0883E+02 -8.0143E+01 -2.6534E+02
0000694   2.8947E+02  2.9760E+02  1.1942E+02
0000695   5.2826E+02  2.5026E+02  6.7486E+01
0000696   2.6554E+02 -8.9284E+01 -4.0429E+02
0000697   6.6348E+02 -5.2146E+01  1.8852E+01
0000698   3.8876E+02  2.8619E+02 -7.1852E+01
0000699   6.4857E+02 -1.2277E+02  2.6959E+02
0000700   5.3518E+02 -1.0971E+02  3.5148E+01
0000701   6.0133E+02 -7.0115E+01 -1.7583E+02
0000702   4.4809E+02  4.3907E+02 -2.3640E+02
0000703   4.6848E+02 -1.3265E+01 -1.1618E+01
0000705   6.7940E+02  4.7605E+02 -1.2739E+02
0000706   3.8804E+02 -1.7118E+01  1.2778E+02
0000707   4.1563E+02 -1.0526E+02  2.4599E+02
0000708   2.3172E+02  5.6014E+02 -1.0712E+02
0000710   4.1967E+01 -7.4715E+01 -1.2665E+02
0000711   7.4579E+01  4.8768E+00 -4.2781E-01
0000712   5.9234E+02  2.4598E+02  3.2495E+02
0000713   3.4467E+02 -3.7775E+02  5.6402E+01
0000714   3.9760E+02 -1.0835E+02 -6.7823E+01
0000715   2.7586E+02 -6.5650E+01 -3.9775E+02
0000716   3.1834E+02  5.9780E+01  3.1889E+01
0000717   3.4505E+02  2.4046E+02  3.7845E+02
0000718   5.1720E+02  1.5865E+02 -1.8257E+02
0000719   4.6360E+02 -1.3323E+02  5.7319E+01
0000720   3.4071E+02  3.9436E+02  1.0919E+02
0000721   5.2849E+02 -3.6356E+02  1.0874E+01
0000722   4.4615E+02 -2.2506E+01  2.9480E+02
0000724   2.5994E+02  1.4324E+02  4.5330E+01
0000725   2.2603E+02  8.8341E+01  8.4247E+01
0000726   4.9670E+02 -3.9121E+01 -2.3716E+02
0000727   4.9851E+02  4.8907E+02  2.7030E+01
0000728   4.8896E+02 -6.1497E+00  1.0139E+02
0000729   5.4611E+02 -1.6699E+02  1.5079E+02
0000730   4.4813E+02  9.8301E+01 -6.7461E+02
0000731   4.4270E+02  1.6190E+02  4.8143E+01
0000732   7.9602E+01  6.8227E+01  2.9424E+02
0000733   2.1132E+02 -7.4603E+01  2.7266E+02
0000734   2.6415E+02  5.3026E+01  2.5416E+01
0000735   5.8277E+02  3.0573E+02 -1.1377E+01
0000737   5.0116E+02  4.4984E+02  1.3265E+02
0000738   6.1811E+02  6.6030E+01  1.0883E+02
0000739   4.0289E+02 -4.1686E+02 -3.1686E+02
0000740   2.6181E+02  1.2835E+02  1.5686E+02
0000741   2.8269E+02 -4.0981E+02  4.1385E+02
0000742   5.7022E+01 -6.8398E+00 -3.2404E+01
0000744   6.1013E+02  1.7425E+02 -5.3057E+02
0000745   8.1945E+02 -7.8475E+01 -3.1454E+02
0000746   5.2041E+02 -1.7020E+02 -1.1737E+02
0000747   4.7403E+02  2.4179E+02 -1.8940E+02
0000748   5.4399E+02 -3.2390E+02  1.2366E+02
0000749   3.6993E+02 -4.5288E+01  2.1701E+02
0000750   3.5363E+02 -1.8885E+02 -2.0226E+02
0000751   2.2846E+02 -1.5284E+02  1.1930E+02
0000752   5.9770E+02 -4.0847E+02  1.6919E+02
0000753   2.8769E+02 -1.5411E+02  1.4947E+02
0000754   6.0853E+02 -2.6343E+02 -1.9840E+02
0000755   4.2832E+02  7.2581E+01  1.8563E+02
0000756   6.5649E+02 -2.7484E+02 -2.2525E+02
0000757   4.7834E+02  1.1809E+02  5.8122E+01
0000758   6.6908E+02  3.2943E+02  2.8654E+02
0000759   6.5645E+02  1.6041E+02 -2.9415E+02
0000760   6.9800E+02 -3.2152E+02 -2.1889E+02
0000761   2.0044E+02 -3.2430E+02  5.7351E+01
0000762   5.8061E+02 -8.6218E+01  2.3090E+02
0000763   4.0736E+02 -2.9211E+02 -7.6929E+01
0000765   2.3971E+02  4.5091E+02 -2.1028E+02
0000766   3.5417E+02  1.1148E+02  3.0870E+01
0000767   7.8699E+02  1.3992E+02  9.8977E+00
0000768   6.3132E+02  2.6790E+02 -1.5612E+02
0000769   1.8379E+02 -3.7668E+02 -1.6104E+02
0000770   6.6735E+02  8.0725E+01  3.4740E+01
0000771   3.7378E+02  4.0040E+01  3.6375E+02
0000772   6.9237E+02 -9.2477E+00 -1.9715E+01
0000773   7.6924E+02 -5.1627E+01  6.7860E+01
0000774   5.5875E+02 -2.5900E-01  1.6526E+02
0000775   5.4463E+02 -1.0932E+02  2.4817E+01
0000776   4.2416E+02  1.7087E+02  1.9989E+02
0000777   4.2527E+02 -2.6331E+02 -2.4795E+02
0000778   1.8272E+02  7.2985E+01 -2.0017E+01
0000779   6.7191E+02  1.0786E+02  1.0897E+02
0000780   5.9677E+02 -4.4046E+02  1.6605E+02
0000781   5.5986E+02 -8.6914E+01 -2.5217E+02
0000782   3.8434E+02 -1.1305E+02 -1.5013E+02
0000783   5.1082E+02 -7.1237E+01  2.8768E+02
0000784   2.3776E+02  1.9930E+02 -3.7352E+02
0000785   6.4735E+02 -1.1253E+02 -1.1698E+02
0000786   2.0368E+02 -1.1626E+02  5.2749E+01
0000787   4.5494E+02 -8.8842E+01 -4.2458E+01
0000788   3.7003E+02  6.5801E+01 -1.5777E+02
0000789   7.0648E+02 -2.1845E+02 -2.9533E+02
0000790   4.3711E+02 -8.1999E+01  7.5952E+01
0000791   4.8950E+02 -1.5335E+02  1.9080E+02
0000792   5.5131E+02 -9.4710E+01 -2.1251E+02
0000794   7.9099E+02 -1.0405E+02 -1.0962E+02
0000795   1.6209E+02  2.4080E+02  3.8116E+02
0000796   7.7083E+02  2.3066E+02 -6.7312E+01
0000797   6.0065E+02 -3.6670E+00 -7.0090E+01
0000798   3.1120E+02  5.3566E+01  9.5254E+00
0000799   1.8525E+02  1.6259E+02 -8.6565E+01
0000800   3.7032E+02  2.1437E+02  2.1896E+02
0000801   5.1721E+02 -2.2582E+02 -5.0218E+01
0000802   2.6239E+02 -2.4795E+01 -6.2502E+01
0000803   2.5308E+02 -1.9192E+01 -7.7606E+01
0000804   7.8496E+02 -3.3509E+01  1.0280E+02
0000805   4.6885E+02 -1.2392E+01 -1.4546E+02
0000806   7.6481E+01 -1.4297E+02 -1.2687E+02
0000807   6.5347E+02 -6.2361E+01 -1.6153E+02
0000808   2.2965E+02  3.1374E+02  7.2505E+01
0000809   2.3443E+02 -7.2405E+01  7.7095E+01
0000810   5.8925E+02 -5.8423E+01  1.5777E+02
0000811   3.9127E+02  2.1825E+02  1.3765E+02
0000813   6.8565E+02 -3.0523E+01 -1.8475E+02
0000814   3.5424E+02 -1.1285E+02  1.1916E+02
0000815   4.4207E+02  9.1471E+01  1.4932E+02
0000816   2.0711E+02 -4.5440E+02 -1.4140E+02
0000817   6.3090E+02  1.8203E+02 -7.1238E+01
0000818   3.8232E+02  8.5015E+01 -2.9340E+02
0000819   3.4978E+02  1.6471E+02 -2.9874E+02
0000820   3.9538E+02 -8.1310E+01  1.8646E+02
0000821   2.4806E+02  3.5107E+02 -3.5140E+01
0000822   4.3366E+02  1.1855E+02 -2.4220E+02
0000823   1.8418E+02  3.6259E+02  3.4707E+02
0000824   1.4823E+02  2.6785E+01 -2.0127E+02
0000825   2.7938E+02 -2.0255E+02  7.9338E+00
0000826   6.4638E+02  1.0282E+02 -2.6844E+02
0000827   1.8315E+02 -1.2914E+02  4.2172E+02
0000828   7.4019E+02 -3.8225E+02  3.5595E+02
0000829   3.7556E+02  4.6824E+02  8.0152E+01
0000830   5.3609E+02 -1.1845E+01  1.7608E+02
0000831   4.1869E+02 -3.3390E+00 -2.1079E+02
0000832   4.8262E+02  3.3256E+01 -4.2585E+02
0000833   7.0550E+02  8.6257E+01  3.1483E+02
0000834   4.2896E+02  7.5113E+01  3.9218E+02
0000835   1.8134E+02  5.0532E+01 -6.2807E+01
0000836   6.4017E+02  2.1533E+02 -4.9973E+01
0000837   4.4276E+02  1.6094E+02 -1.1203E+02
0000838   3.7287E+02  2.0860E+02  1.5875E+02
0000839   1.2812E+02 -3.7001E+02  6.5930E+01
0000840   1.6913E+02 -1.5595E+02 -6.6989E+00
0000841   7.3773E+02 -3.9980E+01 -9.0256E+00
0000842   3.1133E+02  3.6933E+01 -1.1042E+02
0000843   5.5891E+02  1.0096E+02 -2.0144E+02
0000844   4.6864E+02  4.1448E+02  2.5809E+02
0000846   1.4209E+02 -6.1817E+01 -1.7618E+02
0000847   3.3090E+02  1.8998E+02  4.6494E+02
0000848   7.9270E+01 -3.2993E+02 -3.5560E+02
0000849   2.3730E+02  1.6436E+02  2.7716E+02
0000850   3.1993E+02  2.1549E+02  1.6103E+02
0000851   7.3157E+02 -2.5342E+02 -6.1130E+01
0000852   3.3521E+02 -4.4048E+02 -1.3206E+02
0000853   3.3684E+02  1.1085E+02 -6.5162E+00
0000854   3.4829E+02  1.0098E+02 -2.8170E+01
0000855   5.6661E+02 -6.9962E+01  1.9070E+02
0000856   1.8291E+02 -2.7537E+01  1.3492E+02
0000858   2.6080E+02  9.5614E+01 -1.7937E+00
0000859   2.7804E+02  4.9093E+02  1.8028E+02
0000860   2.1773E+02  8.5080E+01 -2.8482E+02
0000861   2.7792E+02 -4.0501E+02 -8.2908E+01
0000862   4.2441E+02 -7.1543E+02 -9.9051E+01
0000863   3.9788E+02 -4.5534E+02 -4.8423E+02
0000864   3.3070E+02  5.1663E+01 -7.0124E+01
0000865   5.0836E+02 -1.0326E+02  1.1116E+02
0000866   3.0158E+02  1.2301E+02  4.6798E+02
0000867   6.1668E+02 -7.6724E+01 -1.7272E+02
0000868   5.3633E+02  1.7406E+02 -3.1301E+02
0000869   2.6230E+02 -1.7724E+02  2.0259E+02
0000870   1.8764E+02  4.5947E+00  8.3672E+00
0000871   6.9528E+02  1.6630E+02  2.6778E+02
0000872   1.2612E+02  4.1573E+01  5.7774E+01
0000875   9.2362E+02 -1.5978E+02 -2.9340E+02
0000876   3.4789E+02  3.6520E+02 -6.4937E+01
0000877   2.5670E+02 -3.2746E+02  2.2452E+02
0000879   2.8977E+02 -4.1482E+02 -1.4815E+02
0000880   7.7264E+02  6.0765E+01  2.9022E+02
0000881   3.5332E+02  3.9717E+02  1.6307E+02
0000882   4.4373E+02 -1.2659E+02  2.9756E+02
0000883   7.6226E+02 -5.8404E+01 -2.1404E+02
0000884   1.7002E+02 -5.2570E+01  2.3725E+02
0000885   7.2908E+02  4.9074E+01  2.0134E+02
0000886   5.5574E+02 -4.8115E+02 -2.5897E+02
0000887   7.0968E+02 -1.8337E+02  1.9983E+02
0000888   4.5661E+02 -1.1786E+02  5.9205E+01
0000890   3.3172E+02 -1.1727E+02  3.2876E+02
0000891   1.9907E+02  3.3684E+01  1.2231E+02
0000892   4.6320E+02  1.1357E+02 -6.5204E+01
0000893   7.6114E+01  3.0197E+02 -2.4755E+02
0000894   5.2123E+02 -2.2254E+02  5.7117E+01
0000895   5.3743E+02 -6.2576E+01  1.4355E+01
0000896   1.5400E+02  1.1103E+02 -2.1485E+02
0000897   3.5806E+01 -4.3628E+02 -7.8137E+00
0000898   6.7054E+02  7.8367E+01 -2.4927E+02
0000899   2.0283E+02 -1.4332E+02  2.5123E+02
0000900   8.8496E+02 -4.9223E+01  5.2539E+01
0000901   6.1256E+02 -2.1048E+02 -1.8509E+02
0000902   4.3202E+02  7.5639E+01  2.3731E+01
0000903   3.6355E+02 -7.3959E+01  6.0457E+01
0000904   6.8411E+02 -3.5030E+01  3.6064E+01
0000905   7.4730E+02 -4.2796E+01 -7.2402E+01
0000906   6.8586E+02 -8.8762E+01 -2.9032E+02
0000907   7.3902E+02 -2.1691E+02 -5.9860E+01
0000908   2.8279E+02  3.0314E+01  9.9296E+01
0000909   6.2358E+02  2.3050E+02 -4.3200E+02
0000910   4.6659E+02 -7.2472E+01  3.6194E+02
0000911   4.3255E+02 -1.1206E+02 -1.8899E+02
0000912   3.3107E+02 -3.4117E+02  4.9042E+02
0000913   3.3312E+02 -1.3519E+02  4.9402E+01
0000914   6.2442E+02  1.6233E+02  1.5726E+02
0000915   3.8593E+02 -4.5807E+02 -1.0005E+02
0000916   7.4219E+02 -2.2686E+02  3.0816E+02
0000917   3.6635E+02  5.3671E+01  1.0819E+02
0000918   9.1305E+02  8.8097E+01  1.1069E+02
0000919   2.8262E+02 -8.4630E+00  1.1699E+02
0000920   2.7464E+02  1.0560E+02  9.5481E+01
0000921   2.6507E+02 -2.4482E+02 -1.0349E+02
0000922   9.9246E+01  1.5339E+02  1.3993E+02
0000924   4.1549E+01  2.9721E+02  6.4955E+01
0000925   6.2128E+02 -1.9755E+01  6.0247E+01
0000926   1.5241E+02 -2.0714E+02  1.6306E+02
0000927   3.1199E+02 -2.3934E+02  1.3451E+02
0000928   8.9526E+01 -4.2542E+02  3.2733E+02
0000929   1.1325E+02 -7.0615E+00  2.1604E+01
0000930   5.9675E+02  1.1601E+02  8.7915E+01
0000931   5.0393E+02 -1.9626E+01  7.6120E+01
0000932   5.1452E+02  1.0399E+02 -2.4069E+02
0000933   4.3555E+02  4.3975E+02  2.2891E+02
0000934   1.1713E+02  2.0626E+02  1.1116E+02
0000935   7.0556E+02  1.3805E+02  4.3669E+01
0000936   5.6832E+02 -4.2619E+02  8.3088E+00
0000937   7.2215E+01  2.6385E+01  3.8486E+01
0000938   1.3809E+02 -2.4024E+02  3.9082E+02
0000939   2.5911E+02  2.2903E+02 -2.2462E+02
0000940   4.8001E+02  1.9031E+02 -1.8379E+02
0000941   2.2988E+02  1.7762E+02 -2.7215E+01
0000942   1.1101E+02 -4.7471E+02  6.6599E+00
0000943   4.7172E+02 -2.3872E+02  2.4740E+02
0000944   4.4629E+02  2.2210E+02 -1.7221E+02
0000945   3.5673E+02  1.6350E+02  2.0901E+02
0000947   5.1214E+02  1.8656E+01  2.1841E+02
0000948   4.4149E+02 -3.8467E+00 -2.7478E+02
0000949   2.6984E+02 -2.0534E+02  2.6018E+01
0000950   6.6969E+02  1.5372E+02  3.4032E+02
0000951   4.2422E+02  1.6481E+02 -2.0609E+02
0000952   7.3744E+01 -4.0976E+02  5.3926E+01
0000953   3.0472E+02  1.7347E+02 -2.1246E+02
0000954   5.9416E+02  9.7853E+01 -4.0327E+01
0000955   1.4306E+02 -3.4092E+02  3.6793E+02
0000956   5.0210E+02  4.3381E+01 -1.4075E+02
0000957   2.3545E+02  4.3518E+02  8.8678E+01
0000958   8.2848E+02 -6.3948E+00 -3.3455E+02
0000959   5.4482E+02  1.1954E+02  1.0836E+02
0000960   4.9649E+02 -9.2216E+01  1.0224E+02
0000961   5.3799E+02  1.5214E+01 -9.9878E+01
0000963   6.8372E+01  2.9251E+01  2.1347E+02
0000964   2.8067E+02  7.6839E+01  3.4887E+02
0000965   2.0235E+02 -1.0314E+02  2.2584E+02
0000966   6.6837E+02 -2.0558E+01 -1.4845E+02
0000967   3.3392E+02 -1.6194E+01  1.7247E+02
0000968   5.1168E+02  4.9496E+01 -2.2568E+02
0000969   3.0573E+02 -1.8061E+01 -1.7568E+01
0000970   3.5829E+02  2.0166E+02 -2.0126E+00
0000971   1.1046E+02 -1.7445E+02 -1.0223E+02
0000972   3.6844E+02  4.5241E+02 -1.8521E+00
0000973   6.4878E+02  1.9356E+02 -1.4675E+02
0000974   5.2377E+02 -2.5782E+02  9.8062E+00
0000975   2.4485E+02 -7.4089E+01 -1.1724E+02
0000976   2.6479E+01 -2.5334E+01 -8.2949E+01
0000977   3.8962E+02 -4.2839E+02 -1.1540E+02
0000978   7.3143E+02  2.1806E+02 -6.5315E+01
0000979   1.3000E+02  9.2840E+01  1.3218E+02
0000980   2.3924E+02 -1.5090E+02 -2.0589E+02
0000981   4.2664E+02  3.7682E+02  6.4310E+01
0000983   1.6066E+02 -4.1031E+01 -6.8541E+01
0000984   4.2381E+02 -1.3866E+02  1.4904E+02
0000985   1.4184E+02 -6.1786E+01 -1.6506E+01
0000986   9.9866E+00 -1.5441E+02  1.1056E+02
0000987   5.1514E+01 -2.5368E+02 -5.6109E+02
0000988   2.5202E+02 -1.6710E+02  5.8506E+01
0000989   4.3036E+02 -3.2256E+02 -1.7016E+01
0000990   3.7540E+02 -1.0939E+02  2.8376E+02
0000991   2.9096E+02  1.6413E+01 -1.9730E+02
0000992   1.9421E+02  2.0090E+02  2.4057E+02
0000993   2.9011E+02  7.9301E+01  2.9853E+02
0000994   4.6057E+02 -1.4454E+02 -2.3573E+02
0000995   6.6687E+02  1.4747E+02 -5.6733E+01
0000996   4.5641E+02  3.1407E+02  1.2358E+02
0000997   5.0447E+02 -1.6202E+02 -4.1778E+01
0000998   1.8482E+02  2.6264E+01 -2.7347E+02
0000999   4.1779E+02  7.4253E+02 -1.8577E+02
0001000   1.0388E+02 -1.0570E+02 -9.9369E+01
