============================== SRIM-2013.00 ==============================
==============================================================================
====== SRIM Outputs\RANGE_3D.txt : File of Final Ion Positions =====

Ion =  F (09)   Ion Mass= 018.9984
Energy  = 2000000.E-05 keV
Ion Angle to Surface = 00.0 degrees
==================== TARGET =======================
  Layer # 1 - None
  Layer # 1 - Bottom Depth=500000.E-01 A
  Layer # 1 - Density =0007.8700 g/cm3
  Layer # 1 -  100 % of Fe
様様様様様様様様様様様様様様様様様様様様様様様様様様
                                            
Ion       Depth  X   Lateral Y   Lateral Z  
Number    (Angstrom) (Angstrom)  (Angstrom) 
-------  ----------- ----------- -----------
0000001   2.3330E+02  3.9565E+01  2.3779E+01
0000002   1.0434E+02  2.0243E+02  1.0426E+02
0000003   6.1492E+01  1.4858E+02  4.6227E+01
0000004   1.6085E+02  2.3025E+01 -2.2728E+01
0000005   2.9314E+02  1.0119E+02 -4.2439E+00
0000006   2.8203E+02  1.4107E+02 -1.3064E+02
0000007   9.0619E+01 -6.7163E+01 -9.7062E+01
0000008   3.5825E+02  6.1279E+01 -2.9720E+02
0000009   2.8972E+02  2.7220E+01  1.2743E+02
0000010   1.2034E+02  3.7656E+01  1.8373E+02
0000011   1.7627E+02  2.6725E+02  1.0881E+02
0000012   1.5501E+02  5.3604E+01  1.1467E+02
0000013   1.3932E+02  1.2906E+02 -1.1338E+02
0000014   3.8019E+01  7.7918E+01  7.9087E+01
0000015   2.0359E+02 -1.6956E+02 -1.5694E+02
0000016   9.2521E+01  1.5245E+01 -3.7978E+01
0000017   2.7290E+02 -1.0172E+02 -1.1208E+02
0000018   2.5052E+02  8.7419E+01 -1.4364E+02
0000019   2.2075E+02  1.4957E+02 -2.1351E+02
0000020   2.1107E+02  2.6350E+01  2.5717E+02
0000021   2.4589E+02  9.6027E+01 -2.8902E+01
0000022   3.4572E+02  2.7559E+02  4.0440E+01
0000024   8.5162E+01 -4.2829E+01  7.4183E+01
0000025   1.6276E+02 -1.7348E+00 -1.7100E+02
0000026   1.8981E+02  2.1390E+02  2.6335E+01
0000027   4.9589E+01  2.6691E+01  4.4127E+01
0000028   2.4354E+02 -8.3273E+01  1.1919E+02
0000029   1.4066E+02  2.8778E+02 -1.5763E+02
0000030   1.7356E+02  9.6864E+01  1.3254E+02
0000031   7.5318E+01 -1.4713E+02  2.1729E+00
0000032   2.0526E+02 -6.7998E+01  3.8838E+00
0000033   3.4504E+02  1.6261E+02  6.7495E+00
0000034   5.2601E+02  3.7288E+01  6.1788E+01
0000035   6.6765E+01 -1.9678E+02 -1.6387E+02
0000036   3.5891E+02 -4.4820E+01  9.8136E+01
0000037   2.8759E+02  3.1719E+02 -1.6686E+02
0000039   2.1515E+02  2.8183E+02  1.5190E+01
0000040   3.4215E+02  1.0327E+02 -4.5599E+01
0000041   2.6562E+02 -1.9209E+02  1.8245E+02
0000042   3.0506E+02 -1.1411E+01 -1.7795E+02
0000043   2.3448E+02 -1.7355E+01 -8.6126E+01
0000044   2.2560E+02  1.1115E+02  6.9713E+01
0000045   2.3543E+02  8.2724E+01  2.3847E+02
0000046   2.7524E+02  1.8574E+02  4.8901E+01
0000047   8.8646E+01  1.1229E+02  5.3498E+01
0000048   1.0536E+02  8.4767E+01  4.9718E+01
0000049   1.9627E+02  6.1523E+01  2.7556E+01
0000050   1.4629E+02 -1.4600E+02  6.8348E+01
0000051   2.0315E+02  9.9851E+01 -1.2105E+01
0000052   4.4960E+02  8.7278E+01 -4.2388E+01
0000053   3.3596E+02  9.7641E+01  1.3115E+02
0000054   1.3422E+02  3.0947E+01  4.7498E+01
0000055   1.0769E+02  7.1270E+01  1.1981E+01
0000056   4.7074E+01 -4.3421E+01  2.0431E+00
0000057   1.0183E+02 -1.8480E+02 -1.9778E+01
0000058   8.3762E+01  9.3325E+01  1.1296E+02
0000059   4.1240E+02 -3.3335E+01  1.6716E+02
0000060   6.0676E+00  4.8593E+01  7.6794E+01
0000061   4.1528E+02 -8.6494E+01  1.3048E+02
0000062   1.1286E+02 -3.9584E+01 -1.2352E+02
0000063   2.5810E+02 -9.2472E+01  6.4498E+01
0000064   2.2025E+02  1.9549E+02  2.5397E+01
0000065   2.6646E+02  4.6749E+01  7.7635E+00
0000067   4.4628E+02  1.1960E+02  1.7850E+02
0000068   4.1531E+02 -9.4303E+01  8.1837E-01
0000069   1.7985E+02 -1.2622E+02  3.9203E+01
0000070   1.6873E+02  1.7525E+01  1.6827E+02
0000071   1.8962E+02 -1.0254E+02  1.9439E+02
0000072   2.1011E+02  3.6633E+00  1.5149E+02
0000073   1.8652E+02 -4.9394E+01  1.2693E+02
0000074   2.3354E+02 -4.1754E+00 -3.3270E+02
0000075   2.4024E+02  6.6860E+01 -1.1963E+00
0000076   1.3537E+02 -1.2895E+02  1.3498E+02
0000077   3.2987E+02  6.1963E+01 -1.2913E+02
0000078   3.7146E+02 -3.3504E+01 -5.8950E+01
0000079   4.7775E+01  4.4440E+01  1.2284E+02
0000080   3.9577E+02 -3.9006E+01 -7.8181E+01
0000081   4.2896E+02 -1.2854E+02  1.3127E+02
0000082   3.1436E+02 -3.5618E+02 -1.5205E+02
0000083   2.5021E+02 -6.7871E+01 -3.5421E+01
0000084   1.5256E+02  1.8396E+02  3.0790E+00
0000085   3.4214E+02 -1.6249E+02 -2.9305E+01
0000086   2.3585E+02  1.0696E+02 -1.1005E+02
0000087   3.0651E+02  1.6502E+01 -1.6745E+02
0000088   4.0043E+02  1.4205E+02  1.8165E+01
0000089   8.3282E+01 -8.6551E+01 -1.0160E+02
0000090   4.4029E+02  1.5468E+02 -1.0272E+02
0000091   3.3941E+02  1.2471E+02  2.0465E+01
0000092   3.7962E+02 -1.8958E+01  1.0331E+02
0000093   3.1421E+02  1.2759E+02  1.3046E+02
0000094   1.9622E+02  7.6670E-01  4.9672E+01
0000095   1.5818E+02 -1.3907E+02 -1.0317E+01
0000096   1.1926E+02 -1.8699E+02  3.2971E+01
0000097   3.9289E+01  2.0935E+01 -1.0076E+02
0000098   2.2677E+02 -2.1802E+02  1.6860E+02
0000099   1.0315E+02 -3.8066E+01 -5.7506E+01
0000101   2.6339E+02 -2.3488E+01 -8.5405E+01
0000102   1.9068E+02 -5.9136E+01 -6.4856E+01
0000103   2.1333E+02 -8.3934E+01  1.0897E+02
0000104   3.3216E+02  1.9561E+01  4.2758E+01
0000105   2.1116E+02 -6.2183E+01  7.8777E+01
0000106   2.2055E+02  4.8005E+01  1.7599E+02
0000107   2.7350E+02  3.3916E+01  1.2051E+02
0000108   2.7221E+02  1.8368E+02 -1.1535E+02
0000109   8.9798E+01 -2.2636E+02 -2.5520E+02
0000110   1.6158E+02  5.8380E+01 -6.5430E+01
0000111   1.9784E+02 -6.1865E+01  7.4105E+01
0000112   2.5864E+02 -7.3252E+01 -7.4614E+01
0000113   3.6654E+02  1.6575E+02  1.3087E+01
0000114   1.9387E+02  1.7962E+01 -2.1757E+02
0000115   2.3762E+02 -1.7710E+02 -3.4489E+01
0000116   9.7563E+00 -1.2253E+02 -1.7318E+02
0000117   7.7682E+01 -3.7235E+01  2.1837E+02
0000119   1.2921E+02  8.0620E+01  3.0863E+01
0000120   2.9709E+02 -3.5634E+02 -1.5666E+02
0000121   2.7998E+02  2.2994E+02 -1.8532E+02
0000122   3.7531E+02  5.0622E+01  4.4766E+01
0000123   1.3021E+02  2.7386E+01  2.2941E+02
0000124   2.0527E+02 -9.4446E+01 -1.3394E+02
0000125   1.3270E+02  5.4038E+01  2.5656E+02
0000126   1.8958E+02  1.5184E+02 -2.0097E+02
0000127   7.5500E+00 -3.1286E+01  1.8942E+01
0000128   3.1328E+02  6.2161E+00  5.9457E+01
0000129   2.3473E+02 -3.7241E+01 -3.8582E+02
0000130   8.6622E+01  2.4468E+02  9.7873E+01
0000131   1.4471E+01  1.4168E+02  2.5845E+02
0000132   5.8958E+01  5.0257E+00 -5.6943E+00
0000133   3.6482E+01 -1.2507E+02 -1.6886E+02
0000134   1.8770E+02 -2.8967E+01  1.3900E+01
0000135   4.3702E+02 -1.2690E+02 -6.4283E+01
0000136   2.4220E+02  1.8577E+02 -9.0106E+01
0000137   2.2724E+02  1.5932E+02  2.2628E+01
0000138   3.5047E+02 -1.4414E+02 -1.2327E+02
0000139   1.7354E+02 -6.3388E+01 -5.8277E+00
0000140   3.5550E+02  1.6624E+02  6.1793E+01
0000141   2.6855E+02  1.8010E+02 -1.2022E+02
0000142   1.1667E+02 -1.8629E+02 -5.8235E+01
0000143   8.4727E+01  6.6683E+01 -1.9333E+02
0000144   1.5249E+02  5.6891E+01 -1.5384E+02
0000145   1.0214E+02  6.9812E+01 -1.6256E+02
0000146   3.0815E+02  1.3239E+01 -1.1334E-01
0000147   1.6196E+02  1.1740E+02  7.7386E+01
0000148   3.0581E+02  7.1818E+01 -2.0473E+02
0000149   1.0893E+02  1.6013E+02  7.6192E+01
0000150   2.3860E+02 -9.8530E+01 -1.4228E+01
0000151   1.3699E+02  4.6367E+00  1.1495E+01
0000152   2.8912E+02 -5.5564E+01  4.2462E+01
0000153   1.5409E+02  1.7607E+01  1.7623E+02
0000154   5.2565E+02 -4.3787E+01  1.0569E+02
0000155   2.0381E+02  1.7103E+01 -1.2586E+02
0000157   3.1514E+02  7.6531E+01 -9.2651E+00
0000158   1.7460E+02  1.1441E+02  2.7988E+02
0000159   5.3176E+00 -5.6865E+01  6.2584E+01
0000160   3.2361E+02  2.0527E+01  9.5374E+01
0000161   2.1156E+02  1.5126E+02 -5.9134E+01
0000162   2.7529E+00  6.1261E+01  7.3828E+01
0000163   2.1457E+02 -4.6715E+00 -2.0543E+02
0000164   2.7183E+02 -1.3731E+01  3.0101E+01
0000165   2.3443E+02 -2.3861E+02  7.8286E+01
0000166   1.1252E+02  8.6750E+01  1.4751E+01
0000168   1.8047E+02 -1.3273E+02 -3.9620E+01
0000169   1.1562E+02 -1.6404E+02 -6.0426E+01
0000170   1.1612E+02  2.4474E+01 -1.3639E+02
0000171   1.6634E+02 -1.8148E+01  8.1340E+01
0000172   2.1541E+02 -6.8976E+01  4.0799E+01
0000173   8.4135E+01  3.2338E+01  5.2340E+01
0000174   2.7684E+02  1.7280E+02 -1.6295E+02
0000175   4.5850E+01 -1.4839E+02 -2.9763E+01
0000176   2.1726E+02  4.4477E-01  2.0537E+02
0000177   3.1811E+02 -8.2744E+01 -5.4635E+01
0000178   2.3056E+02 -1.0543E+02  6.5446E+01
0000179   4.5433E+02 -2.5665E+02 -1.6857E+02
0000180   1.9189E+02 -1.9652E+01  4.5206E+01
0000181   9.4087E+01  1.5549E+02  7.5245E+01
0000182   2.4877E+02  5.6438E+01  7.1136E+01
0000183   2.3622E+02 -9.2916E+01  2.0564E+02
0000184   2.3502E+02 -7.4246E+01 -1.6926E+01
0000185   2.2046E+02 -9.2758E+01 -8.8652E+01
0000186   1.2641E+02  9.1240E+01 -2.0872E+02
0000187   1.1303E+02  1.7638E+01 -1.1340E+02
0000188   2.3510E+02 -1.0048E+02  2.9981E+01
0000190   2.7370E+02 -9.9150E+01  2.2295E+02
0000191   2.4657E+02 -1.0625E+02 -1.4036E+02
0000192   3.3971E+02  1.4296E+02 -3.4802E+02
0000193   1.4949E+02  9.8763E+00  1.2914E+02
0000194   2.7610E+02 -2.3543E+02 -1.9668E+02
0000195   1.6433E+02 -3.8523E+02  6.8522E+00
0000196   4.5527E+01 -6.8250E+01  1.9003E+02
0000199   1.9221E+02 -1.3742E+02 -7.6893E+01
0000200   3.5364E+02 -1.7724E+01  3.7004E+01
0000201   1.2666E+02 -1.0206E+01 -1.0717E+02
0000202   1.1712E+02 -3.6959E+02 -1.2990E+02
0000203   3.0016E+01 -5.8571E+01 -6.1608E+01
0000204   3.5903E+02  7.1925E+00 -1.4662E+02
0000205   2.7532E+02 -6.1707E+01 -2.3318E+01
0000206   2.4218E+02 -1.1140E+02 -2.2000E+02
0000207   6.5106E+01 -2.4972E+02  1.8331E+01
0000208   1.8398E+02 -2.2844E+02  2.7029E+01
0000209   3.8054E+02 -4.9336E+01 -8.2882E+01
0000210   3.1358E+02  1.3914E+02  1.5243E+02
0000211   3.2082E+01 -3.5944E+01  1.6629E+02
0000213   4.6053E+02 -1.1128E+02  8.9316E+01
0000214   2.4492E+02  3.1026E+02 -1.6036E+00
0000215   4.1921E+02  1.3804E+02 -1.1505E+02
0000216   5.1505E+01  5.3800E+01  5.4951E+01
0000217   1.0846E+02  6.6499E+01  1.0705E+02
0000218   2.6542E+02  1.4696E+02 -2.6352E+02
0000219   1.2852E+02 -3.1671E+01  5.0482E+01
0000220   1.6026E+02  7.0428E+01  3.4546E+01
0000221   2.4098E+02  1.0155E+02 -8.6905E+01
0000222   2.9875E+02 -2.5117E+01 -1.0959E+02
0000223   9.7624E+01  1.7895E+01 -8.3732E+01
0000224   1.1355E+02  3.8184E+01  5.0667E+01
0000225   3.0011E+02 -9.2947E+01 -2.0670E+02
0000226   6.6392E+01 -7.4821E+01  8.6239E+01
0000227   3.9407E+02  3.5495E+01  2.0543E+01
0000228   1.8148E+02  1.3978E+02 -5.0720E+01
0000229   1.6824E+02  2.1359E+02  4.5933E+01
0000230   2.9157E+02 -1.5843E+02  5.6927E+01
0000231   1.2534E+02  1.3088E+02  8.7161E+01
0000232   2.6052E+02 -1.5124E+02  6.8396E+01
0000233   3.3263E+02 -1.1878E+02  5.1221E+01
0000234   2.3741E+02  2.1129E+00  5.5940E+01
0000235   1.8790E+02 -1.6642E+02  6.2218E+01
0000236   3.0262E+02 -1.8544E+02  1.7563E+00
0000238   3.4230E+02  1.0421E+02  6.1258E+01
0000239   2.9985E+02  1.1788E+02  7.2901E+01
0000240   4.6975E+02  9.0314E+01 -1.0562E+02
0000241   2.6338E+02  2.7225E+02 -1.1758E+02
0000242   2.9815E+02 -2.5988E+02  1.5962E+02
0000243   2.1503E+02  7.3464E+01 -3.9447E+01
0000244   1.7677E+02  1.0460E+02  2.3589E+02
0000245   2.1015E+02  1.2639E+02  1.0146E+02
0000246   1.1045E+01 -3.6071E+01  1.1740E+02
0000247   1.0375E+02  2.2534E+02 -7.8318E+01
0000248   1.7479E+02 -5.0264E+00  2.7348E+01
0000249   5.0598E+00  4.9026E+01  4.2741E+01
0000250   3.8505E+02  4.0032E+01  2.1352E+02
0000251   7.9232E+01  8.7256E+01 -3.1476E+02
0000252   2.5424E+02  3.8357E+01 -1.1495E+02
0000253   1.0623E+02  1.7542E+01 -8.1144E+01
0000254   4.0257E+02  1.1987E+02 -2.2486E+02
0000255   2.3783E+02 -1.0044E+02 -1.9309E+02
0000256   2.2003E+02 -6.6064E+01 -9.6215E+01
0000257   4.2667E+02 -5.6382E+01 -2.7261E+01
0000258   3.0213E+02  2.3540E+02  1.3414E+02
0000259   1.1264E+02 -6.8430E+01 -1.3025E+02
0000260   1.0472E+02 -1.3755E+02  4.5171E+00
0000261   3.4811E+02  9.9793E+01  3.7857E+01
0000262   4.7419E+02  4.7421E+00 -5.3352E+01
0000263   2.3877E+01 -1.6934E+01 -1.2163E+02
0000264   1.3522E+02 -2.0177E+02  1.1766E+02
0000265   7.4422E+01  3.2616E+02  1.6722E+02
0000266   3.3905E+02  1.1060E+02 -5.4018E+01
0000267   1.8285E+01 -1.4635E+00  1.3538E+01
0000268   2.2070E+02 -3.7986E+01  9.7080E+01
0000269   3.9296E+02  2.0346E+01 -1.5008E+02
0000271   2.5779E+02  1.1047E+00 -9.1057E+00
0000272   4.6724E+02 -3.4612E+01  1.0379E+02
0000273   3.2352E+02  2.3544E+02  3.7521E+01
0000274   6.2584E+01 -2.0867E+01  1.4993E+02
0000275   1.1621E+02  1.0930E+02 -7.0509E+01
0000276   3.2121E+02  1.5596E+02  1.7058E+02
0000277   2.3942E+02 -4.8613E+01 -4.4863E+01
0000278   2.3575E+02 -1.0554E+02  6.0298E+01
0000279   3.4845E+02  3.9153E+01  1.2532E+02
0000280   3.4871E+02 -1.4198E+02  1.2839E+02
0000281   1.8190E+02 -1.7530E+02 -1.7538E+02
0000282   3.5297E+02 -1.4744E+02  9.7389E+01
0000283   3.9855E+02  5.3942E+00 -8.9555E+01
0000284   1.8818E+02  1.0153E+02  8.7195E+01
0000286   8.2600E+01 -1.7980E+02 -9.9228E+01
0000287   3.3511E+02 -3.7863E+01  1.8031E+02
0000288   2.5882E+02  7.8848E+01  1.6970E+02
0000289   2.1466E+02  4.5360E+01  4.7869E+01
0000290   1.4411E+02  1.8420E+02 -1.8773E+02
0000291   3.9716E+02  1.4776E+02 -6.0820E+01
0000292   1.2188E+02 -8.9992E+01  2.9364E+01
0000293   3.7199E+02 -1.4961E+02 -2.8280E+01
0000294   1.4029E+02  8.2301E+01 -1.0926E+02
0000295   2.6217E+02  4.9795E+01 -1.9853E+02
0000296   3.0154E+02 -6.4900E+01  1.5370E+02
0000297   1.8918E+02  3.2261E+02 -4.5374E+01
0000298   4.6444E+01  3.3586E+01  3.6552E+02
0000299   2.8398E+01  2.0427E+02  2.5639E+01
0000300   3.0458E+02  7.7518E+01 -2.5787E+01
0000301   6.6187E+01  6.8253E+01  3.0655E+02
0000302   1.4214E+02  9.1599E+01 -2.4540E+01
0000303   5.4101E+01  4.8226E+00 -1.0352E+01
0000304   1.8585E+02  3.4109E+01 -1.3866E+02
0000305   1.5838E+02 -1.6895E+01 -7.9137E+01
0000308   1.1188E+02 -1.1162E+02 -1.6740E+02
0000309   3.1782E+02  8.9180E+01 -1.2424E+02
0000310   2.5037E+02  1.7305E+02 -2.6102E+01
0000311   2.8463E+02  8.3924E+01 -2.8161E+01
0000312   1.3065E+02 -2.1316E+02 -1.9052E+02
0000313   3.7926E+02  1.7734E+02  1.9637E+01
0000314   3.8355E+02  2.9310E+02 -1.5737E+02
0000315   1.8580E+02  2.7405E+01  1.3558E+02
0000316   2.8251E+02  5.5859E+01 -9.2493E+01
0000317   4.0367E+02  2.3137E+01  4.9563E+01
0000318   2.3081E+02 -5.5872E+01  5.2904E+01
0000319   2.0445E+02  2.5685E+01  1.2229E+02
0000320   2.4890E+02 -7.8316E+01  1.2748E+02
0000321   2.7609E+02 -6.4287E+01 -4.8246E+00
0000322   3.2048E+02 -1.2296E+01 -6.2672E+01
0000323   9.8928E+01 -2.2925E+02 -2.0414E+02
0000324   2.2132E+02 -2.1918E+01 -8.3852E+00
0000325   2.7056E+02  4.3026E+01 -3.0145E+02
0000326   1.5388E+02 -2.2556E+02 -4.9303E+01
0000327   1.7753E+02  1.4884E+02  1.3663E+02
0000328   3.1714E+02  1.8463E+02 -5.2074E+00
0000329   2.8283E+02 -7.8542E+01  7.8732E+01
0000330   4.1544E+02  6.2498E+00  8.6986E+01
0000331   1.6345E+02 -7.9402E+01 -3.7578E+01
0000332   2.7922E+02 -1.0449E+02 -1.4598E+02
0000333   2.0067E+02  1.7127E+02  1.0114E+02
0000334   8.6439E+01  1.1598E+02  1.0428E+01
0000335   2.8950E+02 -1.6540E+02  4.2366E+01
0000336   2.2276E+02 -5.2381E+01 -1.5457E+02
0000337   2.1385E+02 -3.3781E+01 -3.6036E+01
0000339   3.2631E+02 -3.3061E+01  8.4020E+00
0000340   6.1802E+01  5.0089E+01  1.2099E+02
0000341   2.7400E+01 -5.5558E+01 -1.0419E+01
0000342   4.1510E+02  3.4939E+01 -1.6404E+02
0000343   2.7624E+02 -1.2685E+02 -8.6392E+01
0000344   3.1216E+02  8.1023E+01  1.7224E+02
0000345   4.4409E+02  2.2784E+02 -1.3922E+02
0000346   1.6821E+02 -1.9340E+02 -3.5495E+01
0000347   1.9562E+02 -9.5516E+01  3.2647E+01
0000348   1.3942E+02 -8.3891E+01 -2.6082E+01
0000349   3.8067E+02  1.9858E+02 -1.9901E+00
0000352   1.8194E+02 -6.3664E+01 -8.3856E+01
0000353   1.5378E+02  1.5059E+01  1.1809E+02
0000354   1.7035E+02 -6.8847E+01 -2.2493E+01
0000355   2.0203E+01  1.2761E+01  1.5387E+02
0000356   2.4246E+01 -4.9306E+01 -1.1148E+01
0000358   2.6204E+02 -3.0447E+01 -6.4461E+01
0000359   3.3556E+02 -8.3551E+01  4.0715E+02
0000360   2.4918E+02  9.6319E+01 -1.8374E+00
0000361   2.0639E+02 -9.5924E+01  1.3026E+02
0000362   1.2956E+02 -8.1202E+01  7.8615E+01
0000363   3.4216E+02  5.5108E+01  1.4330E+01
0000364   2.3887E+01  2.3803E+02 -3.9433E+01
0000365   5.4424E+01  1.1121E+02 -4.8956E+01
0000366   1.4192E+02 -1.0046E+01  1.7916E+02
0000367   1.8018E+02  1.5291E+02  2.5631E+02
0000368   3.1960E+02  6.1510E+01  1.1863E+01
0000370   7.0557E+01  4.9729E+02  2.3323E+01
0000371   2.6015E+02 -1.8734E+02 -1.4814E+02
0000372   1.5796E+02 -2.2355E+02  1.4960E+02
0000373   1.8284E+02 -4.7473E+01  2.1585E+01
0000374   1.7356E+02 -1.6532E+02  1.7975E+02
0000375   1.6552E+02 -4.5247E+00 -1.2220E+02
0000376   2.2755E+02  2.2769E+02  1.3168E+02
0000377   3.8925E+02  5.5585E+01 -6.3263E+01
0000378   2.3122E+02  2.9602E+02 -1.4954E+02
0000379   1.5407E+02  1.8878E+02 -4.3409E+01
0000380   1.4528E+02 -1.3751E+02 -5.5452E+01
0000381   1.9266E+02 -5.6810E+01  1.8116E+02
0000382   1.6379E+02 -3.4155E+00 -1.2904E+02
0000383   2.2312E+02 -6.9492E+01  1.9068E+00
0000384   2.1679E+02 -3.3007E+01  1.7782E+01
0000385   1.4282E+02  1.2928E+01  9.7720E+00
0000386   2.9148E+02 -3.3635E+02  1.9687E+02
0000387   6.4468E+01  6.7462E+01  1.1799E+02
0000388   1.2520E+02 -2.5504E+01  1.6061E+02
0000389   2.0929E+02  1.6197E+02  1.6503E+02
0000390   2.9874E+02  2.9739E+01  7.5434E+01
0000391   1.8393E+01 -8.5416E+00 -6.6464E+01
0000392   4.0853E+02  9.6209E+01  1.0741E+02
0000393   9.9001E+01 -3.8262E+01 -8.5017E+01
0000394   1.4142E+02 -2.1576E+01 -1.0465E+02
0000395   1.0196E+02 -2.2008E+02 -1.1360E+01
0000396   1.3675E+02 -1.0849E+02 -1.8309E+02
0000397   1.8075E+02 -1.7521E+02 -1.2810E+02
0000398   1.5987E+02 -9.6563E+01  1.1774E+01
0000399   3.7555E+02 -9.9359E+01 -3.6785E+01
0000400   7.7981E+01  1.1388E+02  1.4823E+02
0000401   1.2845E+02 -4.4501E+01  1.3870E+02
0000402   1.6158E+02 -2.6776E+02  5.2579E+01
0000403   4.1747E+02 -2.0864E+02  5.6383E+01
0000404   1.6859E+02  6.3106E+01  3.1049E+01
0000405   3.3581E+02 -5.2952E+01 -3.0400E+01
0000406   1.5752E+02 -4.4892E+01  1.4703E+02
0000407   2.3247E+02  3.8574E+01  1.2882E+02
0000408   1.6836E+02  3.4373E+01 -7.6215E+00
0000409   1.7239E+02 -1.5966E+02  3.4720E+01
0000410   3.5123E+02  1.4526E+02  1.2696E+02
0000412   6.1001E+01  1.0914E+02 -2.8998E+02
0000413   9.7247E+01  9.5478E+01 -3.7710E+01
0000414   2.6396E+02  5.7774E+01  1.2634E+02
0000415   3.0301E+02 -2.3786E+02  1.3434E+02
0000416   5.4947E+01 -1.6105E+02  6.3671E+01
0000417   1.3041E+02  1.4139E+02  1.0361E+02
0000418   3.6407E+02  1.8705E+02 -2.7648E+01
0000419   4.4194E+02  1.4512E+02  1.4764E+02
0000420   8.8887E+01 -6.3778E+01 -2.1572E+02
0000421   1.8448E+02 -1.1259E+01 -4.2150E+01
0000422   2.3190E+02 -8.5067E+00 -4.2946E+01
0000423   4.0775E+02  4.4660E+00 -1.3337E+02
0000425   1.3783E+02 -5.8335E+01 -1.8135E+01
0000426   1.1392E+02  9.8564E+00  1.4318E+02
0000427   4.4659E+01  5.5251E+01  2.6625E+02
0000428   1.3076E+02 -1.2036E+01 -4.3519E+01
0000429   2.8525E+02 -2.2464E+02  1.8286E+02
0000430   9.8723E+01  5.0454E+00 -1.2068E+02
0000431   1.7995E+02 -1.2415E+02 -7.8451E+01
0000432   3.2401E+02 -3.8002E+01 -1.5092E+02
0000433   1.0633E+02 -9.7626E+01  9.0407E+00
0000434   1.9510E+02  2.1779E+00 -7.3419E+01
0000435   2.5083E+02  3.5296E+01  1.0313E+02
0000436   2.8919E+02  2.5283E+02 -1.4157E+02
0000437   1.8088E+02 -2.9799E+02 -1.0301E+02
0000438   3.3406E+02 -2.7486E+01  1.2140E+02
0000439   3.4618E+02 -1.9574E+02  1.2027E+02
0000440   1.6319E+02  3.0940E+00 -2.2606E+02
0000441   1.2205E+02  2.0302E+02 -3.5087E+01
0000442   6.1895E+01 -2.4158E+02  1.0168E+02
0000443   2.0258E+02 -1.3202E+02  5.1992E-01
0000444   3.9181E+02  4.0647E+01 -2.1599E+02
0000446   5.3877E+01 -5.5327E+01  3.3303E+01
0000447   2.1470E+02 -8.0124E+01 -1.0343E+02
0000448   2.1999E+02 -1.9335E+02 -4.2275E+01
0000449   2.8316E+02 -8.4520E-01 -6.0589E+01
0000450   2.6125E+02  6.7504E+01 -1.6792E+02
0000451   2.5843E+02 -1.4501E+02  1.5936E+02
0000452   3.4089E+02  1.5931E+02  1.4137E+02
0000453   3.5274E+02 -2.4199E+02 -7.4401E+01
0000454   9.0582E+01 -2.4951E+01 -2.0184E+02
0000455   2.8053E+02  1.8754E+02 -3.0944E+02
0000456   8.0200E+01 -1.0313E+02  1.6024E+01
0000457   1.8514E+02  1.2738E+02  4.8438E+00
0000458   3.6511E+02  1.2868E+01  7.4429E+01
0000459   1.5105E+02 -3.0510E+01 -8.7433E+01
0000460   1.1333E+02 -1.3596E+01  5.0405E+01
0000461   1.8710E+02 -4.0525E+01 -7.8328E-01
0000462   1.0553E+02 -5.0439E+01  5.9862E+01
0000463   1.3437E+02  1.9336E+02 -1.7974E+02
0000464   3.3130E+02  9.6993E+01  1.1773E+02
0000466   3.2762E+02 -7.8606E+01  8.6393E+00
0000467   1.9612E+02  1.8144E+02  1.6879E+01
0000468   1.4763E+02 -4.7466E+01 -1.3882E+02
0000469   1.7758E+02  3.9800E+00  1.0493E+01
0000470   3.2209E+02  1.2432E+02 -7.7319E+01
0000472   3.6185E+01  2.2858E+02  1.4592E+02
0000473   2.4946E+02  3.2638E+01  1.2618E+02
0000474   6.3692E+01 -2.2004E+01  5.8443E+01
0000475   3.2102E+02  5.4915E+01  3.3480E+01
0000476   1.8775E+02  2.7248E+02 -3.5785E+02
0000477   1.7150E+02  1.9304E+01  1.3098E+02
0000478   2.2850E+02  1.4607E+01  1.5669E+02
0000479   3.8975E+02  1.4496E-01 -8.8340E+01
0000480   1.2294E+02  1.6887E+02  1.2608E+02
0000481   1.7296E+02  7.2060E+01 -2.2980E+01
0000482   1.4835E+02  1.1744E+02 -3.0492E+01
0000483   1.8216E+02  2.0012E+01 -2.5387E+02
0000484   2.0769E+02  4.2243E+01  7.5736E+01
0000485   2.4538E+02 -2.1455E+01 -7.3351E+01
0000486   2.2519E+02 -3.8004E+01  3.0727E+01
0000487   1.2026E+02 -2.7686E+02 -4.8127E+01
0000488   1.8253E+02  1.8730E+02  1.0048E+02
0000489   1.4305E+02 -4.5701E+01  1.5189E+02
0000491   1.3183E+02 -8.4141E+01 -2.6254E+01
0000492   2.4751E+02 -1.2463E+02  2.6743E+01
0000493   3.2432E+02 -5.7272E+00 -5.7870E+01
0000494   3.3499E+02  2.9332E+02 -8.8219E+01
0000495   7.5775E+01 -3.1457E+02  9.3455E+01
0000496   1.6525E+02  5.1021E+00  3.5542E+01
0000497   2.8108E+02  2.7449E+01 -1.2979E+02
0000498   3.2288E+02  8.2139E+01  1.9700E+02
0000499   1.8827E+01 -1.7257E+01  4.7961E+01
0000500   3.1226E+02  3.8632E-01 -7.3248E+01
0000501   4.4183E+02  1.3807E+02 -2.4553E+01
0000502   3.6506E+02  5.6179E+01 -1.0100E+00
0000504   1.6355E+02  1.9137E+02 -3.1727E+01
0000506   2.9119E+02  1.1470E+02 -9.0309E+01
0000507   1.4775E+02 -2.3585E+01 -4.5674E+01
0000508   1.6563E+02  1.4076E+02 -1.3625E+02
0000509   3.8171E+02  1.6637E+02 -2.0027E+02
0000510   3.0991E+02  3.6478E+01 -1.8132E+02
0000511   1.8874E+02  1.0637E+02  2.3702E+01
0000512   1.6845E+02 -1.2171E+02 -8.1417E+01
0000513   3.7806E+02 -1.1360E+02  1.3164E+02
0000514   2.0635E+02  6.7765E+01  2.4656E+01
0000515   2.8272E+02  5.5012E+01  2.8770E+01
0000516   1.6857E+02  9.6146E+01  5.9167E+01
0000517   2.4404E+02 -5.2088E+01 -1.6610E+02
0000518   1.4576E+02 -3.6523E+02 -2.7208E+02
0000519   2.6014E+02 -2.5488E+02  2.9637E+01
0000520   1.9406E+02 -1.9793E+01  9.9480E+01
0000521   2.4124E+02 -1.9181E+01 -1.0752E+02
0000522   2.4868E+02  1.2896E+02 -1.5880E+02
0000523   4.0334E+02 -1.1728E+02 -7.1101E+00
0000524   3.7632E+02  3.6307E+01  1.5669E+02
0000525   3.6925E+02 -2.0569E+02  2.6045E+02
0000526   1.4976E+02  4.9861E+01  1.7182E+02
0000527   2.3646E+02  9.6462E+01 -9.6415E+01
0000528   1.5909E+02 -2.4580E+01 -9.4630E+01
0000530   1.9066E+02 -3.3099E+01  1.2994E+02
0000531   3.8963E+02 -1.1314E+02  7.0093E+00
0000532   2.6419E+02 -2.3424E+01  8.6172E+01
0000533   1.5952E+02  6.1929E+01 -1.6798E+02
0000534   8.3360E+01 -4.8440E+01  4.7285E+01
0000535   1.2680E+02  5.1121E+00  4.7718E+01
0000536   1.7189E+02 -3.5578E+01 -2.3556E+02
0000537   2.0689E+02  1.4821E+02 -2.2941E+02
0000538   2.8464E+02  3.0226E+01  5.2306E+01
0000539   9.5521E+01  2.6353E+02 -1.1971E+01
0000540   2.8776E+02  4.3085E+01 -1.0775E+02
0000541   3.5516E+02  2.3095E+02  1.2922E+02
0000542   4.7622E+01  1.4457E+02  2.1313E+02
0000543   2.4907E+02  1.1031E+02 -6.0280E+01
0000544   4.7756E+01 -9.0251E+01  2.4817E+01
0000545   1.7652E+02  9.0565E+01 -1.7182E+02
0000546   1.4543E+02 -1.7403E+01  3.2208E+01
0000547   2.3342E+02 -5.7480E+01  1.3782E+02
0000548   2.1807E+02 -5.5803E+01  1.5467E+02
0000549   9.0776E+01  1.6149E+02 -9.5837E+01
0000550   3.4653E+02 -7.0748E+01  4.5215E+00
0000551   3.2648E+02 -1.3541E+02  4.6673E+01
0000552   1.6678E+02  5.6769E+01  1.2587E+02
0000553   6.8808E+01 -7.1854E+01 -3.7744E+01
0000554   2.0922E+02  1.0336E+02 -1.2573E+02
0000555   1.5340E+02 -1.3204E+02 -5.2755E+01
0000556   3.2625E+02 -3.9125E+01  1.4682E+02
0000557   1.5439E+02 -7.8617E+01  2.4746E+00
0000558   4.5162E+02 -4.5197E+00  1.5005E+02
0000559   2.5534E+02  1.9068E+01  7.4347E+01
0000560   2.2490E+02  3.1368E+01 -2.9567E+02
0000561   1.2324E+02 -1.2533E+02 -1.0251E+02
0000562   2.4591E+02 -1.9860E+01 -1.0993E+02
0000563   5.0450E+01 -1.3075E+02 -1.4864E+02
0000564   2.2906E+02 -1.2595E+02 -2.2107E+01
0000565   1.0149E+02  1.5134E+02 -9.8294E+01
0000566   7.2117E+01 -8.9084E+01  9.7154E+01
0000567   2.9954E+02  3.2666E+01  4.3102E+01
0000568   3.3938E+02 -2.9871E+01  1.1286E+02
0000569   5.3660E+01 -1.2267E+02 -5.4076E+01
0000570   1.3241E+02 -8.8128E+01  6.8341E+01
0000571   9.9455E+01  8.4915E+01  1.9478E+02
0000572   7.9119E+01 -7.4880E+01 -1.0017E+02
0000573   1.8673E+02  1.1416E+02 -2.4847E+02
0000574   2.5627E+02  7.6354E+01  1.1671E+02
0000575   1.5980E+02 -1.7364E+02  1.5896E+02
0000576   2.6504E+02 -2.2122E+02 -4.5280E+01
0000577   2.2055E+01  1.9541E+02  7.6123E+01
0000578   3.4234E+02 -5.3183E+01 -9.1439E+01
0000579   3.6032E+02  5.1045E+01  2.2392E+02
0000580   1.3253E+02  1.8569E+02 -2.6663E+02
0000581   7.4763E+01 -3.1259E+02 -1.3739E+02
0000583   2.1556E+02 -9.7004E+01 -8.5325E+01
0000584   1.3077E+02 -6.6790E+01  4.5215E+01
0000585   1.2313E+02  2.2537E+01  3.5071E+01
0000586   3.7828E+02  1.1670E+01 -6.0246E+01
0000587   2.0159E+02 -9.0938E+01 -6.7335E+01
0000588   1.1271E+02 -8.5112E+01  1.0786E+02
0000589   2.7613E+02  7.7112E+00 -9.0673E+01
0000590   6.1415E+01 -4.5056E+01 -1.0725E+02
0000591   3.2711E+02  2.3571E+02  7.8148E+01
0000592   2.7341E+02 -1.0375E+02  7.5648E+01
0000593   1.9360E+02 -1.9487E+02 -1.0676E+02
0000594   2.0984E+02 -1.1032E+01 -2.2104E+02
0000595   1.9882E+02  9.6911E+01 -6.2166E+00
0000596   1.4249E+02  5.3741E+01  8.8080E+01
0000597   2.0539E+02  2.4687E+02 -2.3841E+01
0000598   1.4327E+02  1.4766E+02  1.9123E+02
0000599   8.8683E+01 -9.2316E-01 -3.3022E+02
0000600   2.9732E+02  3.3586E+02 -1.0173E+02
0000601   2.6882E+02  1.5550E+02 -1.1236E+02
0000602   4.1825E+02 -1.2846E+02 -9.9368E+01
0000603   3.6311E+02 -6.3225E+01  1.9542E+02
0000604   2.2153E+02  1.1627E+01  2.0033E+01
0000605   3.1334E+02 -1.5236E+02  2.7089E+02
0000606   1.0045E+02 -1.7630E+02 -9.0030E+01
0000607   2.6530E+02 -4.1455E+00  9.0962E+01
0000608   3.6862E+02  5.1254E+01  1.2818E+02
0000609   6.9294E+01  6.4398E+00 -1.6642E+02
0000610   2.6420E+02  1.7172E+02 -5.1169E+01
0000611   1.8596E+02 -1.2493E+00 -4.8819E+01
0000612   2.6154E+02 -1.3581E+02 -8.2504E+01
0000613   1.6553E+02  1.6973E+02  2.2502E+01
0000614   1.3061E+02  2.7193E+02  1.4987E+02
0000616   3.2737E+01 -2.1043E+02 -1.6637E+00
0000617   2.8788E+02  1.6674E+01  1.2773E+02
0000618   1.8279E+02  2.8647E+01  8.2176E+01
0000619   2.4164E+02 -6.9796E+01  1.3775E+02
0000621   3.9048E+02  6.0399E+00 -5.9020E+01
0000622   3.6290E+01 -1.0203E+01  1.8699E+02
0000623   1.7766E+02 -3.3900E+00 -3.7045E+01
0000624   2.6704E+02 -7.1149E+01  2.3172E+02
0000625   1.4517E+02  4.6301E+01  8.3431E+01
0000626   3.5912E+02  6.7633E+01 -3.1448E+00
0000627   3.2655E+02 -1.9497E+02  1.0776E+02
0000628   1.3238E+02 -3.9046E+01  1.4498E+01
0000629   1.7390E+02 -3.9116E+00  1.6850E+02
0000630   1.2872E+01 -7.7718E+01  8.6643E+00
0000631   3.8238E+02 -2.6136E+02  2.0860E+02
0000633   1.6998E+02 -2.7505E+02 -3.0645E+02
0000634   1.3899E+02  6.0925E+01 -6.6930E+01
0000635   1.8278E+02 -9.1458E+01  1.5823E+02
0000636   2.7796E+02  2.0259E+02 -1.4923E+01
0000637   3.2437E+02 -1.5632E+02  3.1529E+01
0000638   3.3059E+02  3.0897E+01  1.1679E+02
0000639   1.0357E+02  6.8899E+01  7.0997E+01
0000640   1.9769E+01  2.9853E+02  1.7774E+02
0000641   2.9781E+02  1.1379E+02  8.9930E+01
0000642   1.3471E+02  1.9614E+01 -4.5445E+01
0000643   3.2702E+02  1.7746E+02 -2.0215E+01
0000644   2.3957E+02  1.0831E+02  1.3585E+02
0000645   2.5039E+02  8.9459E+01 -2.8434E+02
0000646   1.2175E+02  9.2754E+01  4.4042E+01
0000647   2.2827E+02  3.4938E+01  8.9043E+01
0000648   1.0180E+02 -1.8665E+02  1.0621E+02
0000649   2.2269E+02 -2.5270E+02 -5.5007E+00
0000650   4.1769E+02  3.6026E+01 -4.7105E+00
0000651   2.2804E+02  2.1493E+02  3.5208E+01
0000653   1.3984E+02 -3.3891E+01 -2.0586E+01
0000654   3.9377E+02 -1.8226E+02 -1.3284E+02
0000655   1.5841E+02  6.9383E+01 -2.6594E+01
0000656   1.0415E+02 -1.5908E+01 -2.1283E+01
0000657   1.3703E+01 -1.6903E+02  5.2519E+01
0000658   2.4194E+02  6.9966E+01 -1.9850E+02
0000660   3.5527E+02  1.2698E+02  9.6057E+01
0000661   3.5115E+02 -1.1350E+02 -5.9876E+01
0000662   2.8245E+02 -2.0405E+02 -3.9944E+01
0000663   1.3959E+02 -1.3776E+02  1.4541E+02
0000664   3.3455E+02 -1.7656E+01  1.7283E+02
0000665   2.5270E+02 -8.8815E+01 -1.4008E+02
0000666   1.2344E+02 -1.2009E+02 -1.0183E+02
0000667   1.1750E+02 -4.8448E+00  3.2733E+01
0000668   2.6904E+02  4.7676E+01  3.1303E+02
0000669   2.9035E+02  1.5865E+01  1.4637E+02
0000670   2.0522E+02  8.9656E+01 -6.0885E+01
0000671   2.5548E+01  2.2633E+01  8.5754E+01
0000672   2.7278E+01 -1.4132E+02 -3.7211E+01
0000673   2.9908E+02 -5.6593E+01 -1.3306E+02
0000674   2.6077E+02  1.5132E+02  1.9075E+01
0000675   3.3117E+02  5.2497E+01  1.2150E+02
0000676   2.5364E+02 -4.7105E+01 -2.1744E+01
0000678   9.3325E+01  3.5910E+01  4.1625E+01
0000679   7.7380E+01 -1.5378E+02  5.1208E+00
0000680   1.2506E+02  2.9570E+02  1.2841E+02
0000681   2.2119E+01  6.6128E+01 -1.0076E+01
0000682   1.2906E+02  3.3937E+01 -4.7554E+01
0000683   3.5132E+02 -8.6105E+01 -8.8684E+00
0000684   3.1646E+01  5.6245E+00 -5.0116E+01
0000685   2.8149E+02 -1.5368E+02  1.8638E+02
0000686   5.7118E+02  3.4676E+01  6.8031E+01
0000687   2.1001E+02 -7.0293E+00 -1.3582E+02
0000688   2.8978E+02 -1.0292E+01  5.1740E+01
0000689   2.5501E+02  3.4141E+02 -4.3982E+01
0000690   4.3507E+02 -2.7959E+02 -1.7254E+02
0000691   2.0681E+02  2.1736E+01 -1.9994E+02
0000692   2.1784E+02 -7.3223E+01 -1.0656E+02
0000693   1.5902E+02 -1.5095E+02 -7.7777E+01
0000694   1.3126E+02  1.3296E+01 -8.7970E+01
0000695   2.5605E+02  1.0911E+02 -2.1086E+02
0000696   4.8755E+02  3.9689E+01 -1.8085E+01
0000697   2.6399E+02 -5.0210E+01 -2.4813E+01
0000698   6.9825E+01 -1.3010E+02  1.5238E+02
0000699   1.0558E+02  2.5499E+02  2.5694E+02
0000700   4.0308E+02 -6.0832E+01 -3.5297E+02
0000701   7.7785E+01  4.6550E+01 -5.0750E+01
0000702   3.3544E+02 -3.4530E+01  1.0815E+01
0000704   2.0989E+02 -1.6499E+02  1.7652E+02
0000705   2.0480E+02 -5.2094E+01  2.2645E+01
0000706   1.9801E+02  1.5208E+02 -1.9731E+02
0000707   1.0133E+02  7.1127E+01  1.2246E+02
0000708   3.3692E+02  6.6363E+00  7.3938E+01
0000710   2.9019E+02  3.2815E+02  7.7802E+01
0000711   3.5920E+02 -8.8439E+01 -2.2892E+02
0000712   2.4777E+02  7.1979E+01  3.8383E+01
0000713   7.6370E+01  4.3904E+01  6.1775E+01
0000714   4.6585E+01  1.5743E+02 -1.5992E+02
0000715   1.5997E+02 -6.1649E+00 -3.6647E+01
0000716   6.5635E+01 -2.0021E+02  9.4165E+01
0000717   5.1907E+01  4.3625E+01  1.2464E+02
0000718   1.7069E+02  1.0577E+02 -4.4938E+01
0000719   6.1219E+01 -1.7556E+02  4.9839E+01
0000722   1.4821E+02  4.3471E+01 -1.4139E+02
0000723   1.9969E+02  1.9071E+02  4.0221E+01
0000724   2.5915E+02 -4.8707E+01  1.2602E+02
0000725   2.5611E+02  1.1092E+01 -4.4884E+01
0000726   3.2624E+02 -8.5519E+01 -1.8879E+02
0000727   3.1963E+02  1.4138E+02  4.3224E+01
0000728   8.1950E+01 -3.5329E+01  1.3939E+02
0000729   2.0662E+02 -1.4882E+02 -1.5317E+02
0000730   4.2665E+02 -3.2761E+02  6.7335E+01
0000731   2.0974E+02  1.0073E+02 -1.1316E+02
0000732   4.9755E+01  9.7415E+01  2.3209E+01
0000733   2.2079E+02  2.0317E+02 -1.1782E+02
0000734   1.7835E+02 -3.2119E+02 -7.5254E+01
0000736   3.5593E+02 -8.3190E+01 -2.3733E+02
0000737   3.4235E+02 -2.0996E+02  1.2471E+02
0000738   2.5475E+02  2.3441E+01  1.9956E+02
0000739   1.9897E+02 -1.3055E+01 -1.0256E+02
0000740   2.2126E+02 -1.4955E+01 -7.0918E+01
0000741   3.0303E+02  3.1233E+02  9.2158E+01
0000742   1.6897E+02  1.0741E+02  8.7568E+01
0000743   2.9355E+02 -8.4471E+01 -1.0917E+02
0000744   2.4174E+02  1.9095E+02 -1.6943E+02
0000745   2.4509E+02  6.4760E+01  6.8860E+01
0000746   1.4361E+02 -4.9790E+01  1.1329E+02
0000747   5.0458E+01 -9.2597E+01  8.3604E+00
0000748   2.0683E+02  1.2705E+02  1.7890E+02
0000749   4.3989E+02 -6.2568E+01  7.3031E+01
0000750   2.4369E+02  9.4017E+01 -1.7645E+02
0000751   2.2527E+02  4.5030E+01  4.2455E+01
0000752   2.3879E+02 -6.9296E+00  1.6486E+02
0000753   2.2114E+02  6.0027E+01 -9.8812E+01
0000754   3.5323E+02 -1.3450E+02 -1.0752E+01
0000755   1.3296E+02 -8.8482E+00  5.3271E+01
0000756   8.9719E+01  4.6713E+01 -8.8436E+01
0000759   8.7048E+01 -1.2046E+01  5.3091E+01
0000760   1.3192E+02  1.3530E+02 -5.8483E+01
0000761   9.5441E+01  9.2666E+01 -2.1753E+02
0000762   2.7749E+02  1.1907E+02 -7.0160E+01
0000763   1.8043E+02 -5.8132E+01  1.8273E+01
0000764   1.6028E+02 -7.6351E+01 -1.4030E+02
0000765   3.7252E+02  1.1826E+00  2.7023E+02
0000766   9.3451E+01 -7.8604E+01  6.7357E+01
0000767   6.1336E+01 -8.2645E+01  8.6277E+01
0000768   2.4875E+02  6.3844E+01 -2.0486E+02
0000769   3.1961E+02  4.3941E+01  1.1361E+02
0000770   4.6662E+01  2.3936E+01 -2.2148E+02
0000771   3.2903E+02  7.6054E+01  1.3165E+02
0000772   1.8613E+02  1.6235E+02 -1.4737E+02
0000773   9.7097E+01  7.6352E+01  3.3215E+01
0000774   1.7684E+01 -2.3039E+01  4.2888E+01
0000775   1.8710E+02  1.8289E+02  7.4774E+01
0000776   2.2659E+02  2.7788E+02 -1.2323E+02
0000778   3.4276E+02 -7.9158E+01  8.4180E+01
0000779   2.8832E+02 -1.1434E+02 -7.9677E+01
0000780   2.6663E+02  3.8557E+01 -9.3982E+01
0000782   4.2594E+02 -7.6481E+01 -4.8154E+00
0000783   1.1126E+02  1.5133E+02 -9.8437E+01
0000784   2.0318E+02 -6.0175E+01 -6.3027E+00
0000785   1.7904E+02 -8.2664E+00 -3.9347E+01
0000786   1.7933E+02 -1.3538E+02  1.0868E+02
0000787   2.3554E+02 -2.5205E+02  2.9413E+01
0000788   2.6409E+02  1.1891E+02  2.8295E+01
0000789   3.6531E+02 -1.5122E+02  1.1746E+02
0000790   4.9974E+01 -1.5102E+02 -1.9131E+02
0000791   1.3438E+02 -1.3623E+02  4.9058E+01
0000792   2.4356E+02  1.4454E+02 -7.6475E+01
0000793   1.5900E+02  2.3295E+02  3.2901E+01
0000794   4.5766E+02  2.9450E+01 -1.4315E+02
0000795   3.1688E+02  1.5975E+02  1.0725E+02
0000796   2.0053E+02  2.8016E+02 -2.9321E+00
0000797   1.7953E+02  8.7060E+01  9.2179E+01
0000798   2.1905E+02 -5.5483E+01  2.8015E+01
0000799   2.3731E+02  1.8528E+02  1.2013E+02
0000800   3.0592E+01  1.5495E+02  4.7909E+01
0000801   3.8411E+02 -1.3834E+02 -1.0510E+01
0000802   2.7359E+02  1.9312E+02 -1.2792E+01
0000803   9.2903E+01  3.2988E+01 -2.7437E+01
0000805   1.9018E+02  2.9366E+02  1.1319E+02
0000806   2.2915E+02  9.1241E+01 -6.8298E+01
0000807   7.7837E+01  9.3821E+01  2.3015E+02
0000808   1.1351E+02 -1.0522E+00 -1.8147E+01
0000809   5.7519E+02  1.0918E+02  1.0732E+02
0000810   1.3060E+02  2.0775E+02 -1.5676E+02
0000811   3.1030E+02 -1.5198E+02  2.1949E+02
0000813   1.2994E+02  3.6383E+01  5.0876E+01
0000814   4.3534E+02  2.4290E+01  7.9795E+01
0000815   2.2282E+02 -2.5866E+01 -9.9829E+01
0000816   7.2233E+01  1.7253E+01  7.8588E+01
0000817   3.2998E+02 -5.1756E+01 -1.7643E+02
0000818   1.0092E+01  1.0141E+02 -9.9222E+01
0000819   2.0491E+02 -1.3515E+02 -2.7490E+01
0000820   1.5317E+02  1.2063E+02 -3.8948E+01
0000821   2.2851E+02  6.3736E+01 -1.6697E+00
0000822   2.9328E+02  1.2153E+02  1.4794E+02
0000823   3.5238E+02 -1.6637E+02 -2.6454E+01
0000824   1.3402E+02  5.1760E+01  8.1172E+01
0000825   2.4586E+02  1.9246E+02 -2.3893E+01
0000827   2.3903E+02 -5.0307E+00 -6.5763E+01
0000828   1.0591E+02  2.3378E+02  2.3848E+02
0000829   3.2591E+02  1.3155E+02 -9.4626E+01
0000830   2.7295E+02 -6.3666E+01 -1.1429E+02
0000831   1.5439E+02  1.9037E+02 -1.5919E+01
0000832   1.6998E+02 -1.1250E+02  2.9633E+00
0000833   3.1731E+02 -1.1261E+02 -1.1309E+02
0000834   3.1823E+02  2.7881E+02  7.6942E+01
0000835   5.8862E+01 -1.2598E+01 -6.7060E+01
0000836   1.9442E+02  4.9566E+00  1.2337E+02
0000837   1.9935E+02 -1.0839E+02  1.0715E+02
0000838   2.3286E+02  2.2614E+02 -6.0848E+01
0000839   2.3397E+02  9.8563E+01  1.5503E+02
0000840   3.2146E+02 -8.6010E+01  1.9067E+02
0000841   3.8736E+01 -3.1481E+00  1.8163E+01
0000842   1.4577E+02  7.0064E+01 -8.1277E+01
0000844   4.6930E+02 -9.1990E+01 -4.5920E+01
0000845   2.7168E+02  2.0288E+02  4.2257E+01
0000846   1.0794E+02 -1.0327E+02  6.9034E+01
0000847   2.5525E+02 -1.2487E+02 -8.1189E+01
0000848   5.6904E+01 -2.8242E+01 -1.8261E+02
0000849   2.6483E+02  1.3374E+01  1.2550E+01
0000850   1.9900E+02 -1.2519E+02 -6.5411E+01
0000851   8.8934E+01  1.8525E+02  6.4709E+01
0000852   2.9700E+02  8.3225E+01  1.6695E+02
0000853   7.9907E+01  4.2396E+01 -2.6577E+01
0000854   2.1731E+02 -3.2440E+01  1.8764E+02
0000855   2.0479E+02  4.7410E+01 -2.1249E+01
0000856   3.8289E+02  1.7811E+00 -4.9567E+01
0000857   7.4584E+01 -1.8710E+02 -1.3960E+02
0000858   9.0839E+01  1.8407E+02 -8.6732E+01
0000859   2.4271E+02  2.7817E+02 -2.6142E+02
0000860   5.0644E+02  2.4748E+02 -1.6444E+02
0000861   2.5972E+02  5.5464E+01 -2.6659E+01
0000862   1.6737E+02 -5.6039E+00 -9.0397E+01
0000863   1.2092E+02 -7.7827E+01 -3.9362E+01
0000864   1.5456E+02 -1.6325E+02  7.0558E+01
0000866   4.8108E+01  1.9248E+02 -2.0973E+01
0000867   2.9847E+02  5.9421E+01 -4.2659E+01
0000868   2.9282E+02 -5.7991E+01 -1.3719E+02
0000869   1.3625E+02  3.6004E+00 -4.7055E+01
0000870   2.1237E+01  6.9617E+01  1.3357E+02
0000872   3.3873E+01  6.7044E+01 -4.4684E+01
0000873   2.6444E+01 -1.2435E+02  5.9813E+01
0000874   3.1811E+02 -1.3463E+02 -7.7452E+01
0000875   2.2357E+02 -1.0258E+02  1.6897E+02
0000876   1.2204E+02  5.8309E+01 -1.1923E+02
0000877   2.3969E+02 -1.1581E+01 -2.0452E+02
0000878   2.7051E+02 -2.1935E+02 -9.9311E+01
0000879   2.1399E+02  1.2544E+02  1.9992E+02
0000880   2.4258E+02 -1.6019E+02  8.3728E+01
0000881   9.1272E+01 -1.2079E+01 -3.1595E+01
0000882   1.3001E+02 -7.4132E+01 -9.3538E+01
0000884   2.4967E+02  8.4780E+01  2.4487E+02
0000885   3.0624E+01 -2.0134E+02 -2.8301E+01
0000886   2.9068E+02 -1.1946E+02  1.6862E+01
0000887   2.0020E+02  3.1823E+02  8.0179E+01
0000888   1.6715E+02  2.2667E+01 -9.2035E+01
0000889   1.4970E+02 -1.3590E+02  2.2022E+02
0000890   1.7924E+02 -1.6574E+02 -1.9289E+02
0000891   2.2871E+02 -1.1841E+02 -1.3798E+02
0000892   4.8741E+01 -1.2215E+02 -5.3992E+01
0000893   2.7375E+02 -4.6464E+01  2.4459E+02
0000894   8.7606E+01 -7.3023E+01  1.3746E+01
0000895   2.5692E+02  4.1395E+01 -1.2482E+02
0000896   2.7674E+02 -8.6369E+01  1.3652E+02
0000897   2.2003E+02  1.7570E+02  6.9758E+01
0000898   1.2832E+02 -1.1703E+02 -3.5347E+01
0000899   1.4027E+02 -2.5877E+02  2.0625E+01
0000900   2.1375E+02 -1.8646E+02 -5.5016E+01
0000901   2.0104E+02  1.5095E+01 -1.3952E+01
0000902   1.0609E+02  1.6084E+02 -2.1116E+01
0000903   2.8438E+01 -1.7383E+02  2.0656E+02
0000904   2.6352E+02 -2.2930E+02 -1.5096E+02
0000905   1.9069E+02 -5.0100E+01  9.0650E+01
0000907   4.5166E+02  2.3516E+02 -4.8177E+01
0000908   2.8233E+02  2.9720E+01 -1.5003E+02
0000909   2.4437E+02  2.3559E+02  6.9043E+01
0000910   5.7734E+01  1.4136E+02  9.0378E+01
0000911   3.5360E+02 -1.2135E+02  8.3306E+01
0000912   2.4342E+02  9.7599E+01  3.0314E+01
0000913   2.7255E+02  2.0343E+02 -1.1051E+02
0000914   1.6157E+02 -5.1589E+00  9.1745E+01
0000915   1.3298E+02 -8.7325E+01  3.1225E+02
0000916   2.6078E+02 -7.1685E+01 -1.0798E+02
0000917   1.1823E+02 -1.9386E+01  6.8610E+00
0000918   2.0439E+02  9.1546E+01  7.5046E+01
0000920   1.7120E+02  1.8346E+02  3.3972E+02
0000921   1.1074E+02  1.1397E+02 -7.3487E+01
0000922   3.0884E+02  1.7142E+02 -2.3224E+02
0000923   2.4316E+02  9.1466E+00  1.5624E+02
0000924   3.8953E+01 -5.3828E+00  1.3524E+02
0000925   1.3823E+02 -7.8464E+01 -7.2892E+01
0000926   5.1997E+01  5.4424E+00 -1.1646E+02
0000927   2.3528E+02 -1.4411E+02 -9.3180E+01
0000928   1.3875E+02 -1.5200E+02  3.9707E+01
0000930   4.5663E+01  5.1020E+01 -4.5322E+01
0000932   5.1959E+01 -1.4490E+01  2.4414E+02
0000934   2.6930E+02 -2.4709E+01 -2.1726E+02
0000936   3.5589E+02  7.6364E+01  2.2357E+02
0000937   2.1265E+02  1.5675E+02 -2.2002E+02
0000938   1.9018E+02 -1.2391E+01  7.0784E+01
0000939   9.3989E+01 -5.8266E+01 -2.9307E+02
0000940   2.0015E+02 -1.4578E+02 -5.2293E+01
0000941   1.1738E+02  2.9130E+01 -2.1501E+02
0000942   3.4623E+02 -1.2552E+02 -7.0419E+01
0000943   3.0397E+02 -1.2525E+02  9.7125E+01
0000944   5.4304E+01  9.6504E+01 -1.2327E+02
0000945   3.0986E+02  3.9702E+01 -5.7972E+00
0000947   2.4440E+02 -1.9388E+01 -1.0199E+02
0000948   1.0307E+02  2.7937E+00 -1.7527E+01
0000949   4.6384E+01  1.7691E+02  1.2863E+02
0000950   1.4598E+02  5.0916E+01 -2.7322E+01
0000951   1.9987E+02  1.9485E+02 -4.2527E+01
0000952   2.9577E+02 -3.9518E+01 -1.4255E+02
0000953   1.8672E+02  3.1153E+01  2.1518E+02
0000954   1.5528E+02 -1.2699E+02  3.8668E+01
0000955   1.9433E+02  1.5925E+02  4.8603E+01
0000956   7.9395E+01 -6.6091E+01  1.1507E+02
0000957   2.8420E+01  6.5556E+00 -6.6699E+01
0000958   1.7168E+02  4.2079E+01 -2.4999E+01
0000959   5.9539E+01 -1.2210E+01  7.8404E+01
0000960   1.5880E+02  8.6955E+00 -9.5901E+01
0000961   3.6931E+01 -1.8652E+01 -7.6982E-01
0000962   1.2006E+02 -2.0999E+02  8.2681E+01
0000963   2.8165E+02 -9.3658E+01 -2.7292E+02
0000964   3.6069E+02 -1.7431E+02  1.5250E+02
0000965   7.4114E+01 -1.7260E+02 -6.8179E+01
0000966   4.2927E+02  3.4756E+01  2.1698E+00
0000968   1.0683E+02  1.5532E+02 -1.0195E+02
0000969   3.4998E+02  3.1059E+01 -1.4889E+02
0000970   3.7159E+02  1.5153E+02  3.8794E+01
0000971   2.7130E+02  1.8866E+02  3.7032E+00
0000972   2.9710E+02 -4.5262E+01  3.7586E+01
0000973   1.3264E+02  5.1677E+01 -1.5416E+02
0000974   1.6863E+02 -9.1492E+01  7.4409E+01
0000975   3.2585E+02 -4.9423E+00  1.0708E+02
0000976   1.9729E+02  9.1141E+01  2.0835E+02
0000977   5.6259E+02 -7.2720E+01 -4.4986E+01
0000978   6.8814E+01  6.3411E+01 -9.4658E+01
0000979   3.0506E+02  1.8870E+02 -1.3956E+02
0000981   2.2043E+02  1.3231E+02 -4.9212E+01
0000982   2.6115E+02  1.3971E+02  8.8610E+00
0000983   4.6391E+02 -2.1372E+01 -4.6999E+01
0000984   9.7481E+01 -4.7733E+00  1.5759E+01
0000985   1.7899E+02  5.9246E+01  3.0275E+01
0000986   4.5415E+02 -2.4842E+01 -2.7988E+02
0000987   8.7405E+01  4.3318E+01  1.4029E+02
0000988   1.3155E+02  1.1836E+02  2.3019E+02
0000989   1.6113E+02  4.1540E+01  9.4980E+00
0000990   1.8583E+02 -1.5799E+02  2.0225E+02
0000991   3.4303E+02  1.1480E+02 -2.3194E+02
0000992   2.7432E+02 -2.4749E+01 -2.1385E+02
0000993   1.3270E+01 -1.2872E+02  3.2791E+01
0000994   2.6036E+02  1.7047E+02 -1.1583E+02
0000996   1.3242E+02  5.5714E+00 -7.5850E+00
0000997   2.5437E+01 -3.8611E+01  4.4248E+01
0000998   1.6969E+01 -4.8216E+01 -7.9602E+00
0000999   2.0148E+02 -1.3811E+02 -2.8354E+01
0001000   4.2685E+02 -7.1876E+00  1.4721E+02
