============================== SRIM-2013.00 ==============================
==============================================================================
====== SRIM Outputs\RANGE_3D.txt : File of Final Ion Positions =====

Ion =  F (09)   Ion Mass= 018.9984
Energy  = 2000000.E-05 keV
Ion Angle to Surface = 00.0 degrees
==================== TARGET =======================
  Layer # 1 - None
  Layer # 1 - Bottom Depth=500000.E-01 A
  Layer # 1 - Density =0007.8700 g/cm3
  Layer # 1 -  100 % of Fe
様様様様様様様様様様様様様様様様様様様様様様様様様様
                                            
Ion       Depth  X   Lateral Y   Lateral Z  
Number    (Angstrom) (Angstrom)  (Angstrom) 
-------  ----------- ----------- -----------
0000001   3.0238E+02  4.8030E+01 -2.3236E+01
0000002   1.3166E+02 -2.2645E+02 -6.2574E+01
0000003   2.3266E+02 -2.0377E+02 -6.2667E+01
0000004   2.0545E+02  5.5828E+01  9.5924E+01
0000005   2.2376E+02  1.8949E+02  1.4682E+02
0000006   2.8359E+02 -1.1591E+02  1.3738E+00
0000007   9.9831E+01  2.3053E+02 -4.9771E+01
0000008   2.4430E+02 -1.6623E+02  8.6034E+01
0000009   1.2142E+02 -5.4082E+00 -9.1907E+01
0000010   2.1545E+02  8.2247E+01 -7.6179E+01
0000011   6.8212E+01  1.6428E+02  2.5315E+02
0000012   4.9411E+01 -6.8822E+01  3.7729E+01
0000013   3.3911E+02 -2.4314E+01 -2.7041E+01
0000015   2.4515E+02 -3.2020E+01 -1.6635E+01
0000016   3.8048E+02 -9.6161E+01  1.9901E+02
0000017   2.7500E+02 -1.7263E+02 -2.1917E+01
0000018   1.9443E+02  4.2087E+00 -1.3659E+02
0000019   4.8193E+02  2.8806E+01  6.8955E+00
0000020   2.0686E+02  1.3870E+02 -1.9004E+02
0000021   2.8094E+02  2.1509E+02  1.3931E+01
0000022   5.9585E+01  4.6030E+01 -3.9198E+01
0000023   1.2611E+02 -6.1273E+01  9.3457E+01
0000024   1.3138E+02  2.3367E+02  3.8454E+01
0000025   3.0467E+02 -2.0573E+02  5.9902E+00
0000026   1.6230E+02 -1.0725E+01 -9.8772E+01
0000027   1.4630E+02 -1.3476E+02  1.1729E+02
0000028   8.8930E+01  1.2822E+02 -1.1846E+02
0000030   4.9570E+02  7.5172E+01 -6.2950E+01
0000031   1.6973E+02  2.6057E+01  1.1952E+02
0000032   3.3745E+02 -7.5729E+01 -5.5128E+01
0000033   2.4968E+02 -6.9446E+01  1.5745E+02
0000034   1.8881E+02 -1.6009E+02 -2.3899E+02
0000035   1.0624E+02 -1.9718E+02  7.4445E+01
0000036   1.4490E+02  1.5280E+02 -5.2014E+01
0000037   1.9028E+02  5.2242E+01  3.7549E+01
0000038   2.5674E+02 -4.3193E+01 -1.5741E+02
0000039   3.3103E+02  1.8283E+02  4.9729E+01
0000040   1.3652E+02 -1.2186E+02  1.5739E+02
0000041   8.6459E+01  7.4034E+01  1.5835E+02
0000042   3.3001E+02 -2.6906E+02  1.0319E+02
0000043   1.8661E+02 -2.3662E+01 -1.1868E+02
0000044   1.0116E+02 -1.2923E+02  1.1749E+02
0000045   4.0040E+02  1.5205E+00 -1.4846E+02
0000046   1.8357E+02 -8.4118E+01 -1.0725E+02
0000047   4.1387E+01  1.4624E+02  7.0704E+01
0000048   1.7680E+02 -3.3216E+01  3.3581E+01
0000049   5.1973E+01 -1.7235E+01  2.3082E+01
0000050   1.5040E+02  7.7458E+01 -1.1017E+02
0000051   4.0536E+01 -5.1312E+00 -7.2305E+01
0000052   1.9479E+02  1.3804E+02 -1.3057E+02
0000053   2.1108E+02 -1.6615E+02  4.0911E+01
0000054   3.2917E+02  1.2970E+02 -1.1983E+02
0000055   3.2383E+02  5.3970E+01  6.7195E+01
0000056   2.4372E+02  1.4828E+02 -8.7594E+01
0000057   1.5540E+02 -1.2429E+02 -2.0874E+01
0000058   5.7798E+01  1.1373E+02  7.6751E+00
0000059   2.3589E+01 -1.5061E+02 -1.0506E+01
0000060   5.0231E+02 -6.2697E+01  2.8799E+01
0000061   4.6509E+02  7.1484E+01  3.0731E+01
0000062   2.8322E+02 -3.3465E+01 -1.2799E+02
0000063   2.5781E+02 -2.1450E+02  6.2579E+01
0000064   1.0062E+02  8.0932E+01 -1.5694E+02
0000065   1.4387E+02  7.7422E+01  5.1055E+01
0000066   8.1750E+01 -8.0811E+01  8.8350E+01
0000067   5.2796E+02  1.0079E+02 -1.1633E+02
0000068   3.0027E+01  1.0086E+01 -1.2764E+01
0000069   3.1290E+02 -1.4173E+02  1.6005E+00
0000070   1.9593E+02 -4.2706E+01 -2.4471E+01
0000071   1.4595E+02  1.1050E+02  1.7614E+02
0000073   2.5727E+02 -4.5411E+01  1.6695E+02
0000074   6.7762E+01 -1.0776E+02 -1.0859E+02
0000075   1.2520E+02  1.1433E+02  9.5735E+00
0000076   2.0523E+02 -7.1099E+01  6.6050E+01
0000077   1.4588E+02  1.4733E+02  1.7564E+02
0000078   2.7631E+02 -6.6540E+01  2.1707E+01
0000081   1.7191E+02 -1.2324E+01  1.0513E+02
0000082   2.7650E+02 -1.4486E+02 -1.0688E+02
0000083   1.7651E+02  1.4222E+01  2.1232E+02
0000084   7.8909E+00 -2.6675E+02 -3.1546E+02
0000085   1.3880E+02  2.4218E+02 -1.1322E+02
0000086   3.3940E+02  9.6131E+01 -8.9353E+01
0000087   2.7858E+02 -7.5492E+01 -1.1931E+01
0000088   2.8241E+02 -1.8866E+02  1.6397E+02
0000089   1.6299E+02  7.9496E+01 -8.5101E+01
0000090   7.6140E+01  2.5915E+01  3.4398E+02
0000091   3.7172E+02 -4.4775E+01  1.8569E+02
0000092   1.1354E+02 -1.1160E+02 -1.2369E+02
0000093   2.4203E+02  4.0193E+01  1.6487E+02
0000094   1.9349E+02 -1.6335E+01 -6.0089E+00
0000095   2.7789E+02  2.6912E+01 -1.9975E+02
0000096   7.8316E+01  2.7874E+02 -1.3046E+02
0000098   2.2582E+02 -5.2012E+01  2.2261E+01
0000099   1.9597E+02  1.1203E+02 -9.6653E+01
0000100   2.2185E+02  1.3221E+02  4.1943E+01
0000101   2.9243E+02 -6.4546E+01  7.7614E+01
0000102   2.8918E+02  5.6837E+01  9.3224E+01
0000103   1.3841E+02 -1.5230E+01  8.7261E+01
0000104   1.5547E+02 -5.2911E+01  2.9585E+01
0000105   2.3896E+02  7.4075E+01  4.0495E+01
0000106   2.2454E+02  1.4478E+02 -1.9025E+02
0000107   2.0741E+02  7.1318E+01  9.6968E+01
0000108   8.4247E+01 -1.0023E+02  1.0737E+02
0000109   3.2205E+02 -1.3404E+02 -2.9816E+02
0000110   1.2894E+02 -1.5907E+02 -6.3922E+00
0000111   3.5646E+02 -1.1973E+02 -2.0731E+02
0000112   4.0966E+02  1.5582E+02 -7.3451E+01
0000113   1.4612E+02 -1.7118E+02  1.3336E+02
0000114   1.6646E+02 -2.1059E+02  1.0087E+02
0000115   4.3215E+01 -1.2009E+02 -6.2560E+01
0000116   2.2546E+02 -6.0831E+01 -8.4518E+01
0000117   1.0697E+02  1.0964E+00 -8.0589E+01
0000119   1.3560E+02  4.2842E+00  3.7288E+01
0000120   3.7123E+02 -8.3685E+01 -1.1901E+02
0000121   1.8369E+02 -1.6639E+02 -6.0478E+01
0000122   1.2407E+02 -1.6354E+01 -5.3274E+01
0000123   2.6084E+02  1.0648E+02 -2.0855E+02
0000124   1.3714E+02 -4.8846E+01 -7.9347E+01
0000125   3.4883E+02  1.2677E+02 -1.7684E+01
0000126   3.6533E+02 -1.0758E+02  1.8125E+02
0000127   6.6996E+01  1.4862E+01  7.9951E+01
0000128   1.6809E+02  7.1223E+01  2.7460E+02
0000129   2.0950E+02 -1.8640E+02 -7.9824E+01
0000130   1.1949E+02 -1.3492E+01 -7.7193E+01
0000131   5.4361E+02  5.1351E+01  2.4445E+01
0000132   3.9776E+02  2.3635E+02 -3.6648E+01
0000133   6.8979E+01  1.2114E+02 -1.6047E+02
0000134   5.5478E+01 -3.2617E+01 -1.0236E+02
0000135   6.3715E+01 -8.9690E+01  3.8272E+02
0000136   2.2858E+02 -6.5021E+01 -1.3201E+02
0000137   2.0996E+02  9.5096E+00  1.0639E+02
0000140   1.2724E+02  3.3593E+01 -1.5778E+02
0000141   2.2332E+02 -1.0919E+02 -1.6248E+02
0000142   1.9258E+02  1.1130E+01  2.5904E+01
0000143   1.6009E+02 -2.8173E+01 -1.4677E+02
0000144   1.9831E+02  7.4104E+01  8.6961E+01
0000145   2.7923E+02  7.0758E+01 -1.0529E+02
0000146   2.2471E+02  9.5766E-01 -2.4903E+01
0000147   1.4735E+02  9.2128E+01 -2.1254E+02
0000148   2.9411E+02  8.3140E+01  3.6035E+01
0000149   2.5007E+02 -1.4910E+02  1.9237E+02
0000150   2.5105E+02 -1.3477E+02  1.9024E+01
0000151   1.7184E+02  1.3682E+02 -8.6930E+01
0000153   3.2412E+02  2.1908E+02  7.5821E+01
0000154   2.1054E+02 -3.3014E+01  2.2045E+02
0000155   2.0263E+02  9.4179E+00  3.8726E+01
0000156   8.6099E+01 -6.8967E+01 -2.3534E+01
0000157   1.4880E+02  3.4835E+01  6.9507E+01
0000158   3.1395E+02 -1.6913E+02 -1.1710E+02
0000159   2.0421E+02 -3.1211E+01 -1.7405E+01
0000160   3.8516E+02 -3.7796E+01  6.4887E+01
0000161   1.5346E+02 -1.9021E+01  9.3310E+00
0000162   7.9634E+01 -2.2336E+02 -1.0831E+01
0000163   2.2836E+02 -1.4766E+02  1.6434E+02
0000164   1.9013E+02  1.2380E+02 -1.3426E+02
0000165   1.4175E+02  1.6833E+01 -2.2039E+00
0000166   3.2731E+02  6.9941E+00  1.6028E+02
0000167   1.5307E+02 -1.0710E+02  9.8449E+01
0000169   6.9987E+01  4.7523E+00  4.1658E+01
0000170   6.5708E+01  9.8126E+01  4.3858E+01
0000171   3.1405E+02  2.7787E+01  1.2794E+02
0000173   2.0768E+02 -1.9021E+00  1.5600E+02
0000174   8.3057E+01  4.3009E+01  1.8105E+02
0000175   3.0325E+02  1.3735E+00 -1.0240E+02
0000176   1.5958E+02  1.1482E+01  1.4618E+02
0000177   8.4154E+01  1.0126E+02 -1.1056E+02
0000178   1.7314E+02  1.2718E+02  1.5170E+02
0000179   3.0162E+02 -6.6288E+01 -3.0282E+02
0000180   1.6485E+02 -9.5357E+01  1.3130E+02
0000181   4.1102E+02 -1.6423E+01  9.1732E+00
0000182   8.9629E+01  9.0581E+00 -5.7737E+01
0000183   5.2123E+01 -2.7613E+02 -1.9159E+02
0000184   8.6277E+01  1.2922E+02  1.2617E+02
0000185   1.6409E+02 -2.6063E+02 -6.5061E-01
0000186   1.8843E+02 -1.7639E+01 -8.1588E+01
0000187   3.7691E+01  2.7637E+01 -4.9307E+01
0000188   1.4509E+02 -4.0695E+00  2.5007E+01
0000189   8.1175E+01  1.0152E+02  2.0371E+01
0000190   3.6010E+02 -1.5074E+02  3.9616E+02
0000191   3.3835E+02  1.7180E+02 -3.3623E+02
0000192   4.1749E+02  2.0130E+01 -8.0407E+01
0000193   1.6276E+02  7.4299E+01  1.5235E+02
0000194   2.6301E+02 -3.1456E+01  9.3854E+01
0000195   4.2664E+01 -7.9608E+01 -1.4029E+02
0000196   3.7098E+02 -2.9496E+01 -1.9671E+02
0000197   1.8945E+02  1.4526E+02  8.9310E+01
0000198   3.0338E+02  1.0502E+01 -1.4410E+02
0000200   7.3731E+01 -1.2293E+02  1.4859E+02
0000201   1.4700E+02 -3.4272E+02 -7.2595E+01
0000202   3.9308E+01  4.2852E+01 -2.2490E+01
0000203   3.8166E+02  2.3552E+02  2.8934E+01
0000204   5.1982E+00  4.4969E+00  6.3821E+01
0000205   2.8838E+02  3.8218E+02  2.0263E-01
0000206   3.6448E+02  3.8455E+01 -7.6567E+01
0000207   1.3479E+02 -7.4434E+01  1.5626E+01
0000208   2.7756E+02  7.2038E+01  1.2541E+02
0000209   3.0193E+02  2.8483E+01  1.5035E+02
0000210   1.7729E+02 -1.7999E+02 -5.1806E+01
0000211   8.6370E+01  9.0449E+01 -2.5226E+01
0000213   8.8173E+01  1.3994E+02  1.1112E+02
0000214   1.7035E+02  4.6923E+01 -2.3225E+00
0000215   2.9652E+02 -9.8916E+01  5.4888E+01
0000216   2.0538E+02  7.5449E+01 -1.6000E+01
0000217   1.4834E+02 -1.6719E+01 -3.0817E+01
0000218   2.5781E+02  5.7746E+00  5.7461E+01
0000219   3.0170E+02  1.2552E+02  6.9060E+01
0000220   9.5709E+01  7.9231E+01 -5.8673E+01
0000221   3.3794E+02  2.1289E+01 -1.0915E+02
0000222   2.4425E+02 -8.4196E+01 -7.3287E+01
0000224   2.6440E+02  1.9232E+01  3.0687E+02
0000225   3.2864E+02  9.8507E+01  1.2548E+01
0000226   3.7627E+01 -1.8011E+01  2.7567E+01
0000227   2.2028E+02  1.9427E+02  8.5685E+01
0000228   2.7906E+02  1.2515E+02  1.9266E+02
0000229   2.5561E+02  8.2360E+01  3.9514E+01
0000230   1.1808E+02  1.5806E+02 -3.4205E+01
0000231   2.0329E+02  6.8587E+01 -2.5748E+02
0000232   2.2903E+02 -1.5758E+02 -1.9186E+02
0000233   4.0567E+01 -7.7771E+01  1.9859E+02
0000234   2.2869E+02  9.9855E+01 -2.1094E+02
0000235   2.4909E+02  5.4702E+01  1.2609E+02
0000236   1.0373E+02 -2.4476E+02 -8.8583E+01
0000237   2.2894E+02 -9.2811E+01  6.0149E+01
0000238   5.1204E+01  9.0876E+01 -1.8299E+02
0000239   2.6201E+02 -3.2397E+01  1.4543E+02
0000240   2.3442E+02 -1.2104E+02 -1.9030E+02
0000241   2.9463E+02  2.5706E+01 -2.1322E+02
0000242   3.6204E+01 -2.1672E+02 -3.3006E+01
0000243   2.8789E+02  1.2630E+02 -1.7250E+02
0000244   6.8541E+01  2.6259E-01  1.9958E+01
0000245   8.1833E+01 -1.0418E+02  1.1222E+02
0000246   2.3532E+02 -1.3397E+02  3.2723E+00
0000247   4.7914E+01  2.2927E+02 -1.1355E+01
0000248   1.2687E+02  1.0291E+02 -2.2132E+02
0000249   2.8735E+02  7.4794E+00  1.3715E+02
0000250   2.9047E+02 -1.8198E+02 -4.3830E+00
0000251   2.6446E+02 -1.4066E+02  2.0933E+02
0000252   1.2269E+02  1.5799E+02  2.5485E+02
0000253   2.6581E+02  3.6739E+01  1.1531E+02
0000254   1.8693E+02 -5.5602E+01 -4.9813E+01
0000255   2.2040E+02 -7.3421E+01 -2.5387E+02
0000256   1.9635E+02  3.4315E+01  1.4862E+02
0000257   7.5758E+01  1.1099E+02 -5.2928E+01
0000258   1.5485E+01  3.1028E+02 -3.0718E+02
0000260   2.4895E+02  1.4818E+02 -2.0630E+02
0000261   6.0525E+01 -2.6750E-01 -3.7884E+01
0000262   4.1924E+02 -3.1767E+02 -2.0144E+02
0000263   1.4713E+02 -3.6217E+01 -1.8998E+01
0000264   7.8731E+01  7.4430E+00  7.7769E+00
0000265   4.4715E+02  9.2166E+01 -6.1826E+01
0000266   2.6905E+02 -9.3386E+01 -2.6695E+01
0000267   2.6807E+02  3.2362E+00 -9.6838E+01
0000268   1.2282E+02 -3.8492E+01  7.4214E+01
0000269   2.4652E+02  8.9700E+01 -1.2586E+02
0000270   8.1991E+01  8.6919E+01 -1.7404E+01
0000271   1.8564E+02 -3.4923E+01 -1.0819E+02
0000272   2.2909E+02 -3.6998E+01 -6.5589E+00
0000273   9.4924E+01  1.3064E+02  1.1599E+02
0000274   9.5762E+00  9.7312E+00 -1.7456E+02
0000275   1.3871E+02  1.0334E+02  1.2432E+02
0000276   1.2769E+02  2.1180E+01  9.1467E+01
0000277   4.3935E+02  6.6116E-01 -1.2108E+02
0000278   1.4072E+02  2.9311E+01  2.1720E+02
0000279   6.0493E+01 -2.4505E+02  1.3767E+02
0000280   1.9519E+02 -1.5991E+02 -1.0354E+02
0000281   3.0763E+02  1.3965E+02  1.5181E+02
0000282   1.8393E+02 -2.5178E+02  1.3291E+02
0000283   4.2513E+02  5.6085E+01  1.3324E+02
0000284   3.5712E+02  5.8289E+01 -8.5182E+01
0000285   2.7339E+02  1.9136E+02  1.2560E+02
0000286   4.5862E+01 -1.6373E+01 -3.3078E+01
0000287   3.5212E+02  8.7390E+01 -1.3389E+01
0000288   2.7795E+02 -7.5255E+01  4.1282E+01
0000289   1.1531E+02 -1.9085E+02  1.5939E+02
0000291   1.3531E+02 -4.3624E+01 -8.9311E+01
0000292   2.3542E+02  1.0209E+01  1.4785E+02
0000293   2.0610E+02  4.7539E+01 -3.6527E+01
0000294   1.6733E+02  4.3646E+01  1.6806E+02
0000295   2.4861E+02  9.7419E+01  5.6023E+01
0000296   2.2647E+02 -4.0073E+01 -1.4434E+02
0000297   1.7777E+02  1.5772E+01 -1.5391E+02
0000298   3.5500E+02  1.4076E+01  2.3186E+02
0000299   3.0117E+02 -4.5664E+01  5.5986E+01
0000300   1.7210E+02 -1.8081E+01  1.9760E+02
0000301   1.5318E+02  2.1675E+02 -9.3339E+01
0000302   2.7651E+02 -1.1213E+02  1.8070E+02
0000303   2.0696E+02 -1.4325E+02 -1.0444E+02
0000304   1.9541E+02 -1.6141E+02 -1.1303E+02
0000305   1.0907E+02  1.0585E+01  8.3585E+01
0000306   2.6071E+02  1.4414E+02  4.6569E+01
0000307   1.0833E+02 -3.3370E+01  1.6366E+02
0000309   2.9800E+02 -1.5751E+02 -3.5165E+00
0000310   2.9123E+02 -2.2879E+02  3.8254E+01
0000311   1.4607E+02 -2.0730E+01 -1.5593E+02
0000312   3.0212E+02  6.2795E+01 -1.2312E+02
0000313   8.4799E+01 -4.1830E+01  8.2793E+01
0000314   1.9894E+02 -1.3487E+01 -7.5245E+01
0000315   6.8045E+01  2.4013E+02 -3.0001E+01
0000316   5.4826E+01 -4.5980E+01  2.2605E+02
0000317   1.3981E+02  1.5358E+02 -5.6412E+01
0000318   3.4991E+02 -1.2383E+02 -3.4467E+01
0000319   1.3110E+02  2.8830E+02 -8.4577E+00
0000320   3.1991E+02  3.3661E+01 -2.0281E+01
0000321   1.9889E+02  1.7899E+02 -2.4192E+01
0000322   4.3404E+01  8.4622E+01 -5.1879E+01
0000323   4.9772E+01  6.7387E+01  1.6108E+02
0000324   1.1865E+02 -2.6517E+02 -1.0989E+02
0000325   2.0518E+02  7.8829E+01 -1.0125E+02
0000326   2.6897E+02  2.0456E+02 -1.1917E+02
0000327   4.0235E+02 -1.1630E+02 -2.8392E+02
0000328   1.8222E+02 -8.9290E+01 -6.3774E+01
0000329   1.2659E+02 -1.3452E+02 -2.2789E+02
0000330   2.3433E+02  7.3061E+01 -1.3843E+02
0000331   2.8486E+02 -2.6298E+01 -6.7882E+01
0000334   7.7955E+01  2.1289E+02  2.7230E+01
0000335   3.6062E+02  4.5531E+00 -4.9909E+00
0000337   2.2152E+02 -9.0863E+01 -7.9500E+01
0000338   1.6577E+02 -6.3562E+00  5.4918E+01
0000339   9.2604E+01  1.3177E+02 -3.4139E+01
0000341   1.1922E+02 -2.2815E+01 -6.2619E+01
0000342   3.9642E+02 -2.9060E+01  6.5022E+01
0000343   3.9715E+02  1.3475E+00 -7.5328E+00
0000344   1.7027E+02  6.5189E+01  1.3729E+02
0000345   2.0906E+02  6.8944E+01 -9.0068E+01
0000346   2.9359E+02 -1.8565E+02  1.4775E+01
0000347   1.9389E+02  2.0632E+02 -1.1837E+02
0000348   2.0641E+02  1.0951E+02 -1.3810E+02
0000349   1.6632E+02  1.7735E+02 -2.1322E+02
0000350   1.5320E+02  9.2041E+01 -1.5437E+02
0000351   1.1181E+02 -1.0412E+01 -2.5637E+01
0000352   3.3258E+02 -2.1897E+02  4.2841E+01
0000353   3.0008E+02 -7.9729E+01  1.1424E+01
0000356   1.6219E+02  1.1858E+02 -9.6052E+01
0000357   1.9010E+02 -1.4644E+02  5.4309E+01
0000358   1.7919E+02  3.1408E+01  1.0747E+02
0000359   2.3097E+02  2.9949E+02  1.3785E+02
0000360   3.1963E+02 -1.0698E+01 -6.6615E+01
0000361   2.7784E+02 -2.7527E+02 -1.0466E+02
0000362   1.9352E+02 -7.7618E+01  7.2282E+01
0000363   4.5876E+02 -1.9139E+01  6.0490E+01
0000364   3.5368E+02 -9.2270E+01  5.2933E+01
0000365   1.4416E+02  6.3429E+01  1.8309E+02
0000366   1.8945E+02  5.0082E+01  6.0861E+01
0000367   2.6590E+02  1.1077E+02  4.9943E+01
0000368   1.8674E+02 -2.8866E+01 -2.2505E+02
0000369   1.4708E+02 -8.1383E+01 -7.4561E+01
0000370   1.7346E+02  7.0482E+01 -1.0712E+02
0000371   3.0605E+02 -1.3814E+02  1.2553E+02
0000372   1.7765E+02  3.7587E+01  3.4453E+02
0000373   1.2435E+02 -1.3313E+02 -1.6002E+02
0000374   2.3486E+02 -8.7557E+01 -3.7392E+01
0000375   3.7031E+02 -7.3412E+01 -9.9482E+01
0000376   1.8776E+02  1.1001E+02 -1.0623E+02
0000377   8.3080E+01  3.7761E+01  7.5851E+01
0000378   4.3802E+01  1.2179E+02  6.4808E+00
0000379   3.3010E+02  1.5380E+02 -1.3808E+01
0000380   5.1535E+01 -2.2151E+01 -4.7551E+01
0000381   1.5301E+02  1.7653E+02  1.0318E+01
0000382   2.3568E+02  4.0035E+01 -5.3968E+01
0000383   1.7145E+02  2.5488E+01  1.9722E+02
0000384   1.7773E+02  9.6928E+01  3.5173E+01
0000385   5.0850E+01 -1.6708E+00  1.1273E+02
0000386   7.0798E+01  1.2730E+02 -9.0571E+01
0000387   4.0312E+02 -1.1473E+02  1.3479E+02
0000388   5.2421E+02  1.0167E+02  3.0116E+01
0000389   1.2980E+02  6.3530E+01  1.6223E+02
0000390   1.5754E+01  2.1412E+01  2.6016E+02
0000391   3.1478E+02 -1.9831E+02  9.7713E+01
0000392   2.6608E+02 -3.9540E+01 -8.7985E+01
0000393   2.0897E+02 -9.7811E+01  2.0493E+02
0000394   6.9630E+01 -4.6913E+00 -4.0308E+01
0000395   7.3128E+01  9.2254E+01  1.3188E+02
0000396   1.1258E+02 -1.2796E+01 -4.9145E+01
0000397   8.4444E+01 -8.9048E+01  1.3581E+02
0000398   9.3318E+01 -2.6118E+02 -3.0639E+01
0000399   7.0386E+01  7.5627E+01  2.1323E+01
0000400   8.2280E+01 -1.4791E+02  1.6866E+02
0000401   1.2408E+02  2.3919E+02 -1.9834E+02
0000402   7.8742E+01  5.3224E+01 -1.0405E+02
0000403   4.2941E+01  9.2035E+01  1.2667E+02
0000404   3.1246E+02 -1.5430E+01  2.0974E+02
0000405   1.4719E+02  6.8498E+01  2.7752E+01
0000406   1.1026E+02  9.0151E+01  5.9436E+01
0000407   2.9316E+02  1.6190E+02  6.2024E+01
0000408   7.3132E+01 -1.8316E+01 -1.3140E+02
0000409   1.7641E+01  4.1972E+02  1.3182E+02
0000410   8.9948E+01 -1.3940E+02  1.4161E+02
0000411   7.3162E+01 -7.9081E+00 -2.0072E+01
0000413   1.7224E+02  2.4152E+02  1.7810E+01
0000414   2.2635E+02 -9.5312E+00 -1.5698E+02
0000415   3.7950E+02  1.8464E+02  2.6677E+02
0000416   2.1099E+02  4.1513E+01  1.6210E+01
0000417   2.1936E+02 -5.9031E+01  5.0610E+01
0000418   2.4523E+02 -1.4118E+02 -4.9379E+00
0000419   3.5226E+02 -7.7954E+01  1.9401E+01
0000420   4.0924E+02  1.8865E+02 -1.3972E+02
0000421   1.8763E+02 -7.4602E+00 -5.5331E+01
0000422   2.8747E+02 -1.3591E+02 -7.7400E+01
0000423   1.9165E+02 -6.8288E+01  1.3389E+02
0000424   1.2174E+02 -1.8607E+02  1.5226E+02
0000425   4.5877E+01  5.6824E+01  7.1887E+01
0000426   9.1632E+01 -5.2801E+01  7.2092E+01
0000427   9.8837E+01  1.4397E+01  8.9357E+01
0000428   3.2757E+02 -9.8942E+01  1.3840E+02
0000429   5.9005E+01  1.8151E+02  2.7116E+02
0000430   2.5186E+02  1.8748E+02  8.3600E+01
0000431   2.0884E+02  2.4852E+02 -2.4088E+01
0000432   2.2598E+02 -1.2255E+01 -1.3965E+01
0000433   1.1548E+02 -1.2959E+02 -2.4745E+01
0000434   1.9021E+02  3.6132E+01  7.4681E+01
0000435   3.3960E+02  1.4367E+02  1.2096E+02
0000436   3.4441E+02  2.7261E+01 -8.2488E+01
0000437   3.2288E+02 -3.4694E+01  3.4184E+00
0000438   1.0719E+02 -6.3233E+01  7.6630E+00
0000439   2.1633E+02 -2.4094E+02  7.2700E+01
0000440   2.3110E+02  8.1844E+01  1.1042E+02
0000441   1.5208E+02 -1.0891E+02  3.5485E+01
0000442   9.2804E+01  1.5556E+00  6.7631E+01
0000443   1.3138E+01  1.3087E+02 -3.6707E+01
0000444   2.1798E+02  7.5362E+01 -2.5196E+00
0000445   1.0242E+02 -1.6203E+02 -5.9624E+01
0000446   4.1599E+01 -1.3752E+02 -1.0485E+02
0000447   2.0375E+02 -6.7226E+01  2.2641E+02
0000448   1.2913E+02  8.7810E+01 -3.4325E+01
0000449   3.7936E+02  4.7435E+01 -1.9494E+02
0000450   3.3053E+02 -1.1305E+02  1.4885E+02
0000451   2.4319E+02  5.1007E+01  4.0905E+01
0000452   2.0762E+02  1.5188E+02  2.4787E+02
0000453   2.6774E+02  1.0593E+02  8.3146E+01
0000454   4.3345E+02  1.7510E+02 -6.3083E+01
0000455   2.7014E+02 -7.4385E+01  4.4562E+01
0000456   2.8987E+02 -1.7002E+02  1.0843E+02
0000457   2.6510E+02  6.7622E+01 -1.9326E+01
0000458   1.9307E+02 -6.8187E+01  1.2097E+02
0000459   2.6522E+02  2.2897E+02 -1.3623E+02
0000460   2.6180E+02 -2.8055E+01  4.3423E+01
0000461   1.6293E+02 -6.5700E+01 -9.6738E+01
0000462   5.6806E+01  7.3515E+01 -8.4106E+01
0000463   1.5219E+02  5.2845E+01 -3.9244E+01
0000464   4.2615E+02  1.0693E+02 -1.7049E+02
0000465   1.2269E+02  1.9001E+02  4.9737E+01
0000466   6.8791E+01  6.6101E+01 -5.2250E+01
0000467   1.4194E+02  8.8239E+01 -1.8092E+02
0000468   1.3622E+02  2.0018E+02  1.5169E+02
0000469   1.4352E+02 -1.6259E+02 -1.6946E+01
0000471   3.8439E+02  1.3805E+02 -5.2419E+01
0000472   1.6771E+02  5.5489E+01 -3.9633E+01
0000473   1.6070E+02  3.0706E+01 -4.1932E+01
0000474   1.8213E+02 -5.3826E+01  5.4374E+01
0000475   2.9115E+01  6.6030E+01  3.4377E+01
0000476   8.0558E+01  1.9315E+02  8.1599E+01
0000477   3.1165E+02  3.9291E+01 -2.1161E+02
0000478   2.7999E+02  6.7169E+01 -6.4736E+01
0000479   3.7324E+02 -1.7223E+01 -7.9023E+01
0000480   4.1912E+01 -7.3827E+01  9.5904E+01
0000481   5.2189E+02  2.8939E+02 -1.1415E+02
0000482   3.5937E+02 -2.1380E+01 -2.0914E+02
0000483   1.5040E+02  3.2991E+01 -6.1361E+01
0000485   1.8639E+02  1.9347E+02  9.1900E+01
0000486   1.9395E+01  3.0827E+02 -8.8288E+01
0000487   2.8766E+02 -9.0942E+01 -9.4415E+01
0000488   6.8634E+01 -1.6850E+02  7.7533E+00
0000489   1.2312E+02 -4.5516E+01 -1.9443E+01
0000490   9.2235E+00  8.3627E+01 -5.1746E+01
0000491   1.0931E+02  8.4947E+01 -1.7815E+01
0000492   1.6658E+02 -8.7636E+01  8.8363E+01
0000493   2.2350E+02 -2.4487E+02 -2.1557E+02
0000494   1.6389E+02 -1.2723E+02 -5.4273E+01
0000495   4.5955E+02  5.1681E+01 -2.8785E+02
0000496   1.3776E+02  9.8443E+01  2.8229E+01
0000497   1.4752E+02 -1.5506E+02  7.0012E+01
0000498   1.8301E+02  3.9547E+00 -1.0183E+02
0000499   3.4817E+02 -2.0210E+02 -7.1749E+01
0000500   1.4773E+02 -7.5266E+01 -1.6414E+02
0000501   9.8157E+01  1.6679E+01  7.1098E+01
0000502   3.0976E+02  1.1424E+01  1.4961E+02
0000503   1.4389E+02 -7.2461E+01  1.8127E+01
0000505   1.9271E+02 -4.2763E+01 -4.9628E+01
0000506   2.4454E+02  1.7331E+01  3.8186E+01
0000507   1.7360E+02 -3.0338E+01  5.1683E+01
0000508   6.8870E+01 -9.9551E+00  2.9084E+01
0000509   9.6037E+01 -2.6974E+02  6.6433E+01
0000510   2.1286E+02 -1.5039E+02  6.0870E+01
0000511   2.6687E+02 -1.8196E+02  6.0912E+01
0000513   3.1465E+02 -3.8477E+01 -6.9703E+01
0000514   3.1221E+02  1.5629E+02 -2.6814E+01
0000515   2.8152E+01  1.1758E+02 -2.1751E+02
0000516   1.9781E+02  1.2477E+02  1.4871E+02
0000517   5.0856E+02  6.8943E+01  3.5297E+01
0000518   1.7872E+02  1.9153E+02  4.2503E+00
0000519   1.7401E+02 -2.3441E+02 -3.5613E+01
0000520   5.1494E+02 -1.0154E+02  4.6043E+01
0000521   3.2127E+02 -5.4887E+01 -9.9759E+01
0000522   3.7063E+02  7.0008E+00  6.1629E+01
0000523   1.8507E+02 -7.7314E+00 -4.5067E+01
0000524   2.0301E+02  2.3005E+02  1.4509E+02
0000525   2.3310E+02 -1.4203E+02 -8.5833E+01
0000526   3.0354E+02 -3.4523E+01 -7.3467E+01
0000527   1.2398E+02  7.1024E+01  1.1564E+02
0000528   9.9953E+01 -1.2096E+02  2.1891E+02
0000529   3.3970E+02 -1.3602E+02 -1.3473E+01
0000530   5.7359E+01 -2.1711E+02 -1.3280E+02
0000531   2.6897E+02  1.1348E+02  3.2911E+01
0000532   1.6331E+02  8.9732E+01 -8.1988E+01
0000533   2.6687E+02  1.2803E+02  1.7002E+00
0000534   3.4110E+02 -1.7467E+02  2.6474E+01
0000535   1.5666E+02  1.7418E+02  3.3673E+01
0000536   9.0633E+01 -3.2718E+01  1.3983E+02
0000537   1.9857E+02 -3.5505E+01 -2.5622E+01
0000538   3.4060E+02 -1.6980E+01 -1.2073E+02
0000539   4.1895E+02  1.4280E+02 -1.5051E+02
0000540   2.5535E+02  7.0090E+01 -5.0523E+00
0000541   5.6798E+01 -7.1135E+01 -7.7386E+01
0000542   2.4532E+02 -1.3052E+02 -8.1682E+01
0000543   2.4819E+02 -1.1066E+02  1.8702E+02
0000544   3.0578E+02  1.1498E+02 -1.4814E+02
0000545   2.5720E+02 -5.8856E+01 -7.1920E+01
0000546   1.9573E+02 -1.8321E+02 -6.0327E+00
0000547   2.8568E+02 -9.0666E+01 -9.6403E+01
0000548   4.3222E+02 -1.8487E+02  6.5113E+01
0000549   3.5214E+02 -5.4782E+01  1.4418E+02
0000550   3.8335E+02  6.2018E+01  2.9178E+02
0000551   3.9500E+02 -5.3838E+01 -1.0261E+02
0000552   1.2695E+02  1.2522E+02  9.8196E+01
0000553   2.4465E+02 -5.0975E+01 -1.4018E+02
0000554   1.3768E+02  2.0851E+01  8.1850E+01
0000555   4.1282E+02 -1.3473E+02  4.7273E+01
0000556   2.7958E+02  4.4462E+01 -1.7150E+01
0000557   3.6214E+02  2.9713E+01 -3.0939E+01
0000558   1.2789E+02 -2.3225E+01  1.1334E+02
0000559   1.7481E+02 -4.4816E+01  7.4929E+01
0000560   3.7655E+02  1.8642E+02  5.6817E+00
0000561   1.4242E+02  1.3973E+02  7.3309E+01
0000562   1.3528E+02 -2.1811E+00 -3.3158E+01
0000563   1.6866E+01 -5.6988E+01 -2.0318E+02
0000564   1.9363E+02  6.3226E+01 -8.4200E+01
0000565   2.1205E+02  1.3253E+02  7.6983E+01
0000566   3.8029E+02 -2.6451E+00 -3.1021E+02
0000567   1.0145E+02 -2.0230E+02  4.7427E+01
0000568   9.2333E+01  1.4823E+02  1.4639E+02
0000569   2.9582E+02  5.9906E+01 -1.4230E+02
0000570   6.8827E+01  1.6958E-01 -2.8822E+02
0000571   2.1890E+02 -9.7745E+01  5.5546E+01
0000572   8.4841E+01 -3.9322E+01  1.3125E+02
0000573   6.3966E+01  6.2842E+01  2.5548E+01
0000574   2.2659E+02 -9.5304E+01 -2.6579E+02
0000575   1.8344E+02  3.6929E+01  2.0332E+01
0000576   3.5658E+01 -7.9817E+00 -2.3351E+02
0000577   4.1669E+02 -1.1105E+02  1.9598E+02
0000578   1.5594E+02  1.0690E+01 -4.9570E+01
0000579   3.6323E+02  6.7669E+01 -9.6603E+01
0000580   1.1847E+02 -1.3369E+02  1.4929E+02
0000581   3.2316E+02  7.2312E+01 -7.8695E+01
0000582   2.2507E+02 -5.6681E+01 -4.5119E+01
0000583   1.3755E+02  3.5804E+00  5.6894E+01
0000584   1.3341E+02 -8.6519E+01 -1.1213E+02
0000585   2.2093E+02 -2.5914E+02 -1.0431E+00
0000586   4.3692E+01  5.4091E+01  2.5031E+00
0000587   1.4796E+01 -1.6603E+02  1.3412E+02
0000588   6.5722E+01 -3.5628E+01  1.3201E+02
0000589   1.2276E+02 -1.1487E+01  2.4627E+00
0000590   1.6759E+02 -5.2157E+01  3.4436E+01
0000591   3.0597E+02 -8.7832E+01  2.8677E-01
0000592   1.5618E+02 -8.6497E+01 -1.8876E+02
0000593   1.8159E+02 -1.5025E+02 -1.4120E+01
0000594   2.0012E+02  2.0220E+02 -1.2859E+01
0000595   3.9318E+01  2.2409E+01  1.2139E+00
0000596   1.1817E+02  7.9198E+01 -5.8488E+01
0000597   1.3834E+02  6.6586E+01  8.2590E+01
0000598   2.7110E+02 -5.0166E+01 -9.7732E+01
0000599   4.1827E+02  9.7725E+01  2.6369E+02
0000600   1.9925E+02  5.0931E+01 -2.6293E+02
0000601   2.3357E+02  1.0559E+02  3.5034E+02
0000602   1.6277E+02  1.0655E+02  8.2725E+01
0000603   1.8146E+02 -2.1906E+02 -2.1732E+01
0000604   1.9867E+02 -9.2269E+01 -1.1954E+02
0000605   2.4742E+02  4.7638E+01 -1.8148E+02
0000606   2.5883E+02  4.6375E+01 -7.3722E+01
0000607   5.7952E+01 -1.1038E+02  1.7499E+02
0000609   1.3369E+02  1.1068E+02 -6.4025E+01
0000610   5.4102E+01  1.3406E+01  2.0215E+02
0000611   4.3684E+02 -3.0024E+02  4.8835E+01
0000612   2.0674E+02  2.9282E+01 -2.4913E+02
0000613   2.3363E+02 -9.7930E+01  2.4285E+02
0000614   1.6183E+02  3.7867E+01  9.9684E+01
0000615   2.6129E+02  5.7267E+01 -1.6522E+02
0000616   1.9590E+02 -1.1083E+02  2.2820E+01
0000617   2.3205E+02 -1.1990E+02 -3.0008E+02
0000618   1.7991E+02  8.3486E+01 -6.8797E+01
0000619   1.1935E+02 -5.3349E+01 -1.2286E+01
0000620   1.9602E+02 -6.4248E+01 -1.5795E+02
0000621   2.6486E+02  2.1305E+01  1.3669E+02
0000622   2.6394E+02 -1.3761E+02  1.1176E+01
0000623   2.0031E+02 -9.3947E+01  2.3196E+01
0000625   3.7578E+01 -1.2976E+02  1.2038E+02
0000626   4.6881E+02  1.0047E+02 -1.4484E+02
0000627   4.0755E+02  8.6356E+01  1.6864E+02
0000628   2.8788E+02 -8.4439E+01 -6.4475E+00
0000629   3.2113E+02 -2.8282E+01 -1.3444E+02
0000630   1.2949E+02  3.1374E+01 -6.8839E+01
0000631   9.4211E+01  6.3204E+01  7.0917E+00
0000632   5.5452E+01 -1.1977E+01  2.7359E+02
0000633   3.6443E+02  3.1111E+01 -1.7538E+02
0000634   3.8318E+02 -4.8382E+00  7.1257E+01
0000635   4.2730E+02  1.4299E+02 -1.7937E+01
0000636   2.7903E+02 -4.9018E+01 -1.7707E+01
0000637   1.3055E+02  1.0887E+02 -3.3035E+01
0000638   1.8919E+02  1.1974E+02 -1.1515E+02
0000639   1.0869E+02  1.6509E+02 -1.4560E+02
0000640   2.3807E+02 -5.1991E+00 -1.5737E+01
0000641   3.4609E+02 -8.6989E+01 -4.1667E+01
0000642   4.3446E+01 -1.2097E+01  5.3269E+01
0000643   2.2963E+02 -2.6064E+02  1.5148E+02
0000644   4.2084E+02  1.9494E+02  9.9242E+01
0000645   4.3017E+01  1.2300E+02 -1.1555E+02
0000646   3.5769E+02  6.5548E+01  1.1267E+02
0000647   2.7614E+02 -1.9171E+01  6.1745E+01
0000648   3.7629E+02 -6.5707E+01  9.1126E+01
0000649   3.1403E+02  2.0397E+01 -1.7420E+02
0000650   1.2110E+02 -4.0419E+01 -3.3455E+01
0000651   1.3862E+02  7.8400E+01  7.2784E+01
0000652   2.5682E+02 -1.4928E+02 -6.2064E+01
0000653   3.9154E+02 -1.7843E+02  1.5312E+02
0000656   2.3265E+02  5.0864E+01  1.0728E+02
0000657   3.3047E+02  2.3910E+02 -3.4670E+01
0000658   1.7288E+02  7.7582E+01  3.3177E+02
0000659   2.0320E+02  8.5329E+01 -1.8040E+02
0000660   3.1551E+02  6.3857E+01 -2.8734E+01
0000661   4.0607E+02  1.4144E+02 -1.5639E+01
0000663   1.7921E+02  5.1621E+01 -7.4665E+01
0000665   1.2879E+02  1.3609E+02 -2.2366E+02
0000666   1.4718E+02 -2.3518E+01  1.2574E+02
0000667   4.7964E+02  4.9125E+01  1.4832E+02
0000668   1.0049E+02  8.7916E+01  1.2737E+02
0000669   5.8780E+01 -1.4558E+02  1.1655E+02
0000670   1.9225E+02  2.9020E+01 -6.0939E+00
0000671   2.2829E+02  1.9710E+02  1.3505E+02
0000673   3.6764E+02  1.6890E+02 -1.5223E+02
0000674   3.1452E+02  1.7705E+02  1.3090E+02
0000675   4.6132E+01 -2.0274E+01 -1.9369E+01
0000676   3.0607E+02 -1.2342E+01  6.3218E+01
0000677   1.2889E+02 -3.1262E+01  4.5780E+01
0000678   4.3666E+02 -6.2459E+01 -1.3030E+02
0000679   2.6393E+02 -9.4121E+01  2.7053E+02
0000680   1.7811E+02  7.2894E+01  8.8668E+01
0000681   2.9294E+02  1.3719E+02  1.2341E+00
0000682   9.7232E+01 -1.5902E+02 -5.0268E+01
0000683   8.1253E+01 -9.3186E+00 -3.4529E+01
0000684   2.9637E+02  1.9308E+02 -4.7004E+00
0000685   4.7956E+01  1.1985E+02 -7.4350E+01
0000686   2.0026E+02  2.1955E+02 -4.9875E+01
0000687   3.0117E+02 -8.0475E+01 -3.6871E+01
0000688   2.6526E+02 -1.5542E+02  1.3904E+02
0000689   2.1554E+02  1.7954E+02  1.3160E+02
0000690   2.6298E+02 -1.3005E+02  3.9841E+01
0000691   2.5821E+02 -1.4614E+01  2.3155E+01
0000692   1.3839E+01  2.0573E+02 -1.1488E+02
0000693   2.2663E+02 -2.2456E+02 -6.4005E+01
0000694   1.7382E+02  1.4250E+02 -1.2034E+02
0000695   2.9124E+02 -1.7064E+02 -3.9479E+00
0000696   7.4196E+01  3.8252E+01  1.3869E+02
0000697   3.5969E+02 -2.1635E+02  5.4517E+01
0000698   2.0223E+02 -1.7542E+02 -4.7489E+00
0000699   2.6699E+02  1.0946E+02 -4.6962E+01
0000700   8.7384E+01  1.5437E+02  1.2598E+02
0000701   3.3663E+02 -2.1425E+02 -9.1820E+01
0000702   2.2746E+02 -1.6780E+02  8.3941E+00
0000703   2.7563E+02  4.3236E+00 -3.8501E+01
0000704   3.0637E+02 -1.9717E+02 -2.2231E+01
0000705   9.1399E+01 -2.4517E+01  1.4739E+02
0000707   1.1437E+02  1.5047E+02  1.3006E+02
0000708   2.4212E+02  1.1386E+02  4.7246E+01
0000710   1.9722E+02  6.6305E+01 -2.2028E+02
0000711   1.8610E+02  9.6194E+01  1.6706E+01
0000712   3.3100E+02 -1.5015E+02  1.8956E+02
0000713   2.9318E+02 -2.5719E+02  1.5425E+02
0000714   3.7089E+02  3.0335E+02  4.3070E+01
0000715   2.0088E+01  1.3770E+02 -8.4895E+01
0000716   1.0568E+02 -4.2270E+01  7.4139E+00
0000717   2.4321E+02  1.3217E+02  2.6126E+02
0000718   1.5287E+02  8.1004E+01 -1.6286E+02
0000719   2.2990E+02 -6.7992E+01 -2.6306E+02
0000720   4.1511E+02 -1.2667E+02  5.6324E+01
0000721   2.0742E+02  1.3949E+02 -1.3030E+02
0000722   3.0324E+02 -9.4148E+01 -1.2427E+02
0000723   2.7354E+02  5.9098E+01  6.1078E+00
0000724   2.1462E+01  2.7410E+02 -1.3012E+02
0000725   2.8556E+02 -4.0901E+01 -1.5795E+02
0000726   1.1820E+02  5.2714E+01 -7.9483E+00
0000727   1.3612E+02 -9.7462E+01  2.2035E+02
0000728   1.1446E+02  3.8978E+01  1.0286E+02
0000729   4.3737E+00 -3.7447E+01 -1.2678E+02
0000730   2.3205E+02 -2.5452E+01  7.3329E+01
0000731   1.4940E+02  1.4375E+02 -1.4123E+02
0000732   2.0632E+01 -1.0013E+02 -2.0048E+01
0000734   3.5523E+02 -1.0566E+02 -3.0529E+01
0000735   3.7011E+02  1.6739E+02 -2.3102E+02
0000736   1.1860E+02 -1.6259E+01  5.2324E+01
0000737   9.7002E+01  1.9452E+01 -1.4942E+02
0000738   2.1771E+02 -7.4848E+01 -8.4607E+01
0000739   1.1092E+02 -1.0745E+02  8.5188E+01
0000740   1.7500E+02 -2.4468E+01  3.8937E+01
0000741   2.5301E+02  6.3389E+01  1.8110E+02
0000742   5.2984E+02 -2.4541E+02  5.6762E+01
0000743   1.7507E+02 -3.6603E+02  5.5718E+01
0000744   8.6491E+01  4.7490E+01 -1.7740E+02
0000745   3.0091E+02  9.8947E+01 -1.2016E+02
0000746   2.3830E+02 -2.5042E+01  3.6331E+01
0000747   3.5385E+02 -3.6213E+01 -1.6213E+02
0000748   2.0149E+01 -1.0624E+02 -1.2609E+02
0000749   1.0095E+02  1.9491E+01  1.5903E+01
0000750   2.4814E+02 -3.1431E+01  9.4108E+01
0000751   3.3204E+02 -3.0863E+01 -4.0383E+02
0000752   2.5005E+02 -1.7316E+02 -7.9630E+01
0000753   3.8372E+02 -4.9753E+01 -6.3918E+01
0000754   3.2238E+02  1.0997E+02  2.8184E+02
0000755   8.7852E+01  8.6321E+01 -9.1238E+01
0000756   1.8112E+01 -1.6481E+02 -1.3733E+02
0000757   3.9190E+01 -2.2964E+02  1.9363E+02
0000758   1.4308E+02 -2.2593E+02 -1.1200E+02
0000759   1.3971E+02  3.4220E+01 -6.7411E+01
0000760   7.7858E+01  1.2049E-01  1.4840E+02
0000762   1.5969E+02 -3.0033E+02  1.8330E+02
0000763   1.9973E+02  3.5372E+00  7.4983E+01
0000764   1.2566E+02  1.8868E+02  1.5437E+02
0000765   2.2320E+02 -4.2015E+02 -2.1521E+02
0000766   3.0560E+02  2.2104E+02 -2.1869E+02
0000767   4.3496E+01  8.1263E+01  2.2784E+02
0000768   2.4745E+02  7.1946E+01  9.0515E+00
0000769   2.3654E+02 -1.6207E+01 -1.5539E+02
0000770   1.4656E+01  6.7871E+01 -3.6410E+02
0000771   2.2966E+02 -1.0444E+02  1.4689E+02
0000772   1.5019E+02 -1.3319E+02 -7.7472E+01
0000773   2.6708E+02 -1.0718E+02  9.2127E+01
0000774   7.1118E+01 -7.2209E+01 -1.3479E+02
0000775   9.6219E+01  4.7601E+01  3.0702E+02
0000776   2.4077E+02 -7.1434E+01 -1.2592E+02
0000777   1.2410E+02  5.5723E+01 -3.3025E+02
0000778   1.5103E+02  3.6061E+00 -2.0139E+02
0000779   9.7671E+01 -1.8514E+02 -4.6102E+01
0000780   1.4408E+02 -6.1602E+01  2.2336E+01
0000781   2.1168E+02  1.3116E+01  9.7521E+01
0000782   3.8619E+02  3.6220E+01  3.3096E+02
0000783   1.2335E+02  1.9249E+02 -1.3134E+02
0000784   2.7472E+02  3.7862E+01  1.5129E+02
0000785   2.3297E+02  7.7345E+01 -2.0345E+02
0000786   1.4258E+02 -1.8755E+02  6.3849E+01
0000787   1.1429E+02 -1.3377E+02  1.5836E+02
0000788   4.2394E+01  6.7046E+01 -1.1530E+01
0000790   4.3158E+02 -6.1479E+01 -3.4275E+01
0000793   1.3924E+02 -2.4491E+02 -2.1952E+02
0000794   2.5709E+02 -1.2235E+02  2.6696E+01
0000795   3.6069E+02 -6.0861E+01  6.9581E+01
0000796   1.8334E+02 -3.5195E+01  3.9288E+01
0000797   2.3577E+02 -2.6499E+01 -1.2547E+02
0000798   4.6701E+01 -5.1368E+01 -1.2680E+02
0000799   3.1515E+02 -4.6653E+01  7.8597E-01
0000800   1.9809E+02  1.5410E+02  2.6787E+01
0000801   4.6993E+02  1.2223E+01  1.4836E+02
0000802   1.4248E+02  1.7675E+02 -9.9548E+01
0000803   4.7497E+02  1.7207E+02 -1.3988E+01
0000804   2.1079E+02  1.0706E+02 -6.1105E+01
0000805   1.1928E+02  7.0300E+01 -6.7007E+01
0000806   3.4175E+02 -7.0865E+01 -8.8872E+01
0000807   4.3096E+02  8.1474E+00 -1.4868E+01
0000808   3.0232E+02  1.4153E+02  6.5876E+01
0000809   1.6076E+02  2.9349E+02 -1.1727E+02
0000810   2.2608E+01  7.2492E+01 -1.6818E+02
0000811   9.9316E+01  8.1349E+01 -1.2264E+02
0000812   3.6939E+02 -9.2383E+00  4.1469E+01
0000813   3.2050E+02 -2.1314E+02  8.9258E+01
0000814   3.3427E+00  2.0756E+01 -1.2749E+01
0000815   3.0890E+02  1.1508E+02  1.4634E+02
0000816   7.5832E+01 -3.7679E+01  4.3508E+01
0000817   3.6218E+02 -8.3714E+01  4.6497E+01
0000818   3.6221E+02 -1.3009E+02  2.6693E+01
0000819   2.8811E+02 -4.0694E+01  6.7751E+01
0000820   1.8307E+02  1.9249E+02 -6.3669E+01
0000821   3.2377E+02  1.1882E+02 -2.6933E+01
0000822   4.4251E+01 -1.1223E+02 -2.8118E+01
0000823   2.9019E+02 -1.5455E+02  2.0625E+01
0000824   3.1197E+02 -2.0007E+02 -3.7049E+01
0000825   3.2432E+02  1.0448E+02  5.0554E+01
0000826   2.0836E+02 -1.2862E+02  9.2883E+01
0000827   3.3699E+02  9.0508E+01 -1.1888E+02
0000828   3.1893E+02  7.1543E+01  3.5940E+01
0000829   1.9859E+02  1.8549E+02  5.4304E+01
0000830   3.5129E+01  2.4280E+01  3.1395E+02
0000831   2.1359E+02  1.7751E+02 -4.7562E+01
0000832   8.8450E+01 -8.9061E+01  7.6187E+01
0000833   2.4183E+02 -5.6424E-01 -2.9104E+02
0000834   2.1605E+02  4.1853E+01 -1.1419E+02
0000835   2.0953E+02  8.6253E+01  8.9857E+01
0000836   1.5910E+02  1.3056E+02  8.7587E+01
0000837   3.6199E+01  5.3569E+01 -1.8769E+02
0000838   3.4903E+02 -6.8555E+01 -2.7654E+02
0000839   8.0460E+01  1.0037E+02 -7.9491E+01
0000840   7.7478E+01  1.7709E+02 -1.9703E+02
0000841   2.0836E+02 -3.3367E+02 -3.1402E+02
0000842   2.4493E+02  8.2437E+00  3.1928E+01
0000843   1.3889E+02  1.3134E+02 -1.0681E+02
0000844   3.6960E+02 -1.5298E+01 -8.3021E+01
0000845   2.8239E+02  3.8198E+01 -1.0837E+02
0000846   2.2326E+02  2.6790E+02  2.1300E+02
0000847   1.1152E+02  2.0320E+01 -2.1317E+01
0000848   2.1893E+02 -6.7087E+01 -8.4352E+01
0000849   5.3037E+01 -1.3066E+00  4.5922E+01
0000851   4.1772E+02  4.0271E+01  6.6729E+01
0000852   1.5535E+02 -1.7257E+02 -6.3792E+01
0000853   6.9306E+01 -4.5695E+01  1.5571E+02
0000854   4.9220E+02  2.1603E+02 -1.1062E+02
0000856   1.5598E+02 -5.0045E+01  3.5267E+01
0000857   3.1231E+02  9.9814E+01 -2.0726E+02
0000858   2.8199E+02  3.5623E+01 -1.5875E+02
0000859   1.5096E+02  9.0199E+01  1.1597E+01
0000860   2.4205E+02  7.6217E+01 -1.3037E+02
0000861   3.3077E+02 -1.9253E+02  4.7177E+01
0000862   1.1246E+02 -2.0678E+02  9.6492E+01
0000863   3.8846E+02  1.4222E+02  1.9687E+01
0000864   5.6755E+01 -2.8714E+01 -2.8908E+01
0000865   1.4319E+02 -2.0594E+02 -1.3448E+02
0000866   8.1201E+01  7.8349E+01  4.2028E+01
0000867   1.9735E+02  5.7511E+00  7.2202E+01
0000868   1.9366E+02  1.9363E+02 -6.2806E+01
0000870   2.9859E+02  1.3085E+01  2.8124E+00
0000871   1.8492E+02  9.2495E+01 -1.1389E+02
0000872   4.8097E+01 -4.1955E+01  1.9885E+02
0000873   2.3402E+02 -2.2911E+02 -4.1170E+01
0000874   2.4646E+02 -8.6831E+01 -2.4680E+01
0000875   1.9411E+02  1.0253E+02  3.5113E+01
0000876   2.1541E+02  3.0894E+01  1.3353E+02
0000877   3.2759E+02 -3.4333E+01  1.0172E+02
0000878   8.8110E+01 -1.3537E+01  3.7156E+01
0000879   3.2642E+02  5.2901E+01  4.7657E+01
0000880   1.4568E+02  2.7216E+01  2.8766E+01
0000881   2.0620E+02  2.3027E+02 -8.0247E+01
0000882   1.9120E+02  4.0760E+01 -1.4941E+02
0000883   9.2504E+01  1.9613E+02 -8.9631E+01
0000884   6.0212E+01  2.8976E+00  2.1489E+01
0000885   2.0306E+02 -6.3051E+01 -2.3169E+01
0000886   1.8745E+02  6.2195E+01 -3.4234E+01
0000887   2.4117E+02  1.5561E+02 -9.8360E+01
0000888   3.1026E+02 -4.6013E+00 -8.5027E+01
0000889   2.3136E+02  1.2589E+02 -4.2315E+01
0000890   3.5293E+02 -1.4198E+02  7.2998E+01
0000892   1.3791E+02 -9.6312E+01  1.8419E+01
0000893   2.4024E+02  7.4013E+01  7.4226E+01
0000894   4.8962E+01  7.9308E+01  9.2619E+00
0000895   1.1509E+02  1.1626E+02 -1.5084E+02
0000896   4.6157E+02 -1.5967E+01 -9.9012E+01
0000897   8.4509E+01  6.9501E+00  3.9575E+01
0000898   1.6975E+02 -3.2595E+02  6.0545E+01
0000899   3.3904E+02 -1.1017E+02 -1.2484E+02
0000900   2.5276E+02 -1.7322E+02 -4.2429E+01
0000902   1.4565E+02 -5.8218E+01  1.2404E+02
0000903   1.2075E+02  8.3133E+00 -7.6343E+01
0000904   7.2424E+01  9.3062E+01  2.4034E+01
0000905   2.3861E+02 -8.2331E+01 -1.2813E+02
0000906   4.5534E+02 -4.0929E+01  7.6124E+01
0000907   2.6538E+02 -3.2467E+01  1.8492E+02
0000908   1.9688E+02  7.0684E+01 -1.2546E+02
0000909   1.8842E+02  1.0001E+02 -6.0015E+01
0000910   2.5732E+02  1.4766E+02 -3.3206E+01
0000912   1.0934E+02  5.4747E+01  1.7512E+02
0000913   1.5418E+02 -2.9594E+02 -2.2150E+01
0000914   3.3492E+02 -3.0632E+01  1.5406E+02
0000915   3.3247E+01 -1.1750E+02  1.4240E+02
0000916   2.5841E+01 -2.2898E+01 -1.0046E+02
0000917   2.8430E+02  1.8373E+01 -1.8373E+01
0000918   1.5091E+02  5.5425E+01  1.9873E+02
0000919   1.1637E+02  1.7440E+02  1.1011E+02
0000920   4.8338E+01 -1.9294E+02  1.1495E+02
0000921   1.7298E+02 -5.7083E+01  1.6397E+02
0000922   1.4519E+02  1.4961E+01  7.1554E+01
0000923   2.3189E+02 -1.8523E+02 -2.0838E+02
0000924   2.7562E+02 -1.8050E+02  2.3780E+01
0000925   1.8947E+02  2.0858E+02 -6.9847E+01
0000926   2.0583E+02  4.1618E+01  2.5751E+01
0000927   6.5086E+01  6.9467E+00  3.6886E+01
0000929   1.6550E+02  2.4943E+02  1.2810E+02
0000930   1.4321E+02 -1.6550E+02  3.8401E+01
0000931   2.3283E+02 -1.8068E+01 -2.5612E+01
0000932   2.4054E+02  8.3484E+01 -1.6909E+02
0000934   1.2201E+02  1.8610E+01  7.3137E+01
0000935   4.4354E+02  1.6864E+02 -9.4219E+01
0000936   3.6568E+02 -1.5171E+02 -9.9739E+01
0000937   2.8224E+02  2.1623E+02  1.2999E+02
0000938   2.1503E+02 -1.8746E+02  1.9409E+02
0000939   2.8834E+01 -1.3907E+02  2.4359E+02
0000940   2.2188E+02 -4.5969E+02  3.1290E-01
0000941   2.0734E+02 -1.9254E+02  1.1572E+02
0000942   1.1982E+02  3.1521E+01  1.1403E+01
0000944   1.6092E+02 -2.1010E+02  1.0629E+01
0000945   1.2633E+02 -8.3556E+01  3.1476E+01
0000946   3.6396E+02 -2.4762E+01  5.5048E+00
0000947   3.4771E+02 -5.4941E+01  9.3284E+01
0000948   3.3565E+02  1.4554E+02  1.1042E+01
0000949   2.5288E+02  2.2314E+02 -5.6615E+01
0000950   1.4750E+02 -8.5334E+01 -9.2566E+00
0000951   6.5706E+01  2.6105E+01 -4.3763E+01
0000952   2.5072E+02 -2.1030E+02  1.5851E+02
0000953   2.7332E+02  3.4888E+01 -1.8372E+02
0000954   1.2764E+02  5.3126E+00 -4.8624E+01
0000955   2.0912E+02 -2.8020E+02  1.6434E+02
0000956   1.9752E+02 -4.4308E+01 -1.3648E+02
0000957   2.1051E+02  6.5452E+01  9.8922E+01
0000958   2.3889E+02  4.7560E+01 -1.6672E+01
0000959   1.8992E+02  1.6194E+02  3.7868E+01
0000960   2.1007E+02 -1.1051E+01 -1.2254E+02
0000961   1.7910E+02 -7.2083E+01 -6.0141E+01
0000962   2.6645E+02 -2.1204E+02  1.0760E+02
0000963   3.1814E+02  2.2504E+01 -2.9542E+01
0000964   1.9827E+02 -8.3101E+01  1.2334E+02
0000965   1.2965E+02 -2.1617E+02  6.7260E+01
0000967   1.7274E+02 -2.9697E+01  2.6121E+01
0000968   2.0897E+02  1.0614E+02 -6.8084E+01
0000969   1.6666E+02  4.8233E+01  8.6043E+01
0000970   3.4956E+01  8.3007E+01 -1.6592E+02
0000971   3.4286E+02 -5.5081E+01  9.6536E+01
0000973   1.9972E+02  1.7917E+01 -2.0320E+01
0000974   1.8414E+02 -5.8341E+00  5.2765E+01
0000975   2.3723E+00  1.9191E+02  7.6249E+01
0000976   2.2171E+02  5.8164E+01  1.2946E+02
0000977   5.5321E+01  7.9561E+01  3.4997E+01
0000978   1.7061E+02  1.9892E+02  6.7424E+01
0000979   2.4234E+02 -5.0069E+01 -8.6840E+00
0000980   2.6833E+02 -5.3116E+01 -1.4121E+02
0000981   3.0869E+02  1.6005E+01 -8.4812E+01
0000982   1.9749E+02  2.5829E+02 -1.6543E+02
0000983   1.4303E+02 -2.0725E+02 -1.4344E+00
0000984   1.2055E+02 -4.7923E+01  1.2612E+02
0000985   4.1176E+02  7.0123E+01  1.2053E+02
0000986   3.7899E+02 -6.8796E+01  6.3541E+01
0000987   2.7290E+02  2.4141E+02 -3.4174E+01
0000988   1.9796E+02 -2.5554E+00  1.0655E+02
0000989   2.0252E+02  5.9369E+01  1.2291E+01
0000990   3.8759E+02 -2.1105E+02  1.4578E+02
0000991   2.4045E+02  2.4778E+02 -9.7522E+00
0000992   5.3040E+01  1.0357E+02 -2.2723E+02
0000994   4.0244E+02 -1.8564E+02  2.2689E+02
0000995   1.7972E+02 -6.0430E+01  7.5471E+01
0000996   1.8341E+02  1.2797E+01 -1.7113E+02
0000997   4.2734E+02 -8.8020E+01 -1.2783E+02
0000998   1.4478E+02 -2.5235E+02  1.1170E+02
0000999   1.5240E+02  8.5291E+01  9.5654E+01
0001000   3.4413E+02  4.8907E+01 -1.5797E+02
