============================== SRIM-2013.00 ==============================
==============================================================================
====== SRIM Outputs\RANGE_3D.txt : File of Final Ion Positions =====

Ion =  F (09)   Ion Mass= 018.9984
Energy  = 4000000.E-05 keV
Ion Angle to Surface = 00.0 degrees
==================== TARGET =======================
  Layer # 1 - None
  Layer # 1 - Bottom Depth=500000.E-01 A
  Layer # 1 - Density =0007.8700 g/cm3
  Layer # 1 -  100 % of Fe
様様様様様様様様様様様様様様様様様様様様様様様様様様
                                            
Ion       Depth  X   Lateral Y   Lateral Z  
Number    (Angstrom) (Angstrom)  (Angstrom) 
-------  ----------- ----------- -----------
0000001   4.8939E+02  1.1470E+02 -1.1278E+02
0000002   3.3474E+02  1.3594E+01  2.8155E+02
0000004   6.7686E+02 -2.0412E+02  3.6511E+02
0000005   7.4419E+02 -1.0032E+01 -2.4407E+02
0000007   4.4313E+02  1.9600E+02 -4.4977E+01
0000008   4.2630E+02  3.3710E+02 -2.5980E+02
0000009   4.3831E+02 -4.2031E+02 -5.6977E+01
0000010   4.9418E+02  2.3300E+02  1.2270E+02
0000012   3.7486E+02 -2.4767E+02  2.5896E+02
0000013   4.4497E+02 -2.5807E+02 -6.4617E+00
0000014   2.2904E+02 -3.2077E+00 -1.8036E+02
0000015   1.1717E+02  8.6480E+00 -3.0817E+01
0000016   4.4818E+02  4.6288E+01 -7.9479E+01
0000017   3.0314E+01  8.2921E+00  7.5624E+00
0000018   1.7845E+02 -1.0837E+02  2.2404E+02
0000019   5.6803E+02  2.7501E+02  2.4157E+02
0000020   2.5676E+02  1.1453E+01  2.1478E+02
0000021   2.2405E+02 -2.7295E+02  2.6239E+02
0000023   4.7306E+02  4.2643E+02 -2.5738E+02
0000024   5.6258E+02 -5.9159E+01  6.3657E+01
0000026   6.8837E+02  1.6749E+02  4.4537E+01
0000027   7.5894E+02 -2.3037E+02 -1.8918E+02
0000028   6.2496E+02 -6.3426E+02 -4.7136E+01
0000029   6.7879E+02  1.2026E+02  1.1156E+02
0000030   3.4048E+02 -2.0577E+02 -1.3898E+02
0000031   6.1608E+02  6.7051E+01 -1.1224E+02
0000032   4.5590E+02  1.1768E+02  7.6620E+01
0000033   1.4234E+02 -6.2419E+01  5.0111E+01
0000034   4.2273E+02 -1.5009E+02 -1.0729E+02
0000035   7.2598E+01  1.4288E+02  2.5381E+02
0000036   4.7060E+02  1.3480E+02 -1.6983E+02
0000037   2.7230E+02  1.1964E+02 -1.4874E+00
0000038   3.9212E+02  5.2554E+01  6.8000E+01
0000039   5.8783E+02 -1.7395E+01  1.5674E+02
0000040   2.2409E+02 -7.4309E+01 -4.1402E+02
0000041   1.2443E+02 -7.1108E+01 -1.0870E+02
0000042   9.2760E+01  4.8396E+01  1.9589E+02
0000043   6.2110E+02  2.8794E+02  2.9461E+02
0000044   5.5643E+02 -1.2426E+02  2.2400E+02
0000045   4.9912E+02  1.2380E+02  1.0449E+02
0000046   3.9840E+02 -1.2621E+02 -4.5787E+02
0000047   4.4289E+02  7.6810E+01 -8.8335E+01
0000049   6.0483E+02 -1.3494E+02 -1.6851E+02
0000050   3.9755E+02 -4.8839E+02 -2.7069E+02
0000051   2.3793E+02  3.0598E+01 -9.6531E+01
0000052   2.8067E+02  2.1399E+02 -2.9827E+02
0000053   2.4739E+02  1.6808E+02  7.9194E+01
0000054   7.4975E+02  1.4434E+02 -6.4594E+01
0000055   9.1519E+02  1.9142E+01 -1.3614E+02
0000056   1.1585E+02 -4.6689E+01 -1.6384E+02
0000058   6.3426E+02  3.6435E+01 -2.0957E+02
0000059   2.6959E+02 -1.5735E+02  2.1364E+02
0000060   5.2068E+02  3.8705E+02  3.6364E+02
0000061   1.8181E+02 -4.0854E+02  2.4959E+02
0000062   3.0680E+02 -2.5788E+02  3.4823E+01
0000063   5.9694E+02  1.8832E+02  2.0376E+02
0000064   1.2931E+02 -8.8451E+01  2.8407E+01
0000065   1.8683E+02 -1.9637E+02  1.0473E+02
0000066   3.3154E+02 -3.3828E+02 -7.4879E+01
0000067   2.0180E+02  5.7967E+02 -2.6135E+02
0000068   3.9701E+02 -5.3499E+01  3.9216E+02
0000069   2.3309E+02  2.8422E+02  6.1108E+01
0000070   4.3746E+02 -3.7679E+02  2.9257E+02
0000071   9.1638E+02 -2.4331E+00 -1.8916E+02
0000072   1.7297E+02  1.6202E+01  8.2324E+01
0000073   3.1250E+02  9.1809E+01  1.0294E+02
0000074   4.4744E+02  1.2459E+02  5.3272E+01
0000075   4.2605E+02  2.4777E+02 -2.3671E+02
0000076   3.3116E+02 -1.7764E+02  1.0214E+02
0000077   2.4876E+02  2.3236E+02 -2.8082E+01
0000078   4.5449E+02 -3.3143E+01  1.0422E+02
0000079   1.9188E+02 -3.2665E+02 -3.2258E+01
0000080   6.5152E+02  1.5988E+02  1.7816E+02
0000081   5.6811E+02  1.3602E+02 -2.2920E+02
0000082   6.2301E+02  2.9546E+01 -1.5897E+02
0000083   2.5544E+02  4.6416E+02 -1.9619E+01
0000084   3.4427E+02 -3.0587E+01 -2.7710E+02
0000085   2.0342E+02 -8.5763E+01  3.9495E+02
0000086   4.2367E+02  3.9650E+01 -2.1965E+01
0000087   5.5211E+02 -3.1670E+02 -8.9650E+01
0000088   7.5183E+02  4.1043E+01  2.9459E+01
0000090   3.2418E+02 -1.2424E+02 -3.1561E+02
0000091   3.0658E+02  3.5779E+02  2.3598E+02
0000092   6.3770E+02  1.9327E+02  6.9803E+01
0000093   2.4644E+02 -1.2041E+02  8.8367E+01
0000094   7.1118E+01  2.6877E+02  1.9728E+02
0000095   2.3710E+02 -8.6004E+01 -6.0082E+01
0000096   4.6984E+02  3.6866E+02  1.6335E+02
0000097   6.3732E+02 -8.3271E+01 -5.2052E+01
0000098   5.9239E+02 -2.2897E+02  2.6984E+02
0000099   3.6052E+02  1.6609E+02  2.9434E+01
0000100   7.4169E+02 -1.0894E+02 -5.6790E+01
0000101   5.0023E+02 -1.5951E+02  1.6749E+02
0000102   5.9132E+02 -4.3098E+02  3.3617E+01
0000103   4.9043E+02 -1.8082E+02 -2.4765E+02
0000104   3.3190E+02 -1.0703E+02 -7.4564E+01
0000105   7.3669E+02 -1.7555E+01 -1.9419E+02
0000106   4.2084E+02 -7.8170E+01 -6.1333E+01
0000107   8.4718E+01  1.8202E+02 -1.9772E+02
0000108   4.9518E+02  3.1134E+02 -1.0302E+02
0000109   5.7119E+02 -4.9317E+01 -3.5833E+02
0000110   5.0817E+02 -9.2572E+01 -1.2365E+02
0000111   2.5258E+02  2.4062E+02 -3.5789E+01
0000112   5.0520E+02  3.5705E+02  1.8068E+02
0000113   2.6147E+02 -3.4971E+02 -3.0810E+02
0000114   3.5274E+02 -2.0004E+02 -3.4823E+01
0000115   4.3689E+02 -1.2887E+02 -1.7234E+02
0000116   6.1117E+02  1.4826E+02  1.9349E+02
0000117   4.0364E+02 -3.7170E+02  8.5485E+01
0000118   4.7962E+02 -4.0198E+02  4.3307E+02
0000119   8.5930E+01 -1.0842E+02  1.2340E+02
0000120   3.1055E+02  1.5447E+02  9.1261E+01
0000121   1.0596E+01  3.4479E+02  1.3676E+02
0000122   8.5305E+00  8.6946E+01 -1.2310E+02
0000123   6.9042E+02  1.4257E+02  1.4630E+02
0000124   5.2310E+02 -1.3996E+02  2.3708E+02
0000125   2.9655E+02 -2.5298E+02  8.5351E+00
0000126   6.1058E+02 -2.7645E+01  3.0504E+02
0000127   5.2051E+02  1.2440E+02  1.0100E+02
0000128   2.1777E+02  1.7070E+02  4.1774E+02
0000129   2.9243E+00  3.2018E+02  3.1900E+01
0000130   1.9426E+02 -3.5448E+01 -6.7088E+01
0000131   4.8449E+02 -6.1726E+02 -4.3340E+01
0000132   4.1764E+02 -1.6151E+02 -2.4218E+02
0000133   3.2953E+02  2.2566E+02  2.5994E+02
0000134   2.5644E+02 -1.0918E+02  1.8127E+02
0000135   4.4217E+02 -1.3578E+02 -4.1042E+02
0000136   4.8132E+02 -5.9369E+01 -5.1704E+00
0000137   7.2978E+01 -2.8293E+02  1.7205E+01
0000138   4.6020E+02  2.8811E+02  2.2077E+02
0000139   3.4332E+02  9.1066E+00  1.8052E+02
0000140   4.5523E+01 -4.3692E+01 -1.9490E+01
0000141   5.9549E+02 -1.9272E+02  1.6333E+02
0000142   4.8949E+02 -8.0502E+02  6.4521E+01
0000143   6.7750E+02  9.0744E+01 -1.4211E+02
0000144   3.0769E+02 -4.3563E+02  8.5790E+01
0000145   2.3961E+02 -8.6021E+01  1.7193E+02
0000146   3.8843E+02 -1.8423E+02  6.8217E+01
0000147   4.0908E+02  3.3867E+02 -2.6234E+02
0000148   6.6963E+02  9.6950E+01  2.9119E+02
0000149   3.4734E+02 -3.8877E+02  7.2637E+01
0000150   3.1817E+02  6.7702E+01  6.2031E-02
0000152   7.0077E+02  2.5071E+02 -1.6153E+02
0000153   5.8378E+02  7.1930E+01 -3.2220E+02
0000154   2.7961E+02  1.0385E+02  1.1387E+02
0000155   4.9656E+02 -2.9650E+02  1.8147E+02
0000156   6.0222E+02  5.9682E+01 -4.0406E+01
0000157   5.8183E+02 -3.1078E+01 -4.5358E+01
0000158   8.8809E+01  2.1770E+02 -5.6958E+01
0000159   5.7344E+02 -4.9598E+02  1.3164E+01
0000160   2.7508E+02  1.9585E+02  2.1526E+02
0000161   3.0168E+02 -6.3575E+01  2.0512E+02
0000162   2.3077E+02  1.7806E+02  6.4235E+00
0000163   1.8823E+02 -2.1875E+02  1.3390E+02
0000164   2.1370E+02  2.6497E+02 -3.9631E+02
0000165   5.0394E+02 -1.6858E+01  2.8697E+02
0000166   2.5765E+02 -1.5786E+02 -2.3644E+02
0000167   5.8878E+02 -3.2996E+01 -2.5806E+02
0000168   3.0608E+02  3.1871E+02 -1.4187E+02
0000170   1.2240E+02 -3.1744E+02 -1.5982E+02
0000171   3.7880E+02 -1.8506E+02 -2.3988E+02
0000172   2.2371E+02 -2.2512E+02 -2.7698E+02
0000173   2.6132E+02  3.4825E+02 -3.6014E+02
0000174   6.0790E+02 -1.5368E+02  1.5929E+02
0000175   6.0434E+01 -1.3796E+01  4.0844E+01
0000176   3.0615E+02  4.6514E+02 -3.9412E+02
0000177   2.1829E+02  1.9428E+01 -1.8187E+02
0000178   3.2036E+02 -3.9886E+01 -1.5802E+02
0000179   2.0612E+02  1.4866E+01  1.6020E+02
0000180   2.7397E+02 -1.3000E+02 -1.4599E+02
0000181   6.4085E+02  5.5203E+01  2.7638E+02
0000182   1.1987E+02 -1.0239E+02  2.2724E+02
0000183   2.8129E+02  2.6384E+02 -1.1000E+02
0000184   1.9425E+02 -5.3337E+01  3.8108E+01
0000186   4.9796E+02  1.4109E+02  3.9248E+02
0000187   3.0517E+02 -6.8786E+01 -9.9954E+01
0000188   2.6431E+02 -1.1517E+02 -5.5303E+01
0000189   3.5963E+02  7.2791E+01 -3.4042E+02
0000190   4.8816E+02 -5.2348E+01 -4.7981E+01
0000191   8.0840E+02 -3.7640E+02  2.9149E+02
0000192   2.2583E+01 -5.0351E+01  7.1556E+01
0000193   3.4232E+02  2.1201E+02  1.6841E+02
0000194   1.8605E+01 -2.6529E+02  5.0704E+02
0000195   2.4512E+02  1.9522E+02  8.9459E+01
0000196   7.4249E+02  3.1797E+02 -1.9964E+02
0000198   4.0369E+02 -4.0513E+02  2.5217E+01
0000199   2.8472E+02 -1.9302E+02  2.6545E+02
0000200   6.1498E+02  1.2032E+02  8.3122E+01
0000201   2.7558E+02 -4.8968E+02  2.6180E+02
0000202   2.8574E+02  9.0535E+01  1.7424E+02
0000203   4.6257E+01  2.8478E+01 -3.7277E+01
0000204   5.4819E+02 -7.1232E+00  3.1812E+01
0000205   2.9541E+02  6.6282E+01 -1.7277E+02
0000206   2.4860E+02 -4.0504E+01  3.4198E+01
0000207   3.1628E+02 -1.1610E+02  1.4868E+02
0000208   3.9011E+02 -2.9338E+02  1.1257E+02
0000209   3.5766E+02  4.6471E+01  1.0514E+01
0000210   5.4604E+02  1.7466E+02  2.1249E+02
0000211   5.7624E+02 -4.9653E+02 -1.8702E+02
0000212   1.1410E+02  3.5276E+02  1.5043E+01
0000213   3.3856E+02  2.8094E+01 -6.1154E+01
0000214   5.8061E+01  5.2687E+02 -1.8785E+01
0000215   3.5541E+02 -1.5798E+02 -6.4164E+01
0000216   3.8336E+02  1.2703E+02  1.9644E+02
0000217   1.1092E+02 -2.7753E+02 -1.0120E+02
0000218   2.3327E+02 -1.3277E+02  8.8875E+01
0000219   5.0586E+02  2.0816E+02  2.6424E+02
0000220   5.8017E+02  1.1776E+02  5.3862E+01
0000221   2.6246E+02 -4.8270E+02 -9.8799E+01
0000222   7.5225E+02  2.1629E+02  2.5872E+02
0000223   6.2504E+02  6.0830E+01  2.1492E+02
0000224   5.6935E+02 -3.9173E+02 -1.6485E+01
0000225   3.9493E+02 -6.3629E+01  3.7628E+02
0000226   3.3615E+02  9.1652E+01  9.5710E+01
0000227   2.2329E+02 -2.5560E+02 -2.5974E+02
0000228   3.0142E+02  1.3084E+02 -9.1242E+01
0000230   2.9145E+02 -3.5817E+01 -8.7000E+01
0000231   3.9020E+02 -1.8665E+01 -1.0153E+02
0000232   1.2880E+02 -4.3350E+02 -2.1195E+02
0000233   3.5788E+02  3.0880E+02 -1.3460E+02
0000234   6.4610E+02  3.0335E+01  4.7394E+01
0000235   3.1455E+02 -1.7556E+02  1.7809E+02
0000236   4.2150E+02  4.4793E+02  2.9762E+02
0000237   4.6927E+02 -3.9182E+02  2.0092E+02
0000238   5.9466E+02  2.6786E+02  2.7475E+02
0000239   3.5132E+02  3.2742E+02  3.1321E+02
0000241   5.2712E+02 -6.1612E-01  4.1304E+02
0000242   2.0554E+02 -1.6736E+02  3.2050E+02
0000243   3.7746E+02 -1.0539E+02 -2.4973E+01
0000244   2.6115E+02  1.1050E+02  3.1695E+02
0000246   3.0154E+01 -6.0382E+01  8.7814E+01
0000247   6.6949E+02  3.2489E+02  1.4439E+02
0000248   2.7829E+02  1.4965E+02 -1.1908E+02
0000249   3.9069E+02 -1.7575E+02 -1.2197E+02
0000250   5.3461E+02 -1.2719E+02  1.1172E+02
0000251   4.6392E+02  2.0901E+02  3.9234E+01
0000252   4.4789E+01 -1.4972E+02 -5.8328E+01
0000253   9.8402E+01 -2.4306E+02 -1.7562E+02
0000254   2.4143E+02 -1.3562E+02  7.8600E+01
0000255   6.1197E+02  3.5526E+02  1.2662E+02
0000256   3.0787E+02 -1.2996E+02  2.1722E+02
0000257   4.1038E+02 -1.2383E+02  1.1810E+02
0000258   3.2957E+02 -1.1476E+02  2.5371E+02
0000259   5.2212E+02  3.5745E+02  6.8930E+01
0000260   2.3235E+02 -8.0993E+01 -1.4930E+02
0000261   2.1267E+02  1.6716E+01  5.2265E+01
0000262   5.4724E+02 -5.3253E+01 -3.4107E+02
0000264   3.9912E+02  1.3555E+02 -1.1913E+01
0000265   1.4156E+02  1.0132E+02  1.9218E+02
0000266   2.1744E+02  1.9198E+02 -1.5983E+02
0000267   3.0305E+02 -4.9003E+02  3.3875E+02
0000268   6.0706E+02  2.4473E+02  2.0085E+02
0000269   4.9426E+02 -1.1435E+02  1.6955E+01
0000270   7.6962E+02  2.2398E+02 -1.0703E+02
0000271   5.3397E+02 -2.1362E+02  1.9740E+02
0000272   4.0593E+02 -3.1304E+02  7.1559E+01
0000273   2.9987E+02  3.5809E+02 -2.5749E+02
0000274   6.9943E+02 -2.8318E+02 -7.4522E+01
0000275   2.0301E+02 -2.3017E+01  4.7972E+01
0000276   3.5548E+02  2.8297E+02 -3.6290E+01
0000277   6.8227E+02 -6.8540E+01 -4.6155E+02
0000278   2.3983E+02 -4.8867E+01 -8.7135E+01
0000279   3.4265E+02 -3.9320E+01 -4.0540E+02
0000280   4.1301E+02  1.6569E+02 -2.2750E+02
0000281   3.4455E+02  7.5710E+01  1.1474E+02
0000282   1.9732E+02  8.2393E+00 -1.2321E+02
0000283   4.7309E+01 -1.2179E+02  9.2673E+01
0000284   2.3405E+02 -3.5948E+02 -2.3532E+01
0000285   3.5463E+01 -1.1252E+02  3.6219E+02
0000286   4.0442E+02 -1.8011E+02  9.2961E+01
0000287   5.2048E+02 -9.4030E+01 -2.6350E+01
0000288   2.1405E+02 -2.6036E+02  1.5362E+02
0000290   9.2913E+01  8.0836E+01  1.0594E+02
0000291   9.3072E+02  1.0348E+01  8.3799E+01
0000292   3.5859E+02  1.9935E+02 -3.3957E+00
0000293   5.1722E+02  1.6826E+02  1.6654E+02
0000294   7.6961E+02  5.4191E+01  1.8646E+02
0000295   6.1721E+02  1.3030E+02  3.1049E+02
0000296   3.6462E+02  2.6838E+02  3.8743E+01
0000297   8.0442E+00 -1.7830E+02  1.0995E+02
0000298   3.6803E+02 -2.0707E+02  3.7390E+02
0000299   5.1104E+02  8.6122E+01 -3.3163E+02
0000301   6.0318E+02 -2.4853E+02 -6.6852E+01
0000302   4.2476E+02 -1.4050E+02 -7.7154E+01
0000303   4.1354E+02 -3.8053E+02 -1.7213E+02
0000304   2.2257E+02 -5.5166E+01  2.8891E+02
0000305   9.3916E+02  1.9729E+02 -4.0395E+02
0000306   3.1146E+02 -7.2214E+01 -3.4333E+02
0000307   8.3860E+02  2.8666E+02 -2.4284E+01
0000308   5.3249E+02 -6.4458E+01 -2.3043E+01
0000310   4.4502E+02  1.1774E+02 -9.8570E+01
0000311   6.6674E+01  2.6832E+02 -8.2844E+01
0000312   5.0979E+02  4.8295E+01  2.5042E+02
0000313   6.1919E+02  1.1124E+02  4.1704E+02
0000314   6.9093E+02 -8.8589E+00  3.7209E+02
0000315   5.1519E+02  1.8199E+02 -6.3477E+01
0000317   3.9634E+02  5.5350E+00 -7.4554E+01
0000318   5.0843E+02 -1.1770E+02  1.0600E+02
0000319   2.0155E+02  1.7278E+02  8.5631E+01
0000320   6.0325E+01  6.0756E+01  6.5177E+01
0000321   3.9553E+02  8.3371E+01  1.3163E+02
0000322   1.0628E+02 -2.1171E+02  1.0860E+02
0000323   1.8793E+02 -3.8264E+02  1.8522E+01
0000324   2.2357E+02 -5.3939E+02  2.6635E+02
0000325   4.6217E+02 -1.0527E+02 -2.4652E+02
0000326   5.7844E+02 -3.3063E+01  1.0464E+02
0000327   4.0407E+02 -7.6956E+01 -1.0021E+00
0000329   4.1244E+02  3.6179E+02  1.6577E+02
0000330   5.4858E+02  1.3531E+02  1.0964E+02
0000331   9.1714E+02  1.1447E+02  3.2186E+02
0000332   1.6405E+02 -2.1928E+02 -2.0805E+01
0000333   2.8192E+02  1.5726E+02 -1.5064E+02
0000334   3.4658E+02 -2.9686E+02 -1.1613E+02
0000335   6.7209E+02  1.3049E+02  1.4056E+02
0000336   1.9050E+02 -5.5417E+01  1.8716E+02
0000337   6.8677E+02  1.0057E+02 -2.7781E+01
0000338   1.6956E+02 -2.8785E+02 -2.0935E+01
0000339   1.5079E+02  3.3043E+01  1.4608E+02
0000340   1.5367E+02 -1.4174E+01  1.2627E-01
0000341   2.7404E+02  3.3238E+02  7.3887E+02
0000342   5.1377E+02  1.9505E+02 -1.7677E+02
0000343   3.7127E+02  1.0886E+02  1.0452E+02
0000344   5.3298E+02 -5.3250E+01  3.3319E+02
0000345   4.4161E+02 -6.9411E+01 -1.2445E+02
0000346   5.4301E+02  4.0569E+01 -6.1849E+01
0000347   3.6546E+02 -5.7300E+02  2.3584E+02
0000348   4.5774E+02 -7.9299E+01  4.4016E+02
0000349   9.0791E+01 -1.5360E+01  1.7495E+02
0000350   2.0195E+02 -5.8164E+01  1.5684E+02
0000351   1.4565E+02  8.2938E+01 -8.8632E+01
0000352   5.6980E+02  2.6747E+02  2.5104E+01
0000353   2.1621E+02  2.6100E+02  2.2473E+02
0000354   3.9318E+02 -2.1453E+02 -4.4229E+02
0000355   3.4510E+02 -4.1972E+02  3.8202E+02
0000356   2.1301E+02 -1.1180E+02  2.0559E+02
0000357   4.1004E+02 -3.7524E+01 -9.2793E+01
0000358   3.5502E+02  2.6176E+02 -1.9095E+02
0000359   4.6383E+02  6.2870E+02  1.1327E+02
0000360   5.7135E+02  1.1995E+01  1.1686E+02
0000361   5.0463E+02 -4.2896E+02 -2.6587E+02
0000362   4.0387E+02 -3.8016E+01  2.6153E+02
0000363   6.3568E+01 -1.0563E+02  2.7779E+02
0000364   1.3431E+02  2.7510E+02 -2.5256E+02
0000365   2.9907E+02 -4.9576E+02  2.2794E+02
0000366   6.4814E+02  1.2260E+02  2.6077E+02
0000367   2.8279E+02  6.0967E+01 -3.3721E+02
0000368   3.1369E+02 -2.3005E+02 -2.6113E+02
0000369   5.2689E+02 -2.8647E+01  1.3588E+02
0000370   5.3857E+02  5.8627E+01  1.9161E+02
0000371   4.1469E+02 -1.5572E+02 -4.3825E+02
0000372   7.8362E+01 -1.0592E+01  4.0869E+01
0000375   1.8122E+02  5.6485E+01  6.7384E+01
0000376   4.1682E+02 -1.3452E+02 -5.4960E+02
0000377   2.6295E+02  4.4979E+02 -3.1358E+02
0000378   6.3220E+02  2.7292E+02  1.6932E+01
0000379   4.2125E+02 -2.3793E+02  1.5025E+02
0000380   1.9667E+02  2.4244E+02 -8.3891E+01
0000381   2.4758E+02  1.9661E+02 -1.3638E+02
0000382   5.5394E+02 -1.3731E+02 -1.0317E+02
0000384   4.7473E+02 -2.9280E+02  2.0541E+02
0000385   2.7713E+02 -1.8482E+02 -3.8798E+02
0000386   8.2668E+02  1.6347E+02  3.8959E+02
0000387   5.1212E+01  5.2286E+02  1.6582E+02
0000388   5.8849E+02  1.5674E+02  2.8134E+02
0000389   1.9775E+02 -1.4109E+02  7.5190E+01
0000390   3.7577E+02  1.7794E+01  3.0458E+02
0000391   6.7881E+02  1.8330E+02 -2.4552E+02
0000393   1.7413E+02 -1.1597E+02 -1.6560E+02
0000394   2.7546E+02 -5.5881E+01  1.1688E+02
0000395   4.1969E+02 -1.5589E+02  5.3644E+01
0000396   4.7253E+02 -1.5794E+02  5.6113E+02
0000397   7.3545E+02 -2.5089E+01 -3.0416E+02
0000398   3.9447E+02  7.1680E+01 -1.2809E+02
0000399   5.3779E+02 -2.1507E+01 -3.4735E+01
0000400   8.5141E+01 -6.8687E+01 -1.5226E+01
0000401   3.4045E+02 -1.4941E+02  1.4776E+02
0000402   5.7357E+02 -4.9748E+02  2.7940E+02
0000403   8.6723E+01 -2.2960E+02 -5.7281E+00
0000404   4.3921E+02  1.3717E+01  1.4176E+02
0000405   3.1313E+02 -3.9326E+02 -1.4835E+02
0000406   5.3880E+02  2.1184E+02 -1.4608E+02
0000407   7.1809E+02 -6.6452E+00 -1.8761E+01
0000408   4.5779E+02  1.8174E+02 -2.7203E+02
0000409   1.3473E+01 -6.4332E+01  3.3964E+02
0000410   3.2898E+02  4.0380E+02 -7.2730E+01
0000411   6.0396E+02 -1.2212E+02  2.8776E+02
0000412   5.7931E+02 -4.6687E+02  1.4203E+02
0000413   4.1088E+02  1.7549E+02 -1.0872E+02
0000414   6.6460E+02 -3.9673E+02  3.1313E+02
0000415   4.5316E+02 -2.1530E+02  1.5321E+02
0000416   5.3594E+02 -3.5002E+01 -3.4904E+02
0000417   3.2742E+02  8.5031E+01  2.0635E+02
0000418   2.6952E+02  1.0254E+02  2.6557E+02
0000419   8.0013E+02 -2.4821E+02  1.5219E+01
0000420   1.9536E+02  7.3669E+01  2.4209E+02
0000421   9.6693E+01  1.6892E+02 -1.6721E+01
0000423   2.8978E+02 -2.2232E+02 -3.7890E+02
0000424   2.6950E+02  3.8014E+02 -2.1015E+02
0000426   5.1341E+02 -3.2250E+02 -3.9497E+02
0000427   3.4578E+02 -1.2662E+02 -6.1696E+01
0000428   4.8584E+02  1.7267E+01  5.1727E+00
0000430   6.5127E+02  3.0201E+02  4.2491E+02
0000431   4.1415E+02  1.9934E+02 -7.1418E+01
0000432   1.0686E+02  1.3817E+01  1.9242E+01
0000433   4.7468E+02 -2.9683E+02  9.0714E+01
0000434   3.0711E+02 -6.0691E+01  2.2447E+01
0000435   4.9631E+02 -1.5500E+02  5.5845E+01
0000438   4.9041E+02 -1.7478E+02 -1.0382E+02
0000439   3.5066E+02 -1.1872E+02 -2.6006E+02
0000440   7.0525E+02  1.6098E+02 -3.8188E+02
0000441   6.3273E+02 -2.4477E+02 -7.8734E+01
0000443   3.1909E+02  1.5637E+01 -3.0859E+02
0000444   6.3683E+02 -1.5794E+02  1.6439E+02
0000445   1.7399E+02  7.7127E+01 -1.2032E+01
0000446   3.5860E+02 -2.4523E+02 -2.1555E+02
0000447   6.9143E+02 -3.5581E+01 -2.6738E+02
0000448   5.8532E+02 -2.4450E+02  3.2155E+02
0000450   7.9390E+02  4.6457E+01 -1.0027E+02
0000451   4.2083E+02 -9.7268E+01  1.3969E+02
0000452   1.0472E+02 -1.2148E+01 -2.2978E+02
0000453   3.6972E+02  4.1436E+01  3.0554E+02
0000454   1.9084E+02  2.5073E+02 -1.8797E+02
0000455   4.8533E+02  2.5636E+01 -7.2212E+01
0000456   3.9867E+02 -1.5126E+02  2.4734E+02
0000457   6.0337E+02 -1.9401E+01 -2.0899E+02
0000458   5.6994E+02  1.0306E+02  8.4142E+01
0000459   2.6852E+02 -6.1607E+01  1.2158E+02
0000460   4.5525E+02  1.1486E+02  1.9534E+02
0000461   6.3143E+02 -9.3973E+01 -3.1820E+02
0000462   4.6676E+02  3.9557E+01 -1.0263E+02
0000463   4.2820E+02  5.1708E+01  3.1192E+02
0000464   2.5380E+02  5.3961E+00 -7.4770E+01
0000465   9.1747E+02 -1.0259E+02 -2.9316E+02
0000466   8.2066E+02  1.4837E+01 -5.1126E+01
0000467   4.9691E+02 -3.6367E+02  3.0014E+01
0000468   6.7251E+02 -2.1650E+01  2.2208E+02
0000469   3.9898E+02 -2.2693E+02  1.3634E+02
0000470   7.3817E+02 -1.6259E+02  3.2173E+02
0000471   5.0593E+01 -2.3932E+02 -1.5320E+01
0000472   6.5642E+02  1.3273E+02  2.9609E+01
0000473   6.1601E+02 -3.0742E+02 -1.0638E+02
0000474   2.8559E+02 -2.0636E+02 -1.8550E+01
0000475   5.1292E+02 -5.0269E+02  2.3322E+02
0000476   1.9174E+02  1.2284E+02  2.2910E+02
0000477   4.3704E+02  5.5352E+02 -3.4525E+02
0000478   8.7826E+02  1.1357E+02  6.4673E+01
0000479   3.2922E+02 -3.0102E+02  4.9873E+01
0000480   4.1885E+02 -3.2044E+02 -2.1720E+02
0000481   7.6535E+02  2.1088E+02 -2.8610E+01
0000482   2.2517E+02 -1.0636E+02  3.4435E+00
0000483   7.4063E+02 -2.6489E+01  8.1203E+01
0000484   1.6730E+02 -2.7577E+02 -6.1072E+01
0000485   4.9601E+02 -1.3922E+02 -1.2729E+01
0000486   1.0242E+03 -2.0577E+02  2.2942E+01
0000487   7.7213E+02  2.2842E+02 -5.0322E+01
0000488   1.7733E+02  2.0831E+02 -1.1903E+02
0000489   1.9023E+02  2.4217E+02  2.1851E+02
0000490   5.2849E+02 -2.3076E+02 -1.6358E+02
0000491   1.7163E+02 -3.1248E+02 -5.9494E+01
0000493   1.9911E+02 -1.0124E+02 -1.6864E+02
0000494   3.8872E+02  3.4547E+01  6.1584E+01
0000496   2.9494E+02 -2.7321E+02  2.2353E+02
0000497   3.1636E+02  8.9707E+01  5.0963E+01
0000498   3.5457E+02 -1.1883E+01  7.9882E+01
0000499   4.5524E+02 -8.1877E+00 -6.3252E+01
0000500   2.2315E+02 -9.5869E+01  1.1229E+02
0000501   4.3575E+02  8.3123E+01 -2.2013E+02
0000502   4.3574E+02  1.3370E+02 -3.4313E+01
0000504   8.8910E+02 -5.2748E+01 -1.3463E+02
0000505   2.4871E+01 -2.0276E+02 -1.7814E+01
0000506   4.3768E+02  3.7780E+02  1.5443E+02
0000507   5.7977E+02  1.8450E+01 -4.4397E+02
0000508   3.9032E+02  2.4486E+01  9.8512E+00
0000509   2.7777E+02 -1.0728E+02 -5.5311E+02
0000510   6.3740E+02  2.1636E+02 -2.1041E+02
0000511   3.0099E+02 -3.7317E+02  2.6093E+02
0000512   2.2366E+02  2.3893E+02  2.0653E+02
0000513   2.8465E+02  3.1057E+02 -1.5383E+02
0000514   2.1942E+02  2.6030E+02 -1.2712E+02
0000515   4.4205E+02 -2.0705E+02  1.0968E+01
0000516   3.3504E+02  4.7865E+02 -2.5991E+02
0000517   2.0266E+02  1.4490E+02 -6.1698E+01
0000518   3.3312E+02 -3.4765E+02 -2.3516E+02
0000519   4.9396E+02  1.1022E+02 -8.2357E+01
0000520   4.0676E+02  2.6662E+02  1.9112E+02
0000521   3.6216E+02 -8.7957E+01 -2.2202E+02
0000522   1.7387E+02 -1.8523E+02  1.3400E+02
0000523   5.2623E+02 -3.8602E+02 -1.6949E+02
0000524   7.2660E+01 -2.3416E+02  7.0661E+01
0000525   4.1286E+02  2.3110E+02 -1.1189E+02
0000526   5.5322E+02  2.7024E+01  1.9577E+02
0000527   4.2745E+02  6.2607E-01 -1.5472E+02
0000528   2.4983E+02  4.1199E+02  1.6081E+02
0000529   5.7705E+02 -6.2793E+01 -3.2375E+02
0000530   5.6211E+02  1.2898E+02  2.4667E+02
0000531   2.9109E+02 -1.7605E+02  2.0200E+02
0000532   2.5968E+02 -2.6133E+01  2.4056E+02
0000533   1.0349E+02  8.1849E+01 -6.5225E+00
0000534   4.9804E+02 -1.4143E+02 -1.1033E+02
0000535   2.2963E+02 -3.2331E+02 -1.7979E+02
0000536   6.0856E+02  3.7738E+02 -6.1191E+01
0000537   1.6462E+02 -3.3115E+02 -2.3328E+02
0000538   6.1637E+02  2.5864E+02 -3.2099E+02
0000539   5.5905E+02  2.2140E+02 -2.2672E+02
0000540   7.8036E+01 -1.8765E+01  2.2617E+01
0000541   4.1817E+02 -2.6438E+02 -2.2460E+02
0000542   4.8572E+02  3.6142E+01 -2.6403E+01
0000543   1.8604E+02 -8.3362E+01 -8.0435E+01
0000544   2.1343E+02 -2.1403E+02  3.5083E+02
0000545   2.2798E+02 -2.2503E+02  1.3327E+02
0000546   7.6587E+02  1.7143E+02 -5.3342E+01
0000547   4.2428E+02  8.8387E+01  2.8428E+01
0000548   3.1837E+02 -2.2794E+02 -1.2099E+02
0000549   1.9327E+02  2.5137E+02 -1.7244E+02
0000550   2.6270E+02  2.5709E+02 -1.9427E+02
0000551   3.7051E+02  2.5376E+02 -6.3200E+02
0000552   8.2918E+02 -2.3471E+02  1.5244E+02
0000553   2.6849E+02 -5.5590E+01 -3.1199E+02
0000555   2.7301E+02  1.8655E+02  3.6587E+02
0000556   5.0616E+02  2.3425E+02  1.6391E+02
0000557   4.9121E+02  2.8460E+01  2.4684E+02
0000558   6.2529E+02  6.3066E+01 -7.4889E+01
0000559   9.3713E+01 -5.9193E+02  7.6471E+01
0000560   2.5023E+02 -3.4479E+02  1.6631E+02
0000561   4.4656E+02  1.4180E+02  1.7932E+02
0000562   5.3648E+02 -8.0957E+01  2.1339E+02
0000563   6.2163E+02  3.2377E+02  7.8634E+01
0000564   7.0208E+02  2.0683E+02 -3.0608E+01
0000565   5.7165E+02 -1.1455E+02  1.8722E+01
0000566   2.5115E+02  2.0333E+01  4.0968E+01
0000567   2.6707E+02  1.3016E+02 -1.6204E+02
0000568   2.4311E+02 -2.7997E+02  3.7527E+02
0000569   4.5714E+02 -9.8293E+01 -5.5899E+01
0000570   5.9748E+02  2.5712E+02 -3.0840E+02
0000571   1.5163E+02 -4.7470E+02  1.0286E+02
0000572   2.8712E+02 -3.6295E+02  4.5348E+02
0000574   5.4038E+02 -4.7405E+02 -2.5288E+02
0000575   1.7079E+02 -4.7983E+02 -1.9084E+02
0000576   3.0538E+02 -5.2083E+00 -1.5820E+02
0000577   3.6311E+02 -5.5704E+02 -4.1788E+01
0000578   6.0105E+02  3.7479E+01  3.4264E+02
0000579   3.4831E+02 -2.4503E+02  2.4134E+02
0000580   7.7244E+02  8.3233E+01  2.9841E+01
0000581   1.6956E+02 -2.4629E+02 -6.1327E+01
0000582   5.2984E+02 -1.5308E+02  2.5930E+02
0000583   1.2884E+02 -4.1715E+01 -1.3931E+02
0000584   7.0351E+02  1.5260E+01  2.5044E+02
0000585   3.8670E+02 -1.0556E+02  2.4895E+01
0000586   6.2767E+02 -2.2920E+01 -3.1978E+00
0000587   1.5271E+02 -2.9967E+02  7.0864E+00
0000588   3.1464E+02 -3.3190E+02  5.6179E+02
0000589   3.9370E+02 -2.7515E+02 -1.4771E+02
0000590   4.4970E+02  1.6810E+02  3.0059E+01
0000591   5.0362E+02  1.0341E+02 -1.3727E+01
0000592   4.1778E+02  6.6213E+02  4.0252E+01
0000593   4.7641E+02  3.1808E+02 -1.9808E+02
0000594   7.8541E+02  2.5494E+01  3.1783E+02
0000595   4.0507E+02 -4.2919E+02 -7.2892E+01
0000596   3.4807E+02 -9.6863E+00  4.4360E+01
0000597   3.2222E+01  2.7381E+02 -2.5046E+02
0000598   2.8678E+02  1.9908E+02 -1.6070E+02
0000599   1.0004E+02  2.6521E+01 -6.9194E+01
0000600   1.8462E+02 -1.7360E+02  6.5652E+01
0000601   4.9718E+02  5.1076E+02 -7.7980E+00
0000602   4.4252E+02  3.4992E+02 -3.0398E+02
0000603   5.2200E+02  2.7686E+02 -2.1610E+02
0000604   2.0447E+02  4.8786E+01 -2.6623E+02
0000605   6.8229E+01  4.6831E+02  7.3820E+01
0000607   3.0057E+01  3.6791E+02  2.0691E+02
0000610   2.2065E+02 -2.6672E+02  1.0145E+02
0000611   4.9992E+02 -2.2710E+02  1.3422E+02
0000612   4.9540E+02 -7.1751E+01 -2.1721E+01
0000613   2.6925E+02  3.0749E+00  1.4856E+02
0000614   6.5283E+02 -7.0324E+01  1.5783E+02
0000615   4.1151E+02 -1.0318E+02 -1.3228E+02
0000617   3.1292E+02 -1.3907E+02  1.0845E+02
0000619   9.4806E+01  1.4314E+02  1.3515E+02
0000620   1.6921E+02 -4.4988E+02  3.5257E+02
0000621   4.7948E+02  9.6744E+01 -6.5233E+01
0000622   6.2554E+02  9.6391E+01  4.2358E+02
0000623   3.6517E+02  1.1039E+02 -8.6340E+01
0000624   3.0173E+02 -2.2350E+02 -1.6108E+02
0000625   2.6382E+02 -1.2369E+02  2.1198E+02
0000626   1.7383E+02  4.8625E+01 -2.0161E+02
0000627   3.8604E+02 -4.1620E+01  1.3683E+02
0000628   5.1833E+02  4.7066E+01 -1.1273E+02
0000629   5.0151E+02  2.9953E+02 -2.5464E+02
0000630   2.2873E+02  1.1682E+02 -1.1348E+02
0000631   6.8892E+02  4.7201E+01  1.4241E+02
0000632   3.4737E+02  4.7561E+01 -5.9926E+02
0000633   5.4052E+02 -2.6106E+02  1.3233E+02
0000634   7.2724E+02 -1.8930E+02  2.2137E+02
0000635   2.9921E+02 -1.1137E+02 -1.1291E+01
0000636   4.3631E+02 -2.8435E+02  1.4239E+02
0000637   3.2442E+02  2.8302E+02 -1.3059E+02
0000638   5.4214E+02  2.6912E+02 -9.8961E+01
0000639   6.8241E+02  9.6802E+01  3.7956E+02
0000640   7.1429E+02  1.3723E+02 -1.2405E+02
0000641   4.6812E+02 -3.5695E+02 -3.6360E+02
0000642   6.4748E+02  1.6388E+02 -2.1100E+02
0000643   1.5083E+02 -6.0416E+01 -7.8108E+01
0000644   6.2699E+02  4.9024E+01  6.1880E+01
0000646   5.3350E+02 -1.7047E+02  8.6466E+01
0000647   5.6690E+02  7.8136E+01  1.3556E+02
0000648   3.8987E+02  3.8142E+02  1.9336E+02
0000649   1.1564E+02  3.1959E+00  1.6561E+02
0000650   4.3455E+02 -7.9670E+01 -2.1931E+02
0000651   5.2353E+02  1.2553E+02 -4.6727E+02
0000652   3.4266E+02 -7.5893E+02  1.1938E+02
0000653   5.0383E+02  1.6451E+02  1.8373E+02
0000654   5.5307E+02 -8.2369E+01 -3.1475E+02
0000655   4.5201E+02 -1.4250E+02 -2.6938E+01
0000656   5.3874E+02  1.6202E+02 -3.0334E+02
0000657   5.0657E+02 -4.3632E+02  4.4659E+01
0000658   5.7472E+02 -2.5212E+02 -3.9401E+01
0000659   4.7848E+02  5.7672E+02 -5.3731E+01
0000660   6.1932E+02 -3.1162E+02 -2.1848E+02
0000661   1.3470E+02 -2.3828E+02 -6.2262E+01
0000662   2.8998E+02  2.2398E+02  1.7442E+02
0000663   5.5331E+02  1.2736E+02  6.4545E+01
0000664   5.0464E+02 -3.2267E+02  1.9236E+02
0000665   3.9734E+02 -1.6260E+02  2.2363E+02
0000666   7.6016E+02  6.1202E+01 -7.7425E+01
0000667   7.4400E+02  6.6570E+01  3.7754E+02
0000668   5.7059E+02  1.1268E+02  3.2072E+02
0000669   5.5387E+02  1.8101E+01 -3.9238E+01
0000670   2.2577E+02  1.3033E+02 -3.1943E+01
0000671   2.7881E+02  2.2787E+02 -3.0840E+01
0000673   1.6249E+02 -5.9172E+01  2.7473E+01
0000674   4.4968E+02 -1.7454E+02 -3.0720E+02
0000675   1.6981E+02 -9.3497E+01  5.6408E+01
0000676   5.8288E+02  2.3783E+02 -3.4770E+02
0000677   3.2916E+02 -1.5009E+02 -9.8991E+01
0000678   5.6645E+02  5.2794E+01 -3.6358E+02
0000679   2.3871E+02  2.4568E+02 -3.8163E+02
0000680   3.9349E+02 -1.4248E+02  4.4286E+01
0000681   4.6531E+02 -5.3520E+02 -1.4144E+02
0000682   5.4303E+02 -1.8956E+02  1.0895E+02
0000683   4.2297E+02  3.4141E+02 -4.4160E+02
0000684   2.8723E+02 -8.0500E+01 -5.0889E+00
0000685   5.5194E+02  1.6715E+02 -2.1186E+02
0000686   6.4745E+02 -1.2421E+02  5.3886E+01
0000687   6.8151E+02 -3.5263E+01 -7.7093E+01
0000688   6.2107E+02  1.2775E+02 -2.3751E+02
0000689   3.8642E+02 -2.8544E+02  1.4965E+02
0000690   5.1331E+02 -1.1140E+02 -2.2023E+02
0000691   5.8478E+02  1.8784E+02 -1.2035E+02
0000692   2.9193E+02 -4.1408E+01 -2.0294E+01
0000693   6.4354E+02 -3.1002E+02  4.4673E+02
0000694   4.5729E+02  9.0239E+01 -1.1660E+02
0000695   2.6724E+02  4.7709E+02  1.2787E+02
0000696   3.2715E+02  3.2963E+02  1.9259E+02
0000697   6.0209E+02  3.5470E+02  2.4263E+01
0000698   4.2446E+02  1.2808E+02  1.3090E+02
0000699   5.0665E+02  3.1524E+02 -3.4497E+02
0000700   7.3858E+02  8.6391E+01 -3.0687E+02
0000701   2.0641E+02  6.5591E+01 -2.8444E+02
0000702   1.4866E+02  2.2759E+02  2.9593E+02
0000703   2.6668E+02  1.1916E+02  2.6874E+02
0000704   6.3493E+02  2.8639E+02 -2.8000E+02
0000705   4.0436E+02 -3.1809E+01  1.6895E+02
0000706   3.5926E+02 -4.9963E+01  1.6385E+02
0000707   3.6811E+02  3.2065E+02 -1.2302E+02
0000708   4.7688E+02 -4.9674E+02  1.3527E+02
0000709   3.6615E+02 -9.6355E+01 -2.2987E+02
0000710   3.2032E+02 -1.0770E+02 -7.1898E+01
0000711   1.2556E+02  5.1615E+01  4.7600E+02
0000712   6.4280E+02  7.2533E+01  1.2469E+02
0000713   1.9410E+02  1.9488E+02 -1.2681E+01
0000714   7.5230E+02 -1.1064E+02 -1.4899E+02
0000715   3.9081E+02  4.7899E+02  9.1712E+01
0000717   7.4181E+02 -1.8687E+02 -5.7859E+01
0000718   2.7902E+02 -9.9966E+01 -3.6226E+02
0000719   3.7057E+02  2.6466E+02  1.5069E+02
0000720   1.7888E+02  1.1127E+02  5.9941E+02
0000721   6.8823E+02  4.4310E+01 -2.2836E+02
0000722   4.2964E+02  6.5091E+01  4.5193E+02
0000724   3.0144E+01 -3.9344E+02 -1.1720E+02
0000725   6.8991E+01  1.0766E+02  6.1263E+01
0000726   5.0936E+02 -3.5366E+02  4.2073E+02
0000728   4.6520E+02  4.4368E+00  1.4774E+02
0000729   7.2302E+02 -1.6406E+02 -1.0369E+02
0000731   7.4888E+02  1.6895E+02  2.8489E+01
0000732   5.8201E+02  4.0095E+01 -1.0643E+02
0000733   4.5916E+02 -5.2534E+02 -2.2967E+02
0000734   3.1052E+02 -1.0991E+01  3.2474E+02
0000735   4.3276E+02 -1.0264E+02 -1.0384E+02
0000736   5.7413E+02 -3.2572E+01 -1.7230E+02
0000737   4.0341E+02 -2.2058E+02  1.7980E+02
0000738   2.3431E+02 -1.6235E+02  2.4416E+01
0000739   1.4939E+01  1.1076E+02  3.5271E+02
0000740   2.7071E+02  1.5710E+02  3.1194E+00
0000741   4.7930E+02 -7.1671E+00  2.6056E+02
0000742   4.9015E+02 -4.6071E+02  1.4235E+02
0000743   4.6778E+02 -4.2424E+02  4.7327E+02
0000744   2.6430E+02 -1.6189E+02 -7.8518E+01
0000745   2.9855E+02  2.2372E+02  5.8759E+01
0000746   2.1430E+02 -2.8712E+02 -3.3761E+02
0000747   3.6441E+02 -9.0617E+00  3.0995E+02
0000748   5.0990E+02  3.0698E+02  6.6807E+01
0000749   3.7881E+02 -1.5127E+02  1.6718E+01
0000750   7.4352E+02 -9.1001E+01 -1.0038E+02
0000751   4.8738E+02 -1.0430E+01  7.9068E+01
0000752   5.3097E+02 -1.4268E+02 -8.6103E+01
0000753   6.2881E+02  5.5582E+01  4.0002E+02
0000754   2.7067E+02 -8.6547E+01  6.9107E+01
0000755   1.5081E+02  3.8428E+02  6.3611E+01
0000756   2.6347E+02 -5.0090E+00 -2.3018E+02
0000757   5.0582E+02 -2.4438E+02  5.8213E+01
0000758   2.6299E+02 -2.0014E+01  2.6030E+02
0000760   5.4694E+02  4.0348E+02 -6.6803E+01
0000761   3.5451E+02  1.7303E+02  6.3671E+01
0000762   5.4096E+02 -4.2707E+02  3.8319E+02
0000763   4.1135E+02 -3.9202E+02 -3.5933E+01
0000764   6.8786E+02 -1.5432E+02  1.4097E+02
0000765   5.9604E+02  1.0459E+02 -2.3361E+02
0000766   3.1305E+02 -1.8477E+02 -1.7743E+01
0000767   4.1459E+02 -6.9180E+01 -4.5068E+02
0000768   4.7471E+02 -2.3065E+02 -2.4398E+02
0000769   5.0957E+02  1.5509E+02  1.9707E+02
0000770   1.0060E+02 -8.6647E+01  6.4135E+01
0000771   6.9819E+02 -1.4066E+02 -4.0731E+02
0000772   4.7577E+02  3.0775E+02  3.8635E+02
0000773   7.9650E+02  1.3255E+02  7.1368E+01
0000774   3.6623E+02  1.0351E+02 -2.9945E+02
0000775   1.8871E+02  1.2686E+02  1.7125E+02
0000776   5.1089E+02 -7.8014E+01 -4.6820E+02
0000777   5.0397E+02  2.5781E+01 -1.5675E+01
0000778   4.7699E+02 -9.0858E+00 -3.3092E+02
0000779   2.7964E+02 -2.3282E+02 -4.6493E+01
0000780   3.3416E+02  3.8239E+01  1.1859E+02
0000781   2.6402E+02  1.2961E+02  4.8175E+02
0000782   3.9951E+02  1.7092E+02 -2.3102E+02
0000783   4.0157E+02 -1.7598E+02  7.4521E+01
0000784   4.6443E+02  7.0483E+01  1.2058E+02
0000785   5.6860E+02  1.7323E+01 -1.0769E+02
0000786   4.8404E+02 -4.8086E+01  1.5171E+02
0000787   4.2856E+02 -1.5879E+02  3.3816E+02
0000788   3.6454E+02  2.6077E+00 -2.4865E+02
0000789   4.6521E+02  1.1161E+01  1.0177E+02
0000790   5.8682E+02  1.0146E+02 -2.1185E+02
0000792   2.1612E+02 -2.4196E+02 -1.1742E+02
0000793   4.3289E+02  1.3755E+02  2.7579E+02
0000794   2.0693E+02 -1.4250E+02 -3.8387E+01
0000795   7.5190E+02  1.5686E+02 -3.6908E+02
0000796   2.5618E+02 -2.0807E+02 -2.5462E+02
0000797   2.4015E+02 -8.4304E+01  3.4051E+02
0000798   3.8838E+02 -3.4153E+02 -2.6810E+02
0000799   3.0140E+02 -2.5835E+02  7.3803E+01
0000800   4.7129E+02  1.4326E+02 -5.3543E+02
0000801   2.2783E+02 -3.9771E+02 -2.0911E+02
0000802   3.7932E+02  5.0862E+02 -2.6507E+02
0000803   4.4369E+02  1.7379E+02 -2.2540E+02
0000804   5.2392E+02  9.2068E+01  1.7037E+02
0000805   2.4599E+02 -2.1109E+02  4.9094E+02
0000806   2.6228E+02  8.7164E+01 -1.7885E+02
0000807   1.8848E+02  1.1577E+02  7.8603E+01
0000808   5.6941E+02 -1.5400E+02  3.7256E+02
0000809   6.4883E+02 -2.8351E+02 -1.6999E+01
0000810   7.2279E+02  3.0095E+02  7.8919E+01
0000811   1.3209E+02 -3.7757E+02 -4.5305E+01
0000812   1.8887E+02  6.3794E+01  1.2178E+02
0000813   2.7244E+02  1.4143E+02  2.8782E+02
0000814   2.0032E+02  5.3908E+01 -9.1037E+01
0000815   7.5301E+02  1.2083E+01  3.7819E+02
0000816   4.0170E+02  7.2952E+01  3.4243E+02
0000817   3.5212E+02 -7.7350E+01  4.4441E+02
0000818   6.1285E+01 -2.8944E+02  2.2358E+02
0000820   2.6966E+02 -2.1352E+02  6.9626E+01
0000821   6.2507E+02 -3.0489E+02 -2.9473E+02
0000822   5.1694E+02  6.2916E+01  1.3434E+02
0000823   3.2619E+02  7.7007E+01  2.7937E+02
0000824   2.0516E+02 -3.3938E+02  1.0026E+02
0000825   8.0804E+02  5.4685E+01 -2.6206E+02
0000826   9.1822E+01 -1.3851E+02 -2.3962E+02
0000827   1.3898E+02  1.3397E+02  1.5290E+02
0000828   4.7400E+02 -1.3942E+02  7.0329E+01
0000829   6.2782E+02  2.5759E+01 -9.2846E+01
0000830   5.1234E+02  1.3966E+02 -2.1460E+02
0000831   6.3513E+02 -3.0884E+01  1.1068E+02
0000832   1.6203E+02  1.0783E+02 -3.0199E+02
0000833   4.3087E+02  1.5073E+02 -1.8970E+02
0000834   3.2848E+02 -1.3754E+02 -2.7710E+02
0000835   4.4491E+02 -6.9747E+01 -1.1445E+02
0000836   1.3098E+02 -1.9636E+02  1.1432E+01
0000837   7.5114E+02 -9.4582E+01 -2.4146E+00
0000838   5.3785E+02  7.8385E+01 -6.7851E+01
0000839   5.3708E+02  6.9916E+01 -3.8145E+02
0000840   3.4993E+01  7.2549E+01  1.4545E+02
0000841   5.7599E+02 -5.6074E+01 -1.3306E+02
0000842   5.6494E+02  3.2988E+02  5.7632E+01
0000843   5.2121E+02  4.9849E+01 -5.7927E+01
0000844   6.1342E+02  1.5651E+02  2.1847E+02
0000845   4.7889E+02  2.5130E+02 -9.3747E+01
0000846   2.5769E+02  2.8293E+02 -9.6945E+01
0000847   4.1211E+01 -4.3207E+00  1.3904E+02
0000848   3.9029E+02  2.0826E+01  1.1154E+02
0000849   5.0279E+02 -1.0795E+02 -2.4994E+02
0000850   4.1036E+02 -3.0144E+01  1.6331E+02
0000851   3.2473E+02 -1.8511E+00  4.5571E+01
0000852   5.2046E+02 -2.9969E+02 -2.3023E+02
0000853   5.6318E+02  1.1465E+02  8.3596E-01
0000854   4.2096E+02 -5.0047E+01  9.2086E+01
0000855   4.8875E+02 -7.6513E+01 -2.5205E+02
0000856   4.7410E+02 -1.6947E+02 -2.2047E+02
0000857   1.5168E+02 -1.2213E+02  2.4499E+02
0000858   6.1580E+02  1.0346E+02  3.1767E+01
0000860   3.1224E+02 -9.8453E+01 -4.4545E+02
0000861   5.9587E+02 -1.0392E+02 -2.1920E+02
0000862   5.6202E+02  9.0955E+01  3.1397E+02
0000863   2.4532E+02 -5.4217E+02  3.9816E+02
0000865   4.3073E+02 -5.1992E+02 -1.9021E+02
0000866   5.0834E+02  1.4737E+02 -8.9603E+01
0000867   6.7588E+02 -1.2012E+02 -4.1835E+02
0000868   2.5029E+02  9.9595E+01 -6.2994E+02
0000869   6.5063E+02 -1.0137E+02  9.9958E+01
0000870   5.4646E+02  3.0300E+02  3.3902E+01
0000871   6.0200E+02 -4.9894E+02  4.4187E+01
0000872   6.0105E+02 -2.8203E+02  3.9691E+02
0000873   2.3034E+02  5.3739E+02 -6.7633E+01
0000874   5.6406E+02 -2.7969E+02 -3.6384E+02
0000875   6.0760E+02 -8.8875E+00  7.1906E+01
0000876   7.8213E+02 -8.3821E+01  1.4753E+02
0000877   4.0363E+02 -1.9761E+02  2.6079E+02
0000878   3.8691E+02 -1.7574E+02 -4.2421E+00
0000879   7.7364E+02 -1.9992E+01  1.5201E+02
0000880   6.0303E+02 -1.4677E+02 -1.5921E+02
0000881   1.4165E+02 -2.6264E+02  5.0486E+01
0000882   3.9238E+02 -6.5238E+01  5.1818E+01
0000883   6.7881E+02 -2.1233E+02 -2.9884E+02
0000884   2.5074E+02 -3.0290E+02  1.5831E+02
0000885   5.6042E+02 -8.0047E+01  5.6891E+01
0000886   4.0396E+02  1.6138E+02  1.0764E+02
0000887   2.4264E+02  1.1205E+01 -9.0008E+01
0000888   7.6786E+01  6.8357E+01 -4.6088E+00
0000889   7.7326E+02 -2.9419E+02 -3.7274E+02
0000890   4.2806E+01 -1.3827E+02  1.7732E+02
0000891   3.9429E+02 -2.5592E+02 -2.6546E+02
0000892   6.9011E+02  2.4992E+02  1.1127E+02
0000893   1.4066E+02  2.2013E+02  3.0970E+02
0000894   1.6340E+02 -3.0380E+02  4.6374E+02
0000895   5.4472E+02  4.8599E+02 -9.1204E+01
0000896   3.8989E+02  3.3277E+02  2.8888E+02
0000897   2.7251E+02 -4.0691E+01  2.6081E+02
0000898   6.3859E+02 -5.5993E+02  3.0475E+02
0000899   5.6628E+02 -3.0082E+02  5.7591E+01
0000900   3.6477E+02  1.3201E+02 -2.1027E+02
0000901   5.6268E+02 -6.2274E+01 -4.7336E+02
0000902   4.7981E+02  7.0485E+01 -4.6403E+01
0000903   5.2148E+02  1.9690E+01  7.9428E+01
0000904   3.1586E+02 -1.0980E+02  1.5573E+02
0000905   2.4403E+02 -4.9056E+01 -8.0107E+01
0000906   3.6021E+02  1.0300E+02 -6.2150E+01
0000907   5.6477E+01  2.1085E+02 -3.5564E+02
0000908   5.1268E+02 -2.3002E+02 -1.2704E+02
0000909   3.8763E+02 -3.4058E+02 -6.7599E+01
0000910   4.6612E+01  3.9894E+00  1.8144E+02
0000911   1.6617E+02  1.9312E+02 -2.0028E+02
0000912   4.3930E+02  4.0391E+01  2.1111E+02
0000913   4.8940E+02 -6.8895E+01 -4.5531E+01
0000914   5.0992E+02  1.1003E+02 -2.0746E+02
0000915   3.6504E+02  3.9994E+02  1.5390E+02
0000916   1.4209E+02 -4.0586E+02  1.1497E+02
0000917   2.5398E+02 -2.0176E+01  3.7581E+02
0000918   5.2096E+02 -1.3673E+02  8.3416E+01
0000919   7.7844E+02  1.1075E+02  2.2595E+02
0000920   4.1824E+02  2.1325E+02  1.9676E+02
0000921   5.9788E+02 -4.5702E+02  2.3305E+01
0000922   3.8382E+02  2.9688E+02 -1.6520E+02
0000924   5.6696E+02  1.3528E+02  4.9471E+01
0000925   5.7096E+02 -2.2677E+02 -1.9531E+01
0000926   3.9121E+02  1.4338E+00  1.8896E+02
0000927   1.2614E+02  1.8655E+02 -1.4632E+00
0000928   4.9923E+02 -6.2972E+01  3.4405E+01
0000929   5.0425E+02  1.1223E+02 -1.1026E+02
0000930   1.5327E+02  2.6909E+02 -4.9764E+01
0000931   3.7747E+02 -2.8409E+02 -3.2609E+02
0000932   3.0673E+02  4.8124E+02  2.5568E+02
0000933   3.0642E+02 -2.3598E+02  7.9293E+01
0000934   1.4669E+02 -2.1859E+02  1.0185E+02
0000935   6.7233E+02  1.6769E+02  7.1777E+01
0000936   2.2121E+02  3.4796E+00 -3.3631E+02
0000937   2.9709E+02  9.9958E+00 -2.0830E+02
0000938   1.2694E+02  2.6951E+02 -3.2323E+02
0000939   3.8914E+02  3.0453E+02  1.4447E+00
0000940   3.9265E+02  1.7147E+02 -1.3320E+02
0000941   2.6938E+02 -5.8363E+01 -2.0327E+02
0000942   6.5903E+02  8.7023E+01 -2.5510E+01
0000943   5.6036E+02 -4.3313E+02  4.5548E+01
0000944   1.9008E+02  5.9279E+01 -1.3741E+01
0000945   4.9814E+02  2.9866E+02 -1.7383E+02
0000946   3.6850E+02  2.4439E+02 -2.3978E+02
0000947   2.2308E+02  1.9688E+02  3.9634E+01
0000948   6.5604E+02 -1.3808E+02 -9.1138E+01
0000949   2.0087E+02  7.5513E+01  9.5933E+01
0000950   6.6309E+02  2.6462E+02 -1.3950E+02
0000951   6.8783E+02  2.8621E+01  4.5378E+01
0000952   3.5037E+02 -3.6165E+02 -1.3479E+02
0000953   6.5161E+02 -1.7367E+02  3.8277E+01
0000954   1.1875E+02  1.0625E+02 -2.2778E+02
0000955   2.3022E+02  7.3085E+01 -1.7306E+01
0000956   6.5100E+02 -1.5515E+02  6.6086E+01
0000957   1.8709E+02  3.9234E+01  2.6888E+02
0000958   1.4755E+02  3.5091E+02 -8.0909E+01
0000959   4.6405E+02  1.2316E+02  1.9178E+02
0000960   3.0815E+02  2.6547E+02 -1.1804E+02
0000961   2.9376E+02 -6.4967E+01 -2.0296E+02
0000962   5.0171E+02  1.6013E+02 -1.3602E+01
0000963   7.2886E+02  8.3604E+00  2.9148E+02
0000964   4.8798E+02  5.5582E+01  3.9055E+02
0000965   2.9036E+02  2.0574E+02  2.4737E+02
0000966   2.4326E+02 -1.6100E+02 -1.9204E+02
0000967   1.1365E+02 -4.6171E+02  1.5177E+02
0000968   5.7292E+02  1.3157E+02 -1.1018E+02
0000969   2.7349E+02  1.7306E+02 -2.6863E+01
0000970   3.6526E+02 -2.5221E+02 -2.6022E+02
0000971   6.3217E+02  3.8967E+02  2.0528E+02
0000972   4.2017E+02  9.1468E+01 -2.2202E+02
0000973   1.4101E+02 -3.7489E+01 -1.5697E+02
0000974   3.7308E+02  1.3079E+02 -2.6783E+02
0000975   4.3478E+02  2.3989E+02 -9.6483E+01
0000976   3.7835E+02 -1.3602E+02 -2.0832E+01
0000977   2.9154E+02 -4.1110E+02 -1.2619E+02
0000978   5.7908E+02  4.0736E+02 -4.6443E+02
0000979   3.0009E+02 -7.0146E+00 -2.3230E+02
0000980   2.9765E+02  2.3968E+02  6.0489E+01
0000981   4.3310E+02  2.6286E+02  7.1204E+01
0000982   2.9582E+02  3.7575E+02  6.6885E+00
0000983   3.1636E+02 -7.9255E+00 -2.1652E+02
0000984   3.2317E+02 -9.2329E+01  4.9750E+02
0000985   1.4877E+02 -9.7175E+01  9.8671E+01
0000986   6.9371E+02 -1.2780E+02  2.1842E+02
0000987   8.0739E+02  5.6028E+01  1.7709E+02
0000988   3.3575E+02 -6.3354E+01  1.1515E+02
0000989   6.2159E+02 -7.2995E+01 -1.1614E+02
0000990   9.6753E+02  6.2296E+01 -2.1231E+02
0000991   5.4130E+01 -4.0706E+02  1.4622E+02
0000992   4.1194E+02 -2.1498E+02 -1.3034E+02
0000993   3.5486E+02 -2.7964E+02 -1.3711E+01
0000994   3.7137E+02  1.4682E+02  4.1447E+01
0000995   1.0387E+02  8.9576E+01 -4.5431E+02
0000996   3.5267E+02 -2.2325E+02 -4.7740E+02
0000997   3.8878E+02 -2.6456E+02 -1.7810E+02
0000998   3.7976E+02 -3.3351E+02  1.6047E+02
0000999   5.3082E+02  1.4337E+01  9.1491E+01
0001000   5.0853E+02 -1.6347E+02  6.4374E+01
