============================== SRIM-2013.00 ==============================
==============================================================================
====== SRIM Outputs\RANGE_3D.txt : File of Final Ion Positions =====

Ion =  F (09)   Ion Mass= 018.9984
Energy  = 4000000.E-05 keV
Ion Angle to Surface = 00.0 degrees
==================== TARGET =======================
  Layer # 1 - None
  Layer # 1 - Bottom Depth=500000.E-01 A
  Layer # 1 - Density =0007.8700 g/cm3
  Layer # 1 -  100 % of Fe
様様様様様様様様様様様様様様様様様様様様様様様様様様
                                            
Ion       Depth  X   Lateral Y   Lateral Z  
Number    (Angstrom) (Angstrom)  (Angstrom) 
-------  ----------- ----------- -----------
0000001   1.5130E+02  1.1477E+01 -2.2924E+02
0000002   3.3574E+02  8.4562E+01 -4.9164E+01
0000003   4.0651E+02  3.3280E+02  1.2634E+02
0000004   9.7598E+01  1.6426E+02 -1.2889E+02
0000005   4.7840E+02 -6.2006E+02 -8.1024E+00
0000006   1.0221E+02  2.4756E+01  9.8075E+01
0000007   3.4753E+02 -3.5105E+02  3.7606E+02
0000008   3.7070E+02  6.6339E+01  1.2928E+02
0000009   4.5000E+02  1.6978E+02 -3.1313E+02
0000010   6.0855E+02 -7.2215E+01  1.6645E+02
0000011   2.4101E+02 -3.9495E+00 -9.2475E+01
0000012   1.8297E+02  1.4530E+02 -1.6040E+01
0000013   2.5090E+02  3.2528E+02 -4.4977E+02
0000014   3.8194E+02 -3.0474E+01 -3.5027E+02
0000015   4.1161E+02 -7.3330E+01 -2.7585E+02
0000016   6.0749E+02  5.5618E+01 -2.2322E+02
0000017   2.1206E+02  2.1800E+02  3.4990E+02
0000018   8.2575E+02 -1.0203E+01 -1.4078E+00
0000019   5.2099E+02  2.8742E+02  1.6847E+02
0000020   6.5096E+02  4.6114E+02 -9.1997E+01
0000021   1.4681E+02 -2.0313E+02 -3.3599E+01
0000022   6.0863E+02  4.2987E+02  1.4364E+01
0000025   3.0631E+02 -1.6477E+02  1.8490E+02
0000026   3.0065E+02  1.2106E+02  1.1565E+02
0000027   6.5549E+02  9.7235E+01 -1.2715E+02
0000028   4.1684E+02 -2.2461E+02  2.0342E+01
0000029   6.8688E+02 -5.2609E+01  1.6092E+02
0000030   4.2540E+02 -3.1219E+01 -1.4137E+02
0000031   4.8463E+02 -3.1924E+01 -8.8158E+01
0000032   2.3109E+02 -1.9111E+02 -3.3260E+02
0000033   1.4036E+02 -1.6844E+02  4.7378E+01
0000034   2.9593E+02  2.0677E+02  1.7155E+02
0000035   7.6127E+02  5.2027E+01 -7.1536E+01
0000036   9.1736E+01 -3.5443E+02 -1.7639E+02
0000037   6.4391E+02  1.3013E+02 -1.7265E+02
0000038   2.4387E+02  3.0003E+02  1.0391E+02
0000039   3.8372E+02  1.6312E+02 -9.0648E+01
0000040   4.4286E+02 -4.5885E+01  5.2885E+02
0000041   9.2017E+02 -1.1571E+02  3.4658E+00
0000042   5.4114E+02 -7.5486E+00 -4.9607E+02
0000043   4.2797E+02  8.4547E+01  5.0664E+02
0000044   5.5407E+02 -8.9874E+01 -2.9750E+02
0000045   2.3089E+02  1.8298E+02  1.4680E+02
0000046   1.7831E+02  2.4328E+01  1.6065E+01
0000047   2.4743E+02 -3.8383E+01 -9.0278E+01
0000048   7.2753E+02 -9.3535E+00 -4.4364E+02
0000049   9.9391E+01  2.6628E+02  2.5281E+02
0000050   3.4695E+02  1.4073E+02 -6.6412E+01
0000051   5.0865E+02  2.0429E+02 -1.3732E+02
0000052   8.9181E+02 -2.0312E+01  3.2900E+02
0000053   2.1089E+02  8.4946E+01 -2.3600E+02
0000054   1.5002E+02 -2.3361E+02 -1.9835E+02
0000055   2.4719E+02  2.9097E+02  7.7142E+01
0000056   5.5363E+02  2.2729E+02  5.5570E+01
0000057   5.6053E+02  4.4210E+01  8.9416E+00
0000058   6.4917E+02  5.4787E+01 -4.2855E+02
0000060   2.5837E+02 -2.2286E+01  1.3247E+02
0000061   4.2133E+02  1.3728E+02  2.3553E+02
0000062   5.5789E+02 -2.7875E+02  3.6515E+02
0000063   4.5205E+02 -7.2631E+01  2.1212E+02
0000064   5.8569E+02 -4.1327E+01 -3.4271E+02
0000065   4.9777E+02  3.4189E+02 -2.7661E+02
0000066   5.7648E+02  2.1709E+02 -3.6314E+02
0000067   3.3435E+02 -4.5856E+01 -8.7665E+01
0000068   8.0179E+02 -2.7365E+02  4.1612E+02
0000069   6.9790E+02 -8.4589E+01  1.2859E+02
0000070   3.6176E+02  3.8233E+02 -9.1329E+01
0000071   5.4693E+02 -4.0202E+01 -2.5292E+02
0000072   2.0889E+02 -1.4727E+02 -1.3725E+02
0000073   3.9068E+02  6.2154E+01  1.7630E+02
0000074   2.4401E+02  1.0589E+02 -2.6348E+02
0000075   7.6482E+02  2.9465E+02  1.2490E+02
0000076   4.7007E+02 -1.4334E+02  2.0057E+02
0000077   3.7238E+02  3.9447E+02  2.9749E+01
0000078   4.9355E+02  2.3340E+02  3.4022E+02
0000079   7.8889E+02  2.8046E+02  4.6179E+01
0000080   5.7794E+02  2.9997E+02  4.0112E+02
0000081   4.4907E+02 -1.8056E+02  1.7798E+02
0000082   3.2537E+02 -1.6108E+02  3.5665E+02
0000083   5.3077E+02 -4.3610E+01 -4.2580E+02
0000084   2.0175E+02  2.1336E+00 -5.1662E+01
0000085   2.8655E+02 -1.4783E+02  2.3573E+02
0000087   5.0769E+02  2.8424E+02  2.1004E+01
0000088   4.5709E+02  6.0607E+01 -1.5500E+02
0000089   7.4975E+02  1.2478E+02  8.2650E+00
0000090   3.6706E+01  3.8178E+01 -9.5994E+01
0000091   2.4640E+02  1.0921E+02  6.7365E+01
0000092   2.3738E+02 -1.0972E+02  2.3955E+02
0000093   7.9534E+02 -2.8020E+02  3.5644E+02
0000094   7.2792E+01  1.5125E+02 -1.7944E+02
0000095   6.4530E+02 -4.2281E+01 -1.8038E+01
0000096   2.6422E+02  2.4716E+02  8.4964E+01
0000097   1.6754E+02  3.3151E+02  2.3436E+01
0000098   3.4732E+02  5.7963E+01  8.8152E+01
0000099   4.3655E+02 -4.0937E+02 -2.8682E+01
0000100   5.6664E+02 -2.1775E+02  9.6589E+01
0000101   2.1994E+02  8.8555E+01 -5.5733E+02
0000102   8.0575E+02  8.8386E+01 -1.2025E+02
0000103   4.3201E+02 -3.2494E+02  2.9725E+02
0000104   2.3140E+02  4.4954E+02 -3.3312E+02
0000105   7.4995E+02  2.5214E+02 -1.6799E+02
0000106   3.9173E+02 -1.8305E+01 -2.3609E+01
0000107   4.3409E+02  1.3534E+02  4.6219E+01
0000108   1.8677E+02  1.9668E+01  1.3254E+02
0000109   6.1556E+02 -1.7011E+02 -2.1813E+01
0000110   4.0070E+02  1.6610E+02  1.7679E+02
0000111   3.5900E+02  5.8218E+01 -2.2025E+02
0000112   5.6513E+02 -7.7121E+01 -7.0141E+00
0000113   2.4204E+02 -7.3931E+01  4.5116E+01
0000114   3.9902E+02 -3.6484E+02  2.3340E+02
0000115   4.5946E+02 -2.1389E+02  2.5480E+02
0000116   2.9703E+02  4.4988E+02 -1.2246E+02
0000117   4.9172E+02  2.3505E+01 -3.7151E+01
0000118   8.0159E+02  1.2820E+01 -4.0309E+02
0000119   1.8811E+02 -1.8159E+00 -3.7720E+02
0000120   1.0765E+02  3.5781E+02 -2.0998E+02
0000121   8.8318E+01 -1.3343E+02  8.6943E+01
0000122   6.5810E+02  1.4593E+02 -2.1655E+02
0000123   3.3147E+02  1.9312E+02  9.9887E+00
0000124   6.2688E+02  1.6983E+02  1.1406E+02
0000125   5.3395E+02 -1.3963E+02  1.9249E+01
0000126   3.2362E+02 -1.0374E+02  2.1065E+02
0000127   5.9681E+02 -2.4174E+02  2.3326E+02
0000128   2.5061E+02  6.7176E+01  1.1390E+02
0000129   2.0493E+02 -1.2204E+02  2.1683E+02
0000130   5.0487E+02  1.7705E+02  5.2922E+01
0000131   2.9100E+02 -5.1751E+01 -3.5594E+02
0000132   5.5684E+01  4.1443E+01 -1.8673E+02
0000133   3.5915E+02  3.2407E+02  2.9235E+02
0000134   6.3918E+02 -8.6336E+01  1.2048E+02
0000135   2.9850E+02 -1.0555E+02 -3.1268E+01
0000136   1.7928E+02  2.3083E+02  1.2645E+02
0000137   4.4290E+02 -1.6308E+02 -2.4520E+02
0000138   1.6700E+02  1.8536E+02  5.8551E+01
0000139   3.5734E+02 -8.6648E+01  2.6186E+02
0000140   3.2867E+02  1.1719E+02 -2.1109E+01
0000141   4.6677E+02  2.3119E+01 -5.3701E+01
0000142   4.0861E+02 -6.5403E+00 -1.2346E+02
0000143   7.4549E+02  3.1124E+02 -4.5333E+01
0000144   6.0669E+02 -2.5248E+01  4.4155E+02
0000145   2.7276E+02 -4.1554E+01  1.2061E+02
0000146   4.1888E+02 -2.3465E+02  1.6179E+01
0000147   7.9867E+02 -1.8145E+02  6.7645E-01
0000148   5.1057E+02 -1.9044E+01 -2.9878E+02
0000149   6.0317E+02  4.6160E+01  3.1113E+00
0000150   7.3002E+02 -2.8925E+02 -1.0346E+02
0000151   9.7459E+02 -1.9955E+02 -3.6968E+02
0000152   1.0980E+02 -4.9402E+02 -4.3125E+01
0000153   1.5018E+02 -9.9602E+01  5.4246E+01
0000154   1.7456E+02 -2.7685E+02 -2.8763E+01
0000155   1.9510E+02  4.1315E+02  9.9339E+01
0000156   3.1553E+02  1.5252E+01  7.3541E+01
0000157   2.8321E+02  1.1932E+02  1.4500E+02
0000158   6.1296E+02  3.7858E+02  5.7996E+01
0000159   7.8728E+02 -2.1750E+02  1.4643E+02
0000160   6.2199E+02 -8.8145E+00 -2.7816E+02
0000161   9.9151E+01  2.2095E+02 -2.0846E+02
0000162   4.1418E+02  1.3030E+02  1.4305E+02
0000163   1.9630E+02 -1.1059E+02  8.0279E+01
0000164   7.4997E+01  2.9462E+02 -2.3116E+02
0000165   6.8299E+02 -5.8865E+01 -2.6930E+01
0000166   5.3125E+02 -3.6062E+01  1.2132E+02
0000168   4.4555E+02  9.2067E+00  1.1804E+02
0000169   3.8453E+02  1.8388E+02  3.9172E+02
0000170   6.7433E+02  1.6471E+02  1.8508E+02
0000171   3.6847E+02 -8.3524E+01 -1.0033E+02
0000172   3.0875E+02 -2.3181E+02 -2.3799E+02
0000173   6.8417E+02 -2.8816E+01 -2.8279E+01
0000174   8.1064E+02  4.1707E+02 -6.8989E+01
0000175   1.1549E+02  6.0561E+01  1.3111E+02
0000177   6.9734E+02 -4.8263E+01 -9.8715E+01
0000178   4.2900E+02  3.3428E+01 -1.0073E+01
0000180   9.5529E+02  3.1526E+02 -3.7862E+01
0000181   3.0857E+02  1.6636E+02  1.4997E+02
0000182   7.2668E+02  1.1368E+02 -5.3220E+01
0000183   3.7124E+02  3.1476E+02 -3.1780E+02
0000184   5.1457E+02  3.2167E+02 -2.2129E+02
0000185   4.2754E+02 -2.4073E+02  1.4053E+02
0000186   4.7155E+02  1.5825E+02 -1.4030E+02
0000187   4.6139E+02 -2.0849E+02  1.2084E+02
0000188   2.2840E+02 -9.4536E+01 -8.9845E+01
0000189   1.6741E+02  6.0148E+02  5.3457E+01
0000190   5.3615E+02  3.4075E+02  3.8700E+01
0000191   2.3054E+02  4.5117E+02  5.8866E+01
0000192   2.7464E+02  1.2593E+02  2.1584E+02
0000193   5.8197E+02 -1.2035E+02 -3.3421E+02
0000194   4.1811E+02  1.5912E+02 -1.9087E+01
0000195   3.6671E+02 -2.0274E+01  1.3340E+02
0000196   5.3956E+02  1.7786E+02 -4.4045E+02
0000197   1.0252E+01 -2.5757E+02  2.0543E+02
0000198   1.9080E+02 -3.0128E+01 -2.6369E+02
0000199   4.2406E+02 -4.4339E+02  2.7635E+02
0000200   5.9440E+02 -9.7227E+01 -4.2064E+02
0000201   3.6113E+02  8.9386E+01  4.6540E+02
0000202   7.2209E+02 -2.6928E+01  2.2564E+02
0000203   1.1483E+02 -1.5208E+02  3.2733E+02
0000204   4.4719E+02  9.6502E+01  4.0761E+02
0000205   5.7631E+02  2.6436E+02 -2.2753E+02
0000206   1.3827E+02  3.3162E+02 -3.1313E+01
0000207   4.9563E+02 -2.6910E+02 -3.3660E+02
0000208   5.1264E+02  3.0265E+02 -3.7018E+02
0000209   5.1221E+02  1.2653E+02  8.2866E+01
0000210   3.6199E+02  1.4107E+02  2.2073E+02
0000211   4.6327E+02 -1.0604E+02 -3.1127E+01
0000213   9.0149E+01  1.4963E+01  4.1782E+02
0000214   4.7652E+02 -2.5550E+02  1.2922E+02
0000215   4.7821E+02 -4.2154E+02 -2.4470E+02
0000216   7.2685E+02  7.2160E+01 -6.4557E+01
0000217   7.8173E+02  4.5154E+02 -1.9373E+01
0000218   2.4161E+02 -1.5709E+02 -2.1802E+02
0000219   4.1002E+02 -2.7130E+02  3.2533E+02
0000220   4.8696E+02  5.1575E+02  1.2483E+02
0000221   3.7439E+02  3.0129E+02  2.0151E+02
0000222   9.5831E+01  2.0820E+01  2.0061E+02
0000223   4.8275E+02  2.1242E+02 -2.9853E+02
0000224   5.5153E+02  2.3343E+02  6.7243E+01
0000225   3.4488E+02  2.6023E+02 -8.4238E+01
0000226   1.4386E+02 -3.3190E+01  7.9727E+01
0000227   6.0092E+02 -1.0749E+02 -4.5779E+01
0000228   3.6916E+02  2.2078E+02  1.0635E+02
0000229   1.9701E+02  8.9804E+01  2.9300E+02
0000230   5.9938E+02  4.8723E+01  6.3156E+00
0000231   4.3499E+02  2.0069E+02  2.4831E+02
0000232   2.7206E+02 -1.8138E+01  9.2195E+00
0000233   8.8797E+02 -2.5480E+01  2.2095E+02
0000234   5.9490E+02 -8.0634E+01  3.9492E+02
0000235   5.5394E+02  1.4740E+02  3.9972E+02
0000236   5.5222E+02  4.5890E+02 -9.4098E+01
0000237   4.3136E+02 -1.9159E+02 -4.2317E+02
0000238   4.5705E+02 -7.0458E+01  3.2193E+02
0000239   2.8241E+02 -2.6846E+02 -1.2246E+02
0000240   3.0464E+02 -1.4167E+02  2.0485E+02
0000241   8.3487E+02 -1.0045E+02  1.0126E+02
0000242   3.1666E+02 -4.3184E+02  1.9142E+02
0000243   2.9881E+02 -5.6459E+02 -9.5428E+01
0000244   3.0114E+02 -1.4376E+02 -1.9809E+01
0000245   5.0466E+02 -6.3231E+01 -4.9377E+02
0000246   2.6281E+02  1.8807E+02 -3.1267E+02
0000247   4.3966E+02  3.9506E+01  3.7490E+02
0000248   5.4014E+02  9.8484E+01  1.8773E+02
0000249   2.9233E+02 -4.3409E+02  3.3427E+02
0000250   8.5289E+01  2.1712E+02  1.5448E+02
0000251   7.2280E+02  2.1793E+02 -3.6169E+02
0000252   4.1154E+02  1.6078E+02  1.8494E+02
0000253   2.6891E+02  1.7049E+02 -1.1875E+02
0000254   3.5848E+02 -6.1974E+01  6.9049E+01
0000255   3.7419E+02 -2.4438E+02  2.3377E+02
0000256   4.2903E+02 -2.9022E+02 -1.7928E+02
0000257   1.4086E+02  1.1711E+02  4.5592E+02
0000258   2.4193E+02 -8.0899E+01 -3.7351E+02
0000259   6.4169E+02  1.9353E+02 -4.4313E+01
0000260   3.5517E+02 -1.3038E+02  1.5622E+02
0000261   6.5276E+02  2.2336E+02 -1.0074E+02
0000262   1.1616E+02 -4.2360E+00  5.9002E+01
0000263   4.4259E+02  3.4964E+02 -3.2833E+02
0000264   4.0505E+02  2.3829E+02  4.5011E+01
0000265   4.5064E+02 -3.3054E+01 -2.5118E+02
0000266   1.7961E+02  3.3017E+01  3.3407E+02
0000267   4.0577E+02 -1.5564E+02 -4.2058E+02
0000268   2.2886E+02  1.5949E+01 -1.1617E+02
0000269   3.4286E+02 -1.8222E+02 -4.3418E+02
0000270   3.4224E+01  1.2716E+02 -4.9670E+01
0000271   4.1442E+02  1.8057E+02 -1.2471E+02
0000272   7.3052E+02  7.8126E+01 -1.1397E+01
0000273   3.9118E+02  3.7438E+02  6.0694E+01
0000274   1.4989E+02  3.4704E+02 -3.9911E+02
0000275   5.3529E+02 -7.0869E+01  4.5490E+01
0000276   3.5058E+02 -3.6847E+02  1.9135E+02
0000277   4.2284E+02 -1.9413E+02 -6.9059E+01
0000278   3.8011E+02 -1.6785E+02 -8.5260E+01
0000279   2.7762E+02 -1.6692E+02  7.2836E+01
0000280   5.9018E+02 -4.0318E+01 -2.9032E+02
0000281   8.5880E+02  3.3574E+02 -8.2210E+01
0000282   2.2239E+02 -6.8076E+00 -4.2035E+00
0000283   1.8238E+02 -9.5669E+01 -3.6798E+01
0000284   6.1567E+02  1.7566E+02  6.7009E+01
0000285   5.5070E+02  2.5000E+02 -1.2240E+02
0000286   7.4552E+01 -1.6034E+02 -2.2885E+01
0000287   1.8118E+02 -1.2388E+02  3.4392E+00
0000288   5.7725E+01  1.2156E+02 -1.1895E+02
0000289   4.6295E+02 -2.2162E+02  5.9927E+01
0000290   4.9924E+02 -5.5450E+01 -5.1949E+02
0000291   5.7072E+02  1.5844E+02 -1.9333E+02
0000292   6.8387E+02 -5.8934E+01  5.1526E+02
0000293   3.8868E+02  2.2824E+02  4.6967E+02
0000294   2.9885E+02  1.0379E+02 -2.2096E+02
0000295   3.8377E+02 -9.7854E+01  5.8433E+01
0000296   4.6389E+02  1.0733E+02  4.1484E+02
0000297   6.9389E+02  1.6239E+02 -1.6758E+01
0000298   6.4810E+02 -3.1027E+02  2.8677E+01
0000299   7.2194E+01 -5.3531E+01 -1.4463E+02
0000300   3.3615E+02  1.0141E+02  1.3998E+02
0000301   2.6722E+02 -3.1751E+01 -2.0224E+02
0000302   8.5086E+01  1.5918E+02  1.3884E+02
0000303   4.0661E+02  2.9207E+02 -3.3353E+02
0000304   1.8340E+02 -2.0299E+02  3.0947E+02
0000305   6.5897E+02  3.0747E+02  4.6123E+01
0000306   1.6207E+02 -1.5422E+02  1.5885E+02
0000307   1.1625E+02 -1.1558E+02  5.9068E+01
0000308   2.2185E+02 -1.3775E+02  2.9577E+02
0000309   3.5316E+02 -9.3866E+01 -2.9339E+02
0000310   1.2171E+02 -1.2744E+02 -7.8643E+02
0000311   3.0218E+02 -1.0002E+01  2.5734E+02
0000312   4.9854E+02  1.1901E+02 -1.6068E+01
0000313   5.5869E+02 -2.6136E+02 -8.4159E+01
0000314   2.0695E+02  1.7283E+02 -4.5230E+02
0000315   2.9372E+02 -3.1183E+02 -7.9241E+01
0000316   1.9582E+02  1.3590E+02 -6.9693E+02
0000317   3.5232E+02 -4.8972E+02  3.1105E+02
0000318   3.8655E+01  1.0122E+01 -8.1689E+01
0000319   3.9880E+02  2.3362E+02  1.4692E+02
0000320   3.9366E+02  1.6586E+02  2.8935E+02
0000321   3.1883E+02 -2.6827E+01  9.3258E+01
0000322   4.2770E+02  2.2118E+01 -1.6778E+02
0000323   6.8567E+02  2.3022E+02  1.3063E+02
0000324   8.2356E+02 -2.3426E+02  2.0371E+02
0000325   5.8252E+02  4.9016E+01 -2.0955E+02
0000326   3.9687E+02  4.8674E+02  6.0121E+01
0000327   5.7242E+02  1.0298E+02 -5.5599E+01
0000328   2.8625E+02 -4.4425E+01 -2.3174E+02
0000329   4.5619E+02 -3.7205E+02  2.3565E+02
0000330   3.2439E+02 -8.3494E+01 -4.8972E+02
0000331   1.9837E+02 -7.5255E+01  1.7481E+02
0000332   5.9814E+02  4.4312E+02  9.4780E+01
0000333   3.8797E+02  7.2326E+01  3.4689E+01
0000334   5.8352E+02  1.0312E+02  4.5001E+02
0000335   1.6285E+02  5.4613E+01  2.4022E+02
0000336   6.8175E+02  1.6348E+02 -2.3992E+01
0000337   3.2424E+02  4.8760E+01  3.8919E+00
0000338   5.4402E+02  6.1455E+01  2.9467E+02
0000339   3.3090E+02  2.1643E+01  2.5181E+01
0000340   4.0301E+02 -1.1568E+02  1.8418E+02
0000341   8.8979E+02 -1.6641E+02 -1.5422E+02
0000342   5.2535E+02 -5.4369E+01 -1.7902E+02
0000343   3.3615E+02 -3.2463E+02 -1.0446E+02
0000344   7.2706E+02 -3.2794E+02  1.3369E+02
0000345   4.1969E+02  1.9537E+01  2.0894E+02
0000346   4.9460E+02 -7.9992E+01 -6.2736E+00
0000347   5.8948E+01 -1.0999E+02  1.8856E+02
0000349   4.1629E+02  6.1123E+01  5.8407E+01
0000350   4.9316E+02 -3.7819E+02  1.3276E+02
0000351   4.2282E+02 -1.7117E+02  7.5804E+01
0000352   2.1315E+02  3.0130E+02  4.7397E+02
0000353   2.6201E+02 -2.3272E+02 -3.0344E+02
0000354   2.6172E+02 -1.5779E+02  1.1108E+02
0000355   2.1064E+02  1.1967E+02 -7.1660E+01
0000356   5.3293E+02 -2.5694E+02 -1.5643E+01
0000357   4.0439E+02  2.4400E+02 -1.7992E+02
0000358   2.7564E+02 -2.2764E+02  2.1453E+02
0000359   6.2530E+01 -4.3410E+01  4.3590E+02
0000360   9.8843E+01 -2.4369E+02  1.7628E+02
0000361   6.9007E+02  2.7782E+02 -2.2150E+02
0000362   7.9098E+02  9.7541E+01  1.0499E+02
0000363   5.8177E+02  2.1041E+02  2.0817E+02
0000364   3.0670E+02  2.9265E+02  4.9603E+02
0000365   3.2013E+02 -6.6696E+01 -2.1657E+02
0000366   6.0433E+02  2.0247E+02 -3.1093E+02
0000367   2.2824E+02 -9.7873E+01  1.5134E+02
0000368   3.5892E+02  2.7709E+02  1.9957E+02
0000371   5.9034E+02 -6.1983E+00  1.7120E+02
0000372   5.2360E+02  8.3836E+01 -9.8389E+01
0000373   2.5272E+02  1.7478E+02  4.9502E+01
0000374   5.8116E+02 -8.4390E+01  2.5828E+02
0000375   2.0628E+02  3.0979E+02 -2.1172E+02
0000376   2.4993E+02 -2.6859E+01  3.2199E+02
0000377   1.9552E+02 -2.6093E+02 -1.6074E+02
0000378   8.4605E+02 -1.6889E+02  1.1438E+02
0000379   5.8466E+02  3.1416E+02 -7.4302E+01
0000380   4.9358E+02 -6.1585E+01  2.1771E+02
0000381   6.9848E+02  4.8478E+01 -3.4871E+02
0000382   3.3264E+02 -1.8644E+02 -1.0870E+02
0000383   3.9202E+02 -1.1823E+02  1.6075E+01
0000384   4.8888E+02 -9.6212E+01  3.2916E+02
0000385   3.9452E+02  6.2334E+01  1.2641E+01
0000386   3.3011E+02  2.6923E+01 -2.8048E+02
0000387   3.9363E+02 -1.4827E+02  2.5107E+02
0000388   3.1914E+02 -3.6934E+02 -2.1612E+02
0000389   2.4581E+02  2.5139E+02 -2.4195E+02
0000390   5.9143E+02 -2.2093E+01 -2.9635E+02
0000391   2.7927E+02  2.4251E+02 -1.6156E+02
0000392   3.6357E+02  1.4929E+02  2.3644E+02
0000393   3.4863E+02  4.0391E+02  2.8234E+02
0000394   1.5244E+02  1.0320E+02 -2.1429E+02
0000395   3.2187E+02 -1.4171E+02 -3.9371E+02
0000396   3.1330E+02 -4.5956E+00 -5.3638E+02
0000397   1.9510E+02 -1.8812E+02  3.4416E+02
0000398   6.8669E+01 -3.9421E+02  4.5325E+01
0000399   1.4036E+02 -1.2113E+01  1.0929E+02
0000400   4.0381E+02 -4.2660E+01 -2.6699E+00
0000401   5.7989E+02  2.6438E+01 -2.5712E+02
0000402   6.6709E+02  4.7845E+02  1.5189E+02
0000403   5.3333E+02  1.0154E+02 -3.7906E+02
0000404   4.1735E+02  1.1735E+02 -4.8854E+02
0000405   3.9207E+02 -2.6864E+01  3.2038E+02
0000406   9.0835E+02  2.2594E+02 -2.8489E+01
0000407   5.5875E+01 -1.6699E+02 -3.1553E+02
0000408   2.2530E+02  5.4872E+01 -2.2046E+02
0000409   5.4960E+02  1.4657E+02 -1.9271E+02
0000410   5.5415E+02  2.9935E+02  1.8654E+02
0000411   2.6700E+02  3.9311E+02  1.7058E+02
0000412   3.0192E+02  3.4037E+02  1.5682E+02
0000413   5.1897E+02 -4.6332E+01  2.1804E+02
0000414   2.6894E+02  2.3204E+02 -1.9679E+02
0000415   3.1837E+02 -1.8020E+02  2.0366E+02
0000416   2.4010E+02  4.8078E+02  2.6779E+02
0000417   1.9602E+02  3.1898E+01 -2.2925E+02
0000418   2.5227E+02  2.6608E+02  1.0649E+02
0000419   4.0817E+02 -6.3484E+00 -1.9942E+02
0000420   7.6294E+02  3.6275E+02  3.7134E+02
0000421   2.7632E+01  3.8437E+00  1.1213E+02
0000422   3.7077E+01  9.8729E+01  7.9872E+01
0000423   3.5496E+02  5.6854E+02 -1.0690E+02
0000425   9.6798E+02  7.2068E+01  1.8446E+02
0000426   3.1816E+02 -1.4377E+02 -2.3803E+02
0000427   5.0050E+02 -1.1746E+02 -8.5334E+01
0000429   7.0352E+02  6.9088E+01 -1.8764E+02
0000430   6.0593E+02  4.2213E+02  1.4286E+02
0000431   5.1794E+02 -1.2130E+02 -7.2926E+01
0000432   6.3948E+02  2.9822E+02 -1.4742E+01
0000433   6.0923E+02  3.0027E+01 -2.3679E+02
0000435   5.9986E+02 -2.7969E+01  3.1146E+02
0000436   4.7127E+02  1.0315E+02 -1.1935E+02
0000437   5.9452E+02  2.2485E+02  2.7359E+02
0000438   1.7432E+02  4.0911E+00 -6.2178E+01
0000439   1.4736E+02 -1.9553E+02  1.0582E+02
0000440   5.0300E+02 -1.4244E+02  2.6899E+02
0000441   4.3299E+02  5.0183E+01 -1.6768E+02
0000442   3.6125E+02  2.7697E+02  1.3887E+02
0000443   4.3667E+02 -1.5100E+02  3.0108E+02
0000444   1.6557E+02  1.8890E+02 -1.6545E+02
0000445   3.3377E+02 -1.7367E+02 -4.7301E+02
0000446   5.3383E+02 -2.4764E+02 -2.0662E+02
0000447   6.6799E+01  3.5942E+02  5.1643E+02
0000448   2.8539E+02 -6.2995E+01 -1.1282E+02
0000449   7.1473E+02  4.6248E+01 -4.5306E+02
0000450   6.1522E+02  3.1128E+02 -3.5321E+02
0000451   2.5696E+02 -4.2991E+01 -4.1502E+02
0000452   7.3130E+02 -9.9957E+01  9.5812E+01
0000453   2.7478E+02 -9.6274E+01 -5.0868E+01
0000454   6.1118E+02  2.3947E+02  2.3425E+00
0000455   4.1117E+02 -1.5644E+02 -1.4354E+02
0000456   2.4183E+02  3.8416E+02 -3.9214E+02
0000457   5.5814E+02  8.4828E+01 -3.5604E+01
0000458   3.7664E+02  3.6368E+01  2.4979E+02
0000459   4.7629E+02 -5.8821E+01  1.1319E+02
0000460   4.4908E+02 -2.5554E+02  3.2264E+02
0000461   5.0943E+02  2.0712E+01  4.3920E+02
0000464   6.4695E+02 -1.2486E+02  2.4883E+02
0000465   8.5069E+01  1.0781E+02 -5.1151E+02
0000466   4.5719E+02 -2.4786E+02 -4.0943E+01
0000467   4.2955E+02  2.6136E+02 -2.5305E+02
0000468   1.4546E+02 -2.1301E+02  5.6662E+01
0000469   2.6814E+02 -1.0062E+02 -1.3705E+02
0000470   2.8020E+02 -3.2026E+02  6.6633E+01
0000471   3.8625E+02  2.0273E+02 -2.8789E+01
0000472   4.4942E+02  7.6876E+01  2.9377E+01
0000473   7.5255E+01 -1.5264E+02 -7.9024E+00
0000474   4.3456E+02  3.6549E+02  1.3633E+02
0000475   2.4866E+02 -1.0436E+02 -2.4576E+02
0000476   4.1918E+02  3.3745E+01 -1.4434E+02
0000477   4.5267E+02 -6.0530E+01 -1.9802E+02
0000478   5.4851E+02  1.6423E+02 -5.1381E+01
0000479   4.1667E+02 -2.8858E+01  2.9185E+02
0000480   2.1834E+02 -2.6973E+02 -2.0498E+01
0000481   2.2173E+02 -8.4960E+01  2.3834E+02
0000482   5.7600E+01 -1.2940E+02  3.2683E+01
0000483   9.7580E+01  2.1486E+01  1.1996E+02
0000484   6.1334E+02 -3.1144E+02  1.0589E+02
0000485   2.2772E+02 -1.5914E+02  2.7074E+02
0000486   4.2652E+02 -3.2884E+02  1.3048E+02
0000487   2.9076E+02 -2.5621E+00  5.7110E+01
0000488   6.7525E+01 -2.5472E+01 -4.3856E+01
0000489   5.2969E+02  7.9515E+01 -3.0174E+02
0000490   5.6418E+02 -4.5902E+02  1.9914E+02
0000491   3.0818E+02 -1.6551E+02 -2.5415E+02
0000492   2.7490E+02 -1.4485E+01  2.4779E+02
0000493   4.3111E+02 -2.9181E+02 -2.7779E+02
0000494   7.4047E+02  1.0125E+02 -6.7123E+01
0000495   2.6321E+02 -6.6116E+01  3.5157E+02
0000496   2.6849E+02 -2.1746E+02 -2.4086E+02
0000497   2.5212E+02 -6.5186E+01  4.5805E+02
0000498   7.6728E+02 -3.1689E+02 -2.9129E+02
0000499   2.0667E+02  2.4643E+01 -1.0240E+02
0000500   5.7228E+02 -4.4007E+00  2.2086E+02
0000501   5.5740E+02  3.9769E+02  1.9539E+02
0000502   2.4985E+02  2.6432E+02 -1.2780E+02
0000504   2.4703E+02 -1.3941E+02  5.3021E+01
0000505   7.4280E+02 -1.8780E+02 -3.7933E+00
0000506   2.8726E+02 -9.0174E+00  4.0708E+02
0000508   1.8032E+01  2.4253E+01  1.4496E+02
0000509   2.7691E+02  3.4629E+02  6.7022E+01
0000510   3.7618E+02 -1.9508E+02  4.0276E+01
0000511   5.8565E+02  9.4056E+01 -4.4132E+01
0000512   9.4610E+02  2.4465E+02 -1.6976E+02
0000513   3.7837E+02  4.0011E+01 -1.6284E+01
0000514   4.1463E+02 -4.9695E+02  2.0503E+02
0000515   6.7086E+02  2.2485E+02 -1.1996E+02
0000516   1.5869E+02  1.6486E+02 -8.8904E+01
0000517   6.7240E+02  1.8915E+02 -3.7688E+02
0000518   8.8257E+02 -2.8588E+02 -8.1808E+01
0000519   6.9695E+02  6.7392E+01 -9.3119E+00
0000520   5.4896E+02  2.9939E+02  3.6627E+02
0000521   1.9168E+02 -9.1321E+01 -8.0745E+01
0000522   4.9113E+02 -2.7578E+02 -4.1115E+02
0000523   2.9204E+02  1.9299E+02 -3.8032E+02
0000524   6.2506E+02  1.9274E+02  2.2187E+01
0000526   3.5706E+02  3.0146E+02  9.9723E+01
0000527   2.5790E+02 -2.6714E+02  2.8498E+02
0000528   2.7687E+02  3.6641E+02 -2.9227E+02
0000529   1.1002E+02  2.9405E+02  6.8052E+01
0000530   5.0839E+02 -3.2431E+02  5.3153E+01
0000531   4.4529E+02  3.6927E+01 -2.8187E+02
0000532   3.5873E+02 -7.0757E+01 -3.7747E+02
0000533   4.7693E+02 -4.7631E+01  2.3609E+02
0000534   5.7037E+02 -6.0967E+00  7.7927E+01
0000535   2.8182E+02  2.1639E+02  4.6452E+01
0000536   5.3207E+02 -2.0138E+01 -1.6768E+01
0000537   2.7750E+02  6.8095E+01 -9.4688E+01
0000538   3.7336E+02 -3.4905E+01  7.7260E+01
0000539   4.2560E+01 -2.8389E+02  2.7258E+02
0000540   2.1934E+02  5.0944E+01 -3.9447E+01
0000541   4.4816E+02  1.8548E+02 -4.6172E+02
0000543   3.4695E+02  2.2328E+02 -1.5104E+02
0000544   5.4610E+02 -5.4537E+01 -3.6728E+01
0000545   7.0923E+02  1.0969E+02  2.2297E+00
0000546   3.8054E+02 -2.5321E+02 -3.6418E+01
0000547   7.1401E+02  2.0307E+02  2.3347E+02
0000548   2.1539E+02  3.9288E+01  1.0467E+02
0000549   3.8821E+02  3.6483E+02  1.9628E+02
0000550   5.5474E+02 -2.2795E+02 -3.9050E+02
0000551   4.3964E+02  2.4800E+02 -1.9329E+02
0000552   3.3832E+02 -3.3897E+02 -1.7580E+02
0000553   6.2891E+02 -3.7312E+02 -1.6239E+02
0000554   4.9948E+02 -3.0422E+02  6.1275E+01
0000555   1.3972E+02  1.1915E+02 -9.9929E+01
0000556   4.0848E+02  4.5719E+02 -1.0547E+02
0000557   6.1359E+02  1.2461E+02  2.4555E+00
0000558   2.2192E+02  1.4323E+02 -1.1356E+01
0000559   5.5817E+02  9.2004E+01  5.6084E+01
0000560   5.1257E+02 -1.6543E+02 -4.6502E+02
0000561   9.8830E+01  4.1685E+02 -8.6547E+00
0000563   8.4123E+01 -7.3309E+01 -5.2337E+02
0000564   6.1614E+02  3.3523E+02 -2.7698E+02
0000565   3.8231E+02 -1.7936E+02  1.1625E+02
0000566   4.0054E+02  1.1937E+02 -3.7653E+02
0000567   5.7049E+02  7.6101E+01  2.8692E+02
0000568   8.2991E+02  7.1795E+01  1.3821E+02
0000569   4.9982E+02  4.0842E+02 -4.6451E+02
0000570   8.8024E+01 -1.5919E+01 -2.4814E+02
0000571   6.8290E+02  7.3140E+01  5.8296E+01
0000572   2.8872E+02 -2.3891E+02 -1.7157E+02
0000573   6.3402E+02  5.6130E+01 -1.1989E+02
0000574   4.9475E+02  9.6389E+01  2.1536E+02
0000575   8.7086E+02  4.2911E+01 -2.2828E+01
0000576   4.2171E+02 -2.9305E+02 -5.7717E+01
0000577   4.3320E+02 -5.7215E+01  2.2694E+02
0000578   6.2324E+02  1.2793E+02  1.5521E+02
0000579   3.8983E+02  2.9598E+02 -1.7899E+02
0000580   1.5693E+02  1.1552E+02  1.3317E+02
0000581   2.9743E+02 -2.9638E+02 -2.0308E+02
0000582   3.7287E+02 -3.8933E+01 -2.9053E+02
0000584   2.9392E+02 -2.4024E+01  8.7971E+01
0000585   3.3933E+02  4.5100E+01  2.0362E+02
0000586   6.6169E+02 -1.7451E+02 -2.5681E+02
0000587   8.3373E+01 -3.6385E+02 -8.0113E+01
0000588   2.3706E+02  1.7515E+02  4.1710E+02
0000589   5.1777E+02  2.0087E+02 -2.1531E+02
0000590   3.7839E+02  2.2554E+02  1.7253E+01
0000591   5.9010E+02  2.4072E+02 -1.5624E+02
0000592   4.8876E+02  1.5850E+02  1.0753E+02
0000593   4.6293E+02 -1.5563E+02  3.7515E+02
0000594   4.6393E+02 -2.6663E+02 -2.0975E+01
0000595   4.9214E+02 -4.9739E+00  2.0652E+02
0000596   1.4408E+02 -1.1504E+02 -6.9098E+01
0000597   2.5217E+02 -1.9837E+02  6.6918E+00
0000598   4.0820E+02 -1.0434E+02 -3.0410E+02
0000599   5.8803E+02 -2.8649E+02  1.4388E+02
0000600   2.7436E+02  2.3154E+02  1.4175E+02
0000601   4.2369E+02  9.3422E+01 -4.0702E+02
0000602   2.5129E+02 -4.7849E+00  9.8922E+01
0000603   4.5586E+02  2.2750E+01  1.5138E+01
0000604   5.7176E+02 -6.3418E+01 -1.8434E+02
0000605   4.5676E+02  2.5243E+02  3.2659E+00
0000606   3.7173E+02  1.4741E+00  6.1941E+01
0000607   2.5521E+02 -7.5518E+01 -7.1857E+01
0000608   5.0735E+02  8.8797E+01  1.2318E+02
0000609   2.0582E+02 -3.4008E+02 -1.3876E+02
0000610   4.1073E+02  4.4278E+02 -3.9961E+02
0000611   8.4874E+02  3.0262E+02  7.3758E+01
0000612   3.7751E+02  5.9124E+01 -9.8897E+01
0000613   2.9023E+02 -2.6548E+01 -1.1485E+02
0000614   7.1347E+02 -1.1318E+02 -1.2302E+02
0000615   3.2309E+02  5.1576E+02  2.3317E+02
0000616   2.4797E+02  1.4653E+02  2.2198E+02
0000617   2.6848E+02 -2.2152E+02  7.4395E+01
0000618   6.1069E+02 -1.0222E+02  7.2872E+01
0000619   9.6227E+01  1.5789E+02 -5.8353E+01
0000620   3.6922E+02  3.7205E+02 -2.6539E+02
0000621   3.6348E+02  2.1818E+02 -2.3647E+02
0000622   2.3939E+02 -3.8490E+02  5.4798E+01
0000623   4.1014E+02 -1.1372E+02 -8.9014E+01
0000624   3.9135E+02  5.7802E+02  9.0950E+01
0000625   3.1085E+02 -9.7833E+01 -2.2670E+02
0000626   7.1316E+02  3.4742E+01 -2.3500E+01
0000627   1.1463E+02  2.1863E+02 -5.0449E+02
0000628   3.0059E+01 -4.5470E+01  5.5816E+02
0000629   4.6749E+02 -1.6953E+01  1.0486E+02
0000630   3.4969E+02  7.9625E+01 -7.8437E+01
0000631   4.4047E+02  3.0489E+02  8.2811E+01
0000632   3.9211E+02  3.2216E+02 -1.9775E+02
0000634   2.3064E+02 -1.2328E+02 -3.3130E+02
0000635   3.7552E+02 -3.2169E+01  2.3595E+02
0000636   2.7635E+02  4.1008E+02  1.5443E+02
0000637   5.2833E+02  2.6122E+02 -8.9656E+01
0000638   1.8552E+02 -3.9552E+02 -8.6134E+01
0000640   5.3969E+02 -2.0152E+01 -9.8621E+01
0000641   4.1603E+02 -1.8828E+02  1.9251E+01
0000642   4.8634E+02 -4.7375E+02  1.3283E+02
0000643   5.9612E+02 -3.2562E+02  1.8128E+02
0000644   1.5489E+02  3.7023E+02  3.2026E+02
0000645   5.1491E+02 -2.8106E+02  3.7964E+02
0000646   2.6514E+02 -3.9761E+01 -6.7765E+01
0000647   5.7945E+02 -6.6034E+01  2.0188E+02
0000648   9.9809E+01 -1.7142E+02  1.3223E+02
0000649   4.9976E+01  8.4390E+01  3.1920E+02
0000650   3.1671E+02  2.5540E+02 -3.2632E+02
0000651   4.2041E+02  2.2725E+02  4.8087E+01
0000652   4.8708E+02 -7.5834E+00 -3.2396E+02
0000653   3.9524E+02 -8.5510E+01  2.8043E+01
0000655   1.9970E+02 -8.1764E+01 -1.4924E+02
0000656   6.1262E+02 -1.4068E+02  1.4212E+02
0000657   1.5925E+01 -5.7197E+01 -2.0514E+02
0000658   4.4721E+02 -2.9239E+00 -1.8205E+02
0000659   3.5295E+02  2.3571E+02 -1.5896E+02
0000660   7.8275E+02  4.8571E+02  2.0715E+01
0000661   8.1743E+02  9.6940E+01  1.1995E+02
0000662   5.1082E+02 -1.0797E+02  1.5176E+02
0000663   5.2185E+02  1.9696E+02  4.0135E+02
0000664   6.7362E+01 -8.5814E+01  6.1832E+01
0000665   4.8751E+02  3.2091E+02  2.3798E+02
0000666   6.4766E+02  3.9518E+02 -1.4928E+02
0000667   5.1488E+02  3.7480E+02  3.1305E+02
0000668   3.7820E+02  2.5133E+02 -2.2748E+02
0000669   3.2539E+02  1.8102E+02 -2.6191E+02
0000670   1.2188E+02 -2.1763E+02  1.3994E+01
0000671   3.3060E+02 -2.7704E+02  3.7914E+01
0000672   2.0722E+02 -3.7013E+02 -1.7560E+02
0000673   6.0177E+02  1.3242E+02  1.6006E+02
0000674   2.8187E+02 -1.1785E+02 -8.3763E+01
0000675   1.4429E+02  3.6348E+02  6.5132E+01
0000676   4.7001E+02 -4.0215E+01  1.6811E+02
0000677   2.8980E+02 -4.6200E+02 -1.0203E+02
0000678   5.0900E+02 -2.5344E+01 -2.6272E+02
0000679   7.3948E+02 -3.2868E+00  7.6026E+01
0000680   4.3815E+02  3.8187E+01  2.7324E+02
0000681   1.9320E+02 -9.3070E+00 -3.4078E+01
0000682   6.7300E+02 -1.2337E+02 -7.6616E+01
0000683   6.6862E+02  1.8737E+02  3.4344E+01
0000684   2.4397E+02  1.6701E+02 -1.6155E+02
0000685   7.7307E+02  3.7350E+01  4.5011E+02
0000686   4.8079E+02  2.6228E+01  1.9228E+02
0000687   1.2150E+02 -4.0601E+01 -1.3634E+01
0000688   8.8528E+02 -1.1733E+02 -1.3990E+02
0000689   2.5548E+02 -4.9841E+02 -4.0167E+02
0000690   3.2546E+02  4.4689E+02  4.3156E+02
0000691   4.0233E+02 -2.0391E+02  3.4895E+01
0000692   2.7417E+02  1.8829E+02 -1.4749E+02
0000693   3.6955E+02  4.3921E+01 -2.1119E+02
0000694   5.5332E+02 -6.2114E+00 -1.7049E+02
0000695   2.7295E+02 -3.1838E+01  4.3503E+01
0000696   1.6735E+02  4.2828E+01 -1.8276E+02
0000697   6.9093E+02 -2.7363E+02 -4.2399E+02
0000698   1.7132E+02  1.0292E+02 -1.2218E+01
0000699   3.4082E+02 -3.9449E+02  3.1663E+02
0000700   4.3372E+02  5.6755E+01  1.1635E+02
0000701   3.9225E+02 -8.6781E+01  1.7050E+01
0000702   3.5362E+02  5.8455E+01 -5.1017E+01
0000703   5.2346E+02 -1.8406E+02  1.8702E+02
0000704   4.6027E+02  2.6529E+01 -9.0308E+01
0000705   3.1858E+02  2.1703E+02  2.3931E+02
0000706   1.3360E+02 -1.9185E+02 -5.6496E+01
0000707   6.0277E+02 -1.5454E+02  3.3063E+02
0000708   3.0340E+02  3.3598E+02  2.5323E+02
0000709   2.8542E+02 -5.7782E+00 -1.3906E+02
0000710   5.3879E+02 -1.1971E+02  1.3819E+01
0000711   3.5900E+02  1.6396E+02 -5.2551E+01
0000712   3.3386E+02  4.3046E+02  1.2651E+02
0000713   6.3656E+02  3.3194E+02  9.7941E+01
0000714   6.1351E+02 -5.8702E+02  1.6968E+02
0000715   3.4899E+02  2.7234E+02  1.3725E+02
0000716   6.6237E+02 -3.4791E+01 -2.5619E+02
0000717   5.0787E+02  1.0770E+02  3.7007E+01
0000718   4.2553E+02  2.9867E+02  5.1292E+01
0000719   1.2258E+02 -6.4275E+01 -1.9927E+02
0000720   7.0403E+02 -1.5950E+01  1.1578E+02
0000721   2.1163E+02  4.5255E+01  8.0076E+01
0000722   3.4169E+02  3.5512E+02  1.7103E+02
0000723   7.0786E+02 -5.8370E+01 -2.0697E+02
0000724   4.5574E+02 -1.9785E+02 -2.2819E+02
0000725   1.5645E+02  2.2184E+02  3.3304E+02
0000726   3.8538E+02  3.2797E+02  2.3653E+01
0000727   5.0696E+02  1.9026E+02 -5.1082E+02
0000728   6.4401E+02  8.3173E+01  8.5248E+01
0000729   2.3487E+02  1.7993E+02  6.1872E+01
0000730   1.2037E+02  7.0536E+00 -1.0617E+02
0000731   1.1473E+02  3.3736E+01  2.4380E+02
0000732   1.3211E+02 -1.2104E+01  2.9829E+02
0000733   3.3019E+02  5.2771E+02  5.0596E+02
0000734   5.4921E+02 -3.5993E+02 -2.1871E+02
0000735   3.6791E+02  1.6257E+02 -1.7907E+02
0000736   4.8303E+02  2.2687E+02  2.8281E+02
0000737   3.4370E+02  4.0493E+02  3.1960E+02
0000739   5.7899E+02 -1.4871E+02 -1.4786E+02
0000740   4.9425E+02 -4.6991E+01  1.8081E+02
0000741   7.5928E+02 -1.5135E+02  2.0294E+02
0000742   4.6337E+02  8.1893E+01 -1.5661E+00
0000743   6.2142E+02 -3.6167E+02  1.1287E+02
0000744   4.6407E+02  1.7496E+02 -1.2435E+02
0000745   7.0889E+02 -6.1306E+01 -7.6674E+01
0000746   2.1836E+02  1.3431E+02  1.8390E+02
0000747   3.2950E+02 -5.5047E+01 -1.2568E+02
0000748   2.6621E+02  3.9243E+02  1.6026E+02
0000749   2.7717E+02  1.1072E+02  2.0400E+02
0000750   4.9012E+02  7.8368E+01 -1.6294E+02
0000751   5.4985E+02 -9.8462E+01 -3.6056E+01
0000752   5.0135E+02 -8.9710E+01 -2.4535E+02
0000753   6.1093E+02 -2.0115E+02  4.1700E+02
0000754   5.5037E+02  7.2233E+01  3.0146E+02
0000755   3.9365E+02  5.3167E+01  1.5169E+02
0000756   5.9709E+02 -1.2300E+02  1.5950E+02
0000757   4.1701E+02  1.3940E+02 -1.4272E+02
0000758   3.1991E+02 -1.7887E+02 -3.1059E+01
0000759   5.2255E+02  1.4643E+02  4.8848E+01
0000760   9.8977E+01 -1.2295E+02 -1.9832E+02
0000761   4.4683E+02 -1.9106E+02  1.8639E+02
0000762   3.6705E+02  5.7190E+01  2.6726E+02
0000763   3.1665E+02  2.2529E+02 -1.7504E+02
0000764   3.5172E+02 -1.7465E+02  6.7093E+01
0000765   2.3057E+02  2.3674E+02  2.9685E+02
0000767   6.4538E+02  4.6798E+01 -6.6872E+01
0000768   5.9760E+02  1.2066E+02 -4.7671E+01
0000769   6.8561E+02 -5.5768E+02  1.8467E+02
0000770   3.6737E+02 -1.3823E-01  1.3544E+02
0000771   5.5653E+02 -3.9688E+01 -2.5757E+02
0000772   5.2638E+02  2.5065E+02  5.2863E+00
0000773   1.3457E+02 -3.4363E+02 -3.7281E+02
0000774   3.4742E+02  1.9545E+02 -6.1585E+01
0000775   3.6785E+02  1.0273E+02 -2.6910E+02
0000776   2.0702E+02  5.3880E+02 -2.6459E+02
0000777   3.8652E+02  5.4796E+01 -3.2281E+02
0000778   3.1379E+02  3.1097E+02  6.8670E+01
0000779   2.3980E+02 -1.0215E+02  2.8769E+02
0000780   4.3582E+02  4.5072E+00 -1.1173E+02
0000781   4.6934E+02  2.5040E+02 -1.4554E+02
0000782   3.1707E+02 -2.7488E+02 -3.8870E+02
0000783   2.7529E+02  4.5939E+02 -1.7648E+02
0000784   5.1695E+02  7.6413E+01  3.6272E+02
0000785   2.0389E+02  2.0215E+02 -4.8557E+01
0000786   4.1014E+02 -2.9054E+02 -2.7473E+02
0000787   3.7990E+02  1.1466E+02  7.1828E+01
0000788   5.1472E+02 -1.2681E+02 -7.3336E+01
0000789   5.7170E+02  2.5988E+02 -2.5546E+02
0000790   6.0109E+02  1.0886E+01  7.9210E+01
0000791   5.5780E+02  8.9890E+01  1.2377E+02
0000792   9.1007E+01 -9.6266E+01 -4.2209E+01
0000793   4.4532E+02 -2.7322E+01 -1.9540E+02
0000794   8.4567E+02  1.9002E+02  1.1834E+02
0000795   6.5054E+02  1.1897E+01  7.8437E+01
0000796   1.5575E+02 -2.3158E+02  4.3482E+01
0000797   3.9174E+02  2.0173E+02 -5.9530E+02
0000798   5.4689E+02 -2.3789E+02 -1.6118E+02
0000799   5.2553E+02 -5.3986E+02 -1.7771E+02
0000800   3.6979E+02 -1.7077E+02  2.5402E+02
0000801   3.1735E+02  3.2912E+02  2.5304E+01
0000802   3.1608E+02  2.7763E+02 -1.6980E+02
0000803   6.7882E+02 -3.5149E+02  5.6443E+01
0000804   1.4427E+02  1.8906E+02  2.1402E+02
0000805   5.3593E+02 -3.1354E+02  1.3048E+02
0000806   5.1397E+02  1.0470E+00 -9.7389E+01
0000807   5.0328E+02 -6.5149E+02  1.9789E+02
0000808   3.4130E+02  1.3392E+02 -2.4481E+02
0000809   5.3288E+02 -1.7060E+02 -1.9115E+01
0000810   3.3545E+02  5.2200E+01 -3.0402E+02
0000811   7.3657E+02  3.7804E+02  2.4005E+02
0000812   4.6119E+02 -1.7452E+02  1.3603E+02
0000813   5.9106E+02  3.5334E+02 -1.6027E+02
0000814   1.4483E+02 -2.3836E+02 -2.5153E+02
0000815   9.7331E+01 -1.7012E+01  4.3067E+02
0000816   1.7046E+02 -3.8043E+02  1.3501E+02
0000817   5.9207E+02  4.4346E+02  1.6386E+02
0000818   5.9069E+02  3.3368E+02 -9.1964E+01
0000819   6.3958E+02 -2.1293E+01 -1.9947E+01
0000820   3.6142E+02  3.0288E+02 -1.8859E+02
0000821   5.3449E+02 -2.7795E+02  2.3256E+02
0000822   2.1824E+02 -2.4827E+02 -1.5850E+02
0000823   4.4597E+02  5.5407E+01 -6.1879E+01
0000824   4.7135E+02 -2.1287E+02  2.2647E+02
0000825   3.3676E+02 -5.9859E+01  1.1135E+02
0000826   3.2876E+02 -1.6521E+02 -3.2257E+02
0000827   5.6725E+02 -1.4310E+02  7.9314E+01
0000828   5.2022E+02 -6.9216E+01 -5.6368E+01
0000829   3.3788E+02 -2.8371E+02 -4.5680E+02
0000830   4.2640E+02  3.3412E+02  2.1557E+02
0000831   3.1489E+02  1.6721E+02 -3.0008E+02
0000832   3.5545E+02 -1.8482E+02 -2.8434E+02
0000833   7.6337E+02 -7.4715E+01 -4.6453E+02
0000834   4.4221E+02 -1.9336E+02  3.3249E+00
0000835   5.5770E+02 -1.7174E+02  1.8558E+01
0000836   1.6719E+02 -7.8263E+01 -1.1908E+02
0000837   4.1376E+02 -2.5598E+02  7.1089E+01
0000838   5.9183E+02 -4.7621E-01 -1.6267E+01
0000839   4.5482E+02 -2.1536E+02 -9.5084E+01
0000840   3.2395E+02  1.2973E+02 -9.0427E+01
0000841   4.3161E+02 -2.3404E+02 -9.8934E+01
0000842   1.3112E+02 -2.4938E+02 -1.0469E+02
0000844   2.0890E+02  1.4712E+02 -3.4039E+02
0000845   5.7344E+02  1.3193E+02  2.9658E+02
0000846   1.2339E+02 -1.2618E+01  1.5712E+01
0000847   8.3306E+01 -5.1266E+01 -9.9375E+01
0000848   2.3219E+02 -9.5631E+01 -1.2280E+02
0000850   1.9945E+02 -1.0167E+02 -1.3148E+02
0000851   6.0108E+02 -1.2968E+02 -3.0184E+02
0000852   4.7150E+02  7.0481E+01  6.1753E+01
0000853   2.3194E+02  1.5188E+02 -1.3183E+01
0000854   5.0106E+02 -3.4847E+02  9.4116E+01
0000855   7.0099E+01 -3.2203E+02 -3.8826E+02
0000856   5.7748E+02  8.5896E+00  1.2830E+02
0000857   3.9623E+02 -7.9671E+01 -6.3201E+00
0000858   6.8262E+02 -3.0166E+01  2.2917E+02
0000859   9.2430E+01 -1.8516E+02  1.0850E+02
0000860   4.0016E+02 -8.5636E+00  2.2025E+02
0000862   4.2810E+02 -3.2217E+02 -3.2897E+02
0000863   6.2472E+02  3.5381E+01 -2.9133E+02
0000864   4.2804E+02  2.0801E+02  2.7470E+02
0000865   6.0729E+02  1.2566E+02 -5.6132E+02
0000866   6.6386E+02 -2.1733E+01  2.1357E+01
0000867   2.5552E+02 -1.0534E+01 -4.3118E+02
0000868   5.4664E+02 -2.7127E+01 -2.8333E+01
0000869   2.6502E+02  1.3139E+02  4.3717E+01
0000870   6.9407E+02  3.5767E+01  5.7778E+01
0000871   1.5115E+02 -1.0788E+01 -3.6470E+02
0000872   3.8389E+02 -2.9184E+02  6.9825E+01
0000873   3.8389E+02  6.7838E+01 -1.0868E+02
0000874   4.5161E+02 -1.0296E+02 -2.5441E+02
0000875   6.5310E+02 -1.0100E+00  6.2264E+01
0000876   1.2822E+02  7.9139E+01  3.2756E+01
0000877   3.0986E+02 -2.5875E+01  3.3277E+02
0000878   4.2536E+02  8.1525E+01 -8.2074E+01
0000879   2.7603E+02 -1.6410E+02 -2.7406E+02
0000880   3.9807E+02 -7.4868E+00 -3.7580E+02
0000881   5.8065E+02 -8.7568E+01 -2.7455E+01
0000882   5.2513E+02 -9.5931E+01 -5.9096E+01
0000883   2.5047E+02  4.1524E+02  2.5976E+02
0000884   7.4077E+02 -8.4903E+00  1.4690E+02
0000885   8.5241E+02  5.1026E+01 -1.5681E+02
0000886   5.4694E+02 -2.0187E+01 -2.5225E+02
0000887   5.0170E+02  2.0813E+02  4.2490E+02
0000888   2.6125E+02  5.8884E+01 -2.8411E+01
0000889   4.6589E+02  3.3302E+02  3.8587E+02
0000890   5.2957E+02  6.8272E+01  7.4895E+01
0000891   6.6781E+02 -2.6122E+01 -1.0545E+02
0000892   4.0553E+02  2.2293E+02  1.2631E+02
0000893   3.5924E+02 -2.7364E+02  5.0895E+01
0000894   2.8065E+02  2.8952E+01 -9.3321E+01
0000895   3.6193E+02 -1.8559E+02  1.8342E+02
0000896   2.7866E+02 -2.5944E+02 -5.7179E+01
0000897   1.1227E+02 -1.7766E+02 -3.5557E+01
0000898   4.5972E+02 -1.7353E+01  2.5603E+02
0000900   2.6460E+02  9.1938E+01 -4.9487E+02
0000901   4.3908E+02  3.9048E+02 -1.8976E+02
0000902   6.6743E+02 -2.3940E+02  8.9882E+01
0000903   2.4936E+02 -1.7514E+02  1.1931E+02
0000904   6.0622E+02  2.2178E+02 -1.7440E+02
0000905   3.5991E+02  2.3624E+01 -1.3719E+02
0000906   4.4681E+02 -1.2767E+02  6.9397E+01
0000907   4.9488E+02 -1.5623E+02 -2.3156E+02
0000908   7.0816E+02 -1.8808E+02 -3.4041E+02
0000909   4.9879E+02  1.3461E+02  9.1662E+01
0000910   6.5769E+02 -1.9546E+02  1.8568E+02
0000911   3.1803E+02 -9.7116E+00  1.0947E+01
0000912   5.9055E+02 -1.7236E+02 -1.8666E+01
0000913   5.3285E+02  2.3352E+01  3.9317E+02
0000914   4.9655E+02  2.9602E+01  1.4594E+01
0000915   3.2255E+02  2.3380E+02 -4.4026E+02
0000916   4.3253E+02  3.7412E+02 -1.2108E+02
0000917   3.8375E+02  1.6490E+02 -6.6619E+01
0000918   5.6405E+02 -6.9999E+00 -1.2930E+02
0000919   1.9302E+02  2.9636E+01  1.9537E+02
0000920   4.8067E+02 -5.0570E+02  3.2398E+02
0000921   2.7496E+02 -1.6950E+01 -2.9425E+02
0000922   1.3207E+02 -1.3493E+02  3.5773E+02
0000923   3.4929E+02 -1.5732E+02 -1.2812E+02
0000924   6.0354E+02 -5.0400E+01 -1.6846E+02
0000925   6.0268E+01 -3.2372E+02 -1.4990E+02
0000926   4.5635E+02  6.8114E+01  2.0307E+02
0000927   7.0958E+02  3.2534E+02  1.7101E+02
0000928   3.5193E+02  9.0581E+01  2.4752E+01
0000929   5.4954E+02  8.2751E+01 -2.6479E+02
0000930   5.0599E+02 -1.0388E+02 -2.0647E+02
0000931   7.5624E+02  8.4707E+01 -1.4946E+02
0000932   5.4459E+02 -2.0768E+02 -2.7152E+02
0000933   4.5980E+02 -1.5893E+02 -5.8668E+01
0000934   2.4533E+02  1.9544E+02  2.5658E+02
0000935   3.6000E+02 -1.3041E+02  1.1570E+02
0000936   5.7242E+02  2.0264E+02  1.0181E+02
0000937   1.4312E+02 -2.0101E+02  8.9235E+01
0000938   4.2422E+02 -2.0530E+02 -7.7070E+01
0000939   6.0557E+02 -1.7132E+02  1.4658E+02
0000940   5.6295E+02  2.0018E+02 -4.4438E+00
0000941   4.7215E+02  3.8007E+02 -1.7944E+01
0000942   5.7403E+02  4.8940E+01  2.5927E+02
0000943   4.1784E+02 -4.4112E+02 -1.6326E+02
0000944   4.7182E+02 -9.6928E+01  2.4035E+02
0000945   3.9481E+02 -6.1416E+01  1.8726E+02
0000946   2.4244E+02 -2.9686E+02 -9.8028E+01
0000947   5.0701E+02  3.3846E+02  1.7333E+01
0000948   4.1631E+02  4.5671E+01  1.2320E+02
0000949   5.9162E+02  5.3433E+01  8.6466E+01
0000950   2.9675E+02 -1.7386E+02  3.6734E+02
0000951   4.7820E+02  8.7728E+00  3.9081E+02
0000952   3.1430E+02  9.4590E+01  1.3083E+02
0000953   9.1399E+02  1.2893E+02  6.0389E+01
0000954   3.9004E+02  1.8252E+02  5.0126E+01
0000955   4.1958E+02 -1.1723E+02  6.3724E+01
0000956   5.9790E+02  1.0675E+00 -4.7565E+02
0000957   7.8756E+01  2.9927E+02 -3.1600E+02
0000958   2.8762E+02 -2.1816E+01  1.1824E+02
0000959   1.8214E+02  1.6481E+02 -3.3861E+02
0000960   7.6973E+02  1.8121E+02 -8.2829E+01
0000961   3.8040E+02  2.2494E+02  1.3634E+01
0000962   6.0122E+02 -2.4450E+02 -3.7730E+01
0000963   4.4475E+02 -1.2173E+01 -4.0121E+01
0000964   2.6185E+02  7.2657E+00 -6.8244E+01
0000965   6.2511E+02 -1.4604E+01 -2.4796E+02
0000966   5.4828E+02 -1.8874E+02  1.6764E+02
0000968   1.6826E+02 -5.2097E+01  2.2525E+01
0000969   5.7154E+01 -1.3115E+02  3.4943E+02
0000970   5.2195E+02 -7.9681E+01 -2.0290E+01
0000971   7.9114E+02  5.1179E+01 -3.2411E+01
0000972   3.6831E+02 -2.3144E+00  5.6721E+02
0000973   3.2393E+02  4.1221E+02  2.0179E+02
0000974   6.3190E+02 -9.5714E+01  2.1141E+01
0000976   5.4723E+02  1.0160E+02 -1.6659E+02
0000977   2.9969E+02 -1.8077E+02  2.2371E+02
0000978   4.5898E+02  3.7376E+02 -4.3294E+01
0000979   1.0696E+02  2.5869E+02  3.5999E+01
0000980   9.5920E+01 -4.0144E+01  3.7406E+01
0000981   3.6826E+02  7.7721E+01  1.5240E+02
0000982   2.5043E+02 -1.7658E+02  5.5312E+01
0000983   8.1635E+02  3.6087E+01  2.0537E+02
0000984   3.3172E+02 -2.4204E+02  5.2134E+01
0000985   9.7877E+01  1.2618E+02 -1.2799E+02
0000986   4.5264E+02  4.5783E+01  1.1132E+02
0000987   2.5591E+02 -1.2589E+02 -6.0522E+01
0000988   7.6057E+02  6.5508E+01  1.5796E+02
0000989   3.0904E+02 -2.3248E+02 -2.1528E+01
0000990   2.3492E+02  3.2127E+01 -7.6458E+01
0000991   3.6917E+00  1.0475E+02 -5.4208E+02
0000992   7.3169E+02 -2.0922E+02 -4.7571E+02
0000993   3.8113E+02 -1.9828E+02  4.4767E+02
0000994   4.6740E+02 -1.5818E+02 -5.6047E+01
0000995   5.6752E+02 -1.3824E+02  2.2371E+02
0000996   3.8730E+02  3.2382E+02  1.2681E+02
0000997   2.0494E+02  2.1538E+00 -1.9747E+02
0000999   4.4879E+01 -1.2223E+02 -1.5130E+01
0001000   5.8467E+02 -2.9601E+02  1.9608E+02
