============================== SRIM-2013.00 ==============================
==============================================================================
====== SRIM Outputs\RANGE_3D.txt : File of Final Ion Positions =====

Ion =  F (09)   Ion Mass= 018.9984
Energy  = 4000000.E-05 keV
Ion Angle to Surface = 00.0 degrees
==================== TARGET =======================
  Layer # 1 - None
  Layer # 1 - Bottom Depth=500000.E-01 A
  Layer # 1 - Density =0007.8700 g/cm3
  Layer # 1 -  100 % of Fe
様様様様様様様様様様様様様様様様様様様様様様様様様様
                                            
Ion       Depth  X   Lateral Y   Lateral Z  
Number    (Angstrom) (Angstrom)  (Angstrom) 
-------  ----------- ----------- -----------
0000001   2.2712E+02  1.0156E+02  2.5969E+02
0000002   6.1301E+02 -9.0546E+01  3.4602E+01
0000003   3.0368E+02 -4.4038E+01  1.6797E+02
0000004   1.9139E+02 -6.7104E+00  8.4366E+01
0000005   8.4269E+02 -3.0921E+01  1.8774E+02
0000006   2.6266E+02  4.2426E+01 -2.0148E+02
0000007   4.3938E+02  1.7170E+02 -1.6102E+02
0000008   5.7471E+02 -3.8853E+01  9.9466E+01
0000009   5.9012E+01 -2.1975E+02  1.7445E+02
0000010   4.0563E+02 -4.5293E+02  1.5552E+02
0000011   4.1098E+02  2.5017E+02  4.0360E+02
0000012   2.9036E+02  2.3572E+02  3.4997E+02
0000013   8.1900E+02 -1.3996E+02  3.7985E+02
0000014   1.3155E+02  2.3053E+02 -5.3175E+02
0000015   6.3381E+02  2.7267E+02  2.0111E+02
0000016   1.8252E+02  6.7084E+01 -3.9669E+01
0000017   2.5966E+02  3.9352E+02  2.4709E+02
0000018   2.6985E+02  3.4853E+02 -1.3864E+02
0000020   4.6827E+02  5.0477E+01  2.4262E+01
0000021   3.3128E+02  2.9992E+02  2.2080E+01
0000022   2.4756E+02  5.2426E+02 -2.0047E+02
0000023   4.9015E+02 -1.8007E+02 -4.2846E+01
0000024   3.7670E+02 -1.1519E+02 -1.0708E+01
0000025   1.1767E+02 -1.6634E+02  2.8416E+02
0000026   5.7400E+02  1.5156E+02 -4.4972E+02
0000027   5.4862E+02 -3.4124E+02  2.2301E+02
0000028   4.6147E+02  2.5077E+02  1.1883E+02
0000029   9.6400E+02  1.1511E+02  2.5247E+02
0000030   2.8890E+02 -3.0705E+02 -8.7747E+01
0000031   5.5441E+02 -4.5423E+02 -2.7805E+02
0000032   1.7190E+02  1.9149E+02  3.5723E+02
0000033   2.9994E+02  5.6205E+01 -3.1297E+02
0000034   2.3358E+02 -5.3629E+02  9.8766E+01
0000035   2.4510E+02 -1.4376E+02  1.3961E+02
0000037   1.5336E+02 -1.9558E+02 -4.0997E+02
0000038   2.9473E+02 -1.4678E+02  4.7041E+02
0000039   1.5542E+02 -2.9766E+01 -2.5558E+02
0000040   3.8110E+02 -9.8897E+01 -8.8408E+01
0000041   5.5516E+02 -1.0740E+02  1.7521E+00
0000042   6.3629E+02  1.1138E+02 -1.2922E+02
0000043   6.8274E+02 -6.1182E+01  3.1135E+01
0000044   5.1962E+02 -1.8641E+02 -3.0457E+02
0000045   2.0983E+02  5.2242E+01  3.1957E+02
0000046   3.9594E+02  1.0565E+02  5.3422E+02
0000047   3.9934E+02  2.1433E+01  9.3265E+01
0000048   3.2698E+02 -2.4518E+02 -3.3021E+02
0000049   3.7573E+02 -2.5972E+02 -1.8595E+02
0000050   1.0319E+02  4.5064E+02  9.5294E+01
0000051   5.9836E+02 -1.0807E+02  1.7021E+02
0000052   5.8335E+02  4.3171E+02 -5.8947E+01
0000053   2.9351E+02 -2.3217E+01  2.8240E+02
0000054   4.8476E+02 -4.3587E+02  2.0084E+02
0000055   3.6675E+02  5.9044E+02 -4.7699E+01
0000056   5.9522E+02  2.4828E+01  8.4776E+01
0000057   2.3301E+02 -1.4363E+02  3.7409E+01
0000058   6.4909E+02 -1.1117E+02  8.1459E+01
0000059   1.5189E+02  2.6005E+02  2.1766E+01
0000060   1.1581E+02  7.2144E+01  1.5183E+02
0000061   4.8406E+02  3.0781E+01 -2.6835E+02
0000062   6.4092E+02  1.7816E+02  1.9205E+01
0000063   3.6069E+02 -8.0395E+01 -5.9884E-01
0000064   2.9663E+02 -2.1804E+02  2.1389E+02
0000065   1.4092E+02 -8.4608E+00  9.7443E+01
0000066   8.7622E+02  8.3000E+00  1.2507E+02
0000067   4.6052E+02  2.8138E+02 -1.7951E+02
0000069   9.2014E+02  5.5539E+01 -1.2809E+02
0000070   4.4062E+02  4.0683E+02 -3.2930E+02
0000071   5.1372E+02  2.5953E+01  2.8485E+02
0000072   8.7486E+01  6.6660E+01  2.2179E+02
0000073   4.2040E+02 -1.6053E+02 -3.2006E+02
0000074   3.5521E+02 -1.5133E+02  5.1661E+02
0000075   7.0303E+02 -1.0761E+02 -1.4452E+02
0000076   9.3222E+02 -4.7264E+02 -1.7131E+02
0000077   5.5826E+02 -2.8279E+02 -1.7432E+02
0000078   2.5506E+02 -3.4310E+02 -3.4104E+02
0000079   6.2521E+02 -8.3582E+01  1.7814E+02
0000080   5.7277E+02 -3.4908E+02 -1.7877E+02
0000081   3.5106E+02  1.6407E+02 -6.3525E+02
0000082   3.5868E+02 -2.1787E+02  1.0389E+02
0000083   3.5807E+02  1.1342E+02  1.2234E+02
0000084   8.5971E+02  1.5343E+02  3.5323E+01
0000085   8.1216E+01  1.6088E+02  2.6092E+02
0000086   1.1996E+02 -7.6526E+01 -1.1027E+02
0000087   1.3968E+02 -2.1416E+02 -1.2878E+02
0000088   4.3289E+01  1.6348E+02 -6.9395E+01
0000089   1.9322E+02  3.6711E+01  3.4179E+01
0000090   2.3097E+02 -2.9511E+02  8.6356E+01
0000091   5.6192E+02 -2.2116E+02 -5.3687E+01
0000092   7.1003E+02 -4.2100E+01 -3.8106E+01
0000093   4.5066E+02  3.1838E+02 -1.9321E+02
0000094   5.7384E+02  1.9355E+02  1.6388E+02
0000095   1.7125E+02 -1.7712E+01  3.0779E+02
0000096   3.7859E+02 -1.6411E+02 -2.6880E+02
0000097   7.6100E+02 -1.5906E+02 -1.0162E+01
0000098   4.4294E+02  1.5849E+02  9.5022E+01
0000099   2.0028E+02 -3.3125E+01  2.0776E+02
0000100   6.5688E+01 -9.0691E+00 -1.9612E+01
0000101   7.6938E+02  2.0963E+02  2.8800E+02
0000102   5.7431E+02  9.9739E+01 -3.3922E+02
0000103   4.1277E+02 -1.8215E+02 -1.0332E+02
0000104   2.9727E+02  1.1768E+02  3.6447E+02
0000106   2.5951E+02  1.1666E+02 -1.2365E+02
0000107   2.2144E+02  1.6183E+02 -5.7722E+02
0000108   5.4339E+02 -2.8800E+02 -2.5185E+02
0000109   3.8211E+02  1.7093E+02 -3.4903E+02
0000110   5.6339E+02 -1.1504E+02 -1.6837E+02
0000111   6.3666E+02  3.2054E+02 -3.5623E+02
0000113   2.3553E+02  4.1428E+02 -8.2775E+01
0000114   6.3221E+02  5.4213E+01 -3.2186E+02
0000115   5.9414E+02 -8.3199E+01  1.9432E+01
0000116   4.3572E+02  4.7475E+00 -1.6835E+02
0000117   3.4577E+02 -3.2038E+02  4.8097E+01
0000118   6.8342E+02 -3.9198E+01  8.3460E+01
0000119   6.6174E+02 -3.6428E+02 -9.0600E+01
0000120   3.5811E+02  2.4245E+02 -2.6523E+01
0000121   2.8304E+02 -1.9501E+02 -2.4617E+02
0000122   5.2806E+02  1.2832E+02  3.1461E+02
0000123   5.8973E+02 -2.8458E+01  1.3029E+02
0000124   5.8311E+02  1.5086E+01  2.0797E+02
0000125   2.5041E+02 -3.6859E+02 -3.1668E+02
0000126   7.0211E+02 -1.5336E+02 -7.8394E+01
0000127   2.6496E+02 -7.5413E+01 -1.7649E+02
0000128   6.0936E+02 -1.4116E+02 -1.4814E+02
0000129   5.6882E+02 -1.3422E+01  2.1908E+02
0000130   1.7303E+02  8.4571E+01  4.5966E+02
0000131   3.0464E+02  5.7796E+01  5.5859E+01
0000132   2.6805E+02 -1.6160E+02  1.6320E+02
0000133   3.4716E+02  3.4312E+02 -2.3563E+02
0000134   4.0036E+02 -1.6062E+02  7.3908E+01
0000135   6.5989E+02 -9.1276E+00  2.0372E+02
0000136   4.9163E+02  2.9934E+02 -2.9882E+02
0000137   4.4691E+02 -5.2946E+01  4.4599E-01
0000138   4.6333E+02  4.3506E+02 -2.1084E+02
0000139   3.4059E+02 -2.2770E+02  3.1639E+02
0000140   4.1276E+02 -6.2468E+01 -1.2107E+02
0000141   6.3748E+01  4.3177E+02 -4.2924E+02
0000142   3.8976E+02 -1.8765E+02 -5.8324E+02
0000143   1.6305E+02 -3.1560E+02 -8.2308E+01
0000144   5.8606E+02  1.9050E+00 -1.0524E+02
0000145   4.1569E+02 -5.7822E+01 -1.7087E+02
0000146   4.2116E+02  3.9067E+02  2.9366E+02
0000147   1.4940E+02 -4.7699E+01 -1.4435E+02
0000148   7.9099E+02 -4.8924E+00 -2.0402E+02
0000149   3.7177E+02  1.4320E+02 -3.7355E+02
0000150   2.2079E+02  2.8981E+01 -2.6845E+02
0000151   2.1118E+02  3.1958E+02  3.7478E+00
0000152   2.5063E+02 -5.2045E+02  1.8585E+02
0000153   8.1616E+02  2.0975E+02 -5.1053E+00
0000154   5.7530E+02 -1.3605E+02  1.8530E+02
0000155   6.2826E+02  1.0866E+02 -6.7534E+01
0000156   4.9333E+02  2.6901E+02 -2.9355E+01
0000157   2.4556E+02  8.6590E+01 -5.0715E+02
0000158   2.2202E+02 -7.3707E+01 -4.1770E+02
0000159   5.1338E+02  1.2961E+01 -1.7410E+02
0000160   6.2016E+01 -4.5578E+02 -1.0838E+02
0000161   2.6301E+02 -5.3528E+02 -1.0586E+02
0000162   3.2770E+02  4.6662E+02 -1.9931E+02
0000163   2.4456E+02  8.8607E+01  3.6426E+02
0000164   5.8277E+02 -1.6175E+02  6.7753E+01
0000165   4.0509E+02  2.2656E+02  3.4082E+02
0000166   5.9013E+02  1.8367E+02 -1.3750E+02
0000167   4.9306E+02  2.9016E+01  5.4402E+01
0000168   5.7586E+02  1.0983E+02 -2.7585E+02
0000169   6.6746E+02 -1.5339E+02 -2.5219E+02
0000170   4.0943E+02 -9.3835E-01 -8.2082E+01
0000171   1.0191E+02 -3.3695E+00  1.8286E+02
0000172   6.2817E+01 -2.6249E+01 -1.3727E+02
0000173   4.9871E+02  1.0496E+01 -1.6419E+02
0000174   1.8278E+02  3.7277E+00 -1.3893E+02
0000175   1.7368E+02 -2.1208E+02  1.2601E+02
0000176   8.7201E+02  9.5443E+01 -1.0350E+02
0000177   1.9955E+02  5.8973E+01 -1.7707E+02
0000178   3.2268E+02  2.9682E+02 -9.3756E+01
0000179   7.8389E+02  7.5257E+01 -2.2175E+02
0000180   3.0488E+02  7.7147E+01 -3.8844E+02
0000181   2.0930E+02  1.8466E+02 -9.6375E+01
0000182   3.5359E+02  3.2377E+02 -7.5879E+01
0000184   1.6083E+02  1.0425E+02  2.6274E+02
0000185   4.0721E+02 -1.7755E+02  3.5417E+01
0000186   4.3077E+02  9.5962E+01 -4.3842E+01
0000187   1.6028E+02  7.8748E+01  1.2656E+02
0000188   2.1716E+02 -7.2952E+01  4.1686E+02
0000189   2.7248E+02  1.2406E+02 -2.4336E+02
0000190   1.8645E+02  1.3225E+02 -1.8166E+02
0000191   5.2216E+02 -1.3006E+02 -4.6804E+01
0000192   2.9641E+02 -1.6133E+02 -2.8387E+02
0000193   3.4412E+02 -1.1652E+02  3.5529E+01
0000194   4.4085E+02  6.8479E+01 -2.2319E+02
0000195   4.1637E+02 -2.4109E+02 -7.8714E+00
0000196   4.0724E+02  9.7054E+01  1.2105E+02
0000197   7.2465E+02  2.4288E+02  2.1600E+01
0000198   2.0728E+02  2.0028E+02 -3.2083E+02
0000199   4.4376E+02 -4.4008E+01 -1.1946E+02
0000200   3.1831E+02 -3.7427E+02  1.9299E+02
0000201   2.3418E+02  1.9726E+02  1.4181E+02
0000202   4.2156E+02  1.6755E+02  3.5346E+02
0000203   5.7854E+02  1.1651E+02  3.7895E+02
0000204   7.7232E+02  1.2165E+02 -1.0089E+02
0000205   3.6790E+02 -7.7614E+01 -1.1061E+02
0000206   8.4605E+02 -6.7082E+01  1.9724E+02
0000207   5.7446E+02 -1.1356E+02  1.4268E+02
0000208   3.4760E+02 -2.3035E+02 -1.8134E+01
0000209   5.5098E+02  3.3541E+02 -1.1123E+02
0000210   2.1020E+02  3.9666E+01  1.1977E+02
0000211   4.0221E+02 -1.8728E+01  2.8727E+02
0000212   6.6619E+02  7.4992E+00 -1.3652E+02
0000213   2.6406E+02  5.2231E+02  2.8106E+02
0000215   6.1054E+02 -1.7668E+01 -2.5066E+01
0000216   5.5807E+02 -2.7710E+02  2.5057E+02
0000217   6.3891E+02 -2.5795E+02 -4.0449E+01
0000218   7.0890E+02 -4.3472E+01 -1.0933E+02
0000219   4.3396E+02  2.9709E+02  4.9637E+01
0000220   4.3135E+02 -2.8261E+02 -2.4653E+02
0000221   6.3727E+02 -5.8015E+01 -4.1353E+02
0000222   4.2587E+02  5.3658E+01  2.1912E+02
0000223   2.0154E+02  6.9793E+01  6.9889E+01
0000224   5.6402E+02  1.2674E+02  1.3785E+02
0000225   5.9914E+01 -1.3419E+02  1.7088E+01
0000226   3.3804E+02  4.7480E+01 -2.5578E+02
0000227   4.4428E+02  7.1657E+01  1.2611E+02
0000228   1.3235E+02 -2.6739E+02 -1.6107E+02
0000229   1.4776E+02  2.4058E+02  6.3787E+01
0000230   4.2957E+02 -2.5369E+01 -3.6965E+02
0000231   6.3276E+02  2.7807E+02  2.3993E+02
0000232   1.4488E+02  1.2792E+02  2.6413E+02
0000233   3.8340E+02 -2.5422E+02 -1.9588E+02
0000234   4.5321E+02  3.0065E+02  1.8203E+02
0000235   4.8701E+02 -5.8494E+01 -2.5497E+02
0000236   1.6952E+02  9.9328E+01  7.6155E+01
0000237   8.4390E+01 -2.7279E+01 -1.3460E+02
0000238   2.7174E+02 -5.8282E+01 -2.9272E+02
0000239   2.8939E+02 -5.4470E+02  7.8682E+01
0000240   9.0309E+01 -2.8037E+02  1.2181E+00
0000241   3.3286E+02 -7.4306E+01  1.1264E+02
0000242   4.4270E+02 -1.8922E+02  1.3938E+02
0000243   8.0613E+02  1.0784E+02  7.1661E+01
0000244   9.3370E+01  3.3346E+02 -3.9254E+02
0000245   4.7815E+02 -1.3116E+02  1.3683E+02
0000246   3.7486E+02 -2.8667E+01 -1.1544E+02
0000247   2.8066E+02  1.4796E+02 -3.5192E+02
0000248   2.1414E+02 -3.7299E+02  1.6765E+01
0000249   6.1416E+02  1.5275E+01  2.3106E+02
0000250   2.9258E+02 -2.3587E+02  6.5386E+01
0000251   3.9086E+02 -2.1516E+02 -1.6255E+02
0000252   3.3259E+02  2.2102E+01  8.1687E+01
0000253   6.2192E+02  3.4881E+02  1.8812E+02
0000254   6.2243E+02 -2.8954E+02 -3.5123E+02
0000255   3.4153E+02  3.7804E+02 -1.8167E+02
0000256   4.7365E+02  5.1115E+01  1.5942E+02
0000257   6.0383E+02  8.4491E+01  1.5563E+02
0000258   9.2892E+02  1.2085E+02 -1.5700E+02
0000259   2.0456E+02 -1.2384E+02  2.5155E+02
0000260   4.4821E+02  7.6852E+00 -1.7165E+02
0000261   4.9345E+02 -2.0909E+02 -2.9758E+02
0000262   3.5154E+01  6.8773E+01  3.4220E+02
0000263   4.5579E+02 -2.6155E+02 -1.5710E+02
0000264   7.3642E+02 -1.3802E+02 -4.4609E+01
0000265   6.8322E+02  1.1354E+02  1.8218E+02
0000267   3.4825E+02  3.9814E+02 -1.1982E+00
0000268   2.2273E+02 -2.5436E+02  2.3790E+02
0000269   1.9444E+02 -3.4257E+01 -1.2772E+02
0000270   5.4691E+02 -1.9374E+02  1.9137E+02
0000271   4.2524E+02  7.4861E+01 -4.1597E+01
0000272   5.5105E+02  2.2491E+02  1.5267E+02
0000273   4.0266E+02  1.3255E+02 -1.3100E+02
0000274   5.0388E+02 -3.8084E+02 -6.1280E+01
0000275   5.7869E+02  5.4772E+02 -9.4826E+01
0000276   4.5059E+02  8.1342E+01 -3.6220E+01
0000277   7.3425E+02 -1.3151E+02  4.7250E+02
0000278   4.1512E+02  1.9653E+02  2.6903E+02
0000279   3.3641E+02 -1.0452E+02  5.3304E+01
0000280   1.1771E+02 -4.0982E+02 -1.7421E+02
0000281   7.8067E+02  1.1827E+02  1.8517E+02
0000282   3.9772E+02  1.1533E+01 -1.5897E+00
0000283   3.3903E+02  1.8540E+02 -1.2097E+02
0000284   5.6075E+02 -1.3374E+02 -1.3714E+02
0000285   4.3212E+02  1.3721E+02  4.0194E+01
0000286   1.1022E+02 -1.3852E+01 -1.1034E+02
0000287   2.6866E+02 -3.0977E+02 -2.0506E+01
0000288   5.3012E+02  8.7960E+01 -1.0892E+02
0000289   2.2527E+02  1.3693E+01  1.4132E+01
0000290   3.4723E+02 -3.5224E+01 -3.6448E+02
0000291   2.7786E+02  1.2406E+02  3.2444E+01
0000292   3.6635E+02 -1.1596E+02 -5.1908E+02
0000293   4.9394E+02  1.5806E+02 -2.1579E+02
0000294   5.9250E+02  4.9656E+01  1.8643E+02
0000295   5.0822E+02  2.6438E+02 -4.9313E+01
0000296   5.3711E+02  8.2677E+01  6.9170E+01
0000297   7.4311E+01 -2.2169E+02  2.3851E+02
0000298   1.0937E+02 -1.8954E+02  1.2607E+02
0000299   3.2673E+02 -3.2545E+02 -3.2613E+02
0000300   6.0307E+02 -2.3294E+02  9.0823E+01
0000301   2.7426E+02  5.9405E+01 -9.3159E+01
0000302   6.4346E+02  3.6957E+02 -2.1656E+02
0000303   6.6916E+02  5.1272E+01 -1.4563E+02
0000304   4.4281E+02 -3.0660E+02 -2.7185E+02
0000305   7.9582E+02 -5.4176E+01 -1.1523E+02
0000306   6.4291E+01 -1.2745E+02 -1.5646E+01
0000307   4.4365E+02 -2.6161E+02 -3.7973E+02
0000308   5.6429E+02 -4.8114E+01 -2.8354E+02
0000310   2.3462E+02  2.0833E+02  9.8614E+01
0000311   5.4597E+02 -2.0321E+02 -1.4462E+02
0000312   6.8346E+02 -1.3337E+02  5.5873E+01
0000313   2.1195E+02  6.2562E+01 -1.4470E+02
0000314   2.4194E+02 -3.4426E+02 -1.9651E+02
0000315   1.7367E+02 -3.0384E+02  4.4991E+01
0000316   1.5975E+02  5.5702E+02 -9.8133E+01
0000317   4.7546E+02  1.3823E+02 -3.3340E+02
0000318   4.6594E+02 -1.2408E+01  4.7932E+01
0000319   5.1349E+02  2.2607E+02  2.4783E+02
0000320   3.7650E+02  1.9165E+02  8.2259E+01
0000321   4.4660E+02  9.3319E+01 -3.3142E+02
0000322   6.8878E+02 -1.4001E+02  1.1044E+02
0000323   4.7961E+02  1.0229E+02 -4.6103E+02
0000324   9.1395E+02  5.6286E+01  1.3361E+01
0000325   7.1446E+01 -6.1917E+01  6.3681E+01
0000326   2.1426E+02  1.8162E+02 -1.5937E+01
0000327   1.8045E+02  1.3082E+02 -7.0888E+01
0000328   3.8508E+02 -1.5015E+02 -3.0909E+02
0000329   3.9350E+02 -3.7069E+01  1.9012E+02
0000330   7.0432E+02  1.5072E+02  7.1592E+01
0000331   5.0844E+02  1.3958E+02  2.1231E+02
0000332   3.0944E+02 -3.3685E+01  7.8201E+01
0000333   4.9469E+02 -5.7404E+02  1.3261E+02
0000334   7.1124E+02 -7.3588E+01 -2.0033E+02
0000335   7.6265E+02  2.3268E+02 -2.2017E+02
0000336   6.7349E+02  1.4894E+02  8.0534E+01
0000337   1.4489E+02 -3.8034E+02  1.4262E+02
0000338   3.3300E+02 -3.0760E+02 -5.4678E+02
0000339   3.2399E+02  2.7639E+01 -1.4608E+01
0000340   3.4014E+02  2.5081E+02 -3.5024E+02
0000341   5.6901E+02  3.4818E+02 -7.0240E+01
0000342   5.4564E+02 -3.1527E+02 -7.1738E-01
0000343   1.9016E+02  1.7907E+02 -3.1944E+02
0000344   5.3686E+02 -3.8265E+02 -2.7520E+02
0000345   4.8145E+02 -2.9231E+02  2.6120E+02
0000346   4.2421E+02 -1.6065E+00  1.1291E+01
0000347   4.3873E+02 -1.4584E+00 -4.8712E+01
0000348   5.6025E+02 -9.6464E+01  1.5473E+02
0000349   1.9037E+02 -6.6156E+01 -2.7443E+02
0000350   3.9628E+02  1.5730E+02 -1.2985E+02
0000352   2.1457E+02  9.4718E+01 -6.7909E+01
0000353   2.7130E+02 -1.6482E+02 -1.1952E+02
0000354   2.8878E+02  4.6462E+01 -1.2185E+02
0000355   6.3598E+02  1.6745E+02 -2.0890E+02
0000356   8.1883E+01 -2.9043E+02 -1.5401E+02
0000357   3.0879E+02  1.4187E+02  6.1587E+02
0000358   3.6289E+02 -7.1006E+01  1.1051E+02
0000359   1.0750E+02 -1.1502E+01  3.9899E+01
0000361   3.6976E+02  2.6450E+02 -4.6158E+01
0000362   6.5647E+02  5.4688E+00  2.7639E+00
0000363   1.4648E+02 -2.5903E+02 -4.9817E+02
0000364   2.7277E+02 -1.2243E+01 -1.3799E+02
0000365   3.6703E+02 -2.0823E+02  3.0849E+02
0000366   4.3140E+02  5.9785E+01 -2.8001E+02
0000367   1.1470E+02 -1.9651E+02  3.8531E+01
0000369   2.4279E+02 -1.9980E+02  2.2476E+02
0000370   6.2767E+02  1.7834E+01 -2.1400E+02
0000371   5.4000E+02  2.7446E+02 -1.4388E+02
0000372   6.3778E+02  9.2745E+01 -2.2138E+02
0000373   1.7415E+02  7.5622E+01 -7.0796E+01
0000374   2.8459E+02  3.9911E+01  1.3104E+01
0000375   7.2440E+02 -2.4640E+02 -1.8290E+02
0000376   3.7687E+02 -1.6511E+01  7.9970E+01
0000377   4.3123E+02  3.5833E+02  8.7620E+01
0000378   4.1401E+02 -4.8544E+01 -1.7412E+02
0000379   3.6575E+02 -1.7229E+02  2.1452E+02
0000380   4.2069E+02  2.1450E+02 -1.1080E+02
0000381   4.9223E+02 -2.2891E+02  5.0834E+01
0000382   7.7561E+02 -3.3751E+01 -5.2865E+01
0000383   3.5966E+02  3.4977E+01  4.1029E+01
0000384   6.9218E+02  4.4676E+02  4.4548E+01
0000385   4.8466E+02 -1.6344E+01  2.2978E+01
0000386   3.6420E+02 -2.2013E+01 -1.1032E+02
0000387   1.6199E+02 -2.7398E+01 -2.5704E+02
0000388   5.9771E+02 -1.6102E+02  2.5969E+02
0000389   6.2317E+02 -2.2644E+02  1.6737E+02
0000390   7.1743E+02  4.1577E+01 -1.8071E+02
0000391   1.0296E+01  2.3891E+02 -3.1235E+01
0000392   6.6306E+02 -4.1367E+01 -8.5522E+01
0000393   3.7737E+02  2.3511E+02  2.4543E+02
0000394   8.5510E+02  3.5335E+02 -2.6066E+02
0000395   5.0419E+02  2.5883E+02  2.1504E+02
0000396   4.3336E+02  1.5549E+01 -1.0773E+02
0000397   2.7313E+02 -8.2573E+01 -5.1679E+02
0000398   4.4827E+02  1.6633E+02 -1.9894E+02
0000399   4.4454E+02  1.3771E+02  1.3540E+02
0000400   5.8434E+02  2.1462E+01  2.2076E+02
0000401   2.8984E+02  3.0176E+02  1.6901E+02
0000402   8.0350E+02 -7.5109E-01 -2.8240E+02
0000403   4.6620E+02 -7.4906E+01 -3.2119E+01
0000404   1.7873E+02 -2.4475E+02 -1.5850E+02
0000405   4.2281E+01 -8.1271E+01 -5.3782E+01
0000407   1.3048E+02  8.8120E+00 -9.6798E+01
0000408   4.1754E+02  1.7242E+01  4.3793E+02
0000410   3.0856E+02  4.1396E+01 -2.5191E+01
0000411   6.4819E+02 -3.1867E+02  3.5774E+01
0000412   3.4909E+02  1.3652E+02  2.0961E+02
0000413   3.8623E+02 -6.5794E+01 -1.1348E+02
0000414   5.5422E+02  2.6989E+02  2.1749E+02
0000415   4.1368E+02  5.7296E+01 -1.2087E+02
0000416   7.0249E+02  1.2018E+02  4.6610E+01
0000417   1.8908E+02  4.5532E+02  9.4702E+00
0000418   2.9520E+02  2.7643E+01  6.4459E+01
0000419   1.2416E+02  7.0661E+01 -6.1425E+01
0000420   3.5127E+02 -5.0010E+02 -2.2499E+00
0000421   4.9252E+02  1.3402E+02  1.3484E+01
0000422   4.2440E+02  1.8085E+02  9.7308E+01
0000423   3.1003E+02  2.9029E+02  3.8106E+02
0000424   3.3809E+02 -1.9526E+02  2.6848E+02
0000425   2.8445E+02  6.9411E+00 -5.1038E+01
0000426   3.9015E+02  3.5914E+02 -7.0337E+01
0000427   4.3000E+02 -2.7088E+02  2.7414E+02
0000428   3.7199E+02 -1.4508E+02  1.9640E+02
0000429   4.9647E+02 -1.2546E+00  3.5394E+02
0000430   4.3240E+02 -1.6611E+02  2.9221E+02
0000431   3.0823E+02  4.0048E+02 -1.5085E+02
0000432   2.0768E+02  6.1797E+00 -3.8204E+00
0000433   4.6906E+02 -8.3170E+01 -1.8033E+02
0000434   4.8584E+02  4.4305E+02  2.1148E+01
0000435   4.9935E+02 -1.0225E+02 -2.4618E+02
0000436   5.0849E+02  1.0202E+02 -1.9944E+02
0000438   6.5682E+02  7.6220E+01  1.1203E+02
0000439   2.8320E+02  1.3478E+02 -1.3673E+02
0000440   4.7125E+02 -2.8513E+02  1.9485E+02
0000441   6.4550E+02 -9.5076E+01 -3.0639E+02
0000442   4.3683E+02 -3.6230E+01 -3.0228E+01
0000443   1.8454E+02 -4.3268E+01 -4.8939E-01
0000444   2.6446E+02  2.3364E+02  2.2451E+02
0000445   5.5232E+02 -3.2631E+02 -1.1236E+02
0000446   5.4607E+02  1.8839E+02  1.6200E+02
0000447   7.2567E+02  7.1916E+01  2.6559E+02
0000448   1.8670E+02 -3.3745E+02 -6.1552E+01
0000449   2.0284E+02 -3.2608E+02  5.9108E+01
0000450   6.9636E+02 -3.6838E+02  2.8518E+02
0000451   1.8676E+02 -3.7338E+01  1.0202E+02
0000452   1.3901E+02  2.7923E+01  5.3161E+02
0000453   3.6653E+02 -1.7673E+02 -5.9614E+02
0000454   4.5034E+02  2.6108E+02  4.0411E+02
0000455   2.3760E+02  1.0061E+02  1.3301E+02
0000456   2.6137E+02 -3.0179E+02  2.0004E+02
0000457   5.6097E+02 -1.0998E+02 -1.9494E+02
0000458   8.7720E+02  6.7256E+00  2.6162E+02
0000459   6.0131E+02 -5.0757E+02  5.9957E+01
0000460   3.4068E+02 -1.2533E+02  9.7902E+01
0000461   6.3957E+02  3.0492E+02 -6.0932E+01
0000462   5.3382E+01 -2.9395E+01  3.3867E+01
0000463   4.5883E+02  4.6983E+00  1.8136E+02
0000464   4.7096E+02  2.6331E+02 -1.9608E+02
0000465   2.4611E+02  3.8742E+01 -5.3244E+01
0000466   1.0481E+02 -4.7324E+01  5.8110E+00
0000467   2.2645E+02  3.0619E+02  1.4143E+02
0000468   5.0235E+02  1.1982E+02 -2.4729E+01
0000469   5.3532E+02  1.3651E+02  4.4407E+01
0000470   2.0449E+02 -3.6513E+02 -3.6180E+01
0000471   7.3764E+02  4.3739E+02  2.9118E+02
0000472   1.4478E+02 -3.0280E+02 -6.3159E+01
0000474   5.2008E+02 -2.4236E+01  5.2777E+01
0000475   7.5160E+02 -5.2787E+01 -1.6683E+02
0000476   8.0766E+02 -1.7154E+01 -3.7072E+02
0000477   5.9780E+02  2.3837E+02 -2.2193E+02
0000478   8.6477E+01  4.1941E+02 -2.2647E+00
0000479   6.6503E+02 -3.8005E+02 -1.4526E+02
0000480   2.8462E+02  5.1449E+01  2.6526E+02
0000481   5.3099E+02 -1.4520E+02  4.9145E+01
0000482   7.8814E+01 -5.5410E+01 -2.9794E+02
0000483   9.4165E+02  2.6869E+01  2.3427E+02
0000484   7.0421E+02 -1.4640E+02  1.8584E+02
0000485   1.7479E+02  4.4779E+02  2.8247E+02
0000486   5.5733E+02 -2.6249E+02  1.6786E+02
0000487   3.5925E+02  1.6144E+02  1.0695E+02
0000488   1.8028E+02 -4.5854E+02  6.4724E+01
0000489   6.5257E+02  1.0344E+02  6.6269E+01
0000490   7.5273E+02 -1.2867E+02  5.6529E+01
0000491   3.8159E+02  2.9398E+02  1.2182E+02
0000492   1.3144E+02 -4.9503E+02 -3.1391E+01
0000493   1.6800E+02 -1.6416E+02 -4.4323E+02
0000494   5.2036E+01  7.4641E+01 -7.2627E+01
0000495   6.5205E+02  3.3339E+02  2.2108E+02
0000496   4.2603E+02  1.3369E+02 -2.6252E+02
0000497   3.3775E+02  6.8855E+01  1.2473E+02
0000498   7.2371E+02  1.8278E+02 -6.1856E+01
0000499   5.7576E+02  1.7274E+02 -9.1332E+01
0000500   2.3583E+02  2.2335E+02 -3.4082E+02
0000501   5.6486E+02  2.3174E+02  2.3426E+01
0000502   3.6621E+02 -2.8095E+02 -3.1454E+02
0000503   8.1222E+02  8.3414E+01  2.4815E+01
0000504   3.3060E+02  1.9786E+01  1.5021E+02
0000505   3.8027E+02  2.3791E+02 -3.4435E+01
0000506   2.8880E+02  4.9756E+02 -1.6319E+01
0000507   5.3080E+02  1.2286E+02 -1.2448E+02
0000508   5.4955E+02  1.9410E+01  2.1292E+02
0000509   2.8934E+02  1.7422E+02 -2.4914E+02
0000510   3.4427E+02  2.4964E+01  1.9756E+02
0000511   5.2074E+02  2.2765E+02  6.9669E+01
0000512   5.2883E+02  3.1524E+02  1.3901E+02
0000513   6.9920E+02 -3.0051E+02 -3.6952E+02
0000514   4.4819E+02  4.6262E+01 -6.5186E+01
0000515   1.6963E+02 -1.6851E+01 -2.6163E+02
0000516   1.0506E+02  2.9853E+01 -7.2284E+01
0000517   7.4688E+02 -8.0755E+01 -3.0825E+02
0000518   3.3236E+02 -8.1473E+01  7.2943E+01
0000519   2.4289E+02  3.2512E+02  9.3026E+01
0000521   5.0685E+01 -9.2401E+01  5.3608E+01
0000522   5.4185E+02  3.0932E+02 -5.8808E+01
0000523   5.4680E+01 -4.4072E+02 -3.0434E+02
0000524   4.0142E+02 -3.0079E+02 -3.2137E+01
0000525   3.9745E+02 -5.1411E+00  1.4031E+02
0000526   3.3023E+02 -4.3552E+02  3.5155E+02
0000527   3.5416E+02  1.3382E+02 -1.2137E+01
0000528   2.9678E+02 -4.9273E+02  1.8086E+01
0000529   4.8711E+02 -1.0441E+01  8.9752E+00
0000531   6.0318E+02 -2.3677E+02  7.5530E+01
0000532   9.6307E+01 -3.4187E+02 -2.3495E+02
0000533   5.3239E+02  1.5722E+01 -5.0280E+02
0000534   2.1130E+02  3.7321E+02  5.2483E+02
0000535   5.1552E+02  5.7856E+02  3.1318E+02
0000536   5.0272E+02 -3.4683E+01 -6.5802E+01
0000537   2.8200E+02 -3.1638E+02  9.7812E+01
0000538   1.5986E+02  1.7838E+02  3.7789E+02
0000539   2.2063E+02  5.9325E+01  1.8322E+02
0000541   3.4224E+02 -3.2549E+01 -1.8315E+02
0000542   3.5083E+02 -3.7116E+02 -5.8090E+01
0000543   4.3238E+02 -1.1564E+02  1.7608E+02
0000544   8.6273E+01  2.2488E+02  2.1577E+02
0000545   8.3047E+02  6.6178E+01 -8.7083E+01
0000547   7.1852E+02  2.6701E+02  1.6518E+02
0000548   5.0529E+02 -3.8110E+02 -1.2975E+02
0000549   2.9609E+02 -3.8209E+02 -1.3664E+01
0000550   4.6290E+02 -1.5731E+02  1.0803E+02
0000551   4.9332E+02 -3.2052E+02  1.5455E+01
0000552   7.2564E+02 -2.0362E+02 -2.0151E+02
0000553   2.2179E+02  3.0444E+01 -1.2891E+02
0000554   1.4008E+02 -5.5244E+01  1.5442E-01
0000555   6.1631E+02 -1.2158E+01 -8.1937E+01
0000556   7.5369E+02 -6.1539E+01 -5.4606E+01
0000557   1.7979E+02 -5.0336E+02 -3.9078E+02
0000558   4.0187E+02 -3.0631E+02 -2.6781E+02
0000559   5.9851E+02  2.1626E+02  1.2640E+02
0000560   2.7532E+02 -2.6772E+02  2.0903E+02
0000561   4.8754E+02 -5.8649E+01  2.8100E+02
0000562   8.5765E+01  1.3570E-01 -1.5646E+02
0000563   6.6980E+02  3.1584E+01 -3.6684E+02
0000564   3.9886E+02  7.9447E+01  8.1890E+01
0000565   3.4228E+02  2.6296E+02 -7.9778E+01
0000566   3.2718E+02  2.3095E+02 -2.9895E+02
0000567   4.6284E+02 -1.7021E+02 -7.0889E+01
0000568   5.6272E+02 -5.0215E+01 -1.5031E+02
0000569   4.0925E+02  5.0185E+01 -1.2915E+02
0000570   5.0415E+02  6.4914E+01 -7.4872E+01
0000571   3.7110E+02  1.5717E+02  1.4541E+02
0000572   5.6607E+02 -3.1528E+02  1.8712E+02
0000573   6.7639E+02 -3.3832E+02  9.2601E+01
0000574   3.6966E+02 -4.4147E+02  5.7357E+01
0000575   2.1466E+02  1.1156E+02 -2.6011E+02
0000576   3.1912E+02  2.7595E+02  1.0601E+02
0000577   3.6690E+02  3.1366E+02 -3.6664E+02
0000578   5.2492E+01  2.8259E+02 -4.0985E+01
0000579   6.5181E+02  1.8984E+02  2.1384E+02
0000580   1.3600E+02  9.8419E+01 -3.8193E+02
0000581   9.8573E+01  2.0642E+02  4.4155E+02
0000582   2.6680E+02 -1.8503E+02 -3.3558E+01
0000584   1.9146E+01  2.1990E+02 -1.6729E+02
0000585   6.7486E+02 -1.3298E+02 -2.9082E+01
0000586   1.2254E+02 -2.9293E+01 -1.3981E+02
0000587   4.6103E+02 -2.8600E+02 -2.3683E+02
0000588   9.0304E+02  7.8839E+01  2.2841E+02
0000589   3.2360E+02 -2.6652E+01 -1.6516E+02
0000590   5.0704E+02  7.2200E+01  7.0431E+01
0000591   8.2682E+02  2.7265E+02  2.1749E+02
0000593   3.3292E+02  3.7451E+02 -3.5886E+02
0000594   3.4083E+02 -3.0796E+00  9.3731E+01
0000595   5.2362E+02  1.8370E+02  1.1297E+02
0000596   3.3055E+02 -2.0118E+02 -1.4072E+02
0000597   6.2309E+02  9.4089E+01 -3.8267E+02
0000598   3.5606E+02  3.1391E+02 -9.6603E+01
0000599   1.9654E+02 -1.2497E+02  1.0049E+02
0000600   6.1765E+02  9.8815E+01 -1.7262E+02
0000601   4.1733E+02  3.4124E+02  4.3885E+02
0000602   4.9410E+02 -2.4134E+02 -5.8470E+00
0000604   2.2246E+02  5.7491E+01  1.6195E+02
0000605   2.9543E+02  1.0471E+02 -3.8466E+02
0000606   7.8580E+02  1.3112E+02 -3.7611E+02
0000607   1.3885E+02  4.0582E+01 -1.1115E+01
0000608   3.4195E+02  2.6606E+02  3.3232E+02
0000609   4.9243E+02 -2.3481E+02 -6.9226E+01
0000610   3.9470E+02  1.0700E+02  1.0078E+02
0000611   5.4530E+02 -1.6676E+02  3.7309E+01
0000612   2.1879E+02 -4.3703E+02 -3.2746E+01
0000613   3.6981E+02 -1.5028E+01 -8.0242E+01
0000614   1.8171E+02 -5.0406E+02  2.9557E+02
0000615   4.4831E+02  3.5017E+02 -1.3084E+02
0000616   4.6283E+02 -8.8052E+01 -1.4159E+02
0000617   5.9777E+02 -2.8326E+02  6.6234E+00
0000618   2.5415E+02  1.7887E+02 -9.2931E+01
0000619   3.8503E+02 -5.1062E+02  2.4397E+02
0000620   4.2830E+02 -1.2198E+02  3.1617E+02
0000621   5.3169E+02 -3.9320E+02 -1.0543E+02
0000622   7.0027E+02  1.2455E+02 -9.9793E+01
0000624   2.5723E+02  1.5122E+02 -2.5097E+01
0000625   2.0243E+02 -7.3144E+01  1.1176E+01
0000626   2.7298E+02  4.9586E+01 -9.9209E+01
0000627   5.1465E+02 -1.6364E+02 -1.7950E+02
0000628   1.7888E+02  1.2518E+02  8.8325E+01
0000629   1.2728E+02 -5.8696E+00 -2.7981E+02
0000630   2.3196E+02  2.7327E+02  1.7727E+02
0000631   2.5788E+02 -1.3005E+02  7.5666E+01
0000632   2.6210E+02 -4.5965E+02  1.8549E+02
0000633   3.3544E+02 -5.2405E+00 -7.0331E+02
0000634   2.2900E+02  6.3601E+01 -7.7049E+01
0000635   2.4277E+02 -8.7985E+01  1.3628E+02
0000636   4.2587E+02 -5.7411E+02 -2.5143E+01
0000637   1.8727E+02 -2.6900E+01 -1.0954E+02
0000638   3.1863E+02 -3.7459E+02 -1.7642E+02
0000639   3.2899E+02 -3.6290E+02  1.2779E+02
0000640   2.8995E+02  2.7885E+02  3.1206E+02
0000641   3.1186E+02 -2.5182E+02 -4.8259E+02
0000642   1.8281E+02 -1.1862E+02  2.1488E+02
0000643   2.2250E+02  8.9871E+00  1.2395E+02
0000644   7.6726E+01  1.0010E+02 -1.3780E+02
0000645   7.4480E+02 -1.9636E+00  1.3583E+02
0000646   7.6224E+02  4.9938E+01  1.5408E+02
0000647   7.9953E+01  3.4958E+01  1.3060E+01
0000648   5.2594E+02 -3.9048E+02 -5.3526E+01
0000649   2.9451E+02 -4.9136E+01 -5.0407E+01
0000650   2.7357E+02 -1.6532E+02 -1.4566E+02
0000651   5.8491E+02  4.0879E+02  1.6967E+01
0000652   6.7007E+02  5.7642E+02  2.6140E+02
0000653   2.2782E+02  6.8459E+01 -5.1017E+01
0000654   6.1577E+02 -1.9698E+02 -2.3006E+02
0000655   3.0502E+02  3.8269E+02  5.4708E+02
0000656   5.3886E+02 -1.9406E+01 -1.9754E+02
0000657   5.4100E+02 -5.0770E+01 -2.4938E+02
0000658   2.9448E+02  1.2316E+02 -1.2265E+02
0000659   4.1175E+02 -1.4627E+02 -3.8367E+02
0000660   7.4412E+02  2.2496E+02 -7.8645E+01
0000661   4.3327E+02  2.6450E+01  5.0943E+02
0000662   5.4434E+02 -1.8317E+02  2.0224E+02
0000663   3.3223E+02 -4.3555E+02  1.2776E+02
0000664   2.2180E+02 -1.1129E+01 -4.1025E+01
0000665   4.2706E+00 -1.5908E+01 -7.9674E+01
0000666   1.2330E+02  7.7349E+01  3.0837E+01
0000667   3.1752E+02 -5.1756E+01  1.0462E+01
0000668   6.1033E+02 -9.7327E+01  4.6013E+01
0000669   1.3676E+02 -1.4411E+02  1.2889E+02
0000670   2.1096E+02  1.1855E+02  3.4116E+02
0000671   6.0355E+02  3.7098E+02  1.1136E+02
0000672   3.2328E+02 -9.1252E+01  2.7201E+02
0000673   6.0384E+02  1.3555E+02  7.8822E+01
0000674   4.2333E+02 -2.4320E+02 -2.4154E+02
0000675   6.4492E+02  3.3998E+02 -4.7386E+02
0000677   2.2837E+02 -1.0685E+01 -1.2526E+02
0000678   5.8435E+02  3.4195E+01 -9.0307E+01
0000679   3.4171E+02 -4.7547E+01 -1.6133E+02
0000680   5.1007E+02  1.1985E+02 -2.5403E+02
0000681   2.1078E+01 -2.1651E+02 -9.2526E+00
0000682   3.1050E+02 -8.2838E+01 -2.5353E+02
0000683   5.4622E+02  3.0660E+02 -4.1827E+02
0000684   6.0148E+02 -2.1683E+02  9.1698E+01
0000685   2.4466E+02 -4.5847E+02  2.0456E+02
0000686   3.9141E+02  4.3274E+02 -7.4271E+01
0000687   5.9521E+02 -2.2521E+02 -4.8949E+02
0000688   1.4414E+02 -8.6897E+01 -2.5391E+01
0000689   6.1274E+02  8.2903E+01  2.7919E+02
0000690   1.5730E+02  4.0375E+00  2.4233E+02
0000691   6.8209E+02  1.1043E+02  2.5675E+01
0000692   5.2930E+02  2.7555E+02  2.6907E+01
0000693   4.6216E+02  2.0495E+02 -3.5649E+02
0000694   3.3097E+02  1.4669E+02  2.2575E+02
0000695   6.5163E+02  2.7648E+02  4.5026E+02
0000696   7.4139E+02  1.7616E+02 -1.0715E+02
0000697   3.8992E+02 -2.1522E+02 -2.0112E+02
0000699   7.5824E+02  1.9144E+02  9.4950E+01
0000700   4.8365E+02 -3.2123E+01 -3.2150E+02
0000701   1.8450E+02 -5.7695E+01  2.3663E+01
0000702   4.0832E+02 -4.3307E+01 -1.7951E+02
0000704   2.1365E+02 -3.2779E+02  4.4283E+02
0000705   5.8998E+02  1.5455E+02  3.0963E+02
0000706   7.2156E+02 -1.9601E+02  1.3073E+02
0000707   3.4231E+02 -1.6129E+02 -2.0614E+02
0000708   4.9221E+02  4.3847E+02 -1.4451E+02
0000709   6.9072E+02 -2.2294E+01 -4.3506E+01
0000710   4.1194E+02 -5.4668E+02  1.1244E+02
0000711   7.6114E+02  3.3938E+02  1.8211E+02
0000712   6.2274E+02 -1.1311E+02  7.2962E+01
0000713   4.4194E+02  1.7183E+02 -1.5316E+02
0000714   5.2932E+02  1.2259E+02  3.8442E+02
0000715   3.7127E+01  1.7007E+02  1.2999E+02
0000716   4.5325E+02  7.8701E+01  1.1026E+02
0000717   1.8258E+02  8.8036E+01  1.2312E+02
0000718   4.9572E+02  1.1733E+02 -3.9683E+02
0000719   4.0469E+02 -1.8092E+02 -1.0418E+01
0000720   3.0016E+01  4.6841E+01  1.7709E+01
0000721   4.8403E+02  4.6361E+02  1.0641E+02
0000722   6.9020E+02  4.7152E+02 -1.2548E+02
0000723   1.8191E+02 -4.7511E+01  4.1553E+01
0000724   8.8522E+02 -2.0439E+02 -2.6072E+02
0000725   3.5903E+02  6.9434E+01 -8.6879E+01
0000726   3.9360E+02  3.2995E+01 -1.8815E+02
0000727   1.1089E+03 -1.3911E+02 -1.8955E+01
0000728   1.2076E+02  3.5316E+02 -1.9556E+02
0000729   4.8933E+02 -6.6952E+01  1.8593E+02
0000730   2.0631E+02 -2.0037E+02 -1.0258E+02
0000731   2.5355E+02  8.8551E+01  3.8698E+01
0000733   1.4618E+02  3.4476E+01  2.3814E+01
0000734   4.9448E+02  9.1948E+01 -2.2892E+02
0000735   5.1280E+02 -7.0739E+01 -1.8646E+02
0000736   3.4047E+02 -2.2201E+02  2.5619E+02
0000737   4.9478E+02 -1.3529E+02 -1.4086E+02
0000738   2.0012E+02  2.9217E+02  2.1791E+02
0000739   8.4019E+02  1.8849E+01 -2.0616E+02
0000740   1.9072E+02 -7.6518E+01  1.7715E+01
0000741   4.7264E+01  1.3095E+02 -1.8284E+01
0000742   5.3948E+02 -2.0453E+01 -1.9805E+02
0000743   4.0148E+02  1.1087E+02  1.5051E+01
0000744   1.0021E+02 -7.7982E+01  8.6209E+01
0000745   8.7107E+01 -3.7072E+02  3.6054E+02
0000746   6.7168E+02  3.6282E+02 -2.0877E+02
0000748   4.8960E+02  2.1953E+02 -2.0013E+02
0000749   6.0425E+02 -7.9148E+01  4.9826E+01
0000750   3.4477E+02 -1.6055E+02 -9.8218E+01
0000751   2.8671E+02 -2.6464E+02 -5.3399E+01
0000752   3.5768E+02  5.1128E+01  2.4714E+02
0000753   4.6419E+02  1.1472E+01 -2.4088E+01
0000754   2.4220E+02  1.6396E+02  1.8768E+02
0000755   3.3896E+02  4.7737E+01 -6.5721E+02
0000756   4.9087E+02  6.2372E+01 -2.5500E+02
0000757   5.5279E+02 -3.2784E+02 -1.1194E+02
0000758   4.2551E+02  6.8843E+01 -3.4428E+01
0000759   2.9304E+02 -1.8847E+02 -3.2853E+01
0000760   1.0842E+02  6.4928E+01 -3.6593E+02
0000761   3.2896E+02  3.0450E+01 -4.4912E+01
0000762   3.7856E+02 -6.2182E+01  1.8641E+02
0000763   6.2302E+02 -1.2422E+02  1.9194E+01
0000764   4.7200E+02  3.6956E+02 -1.3950E+02
0000765   6.4447E+02 -1.3176E+02  1.0822E+02
0000766   3.4494E+02 -2.4164E+02  1.4682E+02
0000767   4.7127E+02 -1.4748E+02 -2.8416E+02
0000768   3.2252E+02  1.2413E+02 -2.3841E+02
0000769   9.0165E+02  5.5158E+01  2.7349E+02
0000770   3.5044E+02  4.6966E+00 -1.9134E+02
0000771   6.4256E+01  2.3562E+02 -2.2460E+02
0000772   3.6931E+02  1.6358E+02  6.3279E+01
0000773   2.7600E+02 -5.2142E+01  2.5213E+02
0000774   2.6024E+02 -5.2756E+01  4.5534E+01
0000775   6.4612E+02  3.4797E+02  1.6736E+02
0000776   6.9473E+02  3.7483E+02  8.7588E+01
0000777   4.9430E+02  2.0511E+02 -9.4362E+01
0000778   4.8599E+02  4.6996E+01  4.3101E+02
0000779   4.4171E+02 -7.3703E+01 -3.2490E+01
0000780   5.5883E+02 -3.8961E+01  1.0298E+02
0000781   4.4452E+02 -8.4599E+01  1.6051E+02
0000782   4.3546E+02  1.8152E+01 -1.1338E+02
0000783   2.4922E+02 -2.4182E+02  2.5607E+02
0000784   3.1152E+02  1.2393E+02 -6.4312E+01
0000785   3.5931E+02 -4.2893E+01 -4.4865E+02
0000786   3.1187E+02  3.3379E+02  2.6442E+01
0000787   1.1936E+02  1.6849E+02  2.0379E+02
0000788   1.6057E+02  2.7440E+02  4.3255E+01
0000789   3.7938E+02 -2.0431E+01  3.1241E+00
0000790   5.2263E+02  5.9964E+01 -2.7257E+02
0000791   3.6471E+02  2.3053E+02 -1.7398E+02
0000792   5.6730E+02 -8.3452E+00  2.3970E+02
0000793   4.2613E+02  1.7853E+02 -1.2514E+02
0000794   3.2237E+02  1.4814E+02  9.2436E+01
0000796   3.0065E+02 -4.3310E+02  1.5268E+01
0000797   6.1451E+02  2.6665E+02  2.6041E+02
0000798   5.7702E+02  2.4819E+02  2.2621E+02
0000800   5.3437E+02  8.2003E+01  2.6301E+02
0000801   2.9528E+02 -2.2025E+01  1.9157E+01
0000802   5.2640E+02 -1.3116E+02 -3.9175E+01
0000803   2.9000E+02  2.0826E+02  3.8119E+02
0000804   4.3363E+02  1.8811E+01  7.6880E+01
0000805   1.1424E+02 -3.7217E+02 -2.0143E+02
0000806   3.7856E+02 -2.7553E+02  2.5424E+02
0000808   6.8227E+02  1.9247E+01  1.1214E+02
0000809   5.5853E+02  1.3411E+02  6.5772E+01
0000810   4.8116E+02  3.8040E+02  2.5224E+02
0000811   4.4474E+02 -1.1734E+02  1.2978E+02
0000812   3.2718E+02  5.3396E+01  1.9511E+02
0000813   4.8275E+01 -1.2673E+02 -4.3920E+01
0000814   4.8847E+02 -1.2842E+01 -4.1498E+02
0000815   5.0628E+02 -1.5950E+02 -2.0433E+02
0000816   3.4810E+02  5.9916E+02 -3.5143E+02
0000817   5.5052E+02 -1.6213E+02 -2.1221E+01
0000818   7.0170E+02 -2.5024E+02 -2.6420E+02
0000819   1.7733E+02  1.4490E+02 -7.6428E+01
0000820   2.0363E+02  2.2650E+01 -1.1838E+02
0000821   4.6938E+02  4.4224E+01  1.2734E+01
0000822   4.8928E+02  1.1951E+02  9.8669E+01
0000824   4.9269E+02  1.2636E+02 -8.1820E+01
0000825   2.3297E+02  5.9598E+01  1.5399E+02
0000827   6.0418E+02 -6.2500E+02 -8.3589E+00
0000828   4.2562E+02  3.5043E+01 -5.2576E+01
0000829   4.3047E+02 -2.8309E+01  2.6294E+02
0000830   5.8323E+02  4.6944E+01 -1.0267E+02
0000831   4.0567E+02 -3.0238E+02 -3.5440E+01
0000832   3.8699E+02  1.4920E+02  5.9373E+00
0000833   4.8254E+02 -2.0424E+02  3.8432E+02
0000835   4.1336E+02 -1.3536E+02  4.1911E+02
0000836   2.3781E+02  2.0388E+02  1.6558E+02
0000837   5.9748E+02 -2.2285E+00 -2.0751E+02
0000838   2.9362E+02  1.1053E+02 -8.0770E+01
0000839   6.9258E+02  1.7509E+02  4.2297E+01
0000840   4.0303E+02  3.5481E+02  1.9364E+02
0000841   3.3108E+02  1.2560E+02  2.3341E+01
0000843   2.7864E+02  3.8987E+02  3.7921E+02
0000844   5.0386E+02 -7.7995E+01 -3.4889E+02
0000845   5.3680E+02  2.4954E+02 -3.7716E+02
0000846   2.6253E+02 -7.3985E+00  1.1837E+02
0000847   7.0746E+02  9.4479E+01  1.0893E+01
0000848   4.4503E+02 -3.5247E+02  1.1433E+02
0000850   6.9605E+02  3.4643E+02 -1.1067E+02
0000851   4.8986E+02  1.1843E+02  2.6888E+02
0000852   5.9916E+02  1.2537E+02  9.2174E+01
0000853   3.6055E+02 -9.0508E+01 -2.4170E+02
0000854   7.1228E+02 -6.6308E+01  2.1679E+02
0000855   1.4525E+02  9.7116E+01 -9.5914E+01
0000856   4.4789E+02 -3.5713E+02  1.2309E+02
0000857   6.4072E+02 -1.3660E+02 -2.2981E+02
0000858   1.1585E+02  2.6627E+01  1.8258E+02
0000859   2.2716E+02 -1.5080E+02  2.5303E+01
0000860   8.2540E+02 -8.7507E+01  6.5225E+01
0000861   6.0689E+02 -1.2992E+02 -3.5995E+01
0000862   2.2692E+02  7.9403E+01 -1.0731E+02
0000863   4.5389E+02  5.6232E+01 -2.4056E+02
0000864   5.0649E+02  4.5458E+01  1.0576E+02
0000865   4.8453E+02  4.5108E+01 -2.7620E+02
0000866   3.3768E+02  4.0637E+02 -1.7610E+02
0000867   3.0000E+02 -3.7541E+02  1.7303E+02
0000868   4.6800E+02  2.4304E+02 -4.1776E+02
0000869   5.4933E+02 -2.4724E+02  1.5274E+02
0000870   3.9293E+02 -6.6372E+01  1.2082E+02
0000871   4.8521E+02  2.3469E+02 -2.0530E+02
0000872   5.0711E+02  2.3155E+02 -1.0172E+01
0000874   3.2861E+02 -4.4840E+02  4.5119E+02
0000875   4.1754E+02 -9.8072E+01 -2.5579E+02
0000876   3.7478E+02 -1.5742E+02 -4.0676E+02
0000877   7.1970E+02  1.4411E+02  1.1462E+02
0000878   2.0876E+02 -2.2269E+02 -1.7073E+01
0000879   3.8896E+02 -2.7826E+02 -1.8611E+02
0000880   2.4210E+02 -4.6176E+01  1.1922E+02
0000881   2.3381E+02  2.6735E+02  9.7234E+01
0000882   4.4932E+02  1.4143E+02  2.8800E+02
0000883   9.9930E+01 -3.0804E+02 -3.3900E+02
0000884   2.1660E+02  3.0102E+02  6.1818E+01
0000885   5.0749E+02 -4.9543E+01  8.1112E+00
0000886   4.3965E+02  3.0839E+02  1.3692E+02
0000887   5.1656E+02  1.0238E+02 -1.8220E+02
0000888   1.6590E+02  6.6651E+01 -3.7805E+01
0000889   2.5671E+02  1.1253E+02 -1.8255E+01
0000890   6.8314E+02 -1.3113E+02 -2.1307E+02
0000891   6.3125E+02  8.9295E+01  7.0735E+01
0000892   7.4748E+02  1.9679E+02 -1.5035E+02
0000893   4.2473E+02 -4.0480E+02 -2.3000E+02
0000894   3.8250E+02 -3.1013E+02 -2.3520E+01
0000895   7.6280E+02 -4.5621E+02 -1.9010E+02
0000896   2.3935E+02  3.8387E+02  1.8941E+02
0000897   5.3413E+02  1.7781E+02  8.7961E+01
0000898   4.4692E+02  2.0508E+02  4.4474E+01
0000899   5.0156E+02 -1.4770E+02 -1.1823E+02
0000900   5.7356E+02 -5.2774E+02 -5.0775E+01
0000901   2.2801E+02  1.5664E+02 -1.1481E+02
0000902   6.1287E+02 -2.3903E+02  2.6809E+02
0000903   7.0757E+02 -4.2787E+02 -1.6453E+02
0000904   1.5740E+02  7.5719E+01 -9.9817E+01
0000905   2.9350E+02  3.1956E+01 -1.8327E+02
0000906   6.4065E+02  2.0668E+02 -2.3120E+02
0000907   1.7614E+02 -1.4853E+02  3.1450E+02
0000908   3.8681E+02 -3.1368E+02 -3.8801E+02
0000909   1.5401E+02  1.1684E+02  8.9555E+01
0000910   3.6658E+02 -1.6970E+00 -1.1268E+02
0000911   4.2530E+02 -7.8647E+01  2.3303E+02
0000912   3.9438E+02 -9.0338E-01  3.8303E+01
0000913   5.0684E+02  2.6267E+01  1.1862E+02
0000914   1.0928E+02  2.6280E+02 -5.2589E+01
0000915   5.7476E+01 -2.2960E+01  9.1968E+01
0000916   7.5740E+01  1.3634E+02  2.2358E+02
0000917   2.3783E+01  1.8867E+02 -4.6662E+01
0000918   4.6594E+02  5.2536E+01 -1.1727E+02
0000919   4.6053E+02  1.9780E+02 -8.8091E+00
0000920   2.1863E+01  1.8627E+02 -2.1934E+02
0000921   6.5781E+02  1.2294E+02 -5.0503E+01
0000922   5.9430E+00 -3.7787E+02 -3.0118E+02
0000923   7.5847E+02 -1.0637E+02 -2.7679E+01
0000924   6.8581E+02 -9.5256E+01 -1.3100E+01
0000925   5.0283E+01  1.8683E+02 -6.8389E+00
0000926   1.1910E+02 -1.3328E+02 -2.7232E+02
0000927   1.2874E+02  5.8550E+01 -3.0153E+01
0000928   4.8892E+02  6.8128E+01 -2.4573E+02
0000929   2.8295E+02 -3.8400E+02  3.1128E+02
0000930   4.3323E+02 -4.1835E+02 -3.1660E+02
0000931   1.0058E+02  2.4677E+02 -4.4008E+02
0000932   3.5969E+02 -2.3059E+02 -3.2409E+01
0000933   5.7060E+02  5.4110E+01 -2.7462E+02
0000934   7.5334E+02 -3.2791E+02 -1.2036E+02
0000935   5.0737E+02 -2.1687E+02  2.2973E+02
0000936   5.6537E+02  2.7716E+02 -2.5264E+02
0000937   1.7926E+02  5.9067E+01 -1.8858E+01
0000938   4.7579E+02 -3.3994E+02  2.5635E+02
0000939   5.2019E+02 -2.5374E+02 -1.6505E+02
0000940   4.5366E+02 -1.6718E+02  1.0271E+01
0000941   5.2975E+02 -2.5571E+02 -7.1931E+01
0000942   7.2745E+02  3.0845E+02  3.0390E+02
0000943   2.1305E+02  4.4967E+02  4.3453E+02
0000944   3.8471E+02 -1.6059E+02 -9.6325E+00
0000945   5.9536E+02 -2.3742E+01 -6.5239E+01
0000946   5.1421E+02 -3.4781E+02 -9.4005E+01
0000947   4.5466E+02 -9.9973E+01  1.6334E+02
0000948   3.9778E+02 -4.4215E+01 -2.7758E+02
0000949   3.2637E+02  4.8014E+02 -2.8643E+01
0000950   5.6354E+02 -2.0510E+02 -1.8382E+02
0000951   4.1594E+02 -3.8462E+01 -2.4594E+02
0000952   7.4495E+02 -1.4928E+02 -8.2487E+00
0000953   3.7954E+02  8.3749E+01  1.1373E+02
0000954   6.8668E+02  8.8593E+01 -2.2761E+01
0000955   3.5197E+02  8.0558E+01 -2.4483E+02
0000956   5.3123E+02  2.9532E+02  1.9627E+02
0000958   3.4132E+02  5.1455E+01 -1.5123E+02
0000959   2.1998E+02 -2.6358E+02  1.9221E+01
0000960   4.2944E+02 -3.2683E+02  4.4274E+02
0000961   9.2443E+02  1.1306E+02  6.4015E+00
0000963   5.8906E+02  1.5740E+02  1.7560E+02
0000964   1.3203E+02 -1.0934E+02  1.4531E+02
0000965   4.2270E+02  1.8195E+02 -2.6350E+02
0000966   3.6632E+02  1.3775E+02  7.3154E+01
0000967   1.2674E+02  5.6806E+01 -2.4908E+02
0000968   3.9190E+02 -5.5815E+01  6.4632E+01
0000969   1.7275E+02  2.1003E+02 -2.9609E+02
0000970   4.8853E+02  8.3121E+01  4.2714E+01
0000971   1.9042E+02 -3.0896E+01 -9.9518E+01
0000972   2.1947E+02  1.6668E+02  1.3856E+02
0000973   3.2116E+02 -1.1804E+02  4.5267E+01
0000974   5.2724E+02  2.6647E+02  1.5299E+02
0000975   3.7106E+01 -1.5174E+02 -3.4301E+02
0000976   5.3485E+02  5.3751E+02 -2.5585E+02
0000977   3.3110E+02 -1.7220E+02  2.2965E+02
0000978   3.2373E+02 -1.8253E+02 -3.2876E+02
0000979   2.4540E+02  5.5010E+00  3.1346E+02
0000980   3.9585E+02  2.2234E+02 -5.4248E+01
0000981   1.2040E+02 -5.3407E+01  1.0873E+02
0000982   5.7941E+02 -1.7294E+02  2.7317E+02
0000983   5.7206E+02  1.5543E+01 -1.4091E+02
0000984   3.7630E+01  2.0063E+02  2.6408E+01
0000985   3.0718E+02 -6.8252E+01  1.7372E+02
0000986   9.5506E+01 -6.2758E+02 -2.4282E+02
0000987   5.1916E+02  1.1254E+02 -1.6341E+02
0000989   5.6959E+02 -2.0252E+02 -1.5836E+02
0000990   7.3454E+01 -2.2033E+02  1.8539E+02
0000991   1.7027E+02  5.2169E+01  2.5325E+01
0000992   3.3876E+02 -1.5664E+02  5.1015E+01
0000993   1.5261E+02 -1.0277E+02 -2.3575E+02
0000994   1.6766E+02  1.5022E+02  2.9729E+02
0000995   4.6953E+02  5.5538E+02 -2.7744E+02
0000996   3.1301E+02 -2.6296E+00 -4.5606E+01
0000997   3.9805E+02 -5.1665E+01 -7.5394E+01
0000998   3.1131E+02  8.3561E+01  2.2512E+02
0000999   3.6699E+02  8.2944E+01 -1.9919E+02
0001000   1.5362E+02 -4.1412E+01 -2.3964E+02
