============================== SRIM-2013.00 ==============================
==============================================================================
====== SRIM Outputs\RANGE_3D.txt : File of Final Ion Positions =====

Ion =  F (09)   Ion Mass= 018.9984
Energy  = 2000000.E-05 keV
Ion Angle to Surface = 00.0 degrees
==================== TARGET =======================
  Layer # 1 - None
  Layer # 1 - Bottom Depth=500000.E-01 A
  Layer # 1 - Density =0007.8700 g/cm3
  Layer # 1 -  100 % of Fe
様様様様様様様様様様様様様様様様様様様様様様様様様様
                                            
Ion       Depth  X   Lateral Y   Lateral Z  
Number    (Angstrom) (Angstrom)  (Angstrom) 
-------  ----------- ----------- -----------
0000001   2.7896E+02 -2.2305E+02  8.2410E+01
0000002   3.0650E+02 -1.0663E+02 -5.8120E+01
0000003   2.3222E+02  2.1202E+01 -1.5995E+02
0000004   2.9347E+02 -1.3151E+02 -1.9796E+00
0000005   2.0940E+02  1.3071E+02 -4.3281E+01
0000006   3.7671E+02 -5.3715E+01 -5.0980E+01
0000008   2.1121E+02 -1.0485E+02  1.9085E+01
0000009   1.8532E+02  2.2628E+01  3.9465E+01
0000010   4.3775E+02 -6.6542E+01  7.9657E+00
0000012   1.8685E+02  9.4638E+01 -6.2553E+01
0000014   1.4077E+02 -1.3677E+02 -7.8920E+01
0000015   7.4514E+01 -3.8133E+00  5.7190E+01
0000016   4.3067E+02 -1.4246E+02  3.1878E+01
0000017   1.6424E+02  4.5782E+00  1.1399E+02
0000018   2.6680E+02  1.9851E+02  1.6683E+02
0000019   3.7222E+02 -1.3235E+02  1.8895E+02
0000020   3.2033E+02 -4.4411E+01  2.9645E+01
0000021   2.7053E+02 -1.3307E+02  6.9986E+00
0000022   2.8215E+02 -4.5676E+01 -2.2372E+02
0000023   4.0412E+02  2.4375E+00  5.6929E+01
0000024   3.2813E+02  3.1850E+01 -1.2623E+02
0000025   3.4812E+02  6.5381E+01  1.1301E+02
0000027   2.5271E+02 -1.4472E+02 -6.9522E+00
0000028   1.1046E+02 -1.4077E+01 -7.7441E+01
0000029   3.1172E+02 -2.3032E+02 -5.7431E+01
0000030   1.8830E+02  4.9689E+01 -5.6957E+01
0000031   1.4245E+01 -1.5916E+02 -3.6953E+02
0000034   1.5670E+02 -2.7513E+01  1.2143E+02
0000035   5.2975E+01 -3.7907E+01 -2.4525E+01
0000036   2.3427E+02 -8.6961E+01 -4.4363E+01
0000037   1.7715E+02 -1.1918E+02  3.8538E+01
0000038   1.0389E+02  3.4752E+01 -5.2212E+01
0000039   4.6887E+02  1.8418E+02 -2.7853E+02
0000040   6.5856E+01 -5.7295E+01 -3.9115E+01
0000041   1.2705E+02  3.0196E+01 -2.4182E+02
0000042   3.1602E+02  2.7675E+02  1.8348E+02
0000043   3.5997E+02 -1.2276E+02 -6.5385E-02
0000044   2.4448E+01 -8.6919E+01 -1.0316E+02
0000045   3.0387E+02 -4.1344E+01 -4.1104E+01
0000046   8.9675E+01 -1.9671E+01  3.6349E+02
0000047   1.0282E+02  7.1204E+01 -1.6094E+01
0000048   2.1312E+02  9.1305E+01  1.1564E+02
0000049   1.5946E+02  1.9046E+02  1.4920E+02
0000050   1.8988E+02  2.4480E+00 -1.0113E+02
0000051   3.6442E+02 -8.8846E+01 -1.3406E+02
0000052   4.1091E+02 -2.7982E+00  4.1007E+01
0000053   4.6241E+02 -1.4453E+01  8.3097E+01
0000054   2.9720E+02 -2.6854E+01 -5.6925E+01
0000055   4.5864E+01  1.4178E+02 -3.2503E+01
0000056   1.7581E+02  1.9922E+02  1.5191E+02
0000057   1.3695E+02 -2.0680E+01  1.0083E+02
0000058   1.4305E+02 -3.3020E+01  6.7422E+01
0000059   2.9619E+02  2.3542E+01  8.0196E+01
0000060   4.8800E+02  1.2579E+02  1.0625E+02
0000061   3.4885E+02  2.6621E+00 -1.2465E+02
0000062   1.1349E+02 -1.0223E+01  7.2092E+01
0000063   1.0286E+02 -2.9303E+01 -9.0435E+01
0000064   1.0259E+02 -1.4687E+01  8.2496E+01
0000065   1.1861E+02  1.4414E+02  2.0238E+02
0000066   3.6067E+02  4.2314E+01  1.5434E+02
0000067   3.3663E+02 -8.3660E+01 -5.6745E-01
0000068   1.2203E+02 -1.0442E+02  5.5597E+01
0000069   2.2499E+02 -1.1598E+02 -3.5971E+01
0000070   4.3078E+01 -4.7352E+01 -2.6943E+02
0000071   1.8653E+02 -4.5417E+01  9.4801E+00
0000072   1.9997E+02 -5.2840E+01  9.9877E+00
0000073   2.4642E+02  8.1737E+01 -3.2696E+01
0000074   8.4280E+01  8.3374E+01  1.5047E+01
0000075   1.2744E+02  2.2549E+01 -3.7320E+01
0000076   1.9219E+02  1.9203E+02 -5.1010E+01
0000077   1.9961E+02  1.5454E+02  1.3287E+02
0000078   2.5217E+02 -1.6603E+02  3.3096E+01
0000079   5.3201E+01 -1.3786E+02  1.3486E+02
0000080   2.9562E+02 -3.4898E+01 -3.5280E+01
0000081   2.0635E+02 -1.0484E+01  3.9094E+01
0000082   2.9930E+02 -1.1905E+02  2.4259E+02
0000083   1.2355E+02 -1.0773E+02  1.5175E+02
0000084   1.4387E+02  1.5342E+02 -1.3197E+02
0000085   2.5933E+02 -3.4728E+01  1.3993E+02
0000086   2.3151E+02  1.9835E+01  1.5760E+02
0000087   1.7220E+02  3.7572E+01 -4.2212E+01
0000088   2.6678E+02 -8.1159E+01  3.0563E+01
0000089   7.2525E+01 -5.7426E+01  5.2577E+00
0000090   8.6769E+01 -9.5832E+01 -1.8112E+02
0000091   3.1849E+02  7.1223E-01  1.5429E+01
0000092   3.8948E+02 -4.2543E+01 -5.1799E+01
0000093   1.8477E+02  9.3808E+01  1.5938E+02
0000094   2.4430E+02 -1.8289E+01  1.3705E+02
0000095   2.4100E+02 -1.1758E+02 -1.0731E+02
0000096   9.9196E+01  3.4634E+01  1.5420E+02
0000097   6.2001E+01 -2.0321E+02 -2.1270E+02
0000098   3.3452E+02 -4.3060E+01  7.8947E+01
0000099   2.8185E+02 -7.8540E+01  1.4261E+02
0000100   1.7627E+02 -2.5301E+01  9.8161E+01
0000101   3.4415E+02 -5.0882E+01 -1.2052E+02
0000103   3.2395E+02  3.0198E+01 -3.5934E+01
0000104   1.7318E+02 -9.7264E+01 -1.1241E+02
0000105   1.6841E+02  1.6014E+02 -7.4055E+01
0000106   8.3030E+01 -1.2936E+02  4.5713E+01
0000107   6.4862E+01  3.6818E+01  6.9772E+00
0000108   1.9592E+02  8.1795E+01 -3.2317E+01
0000109   2.1443E+02  6.9825E+01 -6.9864E+01
0000110   2.6151E+02  2.6107E+02 -1.9672E+02
0000111   1.5746E+02 -4.8360E+01  2.5230E+02
0000113   2.7227E+02  5.7929E+01  1.3367E+02
0000114   3.1993E+02 -6.5280E+01  4.0720E+00
0000115   2.3688E+02  5.3844E+01  1.2037E+02
0000116   2.4612E+02 -8.3087E+01  1.3063E+02
0000117   1.7649E+02 -3.4636E+02  3.2319E+01
0000118   1.8830E+02  1.7809E+01 -3.7707E+01
0000119   6.1412E+01 -2.8203E+01  1.5304E+02
0000120   2.3959E+01 -1.2804E+02  1.1884E+00
0000121   1.3816E+02  6.8591E+01  8.1017E+01
0000122   5.3891E+02 -1.2900E+02 -2.0393E+02
0000123   3.2361E+02  9.5018E+01  2.6517E+02
0000124   3.5924E+02 -3.1572E+01 -1.7402E+01
0000125   2.1435E+02 -3.1114E+01  1.1059E+02
0000126   1.9120E+02 -1.9058E+01  2.7488E+02
0000127   1.8383E+02  3.4925E+01  4.5905E+01
0000128   8.6825E+01  1.6199E+02  2.8389E+02
0000129   2.1870E+02 -4.7224E+01  1.3922E+02
0000130   2.4913E+02  1.7008E+01 -1.4525E+02
0000131   2.7766E+02 -2.2499E+02 -1.3983E+02
0000132   2.5298E+02 -1.3911E+01 -4.6204E+01
0000134   1.0945E+02  1.8609E+02  4.6606E+01
0000135   9.9189E+01 -1.3680E+01 -3.6809E+01
0000136   5.1736E+01  2.3477E+02  1.6263E+02
0000137   1.6495E+02  1.6884E+02 -4.1042E+01
0000138   3.8641E+02  3.3647E+01  7.7808E+01
0000139   3.8618E+02  1.1395E+02  2.2933E+01
0000140   2.8937E+02 -7.0577E+01 -7.4292E+01
0000141   3.1893E+02 -1.4236E+02  2.3575E+02
0000142   2.6544E+02 -3.2095E+01  2.2330E+01
0000143   2.9484E+02  1.7473E+00 -1.7046E+02
0000144   2.4734E+02 -3.3981E+02  3.4602E+02
0000145   1.4964E+02  7.8969E+01  2.0395E+02
0000146   4.9770E+01 -4.7507E+01  1.9907E+02
0000147   6.9014E+01  2.0748E+02  7.9333E+01
0000148   4.3210E+02 -4.8490E+01  3.0950E+02
0000149   9.4429E+01 -3.2733E+01  1.5925E+02
0000150   4.3371E+02 -5.4759E+01 -6.3954E+01
0000151   1.9248E+02  4.2547E+01  9.4443E+01
0000153   1.2241E+02  1.9881E+02  7.2378E+01
0000154   2.5955E+02 -3.8176E+01  2.4205E+01
0000155   9.7220E+01 -3.9442E+01 -9.7349E+01
0000156   2.3220E+02 -3.4480E+01 -2.5580E+01
0000157   7.0139E+01 -9.9907E+01 -1.4424E+02
0000158   2.1913E+02  3.1062E+01  6.7019E+01
0000159   3.4448E+02 -1.3710E+02 -8.1999E+00
0000160   5.0742E+02 -1.3778E+02  1.2130E+01
0000161   3.8057E+02 -4.4762E+01 -2.4488E+01
0000162   2.1558E+02 -1.6965E+02 -5.3354E+01
0000163   2.2146E+02  1.8956E+02  9.7498E+01
0000164   9.5938E+01  2.9498E+02  6.5123E+00
0000165   2.8712E+02 -1.4603E+02 -2.1648E+01
0000166   1.8978E+02 -4.8743E+01 -2.0932E+02
0000167   2.1415E+02  4.7173E+01  3.6507E+01
0000168   3.1030E+02  1.0044E+02 -1.1878E+02
0000169   3.4042E+02  3.4139E+01 -1.8791E+01
0000170   3.7963E+01  3.1568E+01  1.2562E+02
0000171   2.5576E+02  1.2728E+02  1.4496E+02
0000172   6.0676E+01  7.0174E+01 -2.2209E+02
0000174   1.9256E+02 -9.5017E+01  8.2030E+01
0000175   1.3641E+02 -3.6210E+02  2.2835E+01
0000176   3.0592E+01 -1.2523E+02  7.8563E+01
0000177   2.1771E+02  1.7668E+01 -1.0874E+02
0000179   2.3933E+02 -1.3451E+01 -4.6314E+01
0000180   2.0637E+02 -6.3740E+01  2.5122E+01
0000182   1.5034E+02  9.2998E+00  4.1163E+01
0000183   4.3254E+02 -1.2676E+02  8.6260E+01
0000184   3.6880E+02 -3.6507E+01 -1.1215E+02
0000185   2.7004E+02 -1.1005E+02  2.0775E+02
0000186   1.5710E+02 -2.0153E+02  2.3498E+02
0000187   1.0380E+02  8.9988E+01  8.4773E+01
0000188   3.7179E+02  5.2420E+01 -1.8252E+02
0000189   1.7489E+02  5.8376E+01  3.5430E+01
0000190   3.4129E+02  2.2607E+02 -1.9730E+02
0000191   1.2455E+02 -1.1950E+02 -5.8692E+00
0000192   2.1019E+01  8.8135E+01  2.6746E+01
0000193   3.8997E+02 -9.1525E+01 -9.8595E+00
0000194   2.1904E+02  1.4255E+02 -8.4879E+01
0000195   1.6561E+02  7.0241E+01 -1.4348E+02
0000196   2.0771E+02  5.1576E+01  1.7765E+02
0000197   8.2448E+01 -6.1586E+01 -6.8639E+01
0000198   3.6199E+02 -2.4499E+02  6.0548E+00
0000199   2.9542E+02  1.4960E+02 -2.2661E+01
0000200   1.4311E+02 -9.2702E+01  1.4523E+01
0000201   4.4904E+02  1.8312E+02  7.2160E+00
0000202   1.0968E+02  4.6757E+01  1.2319E+02
0000203   1.9106E+02 -1.6467E+02  6.5914E+01
0000204   3.3004E+02 -1.1883E+01  1.4380E+00
0000205   2.1941E+02 -2.8805E+02  4.7980E+01
0000206   4.6658E+02 -3.0702E+02  9.5979E+01
0000207   3.5654E+02  9.3384E+01 -5.9091E+01
0000208   1.7288E+02 -5.4116E+01  8.2223E+01
0000209   3.0314E+02 -3.9451E-01 -7.6318E+01
0000210   3.8130E+02  4.7994E+01  6.5107E+01
0000211   2.9946E+02  3.2960E-01 -1.0496E+02
0000213   4.2076E+01  4.2758E+01 -8.0064E+01
0000214   2.8847E+02  5.2156E+01  1.2954E+02
0000215   3.7205E+02  1.0405E+02 -1.3649E+02
0000216   7.0856E+01 -1.0927E+01  9.6057E+01
0000217   7.1001E+01  1.2512E+02 -1.1613E+01
0000218   2.5476E+02 -3.4356E+01 -1.2733E+02
0000219   1.8911E+02 -3.8435E+01  3.0030E+02
0000220   3.2781E+02  5.1390E+01 -1.8944E+02
0000221   1.3489E+02 -6.6033E+01 -8.8099E+00
0000222   2.2350E+02  4.2176E+01  1.2245E+02
0000223   1.4417E+02  9.1254E+00  2.2951E+02
0000224   2.6494E+02  4.2251E+01 -3.6684E+00
0000226   1.5104E+02 -1.3333E+02  7.2689E+01
0000227   2.1974E+02  2.6224E+01 -5.2499E+01
0000228   3.4573E+02  5.3177E+01 -4.7612E+00
0000229   2.0390E+02  1.9148E+02  4.4283E+01
0000230   1.0949E+02  2.2307E+02 -1.3972E+02
0000232   1.6952E+02 -1.4736E+02 -2.1058E+02
0000233   2.0528E+02  3.7494E+01 -1.3241E+02
0000234   2.3024E+02  1.2388E+02  1.9991E+02
0000235   5.9880E+01 -2.4309E+02  9.9810E+01
0000236   5.3390E+01  5.0528E+01  1.1194E+00
0000237   3.8427E+02 -4.9952E+01 -9.1866E+01
0000238   2.6025E+02  2.0765E+02 -6.3465E+01
0000239   1.2137E+02 -2.2929E+01 -7.7417E+01
0000240   2.7866E+02 -2.2398E+02 -5.6407E+01
0000241   8.4624E+01 -1.1999E+02 -1.5629E+02
0000242   2.7993E+02  3.4794E+01  2.7293E+01
0000243   1.8699E+02 -7.7887E+00  8.9608E+01
0000245   3.0810E+02 -1.4093E+01 -8.7401E+01
0000246   2.2698E+02  7.4956E+01  4.2731E+01
0000247   3.2844E+02 -1.1900E+02  2.6391E+02
0000248   2.7830E+01 -1.6310E+01 -7.2106E+01
0000249   1.2478E+02 -1.4695E+02 -2.7636E+01
0000250   3.4706E+02 -8.6498E+01  3.0288E+02
0000251   2.0252E+02  4.7734E+01  1.6891E+02
0000252   7.7617E+01 -2.0173E+02  3.7401E+01
0000253   1.7200E+02  2.3185E+02  3.0531E+00
0000254   6.2670E+01  1.3567E+02  8.5550E+01
0000256   3.1721E+02  2.0260E+01  3.8231E+01
0000257   1.4796E+02 -1.2704E+02  1.2471E+02
0000258   3.5402E+02 -3.6778E+01  1.0909E+02
0000259   3.3787E+02 -8.3741E+01 -1.3865E+01
0000260   4.6815E+02 -7.7365E+01 -3.4260E+01
0000261   1.2690E+02 -3.2936E+01 -7.0071E+01
0000262   4.5096E+02 -1.7906E+02  1.4381E+02
0000263   1.2095E+02 -2.0484E+02  2.0489E+01
0000264   2.2517E+02 -1.6373E+02 -8.0288E+01
0000265   3.6611E+02 -5.1811E+01  7.5284E+01
0000266   1.0852E+02  1.1355E+02  1.1934E+02
0000267   3.5589E+02 -2.4208E+02  1.0583E+01
0000268   6.6535E+01 -1.7669E+02 -2.0629E+02
0000269   2.1001E+02  2.1943E+02 -1.6956E+02
0000270   1.6322E+02 -6.2444E+01 -1.3891E+01
0000271   3.7814E+02  1.9636E+02 -1.3077E+02
0000272   4.1180E+02 -2.4474E+02 -1.2991E+02
0000273   2.4283E+02 -8.3848E+01  5.9980E+01
0000274   4.3402E+02 -1.4109E+02 -8.5022E+01
0000275   2.3713E+02  9.6485E+01 -1.4585E+02
0000276   8.0990E+01  1.6811E+02  1.7327E+02
0000277   1.8280E+02  2.3479E+02  1.4891E+02
0000278   3.3160E+02  2.8145E+01  3.3238E+02
0000279   2.2348E+02 -2.1336E+01 -7.2350E+01
0000280   2.5044E+02 -1.0395E+02  1.4637E+02
0000281   6.1747E+01  1.7941E+02  6.7675E+00
0000282   3.5265E+02  1.7185E+02 -9.0177E+01
0000283   2.4539E+02  9.2481E+01  2.4890E+01
0000284   2.5001E+02  2.2540E+02  1.4050E+02
0000285   5.7063E+01 -5.9041E+01 -4.6429E+00
0000287   1.6260E+02 -1.1284E+01 -1.5994E+02
0000288   2.2896E+02  3.4103E+01 -3.2875E+02
0000289   3.6236E+02  1.4437E+02 -1.2263E+02
0000290   5.5286E+01  3.3523E+01  1.6425E+02
0000291   1.4436E+02  3.9106E+01 -3.9535E+00
0000292   2.5116E+02 -6.3141E+00  1.7246E+02
0000293   2.5350E+02  1.4727E+02 -2.8395E+01
0000294   2.1551E+02 -3.8829E+01 -1.2836E+02
0000295   2.6514E+02  1.9815E+01 -1.6847E+02
0000296   1.7723E+01  6.2073E+01  2.1967E+02
0000297   2.9400E+02 -1.7909E+01 -1.2646E+02
0000298   2.7786E+02  2.9268E+01 -6.8390E+00
0000299   7.7427E+01 -1.1239E+02  1.1260E+02
0000300   5.1929E+01  8.5964E+00 -1.7747E+02
0000301   6.0761E+01 -1.1939E+01 -8.2695E+01
0000302   1.0086E+02 -2.8245E+02  1.0465E+02
0000304   2.4054E+02  3.4509E+01 -3.2070E+01
0000305   1.1144E+02  1.1844E+02  1.7116E+02
0000306   8.7231E+01 -1.1261E+02 -1.0177E+01
0000307   4.0353E+02  1.4697E+02 -1.4703E+02
0000309   4.8058E+01  1.8531E+02  2.8588E+01
0000310   2.2086E+02  2.3070E+01 -1.8501E+02
0000311   1.1654E+02  5.3539E+01  9.7402E+01
0000312   1.9402E+02 -2.0341E+01  8.6717E+01
0000313   9.0438E+01  5.2408E+01 -4.3160E+01
0000314   3.4190E+02  5.1271E+01 -1.0222E+02
0000315   1.7865E+02  1.0099E+02 -2.1739E+02
0000316   4.2102E+02  2.8301E+01 -6.9126E+01
0000317   5.0652E+02 -2.0575E+02  2.8633E+01
0000319   1.4027E+02  7.5515E+01  4.7600E+01
0000320   3.2598E+02  6.7547E+01  1.3147E+02
0000321   8.7172E+01  3.4710E+01  2.0985E+02
0000322   2.5855E+02  2.1919E+02  3.1747E+02
0000323   3.0565E+02  8.2877E+01  9.7250E+01
0000324   4.9391E+02 -1.2927E+01  9.2444E+01
0000325   1.9964E+02 -3.8060E+02 -9.8116E+01
0000326   1.5584E+02  7.3364E+01  1.9425E+01
0000327   1.6930E+02  2.1411E+02  1.2258E+02
0000328   2.0796E+02  1.8006E+01 -1.5247E+02
0000329   1.3244E+02 -6.3194E+01  1.3683E+01
0000330   1.5221E+02  4.7687E+00 -1.1271E+02
0000331   8.9589E+01  4.5390E+01 -2.9470E+01
0000332   1.7728E+02  2.9233E+02  4.8898E+01
0000333   2.2557E+02 -8.1764E+01 -3.0762E+01
0000334   1.4874E+02  1.7263E+00  5.0236E+01
0000335   4.0913E+02 -3.8829E+01  1.8501E+02
0000336   5.7011E+01 -9.1276E+00  3.1562E+01
0000337   3.0195E+02 -1.1980E+01  3.2270E+01
0000339   1.5061E+02  1.9228E+01 -1.7790E+02
0000341   3.5063E+02 -1.3997E+00 -2.7554E+02
0000342   1.7169E+02 -7.2481E+01 -1.6315E+01
0000344   2.4538E+02 -7.1115E+01 -3.0605E+01
0000345   2.8155E+02 -1.5477E+01 -1.3377E+02
0000346   1.2638E+02  2.3824E+02  2.1149E+02
0000347   1.7189E+02  1.4362E+02 -7.2941E+01
0000348   2.7567E+02  2.4196E+02  1.0055E+02
0000349   2.1468E+02  9.0718E+01  2.6655E+02
0000350   1.4533E+01 -2.1336E+02  2.6763E+01
0000351   3.6933E+02  3.9085E+01 -1.3427E+01
0000352   2.3789E+02  4.1980E+01  1.1301E+02
0000353   9.0011E+01 -3.1485E+01 -5.3827E+01
0000354   1.7958E+02  3.7225E+00 -6.9631E+01
0000355   3.3005E+02 -2.2798E+02 -1.5251E+02
0000356   3.8999E+02  1.1585E+02  1.0142E+02
0000357   8.7388E+01  8.6774E+01  1.2663E+02
0000358   1.9373E+02  1.4784E+02  6.0601E+00
0000359   2.8020E+02 -5.5620E+01  2.9635E+02
0000360   2.5684E+02 -7.9815E+00  1.1264E+02
0000361   2.4224E+02 -7.6706E+01 -1.7603E+02
0000362   2.7501E+01 -2.3574E+02  3.5718E+01
0000363   2.7832E+02 -2.1073E+02 -3.1161E+02
0000364   2.3068E+02  7.3438E+01 -9.5906E+01
0000365   2.5254E+02 -1.6886E+02 -1.2846E+02
0000366   9.5307E+01  6.4192E+01 -2.3566E+02
0000367   2.3500E+02  2.0955E+01 -1.0408E+02
0000368   1.7326E+02  1.5593E+02 -5.4690E+01
0000369   1.8644E+02 -1.8729E+02 -9.2182E+01
0000370   1.3964E+02 -8.8552E+01 -2.2028E+02
0000371   2.7486E+02 -1.0330E+01  5.7521E+01
0000372   4.9440E+02 -1.5114E+02 -4.7516E+01
0000373   4.7725E+01  7.9085E+01  1.2636E+02
0000374   3.5838E+02  1.1208E+02 -2.2767E+02
0000375   3.3434E+01  1.3686E+02  3.5999E+01
0000377   2.0870E+02 -9.3221E+00 -2.8204E+02
0000378   2.2134E+02  1.1190E+01  7.8002E-01
0000379   8.8308E+01  7.0076E+00  4.7237E+01
0000380   2.3627E+02 -1.0324E+02  2.7675E+02
0000381   2.4873E+02 -8.0802E+01  1.3361E+02
0000382   1.7278E+02 -1.6865E+02 -8.8846E+01
0000383   2.0834E+02  2.6569E+02 -1.8009E+02
0000384   3.1618E+02  2.0415E+01 -1.6166E+02
0000385   9.9005E+01 -2.1025E+02 -7.2505E+01
0000387   1.3253E+02 -5.9481E+01  2.9191E+02
0000388   2.4570E+02 -5.6893E+01  1.4792E+02
0000390   9.2291E+01 -9.6783E+01  5.3007E+01
0000391   2.9749E+02  2.5334E+02 -6.6480E+01
0000392   1.1806E+02 -2.2526E+02 -2.3050E+02
0000393   6.7241E+01  1.6205E+02  1.1366E+02
0000394   2.0928E+02  1.4722E+02  1.7973E+02
0000395   2.2336E+02  1.9484E-01  7.4822E+01
0000396   2.7634E+02  8.4600E+01 -6.8974E+00
0000397   5.6140E+01  1.0026E+02 -2.1125E+02
0000398   2.3322E+02  5.8513E+01 -1.3346E+02
0000399   2.9946E+02 -1.6822E+02 -1.4655E+01
0000400   1.7781E+02  4.6062E+01 -9.0174E+01
0000401   1.3694E+02 -1.6821E+02  1.2816E+02
0000402   1.5771E+02  9.9312E+01 -1.0241E+02
0000403   3.5385E+01 -8.5004E+01 -1.6438E+01
0000404   6.5972E+01 -2.7501E+01  6.0136E+01
0000405   9.3718E+01  1.1963E+02  1.6609E+02
0000406   1.3769E+02 -2.6709E+01 -1.4025E+02
0000407   1.5298E+02 -4.3901E+01 -4.4747E+01
0000408   1.6999E+02  3.7230E+01  2.7578E+01
0000409   2.8225E+02  1.0171E+02  2.5974E+02
0000410   1.4985E+02  9.4530E+01  2.3252E+02
0000411   4.1445E+02 -1.8128E+02  1.8804E+02
0000412   1.4517E+02  1.0156E+02  2.9011E+02
0000413   1.7101E+01  1.7155E+02 -5.7270E+01
0000414   7.2450E+01 -3.0974E+01 -1.3020E+02
0000415   1.7889E+02 -4.6129E+01 -9.8929E+01
0000416   1.0388E+02 -1.4728E+02  1.3308E+02
0000417   1.2708E+02  1.2253E+02 -1.2603E+02
0000418   2.3791E+02  3.8623E+01  9.7719E+01
0000419   7.1306E+01 -2.2062E+02  7.6181E+00
0000420   4.1136E+02  3.1775E+02 -2.1398E+02
0000421   1.8842E+01  2.5997E+01  3.5784E+01
0000422   3.1959E+02 -2.0679E+02 -5.1915E+01
0000423   6.5593E+01  8.0139E+00 -7.8669E+01
0000424   2.6752E+02 -1.8900E+02 -7.9341E+01
0000425   3.6619E+02  1.3105E+02 -1.2427E+02
0000426   1.6602E+02 -1.3144E+02 -7.5992E+01
0000427   1.5814E+02 -1.5165E+02  1.7778E+01
0000428   3.0849E+02 -1.7652E+02 -6.0850E+01
0000429   1.7552E+02 -2.2927E+02  7.6182E+01
0000430   1.4495E+02 -1.2021E+01  2.8357E+02
0000431   1.2288E+02  8.3654E+01  3.8726E+02
0000432   2.1415E+02 -6.1063E+00 -2.3638E+02
0000433   1.4460E+01 -7.7043E+00 -6.5237E+01
0000434   5.8428E+01 -7.7381E+01  1.7169E+02
0000435   1.4300E+02  1.4920E+01  6.3691E+01
0000436   7.8241E+01 -3.7787E+01  2.0955E+02
0000437   2.8692E+02 -6.6775E+01 -2.9644E+01
0000438   2.4420E+02 -3.2636E+00  1.0297E+02
0000440   4.3534E+02  2.3973E+01  1.1628E+02
0000441   1.4597E+02 -6.1490E+01  2.3600E+01
0000442   2.5521E+02  1.7580E+02 -1.1328E+02
0000443   9.2370E+01 -8.6260E+01  1.9647E+01
0000444   9.1364E+01 -1.4316E+02 -1.8546E+01
0000446   4.1614E+02  2.6032E+02 -1.1716E+02
0000447   4.8665E+02 -1.8979E+02 -8.1553E+01
0000448   9.0582E+01 -3.2979E+01 -1.4294E+02
0000449   3.2560E+02  5.9582E+01 -9.7574E+01
0000450   2.4928E+02  5.9883E+01  1.1994E+02
0000451   7.4379E+01  1.3596E+02  7.3886E+01
0000452   3.2001E+02  2.7528E+02  3.6408E+01
0000453   3.9189E+02  4.4702E+01  3.1867E+02
0000454   1.1867E+01  7.5582E+01  2.3783E+00
0000455   2.5553E+02  1.5561E+01  7.3924E+01
0000456   3.3680E+02 -2.1467E+02  2.9537E+01
0000457   1.0334E+02  4.6029E+01 -6.8229E+01
0000459   1.7536E+02 -6.7714E+01  5.0857E+01
0000460   3.0775E+02 -7.0535E+01 -1.9427E+02
0000461   2.7888E+02 -8.8637E+01 -2.5890E+01
0000463   1.5079E+02 -1.5751E+02 -9.0173E+01
0000464   6.2448E+01  7.2338E+01  4.1952E+01
0000465   2.9480E+02 -2.0491E+02  2.8580E+00
0000466   3.4243E+02 -5.1128E+01  2.6010E+02
0000467   8.9838E+01  2.0968E+02  1.5482E+01
0000468   3.1849E+02  4.6096E+01 -2.1912E+01
0000469   3.8358E+02 -1.8554E+01 -7.4829E+01
0000470   1.8139E+02  4.7795E+01 -8.3034E+01
0000471   2.4953E+02 -3.2984E+02 -7.2388E+01
0000472   1.8227E+02 -7.0688E+01  5.2432E+00
0000474   2.6645E+02  1.4276E+02  3.2147E+01
0000475   4.3259E+01 -6.7547E+01 -1.4685E+02
0000476   1.7787E+02  1.0514E+02  5.6838E+01
0000478   2.2527E+02  6.7545E+01 -9.9839E+01
0000479   1.1213E+02 -6.6361E+01  7.3395E+01
0000480   3.1343E+02 -1.5480E+02 -1.7179E+01
0000481   2.3435E+02 -8.4682E+01 -3.3776E+01
0000482   1.7315E+02 -3.2148E+01 -8.9503E+01
0000483   4.2601E+02 -3.2853E+01  1.2478E+02
0000484   2.0604E+02  1.7710E+02  1.3254E+02
0000485   3.1585E+02  1.3081E+02  5.4179E+01
0000487   3.1459E+02  5.0435E+01  1.8423E+02
0000488   8.2226E+00  1.8608E+02 -8.3878E+01
0000489   4.1224E+02 -2.0523E+01  2.0347E+02
0000491   2.0907E+02 -1.0382E+02 -4.5323E+01
0000492   1.9361E+02  5.5421E+01  1.7133E+02
0000494   1.8134E+02 -6.0842E+01  1.4924E+02
0000495   2.2018E+02  1.3343E+02  2.5251E+02
0000496   2.8515E+02  6.0515E+01 -2.7558E+02
0000497   2.3469E+02  9.6425E+01  6.2765E+01
0000498   7.8868E+01 -1.3855E+00 -6.4857E+00
0000500   4.7897E+01  6.4665E+01 -1.3455E+02
0000501   5.1209E+01 -9.6354E+01  8.1891E+01
0000502   2.4137E+02  2.6691E+01  1.5831E+01
0000504   4.0690E+02  8.1323E+01 -1.6635E+02
0000505   3.3537E+02 -3.2864E+01 -1.9782E+01
0000506   6.0097E+01  5.1858E+00  8.3323E+00
0000507   1.5011E+02 -1.7670E+02 -1.3060E+02
0000508   1.1576E+02 -1.4978E+02  9.0541E+01
0000509   1.7745E+02  1.1829E+02  1.4377E+02
0000510   2.2909E+02  8.3696E+00  1.2061E+02
0000511   4.4404E+02 -1.3564E+02  6.0452E+01
0000512   1.8662E+02  4.2570E+00 -2.8282E+02
0000513   3.9741E+02 -2.7712E+01  7.0899E+01
0000514   3.2065E+02 -3.8619E+01  7.0832E+00
0000515   2.6120E+02  4.2003E+01  4.6460E+01
0000516   1.3401E+02 -2.9257E+02 -1.3945E+02
0000517   1.3394E+02  8.0233E+01 -7.0241E+01
0000518   2.4233E+02  1.0038E+02  1.3041E+02
0000519   1.8473E+02  1.8637E+01  7.5381E+01
0000521   8.0651E+01  9.9018E+01 -2.4990E+02
0000522   3.0178E+02 -2.5761E+01  2.7729E+01
0000523   1.8768E+02 -1.8532E+02  1.6140E+01
0000524   8.7734E+01  1.1148E+02  8.0982E+01
0000525   3.1527E+02 -1.2771E+02  6.3741E+01
0000527   1.6540E+02  2.2789E+02  2.6361E+01
0000528   1.3242E+02  7.7856E+00 -9.4680E+01
0000529   2.8613E+02 -9.6188E+01  6.2708E+01
0000530   2.9880E+02  2.6476E+01 -1.6170E+02
0000532   9.2970E+01  4.4619E+01 -1.5139E+02
0000533   7.9425E+00 -2.7428E+02 -1.9037E+01
0000534   2.3341E+02  2.1852E+02  2.5913E+02
0000535   2.4822E+02 -7.8512E+00 -1.7349E+02
0000536   1.9072E+02 -1.9664E+02 -2.3811E+02
0000537   2.3985E+02  2.8640E+02  5.3056E+01
0000538   2.2833E+02 -3.6811E+01  4.9304E+01
0000539   3.8012E+02  2.5251E+02  5.3556E+01
0000540   4.2714E+02 -1.5638E+02 -9.8991E+01
0000541   2.8864E+02  3.8336E+01 -8.7075E+01
0000542   3.8817E+02 -2.1959E+02  6.3579E+01
0000543   2.6604E+02 -1.6465E+02  1.6814E+00
0000544   3.0866E+02 -1.3219E+02 -8.2137E+01
0000545   2.3647E+02 -4.1914E+01  5.7672E+01
0000546   2.1267E+02 -7.9820E+01 -7.4088E+00
0000547   2.1332E+02 -4.4197E+01  6.4112E+01
0000548   3.4873E+02 -8.2069E+01 -1.5549E+01
0000549   1.3074E+02  7.8921E+01 -8.9583E+01
0000550   9.9064E+01  2.4048E+01 -9.8807E+01
0000551   2.5316E+02 -8.0125E+00 -1.6527E+01
0000552   1.0671E+02  4.7609E+01  1.1816E+02
0000553   3.7797E+02  3.9270E+01 -1.6314E+00
0000554   2.1399E+02  1.7812E+02 -1.4398E+02
0000555   5.1788E+01  5.2179E+01 -4.2503E+01
0000556   3.5180E+01 -4.2134E+01  2.2066E+01
0000557   1.2185E+02 -1.6588E+02 -1.1691E+01
0000558   1.1237E+02 -9.6917E+01  2.1806E+01
0000559   2.5732E+02  6.6699E+01 -8.8593E+00
0000560   3.7801E+02  3.4173E+01  8.4543E+01
0000561   2.6568E+02 -1.7634E+02 -1.2008E+02
0000562   9.2227E+01  4.8693E+01  2.5065E+02
0000563   2.6546E+02 -6.9941E+01 -1.3855E+02
0000564   2.5637E+02 -1.0763E+02  6.0349E+01
0000565   4.0601E+02  2.6765E+01 -8.9845E+01
0000566   1.4715E+02  1.0717E+01  2.7889E+01
0000567   9.5560E+00  3.0649E+01 -1.1471E+02
0000568   2.4471E+02  1.7830E+02  1.2594E+02
0000569   1.3551E+02 -1.8783E+02  5.9429E+01
0000570   3.3692E+02 -1.1313E+02  1.3241E+02
0000571   1.7006E+02  6.5463E+01 -6.5000E+01
0000572   3.8181E+02 -1.3034E+02  1.0434E+02
0000573   3.0413E+02  1.1688E+01  1.1940E+02
0000574   2.2751E+02  8.3943E+01  1.2558E+01
0000575   1.8795E+02  8.2944E+01  7.5902E+01
0000576   1.4241E+02 -2.0411E+01 -7.5738E+01
0000577   4.6019E+02  1.8497E+02  3.3405E+01
0000579   3.4556E+02  1.4494E+02  6.2842E+01
0000580   1.9853E+02 -2.2818E+01  3.0684E+00
0000581   4.7367E+02 -2.1171E+02  4.5865E+01
0000582   3.6176E+02 -5.4748E-01 -1.8532E+01
0000585   2.9979E+02 -8.8923E+01 -1.9415E+01
0000586   2.9834E+02 -1.2959E+02  1.0812E+02
0000587   2.1002E+02 -4.2707E+01 -3.1056E+01
0000588   1.9707E+02 -2.0944E+02 -1.2717E+02
0000589   5.3570E+00  2.3800E+02 -6.1169E+01
0000590   3.0383E+02  7.5703E+00  1.0357E+02
0000591   4.4892E+01  2.2983E+01  1.2199E+02
0000592   1.5241E+02 -1.2986E+02 -7.1906E+01
0000594   4.7486E+02  1.5955E+02  1.3305E+02
0000595   3.2085E+02 -2.5132E+02 -8.8540E+01
0000596   1.7357E+02  8.2961E+01  2.2423E+02
0000597   3.2960E+02  1.5244E+02  1.6623E+02
0000598   4.4633E+02  1.3768E+02 -7.7542E+01
0000599   2.0777E+02  2.8100E+01 -1.7767E+02
0000600   2.9420E+01  1.3403E+02  1.6420E+01
0000601   1.5248E+02 -4.2029E+01 -4.3936E+01
0000602   2.9881E+02 -2.2921E+01  2.1514E+02
0000603   1.4878E+02 -2.1077E+02  2.1229E+01
0000604   1.9371E+02  2.2596E+01  8.7701E+01
0000606   1.8450E+02  2.7946E+01  4.0162E+01
0000607   1.5732E+02  6.7659E+01 -1.2434E+02
0000608   2.3932E+02 -6.1457E+01  1.0146E+02
0000609   1.5659E+02 -3.1233E+01 -7.4861E+00
0000610   2.4838E+02 -7.0902E+01 -1.3201E+02
0000611   3.4180E+02  9.6417E+01 -2.6295E+01
0000612   5.9277E+01 -1.0976E+01  1.7922E+02
0000613   2.8541E+02 -1.5657E+02 -9.0662E+01
0000614   2.5880E+02  2.4547E+01 -5.2042E+01
0000615   3.1733E+02  1.3545E+02 -2.4891E+02
0000616   1.7385E+02  1.0376E+02 -3.3561E+02
0000617   2.7535E+02 -1.7938E+02 -1.3641E+00
0000618   2.9983E+02 -8.8757E+01  9.1852E+01
0000619   2.0116E+02 -8.3255E+01  1.3257E+01
0000620   1.4019E+01  8.9202E+01  2.5704E+02
0000621   8.1235E+01  2.6741E+01  1.3330E+01
0000622   1.2247E+02 -7.1340E+01  6.3655E+01
0000623   2.5954E+02 -1.5177E+02  8.1588E+01
0000624   1.7567E+02 -3.5652E+01  2.0700E+02
0000625   2.3311E+02  1.1615E+02 -2.0037E+01
0000626   2.9996E+02  1.4558E+02  2.1751E+02
0000627   3.2246E+02  6.5383E+01  5.5111E+01
0000628   2.3178E+02 -2.3342E+02 -9.3152E+00
0000629   2.3748E+02  1.9839E+01 -1.1626E+01
0000630   9.1891E+01  2.1376E+01 -8.1925E+01
0000631   2.6520E+02 -1.0316E+02  1.2840E+02
0000632   3.7232E+02 -2.2675E+00 -3.4170E+00
0000633   1.2015E+02 -1.0768E+02  1.7019E+02
0000634   1.9783E+02 -1.4326E+02  2.6897E+01
0000635   2.8201E+02 -1.4420E+02 -4.1341E+01
0000636   3.3908E+02  8.8029E+01  5.7835E+01
0000637   1.7707E+02  1.4976E+02  2.4843E+02
0000638   1.5428E+02  1.5827E+02 -2.0610E+02
0000639   3.2970E+02  1.5722E+02 -6.2269E+01
0000640   1.6381E+02  3.3603E+00 -1.2715E+01
0000641   6.7807E+01 -1.9021E+02  1.0551E+02
0000642   2.3235E+02  3.2663E+01 -1.6120E+02
0000643   1.8384E+02 -1.8744E+02  4.4204E+01
0000644   4.6767E+02 -2.3084E+01 -8.6681E+01
0000645   1.6751E+02  1.0943E+02 -3.1571E+02
0000646   9.4929E+01 -7.1641E+00  4.5869E+01
0000647   9.0180E+01 -1.1379E+02  5.1714E+01
0000648   2.4503E+02  1.6246E+02  2.3678E+02
0000649   2.7117E+02 -7.5557E+01  1.7094E+02
0000650   3.8915E+02  6.6712E+01  8.2607E+01
0000652   3.1806E+02  1.2791E+01 -1.2773E+02
0000653   3.5844E+02  5.1803E+01 -1.6995E+02
0000654   1.1517E+02 -2.5647E+01 -5.9638E+01
0000655   2.1354E+02 -1.6313E+02  9.0854E+01
0000656   1.7005E+02  9.4744E+00  4.3489E+01
0000657   2.0260E+02 -8.3608E+01 -8.0410E+01
0000661   1.0493E+02 -5.9257E+01 -5.1186E+01
0000662   1.3872E+02  7.0445E+01  3.6972E+01
0000663   2.0063E+02 -2.0489E+02  5.0145E+01
0000664   3.2533E+02 -1.0598E+02 -1.2981E+02
0000665   2.2809E+02  9.9916E+01 -1.4310E+02
0000666   6.8287E+00  4.2080E+01 -1.0337E+02
0000667   3.0504E+02  4.8700E+00 -1.8688E+02
0000668   1.2267E+02 -1.1647E+02 -4.2286E+01
0000669   1.8333E+02 -1.1285E+01  4.4580E+01
0000670   7.0215E+01  2.3709E+02  9.6621E+01
0000671   2.2954E+02  3.6876E+01  1.4560E+02
0000672   2.1345E+02 -2.1261E+01  2.8235E+01
0000673   4.3383E+02  3.9199E+01  6.0298E+00
0000674   8.4001E+01 -1.5760E+02 -1.3417E+02
0000675   4.3270E+02 -1.8612E+02 -1.3373E+02
0000676   2.5582E+02  1.3140E+02 -9.7444E+01
0000677   2.4338E+02 -3.0130E+01 -5.3390E+01
0000678   1.4341E+02  5.5993E+01  2.9055E+01
0000680   8.1031E+01  4.1281E+01  8.9183E+01
0000681   2.2360E+02  7.4052E+01  7.5998E+01
0000682   1.0584E+02  3.5079E+01  2.0816E+00
0000683   1.1059E+02  1.1420E+02 -1.1791E+01
0000684   3.6228E+02 -4.3915E+01  9.6458E-01
0000685   1.3230E+02  1.3303E+02  1.5002E+02
0000686   2.4404E+02  9.5158E+01 -1.7410E+01
0000687   3.5290E+02 -1.1202E+02  3.1594E+01
0000688   3.6395E+02 -1.2720E+02 -7.2668E+01
0000689   3.3756E+02 -1.4594E+02  2.1520E+02
0000690   2.9388E+02  1.8734E+02 -2.9407E+02
0000691   1.2850E+02  1.1882E+01 -2.5330E+01
0000692   2.3800E+02  6.6278E+01 -1.7517E+01
0000693   1.2522E+02 -2.7394E+01  3.0629E+01
0000694   4.4714E+02 -5.0233E+01  6.9558E+01
0000695   2.7456E+02 -6.5367E+01  7.4847E+01
0000696   3.9435E+02  1.7543E+01 -7.8422E+01
0000697   1.4312E+02 -8.8390E+00  1.3910E+02
0000698   2.6096E+02  2.8789E+02 -3.5350E+01
0000699   1.9471E+02  4.8461E+01 -2.0762E+02
0000700   3.8225E+02 -4.3233E+01 -1.1095E+02
0000701   1.4456E+02 -4.7757E+01  1.2343E+02
0000702   2.1767E+02  1.9102E+00 -2.9936E+00
0000703   1.7915E+02  2.9994E+01  3.5848E+01
0000704   9.8174E+01  1.4353E+01 -1.1510E+02
0000705   1.2691E+02  9.2602E+01  3.5646E+00
0000706   4.1435E+01 -9.1442E+01  4.4360E+01
0000707   3.5792E+01  1.2323E+02  1.1840E+02
0000708   2.6074E+02  8.3975E+01 -7.6839E+01
0000709   3.2075E+02  5.2923E+01 -9.4856E+01
0000711   4.5782E+02 -1.2166E+02 -6.8491E+01
0000712   3.1812E+02  7.2400E+01 -1.1729E+02
0000713   2.5066E+02 -9.7213E+01 -8.8308E+01
0000714   2.3752E+02 -5.5638E+01 -7.8148E+01
0000715   1.9169E+02  1.1345E+02 -2.3016E+02
0000716   2.8730E+02  8.6643E+01  4.0140E+01
0000717   2.0379E+02 -1.2941E+02  1.3913E+02
0000718   2.4498E+02 -9.0198E+00  5.7375E+01
0000719   7.3516E+01 -1.9971E+01  5.0209E+01
0000720   2.9852E+02  1.1033E+02  6.3390E+01
0000721   3.4496E+01  1.0936E+02 -1.4195E+02
0000723   5.1359E+01 -1.7132E+02 -1.0769E+02
0000724   6.6151E+01 -1.5978E+02 -4.6586E+01
0000725   2.7824E+02 -4.6706E+01  8.6176E+01
0000726   1.4675E+02  6.1548E+01 -9.6283E+00
0000727   2.3492E+02  8.6279E+01  1.6747E+02
0000728   6.3466E+02 -1.0783E+02 -4.9616E+01
0000729   4.2608E+02 -1.4636E+02  4.0673E+01
0000730   3.7871E+02 -8.8635E+00  2.6749E+01
0000731   3.2387E+02  2.6131E+01 -5.2338E+00
0000732   2.4017E+02  1.7784E+02 -1.6253E+02
0000733   3.8832E+02  3.9493E+01 -2.7423E+01
0000734   4.4487E+02 -2.4229E+00 -2.6910E+01
0000735   6.0492E+01  1.9608E+02 -6.0679E+01
0000736   3.9288E+02  9.0185E+01 -1.0223E+02
0000737   1.4179E+02  4.1009E+01  2.0545E+00
0000738   2.2709E+02 -2.7964E+01  9.7504E+01
0000739   1.9172E+02  1.1891E+02 -2.3624E+02
0000740   1.1637E+02  7.2474E+01 -1.7976E+02
0000741   4.1683E+02 -1.4263E+02 -2.0535E+01
0000742   2.1717E+02  7.4358E+01 -2.5653E+02
0000743   2.8724E+02 -1.4120E+02  3.7196E+01
0000744   5.8143E+01  3.1277E+01  4.6839E+01
0000745   1.3037E+02 -4.5913E+01  1.7801E+01
0000746   1.7425E+02  1.6351E+02  1.7685E+02
0000747   1.4195E+02 -4.8474E+01  3.0177E+01
0000748   1.4399E+02  8.7721E+01 -1.5607E+02
0000749   2.5147E+02  2.6375E+01 -1.8470E+01
0000750   2.7381E+02  8.5507E+01  7.9626E+01
0000751   2.8323E+02  9.3829E+01 -1.3054E+02
0000752   4.7127E+01  3.8620E+01  1.9236E+02
0000753   8.7675E+01 -2.5861E+02 -9.6872E+01
0000754   1.7576E+02 -7.4436E+01 -5.7930E+01
0000755   1.6178E+02  4.8349E+01 -2.7733E+02
0000756   3.2318E+02 -1.5195E+02 -2.0453E+02
0000757   4.1314E+01  1.1625E+02 -8.0496E+01
0000758   1.6716E+02 -4.5349E+01 -1.2636E+02
0000759   2.7659E+01 -4.4868E+01 -1.1480E+02
0000760   1.1503E+02 -6.1639E+01  1.2734E+02
0000761   3.2475E+01  3.9890E+01 -1.9067E+01
0000762   2.1989E+02  5.5863E+01  9.7002E+01
0000763   1.1143E+02 -6.6703E+01 -1.3434E+02
0000764   4.2371E+02 -2.4833E+01  1.6341E+02
0000765   2.0931E+02  3.4396E+01 -2.9524E+01
0000766   1.0694E+02 -1.7276E+01  6.0624E+00
0000767   2.1462E+02  2.1987E+02 -9.3234E+01
0000768   3.0700E+02  1.2216E+02  4.2839E+01
0000769   2.0341E+02 -7.2031E+01  1.5061E+02
0000770   4.1360E+02  6.3097E+01 -3.8605E+01
0000771   1.3568E+02  2.2606E+00 -2.1684E+01
0000773   2.9244E+02  8.1022E+01 -1.3258E+02
0000774   1.3146E+02  5.5694E+01  1.5211E+02
0000775   5.6854E+01 -9.4412E+01 -4.7613E+01
0000777   2.9512E+01 -1.0319E+02  6.3214E+01
0000778   3.3955E+02 -1.3998E+02  6.7201E+01
0000779   1.0472E+02  5.7445E+01  6.0909E+01
0000780   3.1171E+02  1.8714E+02  3.1495E+01
0000781   3.9632E+02  5.3535E+01  9.4991E-01
0000782   1.7106E+02 -8.6075E+01 -2.6021E+01
0000783   1.0100E+02  8.6690E+01 -1.1010E+02
0000784   3.2203E+02 -2.1616E+01  6.6083E+01
0000785   1.8165E+02  1.2413E+02 -8.3632E+01
0000786   3.8926E+02 -1.9005E+02 -3.1069E+01
0000787   1.1448E+01 -1.2503E+02 -1.4822E+02
0000788   3.4767E+02  8.7307E+00  1.0096E+02
0000789   9.7881E+01 -1.6553E+02  4.9402E+00
0000790   2.8740E+02 -1.3313E+00  5.4925E+00
0000791   4.5668E+01  2.0223E+02 -1.7259E+02
0000792   2.6610E+02 -1.1156E+02 -1.1896E+02
0000793   1.4908E+02  5.1411E+01  1.6152E+02
0000794   2.2364E+02 -3.5293E+00 -6.1178E+01
0000795   2.8473E+02 -1.2232E+02  1.0127E+02
0000796   8.8376E+01 -4.4320E+01 -1.0943E+02
0000797   3.0869E+02 -6.2673E+01  5.9088E+01
0000798   1.9262E+02  2.3853E+02  8.8645E+01
0000799   3.0101E+02 -3.7148E+01 -8.5057E+01
0000800   1.3545E+02  6.0474E+01 -1.1594E+02
0000801   6.4572E+01  3.7935E+01 -1.5149E+02
0000802   3.2605E+02 -2.7377E+01  1.4878E+02
0000803   2.4315E+02 -6.3825E+01 -8.0465E+01
0000804   7.5250E+01 -1.8812E+02 -4.4100E+01
0000805   2.7659E+02  5.4759E+01 -5.4985E+01
0000806   4.4285E+02 -6.3341E+01 -2.1143E+02
0000807   1.3060E+02  2.3501E+01 -5.4383E+01
0000808   3.2477E+02  6.5791E+01 -1.7782E+02
0000809   1.5501E+02  1.3873E+02 -1.3537E+01
0000810   3.2207E+02  8.8111E+01  1.1182E+02
0000811   1.9916E+02  1.7936E+02 -1.9754E+02
0000812   3.2407E+02  5.7000E+01  4.3636E+01
0000813   2.4670E+02 -2.4688E+02  1.2298E+02
0000814   4.5596E+01  3.7906E+01 -3.2913E+01
0000815   1.4787E+02  8.5075E+01 -3.5188E+01
0000816   2.5341E+02 -2.1079E+02  7.9835E+01
0000817   3.3801E+02 -9.7757E+01  2.6136E+02
0000818   1.3140E+02  1.5835E+02  1.0371E+02
0000819   3.7877E+01 -1.2564E+02 -7.2507E+00
0000820   4.0748E+02  4.1261E+01 -9.0870E+01
0000821   1.5023E+02  1.2095E+02 -1.6826E+00
0000822   5.6973E+01 -9.3590E+00 -4.9904E+01
0000823   2.3796E+02  1.5090E+02  2.9440E+02
0000824   3.1970E+01  7.8682E+01  3.9499E+01
0000825   4.6670E+01 -1.4447E+02 -1.0993E+02
0000826   5.5332E+02 -1.3123E+02  1.1554E+02
0000827   5.2156E+01  1.3762E+02 -1.0124E+02
0000828   1.4046E+02 -9.5899E+01  5.6428E+01
0000829   1.8443E+02 -1.3185E+02  2.1675E+01
0000830   2.3816E+02  4.5869E+01 -2.4305E+01
0000831   3.2810E+02 -1.3024E+01  1.1270E+01
0000832   6.4826E+01 -4.7884E+01  1.7252E+02
0000833   6.3653E+01 -4.9814E+00 -7.5823E+01
0000834   3.3639E+02  8.0782E+01  9.9661E+01
0000835   1.6576E+02 -1.8816E+02 -2.2702E+02
0000836   1.1374E+02  1.3032E+02  5.3225E+01
0000837   2.4286E+02  7.1681E+01 -8.4773E+00
0000838   2.3971E+02  1.8946E+01 -1.3089E+02
0000839   7.5811E+01 -4.9264E+01  9.8855E+01
0000840   1.4866E+02 -4.8913E+01  7.7281E+01
0000841   1.4136E+02  2.1795E+01  1.5022E+02
0000842   4.4953E+02 -9.6106E+01 -7.0157E+01
0000843   2.2728E+02  4.0288E+01  9.1113E+01
0000844   2.1775E+02  8.6268E+01  6.2562E+01
0000845   2.1893E+02  7.7955E+01  1.0256E+01
0000846   1.5253E+02 -1.5090E+02 -2.4642E+01
0000847   1.4580E+02 -1.0130E+02 -1.0537E+02
0000848   2.0452E+02  6.5102E+01  2.9365E+01
0000849   1.8368E+02 -4.3455E+01 -1.5737E+02
0000850   1.7730E+02 -9.0575E+01 -2.4603E+01
0000851   9.0711E+01  8.6450E+01 -7.6775E+01
0000853   2.4852E+02  3.1400E+01 -1.0594E+01
0000854   2.7639E+02 -7.3609E+01 -1.4082E+02
0000856   7.1890E+01  7.7156E+01 -3.0077E+01
0000857   2.5296E+02  1.0111E+01 -6.6505E+01
0000858   7.2139E+01  1.5333E+01  4.6444E+01
0000859   3.8408E+02 -1.8968E+02 -2.9372E+02
0000860   2.5728E+02  1.3882E+01 -1.9210E+02
0000861   1.1583E+02  2.6874E+01  6.7130E+01
0000862   4.6845E+02  9.5294E+01 -5.5855E+01
0000863   2.2106E+02  9.7327E+01  9.5515E+01
0000864   7.9687E+01 -6.1697E+01 -1.4391E+02
0000865   2.3123E+02 -3.1386E+00  4.7720E+01
0000867   2.1437E+02  2.8325E+02 -3.6292E-01
0000868   2.2798E+02  1.0930E+01  1.3841E+02
0000869   2.6794E+02  1.4371E+02 -2.2937E+02
0000870   2.4330E+02 -2.0922E+01 -5.5668E+01
0000872   1.7051E+02  6.4648E+01 -1.6295E+02
0000873   1.4153E+02 -4.7445E+01  7.6962E+01
0000874   1.7724E+02 -2.5611E+01 -1.4426E+02
0000875   2.8438E+02  8.1826E+01 -3.2301E+01
0000877   2.4166E+02 -1.7493E+02 -6.6001E+01
0000878   5.2747E+02  6.3508E+01 -1.5478E+02
0000879   2.7513E+02 -4.2306E+01  3.4791E+01
0000880   1.7951E+02  1.1678E+02 -6.7470E+01
0000881   2.7988E+02  3.0198E+01  1.7677E+02
0000882   2.2876E+02  1.8341E+01  2.5474E+02
0000883   1.9032E+02 -9.2552E+01  1.6945E+02
0000884   2.2279E+02  6.3529E+01 -8.3084E+01
0000885   3.5174E+02  1.2388E+01 -7.8913E+01
0000886   2.4575E+02  1.3439E+01  6.9828E+01
0000887   6.6017E+01 -9.2404E+01  2.9294E+01
0000888   2.0260E+02  1.3213E+02  8.0424E+01
0000889   4.4012E+01  2.1020E+02 -1.6176E+02
0000890   5.7909E+01 -1.9712E+02 -6.2341E+01
0000891   3.5353E+02  4.3052E+01 -1.0321E+02
0000892   1.8757E+02  8.1213E+01 -1.2472E+01
0000893   8.8970E+01  1.3310E+01  8.6340E+00
0000894   4.6102E+02 -1.4957E+02 -7.6671E+01
0000895   1.8381E+02  9.0168E+01 -7.0292E+01
0000897   2.9183E+02  7.5272E+01  1.3901E+02
0000898   4.4558E+01  8.2470E+01 -8.3644E+01
0000899   1.5338E+02 -1.2737E+02  9.0657E+01
0000900   3.5122E+02  3.3168E+01  8.6914E+01
0000901   2.9336E+02 -1.6425E+01 -4.6303E-01
0000902   3.4345E+02 -2.0461E+02  1.7196E+02
0000903   2.8108E+01  5.1891E+01  9.6417E+01
0000904   2.6801E+02 -5.8242E+01  4.8207E+01
0000905   2.1134E+02 -1.8197E+02 -1.9950E+02
0000906   1.8718E+02  1.2318E+02  1.8325E+01
0000907   7.0533E+01 -1.3900E+02  2.6586E+00
0000908   2.2724E+02  2.4400E+01 -3.6622E+01
0000909   1.3615E+02  9.1591E+01  4.7626E+01
0000910   2.7196E+02 -1.2086E+02  1.9214E+02
0000911   2.7662E+02  4.5405E+01 -4.0391E+01
0000912   1.8138E+02 -2.0269E+02 -9.1568E+01
0000913   1.6688E+02  4.8367E+01  1.7516E+02
0000914   2.5633E+02  5.2506E+01  1.2567E+02
0000915   2.8613E+02  2.4126E+02 -1.9543E+02
0000916   1.6134E+02 -5.5372E+01  4.7459E+01
0000917   3.4187E+01  8.2558E+00 -2.9364E+01
0000918   1.6944E+02 -2.6421E+02 -4.6146E+01
0000919   2.4514E+02  1.6103E+02  1.6374E+02
0000920   2.6769E+02 -5.4845E+01  1.8275E+02
0000921   6.0457E+01  8.1348E+01  2.8563E+01
0000922   2.2258E+02 -6.4842E+01 -4.4991E+01
0000923   2.7049E+02 -7.6106E+01  1.5877E+02
0000924   2.8247E+02  2.7975E+02  1.5863E+02
0000925   2.3920E+02 -1.1257E+02  6.6161E+01
0000926   6.5528E+00 -6.4851E+01 -7.5047E+01
0000927   2.1593E+02 -3.3248E+01 -4.2162E+01
0000928   2.3503E+02 -8.9819E+01 -9.1286E+01
0000929   3.9844E+02 -1.7398E+02  6.7682E+01
0000930   1.9632E+02 -2.9881E+01  1.2381E+02
0000931   2.1022E+02 -9.4024E+01 -1.6358E+02
0000933   1.4158E+02 -7.9857E+01 -1.7607E+02
0000934   2.1715E+02 -1.2995E+02  1.2708E+01
0000935   1.3068E+02 -9.5410E+01  2.9618E+01
0000936   4.6474E+02 -2.8225E+01 -1.1541E+02
0000937   1.3788E+02 -4.6768E+01 -6.4900E+00
0000938   1.2719E+02  3.6280E+02 -1.3382E+02
0000939   2.9133E+02 -1.2890E+02  2.2166E+01
0000940   1.8256E+02 -1.3456E+02 -2.4909E+02
0000941   2.6222E+02  2.7701E+02 -1.3499E+02
0000942   8.3532E+01 -4.5941E+01  5.3386E+01
0000943   1.6469E+02 -2.2575E+02 -5.8154E+01
0000944   1.1375E+02  4.0783E+01 -3.0140E+01
0000945   3.6444E+02 -1.7087E+01  9.1326E+01
0000946   3.6662E+02 -6.1107E+01 -4.6972E+01
0000947   5.7009E+01  1.1651E+02 -1.7760E+01
0000948   2.7880E+02  2.2562E+02  3.1702E+01
0000949   9.9248E+01  1.1426E+02 -2.6530E+02
0000950   4.9007E+02 -1.5903E+02 -3.0738E+01
0000951   2.8616E+02 -6.5998E+01 -4.4559E+00
0000952   2.4075E+02  4.2025E+01  3.6046E+01
0000953   1.7588E+02  2.9483E+00  7.1578E+01
0000954   9.8522E+01 -4.5762E+01  2.2537E+02
0000955   4.1619E+02  8.3000E+01  7.0224E+01
0000956   2.5121E+02  1.3900E+02 -7.2402E+01
0000957   9.6791E+01 -3.6164E+00  1.3471E+02
0000958   9.5194E+01  7.0562E+01  6.5355E+01
0000959   1.9648E+02 -1.3248E+02 -4.2012E+00
0000960   3.1497E+02  7.3630E+01 -1.4269E+02
0000962   7.7454E+01  2.4575E+01 -1.6808E+02
0000963   1.6470E+02  7.9701E+01  3.8521E+01
0000964   1.0259E+02  1.8564E+02  4.1754E+01
0000965   1.5910E+02 -9.9390E+01 -1.0408E+02
0000966   1.6107E+02  7.2733E+01  3.6588E+01
0000967   4.7907E+01 -1.4470E+02 -2.5396E+01
0000968   5.0735E+01 -2.3087E+01 -4.1222E+01
0000969   2.8954E+02  8.6739E+01  7.8025E+01
0000970   3.1025E+02  1.6191E+01 -3.9780E+01
0000971   9.2793E+01  4.1185E+00 -9.6679E+01
0000972   9.5082E+00  3.9471E+01  1.8917E+02
0000973   1.0205E+02  8.4284E+01  4.5314E+01
0000974   8.5235E+01 -3.3105E+01 -1.2768E+01
0000975   1.5703E+02  6.8641E+01  3.9791E+01
0000977   1.6354E+02 -1.1022E+01  6.2785E+01
0000978   1.0076E+02 -1.2520E+02 -7.3501E+01
0000979   1.5462E+02  5.4446E+01 -1.0030E+02
0000980   4.1340E+01  6.4942E+01  5.4168E+01
0000981   3.1594E+02  9.8755E+01 -5.0942E+01
0000982   2.6084E+02  6.7668E+01 -4.6358E+01
0000983   1.2964E+02 -9.3333E+01  1.1461E+02
0000984   4.6776E+01 -2.2860E+01  2.3524E+01
0000985   8.4020E+00  1.4173E+02 -1.0827E+01
0000986   3.1915E+02  1.0609E+02  8.8684E+01
0000987   1.9573E+02 -7.1380E+01 -9.4088E+01
0000988   2.7515E+02  6.0307E+01  1.0660E+02
0000989   2.1267E+01 -5.8582E+01 -1.4038E+01
0000990   3.1759E+02  6.5452E+01 -4.8877E+01
0000991   2.2824E+02 -1.0849E+02 -3.7356E+01
0000992   3.3236E+02 -2.3685E+02 -4.9111E+01
0000993   3.3569E+02 -1.4851E+01 -6.0625E+01
0000994   1.3564E+02 -2.0336E+02 -1.8825E+02
0000995   2.6919E+02 -8.6977E+01  1.6087E+02
0000996   3.6023E+02 -1.1968E+02 -1.3369E+02
0000997   2.7089E+02  1.5376E+02  1.1681E+02
0000998   2.6504E+02 -6.1373E+01 -1.7554E+02
0000999   1.4490E+02  2.4435E+02 -1.6825E+02
0001000   2.9361E+02 -7.6009E+00  4.6428E+01
