============================== SRIM-2013.00 ==============================
==============================================================================
====== SRIM Outputs\RANGE_3D.txt : File of Final Ion Positions =====

Ion =  F (09)   Ion Mass= 018.9984
Energy  = 2000000.E-05 keV
Ion Angle to Surface = 00.0 degrees
==================== TARGET =======================
  Layer # 1 - None
  Layer # 1 - Bottom Depth=500000.E-01 A
  Layer # 1 - Density =0007.8700 g/cm3
  Layer # 1 -  100 % of Fe
様様様様様様様様様様様様様様様様様様様様様様様様様様
                                            
Ion       Depth  X   Lateral Y   Lateral Z  
Number    (Angstrom) (Angstrom)  (Angstrom) 
-------  ----------- ----------- -----------
0000001   2.6324E+02  1.7468E+02  1.4349E+02
0000002   2.2483E+02 -8.1547E+01  5.2486E+01
0000003   2.9494E+02  6.4408E+01  7.8985E+01
0000004   2.0912E+02 -2.7497E+02 -1.1493E+02
0000005   1.3234E+02  8.6279E+01 -1.3240E+01
0000006   3.4781E+02 -1.0226E+02 -6.4329E+01
0000007   3.9780E+02 -1.0063E+02 -3.9118E+01
0000008   4.1018E+02 -9.2786E+01 -3.3968E+01
0000009   1.7994E+02  2.3341E+01 -5.3501E+01
0000010   1.9994E+02 -2.0124E+02 -8.2253E+01
0000011   9.5576E+01 -1.1676E+01 -3.0537E+01
0000012   2.3380E+02 -2.2348E+01 -1.0202E+02
0000014   1.4623E+02  1.0766E+02 -4.1136E+01
0000015   1.9495E+02 -8.4193E+01  1.6511E+01
0000017   1.6529E+02  4.0160E+01  3.6852E+01
0000018   5.1853E+01  2.2224E+02 -1.5596E+02
0000019   3.9223E+02  1.8846E+02 -5.6585E+01
0000020   5.0774E+01 -1.4006E+02  7.3075E+01
0000021   1.3793E+02  7.0012E+01 -1.4417E+02
0000022   6.9934E+01 -1.9553E+02 -3.0130E+02
0000023   3.7532E+02  1.7752E+02 -7.2691E+01
0000024   9.2729E+01 -1.2316E+02  1.5841E+02
0000025   1.9121E+02  4.2313E+01 -5.4396E+01
0000026   3.0116E+02  1.4859E+02  1.3492E+02
0000028   1.8394E+02 -1.6148E+02 -1.3464E+01
0000029   5.9282E+02 -7.8421E+01 -1.1650E+01
0000030   2.8251E+02  2.3997E+02 -2.0489E+01
0000031   3.6497E+02 -9.7380E+01  3.5584E+02
0000032   4.1029E+02 -1.8357E+01 -2.1573E+01
0000034   8.1061E+01 -2.2507E+01  1.3349E-01
0000035   2.3698E+02  4.3430E+01  2.1336E+02
0000036   1.6894E+02 -1.7707E+02 -6.9979E+01
0000037   1.7581E+02 -6.0203E+01 -5.5009E+01
0000038   1.7136E+02 -5.1634E+01 -3.0222E+02
0000039   1.4739E+02 -1.2710E+02 -1.7413E+02
0000040   3.1271E+02 -1.2640E+02  1.2681E+02
0000041   3.3250E+02 -6.4142E+01 -4.7897E+01
0000042   2.8258E+02  1.0605E+02  5.6441E+01
0000043   1.7280E+02 -3.1037E+01 -1.2182E+02
0000045   3.7602E+02  3.1338E+01 -9.6885E+01
0000046   4.2606E+02 -1.8976E+02  1.0180E+02
0000047   2.3342E+02  1.9561E+01 -3.9423E+00
0000048   2.2429E+02  1.2428E+01 -1.3779E+02
0000049   5.1470E+01 -1.8996E+01 -3.0112E+02
0000050   1.4344E+02 -7.8298E+01 -2.7033E+02
0000051   3.2830E+02  1.4719E+02  7.7170E+01
0000052   2.1626E+02  6.0853E+01 -3.0393E+01
0000054   1.8255E+02  7.3108E+01  2.3751E+02
0000055   1.6411E+02  1.4801E+02  1.2018E+02
0000056   8.3528E+01  7.8046E+01  2.0408E+02
0000057   2.3401E+02  1.8131E+02 -7.3163E+01
0000058   1.4719E+02  1.4705E+02 -1.3578E+01
0000059   2.2699E+02  6.6209E+01 -1.2375E+02
0000061   3.5603E+02  6.8164E+01 -8.5512E+01
0000062   1.1513E+02 -6.7613E+01  2.6256E+01
0000063   3.1899E+02  6.9343E+01  3.0227E+02
0000064   2.2831E+02 -5.8116E+01 -2.8595E+01
0000065   2.0008E+02 -1.2386E+02 -2.0456E+01
0000066   2.4076E+02 -4.1088E+01  1.0740E+02
0000067   3.9422E+01  5.4307E+01  3.0462E+01
0000068   2.7702E+02 -7.0872E+00 -2.0215E+02
0000069   7.8617E+01 -1.6178E+01  4.0351E+01
0000070   4.3366E+01 -2.7867E-01 -1.4149E+01
0000071   3.6396E+02  7.6774E+01  7.4717E+01
0000072   1.2327E+02 -2.9482E+01  3.8604E+01
0000073   1.7144E+02 -6.7407E+01  1.9274E+02
0000074   2.7613E+02  8.1016E+01  2.4948E+02
0000075   1.4515E+02  6.6253E+01 -3.3465E+01
0000076   1.1654E+02 -8.6837E+01  2.7937E+01
0000077   7.7694E+01  1.7096E+02 -3.0828E+01
0000078   2.6843E+02  4.8802E+01  2.6798E+01
0000080   2.5312E+02 -1.5894E+02  7.3913E+01
0000081   3.2905E+02  5.9953E+00  6.6538E+01
0000083   3.4584E+02 -3.1120E+01  4.4026E+01
0000084   2.5634E+02 -1.9970E+01 -9.5963E+01
0000085   2.0018E+02 -1.0876E+02 -8.4414E+01
0000086   1.3956E+02  1.1324E+02 -7.3781E+01
0000087   4.2253E+02 -5.0629E+01 -3.9908E+01
0000088   2.2885E+02 -1.5853E+00  1.0355E+02
0000089   1.2033E+02  7.5950E+01  2.5942E+02
0000090   1.1962E+01 -2.0959E+02 -2.2718E+02
0000091   2.3815E+02  6.3032E+01 -1.8338E+01
0000093   1.8930E+02 -2.0663E+01  8.9562E+01
0000094   1.9810E+02  5.6669E+00 -1.3176E+02
0000095   3.6425E+02  1.6138E+01  1.4766E+02
0000096   3.7378E+02 -7.8376E+01 -1.6777E+02
0000097   1.8159E+02  1.5808E+01 -2.7169E+02
0000098   3.0397E+02  1.0949E+01  3.8470E+01
0000099   1.7313E+02  2.2598E+01  6.7851E+01
0000101   9.9174E+01 -1.3623E+01 -1.4561E+02
0000102   4.8544E+02  9.0750E+01  3.0354E+01
0000103   2.9251E+02 -9.2146E+00  2.6437E+01
0000104   2.3191E+02 -7.9902E+01  5.2549E+00
0000105   1.2224E+02  5.1893E+01 -9.2581E+01
0000106   1.0643E+02 -9.5766E+01  1.0987E+02
0000107   2.5734E+02  9.2509E+00 -7.4503E+01
0000108   7.0504E+01 -1.9573E+02  1.1692E+02
0000109   3.7158E+02 -2.2127E+00 -6.5906E+01
0000110   1.4972E+02  7.9967E+01  2.8834E+01
0000111   4.6372E+02  2.7860E+01  1.4628E+02
0000112   2.2577E+02 -3.4492E+01 -1.5284E+02
0000113   3.7054E+02  5.2300E+01 -5.9019E+00
0000114   4.3234E+01 -7.1631E+01  6.4947E+01
0000115   1.4456E+02  1.6697E+01  2.4240E+00
0000116   7.0221E+01  3.2791E+01  1.3462E+02
0000117   1.7336E+01 -3.9278E+01  1.8622E+02
0000118   1.1646E+02 -7.5884E+01 -1.5837E+02
0000119   1.2018E+02 -7.0525E+01 -1.0622E+02
0000120   3.6072E+02  9.4481E+00 -1.7812E+01
0000121   9.9278E+00  2.3159E+01  6.5424E+01
0000122   2.2980E+02 -4.8375E+01 -1.5837E+02
0000123   2.3186E+02 -1.2816E+02 -4.9935E+01
0000124   4.8389E+02 -7.4361E+01  4.2108E+01
0000125   2.6757E+02 -1.5940E+02 -3.5454E+02
0000126   4.0898E+02 -3.3240E+01  1.5590E+02
0000127   1.3102E+02 -1.5416E+01 -4.2772E+01
0000129   6.2540E+01 -9.0155E+01  1.8584E+02
0000131   4.3558E+02  1.7110E+02 -1.1467E+02
0000132   1.8564E+02 -1.2438E+02 -2.2599E+02
0000133   1.3130E+02 -7.5331E+01 -7.4779E+01
0000134   1.9373E+02 -8.6934E+01 -3.6313E+01
0000135   1.0067E+02  1.9704E+02  6.0484E+01
0000136   2.9640E+02  6.3438E+01  1.4433E+02
0000138   4.6337E+01 -5.4498E+01  2.7005E+02
0000139   1.1150E+02  9.4174E+01  1.5597E+02
0000140   2.7392E+02  4.9811E+01  8.3848E+01
0000141   5.4720E+01 -1.7893E+02  8.3920E+00
0000142   1.1308E+02  1.7839E+02 -8.9418E+01
0000143   8.6394E+01 -1.7829E+02  1.8023E+02
0000145   2.4927E+02 -1.1803E+02 -2.4438E+02
0000146   2.5260E+02 -1.3544E+01 -9.9854E+01
0000147   1.1591E+02  5.3377E+01 -1.9524E+02
0000148   1.4058E+02  1.4951E+01  2.2842E+02
0000149   2.9135E+02  1.5092E+02 -1.4965E+02
0000150   1.6302E+02 -7.4227E+01  2.3312E+02
0000152   4.0376E+02  2.6266E+02  7.3317E+01
0000153   1.5968E+02 -7.2807E+01 -2.9554E+02
0000154   7.0353E+01  4.2350E+01 -9.3777E+01
0000155   1.4884E+02 -2.8511E+02 -2.7111E+02
0000156   2.6396E+01  2.0502E+01 -1.8987E+02
0000157   2.1900E+02  1.1468E+02 -9.0045E+01
0000159   3.3846E+02 -4.9021E+01 -1.7966E+02
0000160   2.4556E+02 -2.1075E+01  2.2392E+02
0000161   3.3144E+02  1.3173E+02  7.8869E+01
0000162   3.5283E+02 -1.6993E+02 -3.9626E+02
0000163   2.2789E+02 -1.1034E+02  1.1416E+02
0000164   3.0033E+01  4.3048E+01 -4.2478E+01
0000165   1.3687E+02  1.2778E+02  1.8694E+02
0000166   2.8327E+02 -8.5159E+01  6.9010E+01
0000167   1.2390E+02  1.8217E+01 -3.1527E+01
0000168   1.2813E+02 -1.9532E+01  7.3547E+00
0000169   1.5568E+02  4.1912E+01  1.8876E+02
0000170   1.4349E+02  6.1443E+00  6.6512E+01
0000171   2.3759E+02  1.9129E+02  2.6490E+01
0000172   1.5159E+02  2.5392E+02 -6.1911E+01
0000173   2.9704E+02  7.2090E+01  5.1404E+01
0000174   8.9101E+01 -4.9680E+01 -1.6392E+02
0000175   1.5521E+02  3.1890E+02  2.7310E+02
0000176   3.4754E+02  1.2438E+02 -2.8306E+01
0000177   1.5385E+02  1.6957E+02 -1.0336E+02
0000178   1.8391E+02 -1.4293E+02  5.6234E+01
0000179   4.3274E+02 -4.4119E+01  8.6676E+01
0000180   4.1121E+02  1.3405E+02 -9.0857E+00
0000181   1.2770E+02 -4.1005E+01  1.3478E+02
0000182   2.7301E+02  4.5135E+01  1.9928E+02
0000183   4.6287E+02 -1.2896E+02  8.1954E+01
0000184   2.7464E+02 -2.5140E+01  2.0132E+02
0000186   4.8833E+02 -1.2039E+02 -1.9545E+01
0000187   2.2423E+02 -6.0505E+01  2.5491E+01
0000188   1.0416E+02  2.5572E+02 -3.8495E+01
0000189   2.3573E+02 -1.9720E+02 -3.7213E+01
0000190   2.9940E+02  1.2566E+02  2.0102E+02
0000191   1.1251E+02  1.7936E+02 -2.3522E+02
0000192   2.0843E+02 -4.4614E+01  1.5448E+02
0000193   1.8623E+02 -3.4503E+02  1.4129E+02
0000195   2.5124E+02 -3.6474E+02 -2.8712E+01
0000196   8.4328E+01  2.4248E+01  1.0782E+02
0000197   1.4345E+02  8.8274E+01 -1.0957E+02
0000198   2.8767E+02  2.1267E+02 -2.5582E+01
0000199   2.3672E+02  1.2093E+02  6.2319E+01
0000200   1.2047E+02 -2.0798E+02 -1.5338E+02
0000201   1.7221E+02 -8.9709E+01  2.3837E+02
0000202   3.1624E+02  5.2185E+01  8.1390E+01
0000203   2.4072E+02  1.2898E+02  1.7988E+02
0000204   9.7579E+01 -7.2579E+01  9.0011E+01
0000205   2.6295E+01 -8.0270E+01  1.7770E+02
0000206   1.9014E+02 -3.6195E+01  5.4328E+01
0000207   2.5151E+02  1.0990E+01  4.5543E+01
0000208   1.2545E+02 -3.8137E+01  4.1549E+01
0000209   3.3312E+01 -7.5200E+00  7.4491E+00
0000210   9.8946E+01  8.2409E+01  3.4824E+01
0000211   9.5474E+01 -2.3175E+01  3.4913E+01
0000212   2.7093E+02 -1.7454E+01 -5.7241E+01
0000213   3.0333E+02 -2.7954E+01  5.3216E+01
0000214   7.0752E+01 -3.6416E+02  2.2091E+02
0000215   2.3725E+02 -1.2082E+02  1.4235E+02
0000216   2.6189E+02  3.9668E+01 -4.0419E+01
0000217   2.8972E+02 -1.7915E+01  7.2801E+01
0000218   3.4593E+02 -1.2643E+02 -3.6734E+01
0000219   3.5913E+02  1.3454E+02 -1.1510E+02
0000220   2.0460E+02 -1.2373E+02 -3.1768E+02
0000221   2.2745E+02  1.5439E+02 -6.1224E+00
0000222   2.0348E+02  7.4229E+00  1.0362E+02
0000223   2.0900E+02  1.9675E+02 -9.1000E+01
0000224   3.5538E+02  7.9759E+01 -2.1951E+02
0000225   1.3318E+02  7.1200E+01 -2.2037E+02
0000226   2.3941E+02 -7.4685E+01 -2.3516E+02
0000227   2.6500E+02  5.7947E+00  5.1181E+01
0000228   8.3218E+01 -1.0507E+02 -1.4598E+02
0000229   2.0427E+02  9.5471E-01  3.3058E+01
0000230   1.1781E+02  6.0220E+01  3.9093E+01
0000231   2.7872E+02  3.0255E+01 -3.9224E+02
0000232   7.9971E+01  9.9828E+01 -8.6903E+01
0000233   5.9500E+01 -2.0216E+02  1.0757E+02
0000234   2.3892E+02 -9.6111E+01 -1.6053E+01
0000235   1.3099E+02 -7.6052E+01  2.0499E+02
0000236   2.2834E+02 -2.6020E+01  6.3458E+01
0000237   6.9006E+01 -5.1484E+01  1.3963E+01
0000238   9.8520E+01  8.8556E+01  1.2740E+02
0000239   2.4115E+02 -5.1382E+01  4.0004E+02
0000240   1.1625E+02 -4.7276E+01 -3.4601E+01
0000241   2.3327E+02  1.2515E+01  8.1580E+01
0000243   1.1189E+02 -1.3561E+02  6.1251E+01
0000244   3.2038E+02 -2.3207E+02  1.5908E+01
0000245   3.3486E+02  1.0523E+02  4.1081E+01
0000247   3.4207E+02 -2.3525E+02 -7.4605E+01
0000248   3.8044E+02 -9.0832E+01  5.6930E+01
0000249   1.7703E+02  1.7694E+02 -7.3057E+01
0000250   2.3755E+01  5.3339E+01  4.7956E+01
0000251   3.3963E+01  2.4615E+01  6.5649E+01
0000252   1.9816E+01  3.9717E+01 -1.9594E+02
0000253   2.3900E+02  1.9812E+02 -2.9543E+02
0000254   3.0518E+02 -1.1706E+02  1.1767E+02
0000255   1.4669E+02  1.4319E+01  1.5007E+02
0000256   1.6662E+02  3.3102E+01 -1.0829E+02
0000257   3.6775E+02  4.4182E+01 -2.4126E+01
0000258   2.4704E+02  1.0498E+01  1.2949E+02
0000260   3.7373E+02  1.5567E+02 -8.3994E+01
0000261   1.8946E+02 -2.3452E+01  8.8970E+00
0000262   1.1277E+02 -1.1505E+02  8.7847E-01
0000263   1.2686E+02 -1.0831E+01  6.5646E+01
0000264   4.8078E+02 -1.5465E+02  5.3113E+00
0000265   1.6005E+02 -2.3770E-01 -1.2794E+01
0000266   1.2770E+02 -6.5092E+01 -1.4215E+02
0000267   2.1682E+02  6.3643E+01  3.1654E+01
0000268   1.6454E+02  1.2935E+02  3.4559E+01
0000269   2.6383E+02 -4.6803E+01  2.3662E+02
0000270   2.2981E+02 -1.4887E+02 -8.9664E+01
0000271   1.2353E+02  9.2855E+01  1.2977E+01
0000272   2.2374E+02 -1.1466E+02  1.4194E+02
0000273   3.6680E+02 -2.7620E+01 -8.5062E+01
0000274   2.2000E+02  4.4404E+01  2.0377E+02
0000275   1.2531E+02  8.7561E+01  5.1620E-01
0000276   2.9230E+02 -1.5206E+02 -2.3432E+02
0000277   2.0189E+02  4.3925E+01  1.0121E+02
0000278   2.7948E+02  1.4691E+02 -1.5807E+02
0000279   2.2250E+02  3.3565E+00 -1.1210E+02
0000281   1.5667E+02 -1.6168E+02 -5.3721E+01
0000282   1.4012E+02  1.4116E+02 -2.8510E+02
0000283   1.6086E+02  2.3160E+02  1.7839E+02
0000284   1.6810E+02  1.1351E+02  1.4619E+02
0000285   1.1752E+02 -1.3312E+01  2.3460E+02
0000286   6.7686E+01  1.9564E+01 -3.3589E+01
0000287   2.8681E+02  1.4575E+02  2.6533E+02
0000288   1.4467E+02  2.9013E+00  2.2233E+02
0000289   1.7998E+02  9.9691E+00 -2.9411E+01
0000290   4.0444E+02 -3.0525E+01  3.4746E+01
0000291   2.4978E+02  2.3570E+02 -1.6784E+02
0000292   4.5581E+01 -2.1951E+02  7.2702E+01
0000293   2.8828E+02  8.7498E+01  3.8658E+01
0000294   1.4759E+02 -1.9028E+02 -1.2146E+02
0000296   3.0222E+02  4.0004E+01  5.1065E+01
0000297   3.5824E+02  3.2538E+01  1.9049E+02
0000298   3.7452E+01  2.4818E+02  1.3528E+02
0000300   3.3456E+02  1.4612E+02  4.3930E+01
0000301   1.5372E+02  1.4977E+01 -1.3609E+01
0000302   1.5984E+02  2.8248E+01  4.3007E+01
0000303   1.8647E+02 -8.3234E+01  3.1680E+01
0000304   8.0117E+01 -5.5793E+01  4.9771E+01
0000306   3.3248E+02  2.0826E+02  1.6620E+01
0000307   3.6880E+02  3.9117E+01 -1.6239E+02
0000308   9.1756E+01  1.8965E+02  1.8013E+02
0000309   5.1469E+02  1.3868E+01 -5.5847E+01
0000310   2.7462E+02  1.5891E+02  1.0408E+02
0000311   1.3438E+02 -3.8439E+01 -5.0473E+00
0000312   8.1877E+01  1.6947E+02  2.2369E+02
0000313   2.1318E+02 -6.5823E-01 -2.2220E+02
0000314   1.3791E+02  1.3785E+02  1.0417E+01
0000315   8.5865E+01  1.2436E+01  2.1422E+02
0000316   1.6132E+02  2.4612E+02 -1.2015E+02
0000317   4.2377E+01  3.0587E+01  1.5455E+01
0000318   1.3041E+02  1.5539E+01 -6.2377E+01
0000319   4.0040E+02 -1.5225E+02  5.4204E+01
0000320   2.0021E+02  9.3032E+01  1.8345E+01
0000321   1.1730E+02 -4.5682E+01  8.2533E+01
0000322   2.4352E+02 -4.7343E+01 -1.0312E+02
0000323   2.2233E+02  8.8779E+01  2.7463E+01
0000324   2.9071E+02  1.8757E+02  1.5760E+02
0000325   1.4055E+02 -1.2945E+02 -6.3803E+01
0000326   2.5618E+02 -3.8843E+01  1.0900E+02
0000327   1.4070E+02  1.8864E+01  1.9059E+02
0000328   3.1092E+02  1.3986E+02 -2.5193E-01
0000329   3.0362E+02  1.8695E+02  1.5461E+02
0000330   5.0921E+02  3.0546E+02  2.1836E+02
0000331   3.4749E+02  8.3340E+01  1.1145E+01
0000332   9.2237E+01 -6.9839E+01  7.8521E+01
0000334   2.1672E+02  2.8028E+00 -1.1677E+02
0000335   2.1086E+02 -1.4154E+02  1.1447E+00
0000336   3.2473E+02  1.0687E+02 -3.6537E+01
0000338   1.2708E+02 -1.0230E+01 -1.7108E+02
0000339   2.1748E+02 -1.1815E+02 -1.3520E+02
0000340   8.2673E+01  3.4026E+01  2.5942E+01
0000341   2.9491E+02 -5.8541E+01  5.4621E+01
0000343   1.0900E+02  4.4779E+01 -2.3282E+01
0000344   2.7992E+01  1.5717E+02 -2.5279E+02
0000345   1.6938E+02 -6.2748E+01 -1.2057E+02
0000346   2.5227E+02 -2.0335E+02 -1.9222E+02
0000347   2.3791E+02  1.9160E+02 -6.5634E+01
0000348   7.7396E+01  1.9241E+02  1.2607E+02
0000349   4.1772E+02  1.0678E+02 -1.8591E+02
0000350   1.6236E+01  7.4641E+01  4.5034E+01
0000352   2.4644E+02 -1.7903E+02 -5.3678E+00
0000353   6.4385E+01  8.1865E+01 -4.4375E+01
0000354   4.9687E+01 -2.3451E+02  9.7468E+01
0000355   2.6006E+02 -6.1732E+01 -1.0008E+02
0000356   1.0085E+02 -2.0151E+01  2.1615E+01
0000357   1.3640E+02 -1.9013E+02  1.6641E+02
0000358   6.3909E+01 -7.8753E+01 -2.1573E+02
0000359   1.1952E+02 -8.9868E+01 -7.2549E+00
0000360   9.3251E+01  1.3908E+02 -9.6926E+01
0000361   6.2179E+01 -8.8116E+01 -2.9344E+01
0000362   2.1952E+02  1.4933E+02 -5.0910E+01
0000363   2.3374E+02  1.2223E+02  2.3988E+01
0000364   3.5967E+02 -3.1947E+01 -5.7685E+01
0000365   1.0758E+02  3.3917E+01  8.6594E+01
0000366   1.8735E+02 -1.1084E+02  5.8434E+01
0000367   2.8716E+02 -1.5989E+02 -8.0314E+01
0000368   3.2131E+02  4.2459E+01 -1.3335E+01
0000369   3.1043E+02 -9.1357E+01  1.0260E+02
0000370   2.1489E+02 -2.4446E+02 -2.9812E+01
0000371   1.1554E+02 -1.0808E+02  1.0274E+02
0000372   1.0593E+02  1.1935E+02 -6.1793E+00
0000373   1.0781E+02 -2.0878E+01  1.1751E+02
0000374   1.0251E+02  1.3230E+02  1.0446E+02
0000375   2.3917E+02 -7.3179E+00 -7.5432E+00
0000376   4.2817E+01  2.8853E+02 -1.4061E+02
0000377   9.1127E+01  9.4429E+01  2.0216E+01
0000378   2.2001E+02 -1.9828E+01  5.3410E+01
0000379   1.7316E+01  7.4782E+01 -7.8391E+01
0000380   2.7322E+02 -5.2339E+01 -1.1892E+02
0000381   2.9096E+01 -1.7566E+01 -6.6382E+00
0000382   3.9429E+02  1.3509E+01  1.4366E+02
0000384   1.4115E+02 -6.1251E+01  2.6596E+02
0000385   2.5640E+02 -1.4383E+02  1.8492E+01
0000386   1.8120E+02 -8.8767E+01  1.0334E+01
0000387   2.7317E+01  9.0078E+01 -2.4157E+01
0000389   2.5343E+02 -1.1592E+02  6.9537E+01
0000390   3.1366E+01  7.4772E+01 -4.7339E+01
0000391   2.0195E+02  2.1195E+00 -6.5909E+01
0000392   2.6422E+02  1.1197E+02 -3.6294E+01
0000393   2.1406E+02 -1.3741E+02 -2.0865E+02
0000394   2.2807E+02 -1.7592E+02 -1.3252E+02
0000395   2.4955E+02  1.2552E+02 -8.9405E+01
0000396   5.7330E+01  5.0759E+01  1.6467E+00
0000397   8.9307E+01  3.0181E+01  4.4481E+01
0000398   2.0734E+02 -4.4180E+01 -3.8492E+01
0000399   3.2569E+02  4.0298E+01 -1.5802E+01
0000400   8.8063E+01  1.8696E+01  4.3267E+01
0000401   2.9189E+02  9.2386E+01  1.4540E+02
0000402   4.2824E+02  1.1056E+02  5.9091E+01
0000403   3.0848E+02  1.3054E+02  1.5702E+02
0000404   4.5862E+01  6.8551E+01 -1.0546E+02
0000405   3.4025E+02  1.9819E+01  2.0734E+02
0000406   1.3616E+02 -2.0676E+01  1.7356E+02
0000408   2.2805E+02 -1.0548E+02  7.6235E+01
0000409   1.7180E+02 -3.3325E+01 -4.0229E+01
0000410   6.3013E+01 -2.2476E+02 -1.6072E+02
0000411   3.6572E+02  9.8068E+01  2.2790E+01
0000412   1.3875E+02  3.9961E+00 -7.7690E+01
0000413   2.6651E+02 -3.6934E+02 -1.3938E+02
0000414   1.1880E+02  1.8128E+02  1.8787E+02
0000415   9.8057E+01  1.7757E+02  1.6505E+02
0000417   1.3111E+02 -1.7159E+01  2.0236E+02
0000418   1.5574E+02  1.6565E+02 -5.9052E+01
0000419   8.0548E+01 -2.2777E+02 -6.9740E+01
0000420   1.7183E+02 -5.9025E+01 -1.4149E+02
0000421   1.3844E+02 -5.5498E+01 -1.3843E+02
0000422   3.4425E+02  2.4710E+00 -2.1527E+02
0000423   2.1471E+02  4.4523E+01 -2.1282E+01
0000424   1.8942E+02 -7.2272E-01  2.5361E+00
0000425   1.6367E+02  4.5652E+01 -2.5383E+02
0000426   2.2012E+02  7.2337E+01  4.7489E-01
0000427   2.6150E+02 -1.2251E+02  9.6775E+01
0000428   2.8432E+02 -8.2512E+01 -8.8443E+01
0000429   1.0114E+02  2.3554E+00 -2.3729E+02
0000430   3.3983E+02 -1.4942E+02  1.3407E+01
0000431   3.5075E+02 -4.7291E+01  3.1197E+01
0000432   3.8504E+02 -7.7187E+00  2.4478E+01
0000433   1.7875E+02  4.7682E+01  2.9300E+01
0000434   1.5956E+02 -2.9814E+01  8.5254E+01
0000435   1.8122E+02  1.2350E+02  2.0427E+02
0000436   2.4190E+02  3.0062E+01 -1.7585E+01
0000437   2.9790E+02 -8.9344E+01 -1.4506E+02
0000438   1.3425E+02  8.6977E+01 -2.1919E+01
0000439   2.0292E+02  6.3519E+01  7.8987E+00
0000440   3.5764E+02 -2.3317E+02 -1.1087E+02
0000441   3.6292E+02  2.6592E+02 -1.4252E+02
0000442   3.2504E+02 -1.9403E+01 -2.0875E+01
0000444   1.7744E+02 -3.7381E+01 -4.7695E+01
0000445   5.4675E+01 -8.8167E+01 -8.3683E+01
0000446   1.1044E+02 -4.6024E+01 -4.6349E+01
0000447   6.0522E+01  2.6077E+01  2.3862E+01
0000448   3.9005E+02  5.3058E+01 -2.0214E+02
0000449   2.4501E+02  2.2784E+01  2.7146E+01
0000450   3.3692E+02  9.5231E+01 -6.4423E+01
0000451   1.4150E+02 -1.2632E+02 -1.6230E+02
0000452   4.9063E+01 -1.1438E+02  3.5050E+02
0000453   1.9850E+02 -1.6592E+02 -1.2347E+02
0000454   6.1945E+01  1.2249E+02  6.8150E+01
0000455   1.4405E+02 -1.8799E+02 -2.1428E+02
0000456   2.0314E+02  8.4494E+01  1.7818E+01
0000457   6.9158E+01 -1.2209E+02 -1.1229E+02
0000458   2.9822E+01  6.1062E+01 -1.8225E+02
0000459   2.3866E+02  2.2375E+01 -1.6180E+01
0000460   5.2361E+01  9.6287E+01  8.8444E+01
0000461   3.7501E+02  7.7409E+01 -1.8806E+01
0000462   2.5461E+02 -6.2180E+01  1.1610E+02
0000463   2.1476E+02  4.2771E+01  3.5165E+00
0000464   3.4573E+02 -1.1788E+01  2.0613E+01
0000465   1.1434E+02 -3.8494E+01  2.1014E+01
0000466   3.0943E+02 -2.3821E+02 -3.3839E+01
0000467   3.8212E+02  1.6230E+02  3.7084E+01
0000468   3.1128E+02  6.2971E+01  2.3089E+02
0000469   1.0518E+02  7.5310E+00  1.8835E+01
0000470   2.7049E+02 -1.1708E+01 -1.5831E+02
0000471   3.1775E+02 -9.1654E+01 -2.4216E+01
0000472   4.1181E+02  7.3590E+01 -2.2414E+02
0000473   4.1870E+01 -1.5206E+01 -2.9312E+01
0000474   5.6714E+01 -9.2261E+01  9.2458E+01
0000475   2.9055E+02 -1.3142E+02  1.4176E+02
0000476   1.5271E+02 -1.1441E+02  1.2750E+02
0000477   8.0750E+01  2.5272E+01  4.1818E+01
0000478   1.0513E+02 -3.7119E+01  1.6087E+02
0000479   2.9181E+02 -6.8101E+00  1.9727E+01
0000480   3.1390E+02  1.6618E+02  1.2488E+02
0000481   2.1550E+02 -2.1298E+01 -9.4471E+01
0000482   2.0829E+02 -6.2799E+01 -1.3081E+01
0000484   1.3263E+02 -8.7366E+01 -8.7667E+01
0000485   3.1243E+02 -9.0291E+01 -2.6403E+00
0000487   2.3055E+02  6.9698E+00 -1.0227E+02
0000488   2.6119E+02  2.0324E+01 -3.2935E+01
0000490   9.1507E+01  6.6708E+01  1.1891E+02
0000491   2.4137E+02 -1.9502E+02  2.3754E+02
0000492   4.2225E+01 -9.1262E+01  5.2880E+01
0000493   1.3914E+02  5.0813E+01 -6.8012E+01
0000494   9.8622E+01 -5.3437E+01  3.7759E+02
0000495   1.2793E+02 -8.5941E+01  1.3354E+02
0000496   3.4832E+02 -9.0099E+01 -6.8078E+01
0000497   1.7476E+02 -3.6886E+01  6.2927E+01
0000498   5.0347E+01  1.0973E+02 -1.5188E+02
0000499   2.3044E+02  1.6996E+02  1.0234E+02
0000500   2.2455E+02 -3.4498E+01  1.0619E+02
0000501   1.8525E+02  3.4771E+01 -2.1825E+02
0000502   9.3556E+01  5.6774E+01  2.1322E+01
0000503   1.8939E+02  5.5257E+01 -2.2607E+02
0000504   5.1191E+02 -1.8247E+00  7.4721E+01
0000505   1.2775E+02  7.0442E+01 -3.6609E+01
0000506   2.8489E+02  1.4184E+02  2.3354E+01
0000507   7.5617E+01 -1.5480E+02 -1.9234E+02
0000508   1.8890E+02 -6.2599E+00 -3.6580E+01
0000509   2.1394E+02  1.0299E+02 -1.4785E+02
0000510   4.8647E+02 -1.6187E+02 -1.6239E+02
0000511   1.1944E+02 -1.7760E+02 -2.0151E+02
0000512   1.4014E+02 -3.5489E+01 -4.9199E+01
0000513   2.8222E+02 -1.2842E+01 -8.5919E+01
0000514   5.4845E+01 -8.9643E+01  6.2052E+01
0000515   1.6293E+02  3.3853E+01 -5.9727E+01
0000516   2.2071E+02 -8.8052E+01 -4.0200E+02
0000517   8.2398E+01  1.5857E+02  3.6700E+01
0000518   2.0693E+02 -1.6676E+02 -6.3923E+00
0000519   1.3106E+02 -2.3952E+01  7.6291E+01
0000520   3.5066E+02 -1.3898E+02  1.2041E+02
0000521   8.8701E+01  3.8739E+01  5.1639E+01
0000522   2.4553E+02 -9.1315E+00  1.3957E+02
0000523   1.4892E+02  1.0138E+02 -8.1904E+01
0000524   1.1681E+02  6.1094E+01  9.9437E+01
0000525   6.5161E+01  1.7511E+02 -1.5680E+02
0000526   2.3955E+02  1.8094E+02 -2.5546E+02
0000527   7.1554E+01  1.3287E+02  7.8441E+01
0000528   1.8211E+02 -8.4707E+01 -2.6372E+01
0000530   1.5519E+02 -2.4301E+01 -4.2368E+01
0000531   1.1883E+02  1.0466E+02  2.3402E+01
0000532   1.4796E+02 -5.3064E+01 -1.7626E+02
0000533   1.7915E+02 -1.1108E+01 -5.3980E+01
0000534   1.9706E+02 -1.2926E+02  1.7228E+01
0000536   1.0173E+02  1.0773E+02 -6.9060E+01
0000537   2.0444E+02  1.1876E+02  1.2446E+02
0000538   2.4152E+01 -1.8682E+01  2.2764E+01
0000539   2.0070E+02  4.1216E+00  2.7569E+01
0000540   1.0452E+02 -7.8794E+01  3.3836E+01
0000541   1.3956E+02 -2.4931E+01 -1.3326E+02
0000542   1.5337E+02  7.0522E+01 -3.7987E+01
0000544   4.6710E+02  2.3317E+02 -1.2257E+02
0000545   2.0063E+02 -2.0331E+01  1.2867E+02
0000546   1.2746E+02 -7.3769E+01 -9.6206E+01
0000547   8.2617E+01  1.3607E+02  1.3215E+02
0000548   1.9000E+02 -1.0947E+02  1.3375E+01
0000549   3.1571E+02  1.4029E+02  1.0030E+02
0000551   3.7199E+02 -1.1750E+02  2.5045E+00
0000552   2.3853E+02 -2.7944E+02  6.3779E+01
0000553   1.9929E+02  2.1615E+02  3.5286E+01
0000554   1.1681E+02  3.6968E+01  9.8799E-01
0000555   1.0943E+02  7.1129E+01  2.0969E+01
0000556   1.6942E+02 -1.0452E+02 -6.1896E+01
0000557   1.4823E+02 -1.7446E+01 -1.9994E+01
0000558   1.0207E+02 -1.5493E+01 -2.4571E+02
0000559   1.4345E+02  1.0412E+02  3.0291E+01
0000560   2.0570E+02 -6.8838E+00 -6.0220E+01
0000561   5.8382E+01  8.7379E+01 -1.0129E+02
0000562   1.2158E+02 -1.0711E+02  1.9630E+01
0000563   5.1012E+01 -3.7221E+01 -2.0592E+02
0000564   8.4039E+01  3.7275E+01  5.1446E+01
0000565   4.8566E+02  7.0291E+01 -4.7381E+01
0000566   1.9801E+02  3.9585E+01  3.1920E+00
0000567   3.1273E+02  1.7859E+02 -9.1122E+01
0000568   3.2951E+01  3.9888E+01 -1.7801E+01
0000569   2.2457E+02  9.2119E+01 -8.1393E+01
0000570   1.2356E+02  1.8598E+02  1.7730E+01
0000571   3.1209E+02  1.1687E+02 -1.2067E+02
0000572   6.8044E+01 -1.3975E+00  1.0675E+02
0000573   3.2641E+02  2.2477E+02  3.2189E+00
0000574   2.6480E+02 -2.3853E+02 -2.2142E+01
0000575   3.2598E+02  8.1870E+01  5.8645E+01
0000576   2.3919E+02  4.4334E+01  1.5081E+02
0000577   1.8160E+02 -1.4589E+01  1.2661E+02
0000578   1.3286E+02 -1.8134E+02  1.1877E+01
0000579   1.4521E+02 -1.4252E+01 -2.9629E+01
0000580   1.4782E+02  5.1426E+01 -2.0134E+02
0000581   3.2219E+02  2.2212E+01 -2.5954E+00
0000582   3.8426E+02  1.3478E+02  1.2360E+01
0000584   8.9415E+00  2.6911E+01  1.8657E+01
0000585   1.9752E+02  9.9872E+01 -5.1949E+01
0000586   3.0281E+01 -7.0696E+01 -1.2055E+00
0000587   1.5923E+02 -1.0963E+02  2.0828E+01
0000589   1.1063E+02  5.7786E+01  6.2100E+01
0000590   2.2207E+02  1.6121E+02 -1.1446E+02
0000591   1.4021E+02  6.9446E+01  7.4934E+00
0000592   7.4430E+01 -2.7717E+02  1.3631E+02
0000593   3.4095E+02 -9.7747E+00 -3.1286E+01
0000594   2.2677E+02  1.0906E+02  4.1444E+01
0000595   2.4402E+02 -1.5818E+01  1.0981E+02
0000596   1.6216E+02  1.9110E+02  5.8076E+01
0000597   7.7616E+01  3.5153E+01 -1.1120E+01
0000598   3.7980E+02 -5.5428E+01  1.7997E+02
0000599   7.8799E+01 -1.5076E+01  1.0650E+02
0000600   2.4369E+00  1.3949E+02  9.3229E+01
0000601   2.4278E+02 -1.0924E+02  4.1569E+01
0000602   1.1486E+02 -1.3193E+01  1.8300E+02
0000603   2.7122E+02 -1.0712E+02  3.8412E+01
0000604   4.2208E+02  4.2367E+01 -5.2608E+01
0000605   2.3210E+02  1.9931E+02 -7.4133E+01
0000606   3.4494E+02  8.2306E+01 -1.1193E+02
0000607   6.8408E+01 -1.1618E+01 -4.9391E+01
0000608   3.0173E+02 -1.1294E+02 -1.5579E+02
0000610   2.6444E+02 -4.8900E+01 -2.5160E+02
0000611   8.6698E+01  4.0227E+01  1.3628E+01
0000612   8.0352E+01  1.8429E+02 -1.3030E+02
0000613   2.0436E+02 -1.0728E+02  7.5810E+01
0000614   2.8166E+02 -7.1642E+00 -1.3123E+01
0000615   2.4860E+02 -7.8044E+01  2.2045E+01
0000616   2.3262E+02 -5.6207E+01 -6.6315E+01
0000617   7.7778E+01 -1.6550E+02  7.7426E+01
0000618   1.4064E+02  4.1492E+01  1.2555E+00
0000619   9.2942E+01  1.9337E+02 -1.3316E+02
0000620   2.1449E+02  2.7284E+02 -2.0009E+02
0000621   2.3633E+02 -6.8064E+01  6.3055E+01
0000622   1.4893E+02 -6.0012E+01 -5.4016E+01
0000623   1.5432E+02 -2.1120E+02  8.4945E+01
0000624   3.2603E+02  1.0088E+02 -6.3049E+01
0000625   3.7472E+02  1.0643E+02 -7.1919E+01
0000628   2.6757E+02 -1.4490E+02  3.0563E+02
0000629   8.4550E+01 -8.0980E+01  1.8957E+02
0000630   3.0008E+02  1.4939E+02 -2.2347E+02
0000632   2.0184E+02 -1.3970E+02  2.5466E+01
0000633   5.2897E+01 -8.2525E+01  1.2611E+01
0000634   1.0916E+02  1.6030E+01  1.6933E+02
0000635   2.0655E+02 -3.6500E+01  2.4735E+02
0000636   2.6679E+02  3.1783E+02 -1.9286E+01
0000637   2.2687E+02 -1.9996E+02  8.2729E+01
0000638   2.7558E+02  2.2999E+01 -6.5697E+01
0000639   2.4736E+02  8.8236E+01  1.7919E+02
0000640   3.4104E+02 -2.7201E+02 -2.4416E+02
0000641   2.2318E+02 -2.6471E+02 -9.2196E+01
0000642   2.8976E+02  1.9466E+02 -1.6005E+02
0000643   7.5586E+01  2.4584E+02 -7.3100E+01
0000644   8.3427E+01 -6.5934E+01 -1.1710E+01
0000645   2.3259E+02  5.4918E+01  1.8633E+01
0000646   1.4317E+02  9.4927E+01  5.6219E+01
0000647   2.8742E+02  1.5225E+02  8.9174E+01
0000648   1.7706E+02 -4.8362E+01 -1.0417E+02
0000649   1.0616E+02 -1.2244E+00  9.5728E+01
0000650   1.9139E+02 -3.2151E+01 -4.9288E+00
0000651   1.7055E+02 -1.5339E+02  7.1363E+01
0000652   1.8026E+02  5.9733E+00 -2.0774E+01
0000653   5.8652E+01 -4.1019E+01 -1.3005E+02
0000654   2.8150E+02  1.3052E+02 -8.1763E+01
0000655   2.0390E+02 -2.7525E+01 -2.1039E+02
0000656   2.4156E+02  2.7086E+02 -1.2009E+02
0000657   9.1686E+01 -4.1956E+01 -7.5719E+01
0000658   2.9385E+02 -1.4600E+02 -1.6073E+02
0000660   9.8876E+01 -1.9470E+02 -1.3401E+02
0000661   1.8359E+02  1.2366E+01 -1.5457E+02
0000662   9.4710E+01  6.3284E+01  3.0436E+02
0000663   1.9275E+02 -1.9056E+02  7.3168E+01
0000664   1.8273E+02 -1.2410E+02 -2.7736E+02
0000665   3.1385E+01  1.3039E+02  3.1863E+01
0000666   1.9479E+02  1.4319E+01  6.6549E+01
0000667   2.1172E+02  3.0499E+01  1.3131E+02
0000668   6.5230E+01 -1.1736E+02  1.6122E+02
0000669   1.7940E+02  7.9897E+01 -1.2095E+02
0000670   2.0456E+02 -8.6863E+01  7.4235E+01
0000671   1.3205E+02  6.5785E+01 -4.4146E+01
0000672   3.2462E+02  1.1074E+02 -7.0098E+01
0000673   3.9811E+02  1.8588E+02 -4.1718E+01
0000674   1.7738E+02  6.0759E+00  1.9221E+02
0000676   1.4319E+02 -2.3096E+02 -7.9615E+01
0000677   2.2709E+02 -8.8637E+01  5.4497E+01
0000678   2.1402E+02 -7.7249E+01 -4.2026E+01
0000679   3.1880E+02 -3.5208E+01 -6.1948E+00
0000680   1.8790E+02 -4.3565E+01  2.7638E+00
0000681   2.8695E+02 -3.0861E+02  4.4956E+01
0000682   2.2449E+02  1.6682E+02 -1.9593E+02
0000683   2.1149E+02 -4.1797E+01  1.4834E+02
0000684   3.5574E+02 -4.0930E+01  4.0371E+00
0000685   6.9114E+01  1.4552E+02 -1.5295E+02
0000686   2.3835E+02  7.9211E+01 -1.3500E+02
0000687   2.6222E+02 -1.1921E+02 -9.3029E+01
0000688   3.7288E+02  1.0980E+01 -1.0939E+02
0000689   3.7361E+02  1.3525E+02 -1.0067E+02
0000691   3.7716E+02  1.3420E+02 -1.6913E+02
0000692   2.3388E+02  2.6011E+02  1.0282E+02
0000693   2.1089E+02 -5.8089E+01  1.0759E+02
0000694   1.3150E+02  5.4227E+00 -2.1739E+02
0000695   5.8168E+01  8.3969E+00 -1.2465E+01
0000696   3.1727E+02 -1.1667E+01  1.9109E+01
0000698   7.7749E+01 -3.4681E+01 -7.5937E+01
0000700   9.6208E+01 -2.1864E+02 -1.3380E+01
0000701   1.1696E+02  1.4433E+02  6.0809E+01
0000702   1.7708E+02  9.1516E+01  9.1667E+01
0000703   1.8688E+02 -7.1844E+01 -3.3035E+01
0000704   4.4130E+02 -9.5106E+01 -1.4579E+02
0000705   7.8342E+01  1.4958E+00 -5.7176E+01
0000706   1.9076E+02  1.2318E+02 -2.8578E+02
0000707   2.8946E+02 -5.7152E+01  1.5264E+02
0000708   7.1758E+01  1.6332E+02 -1.9224E+02
0000709   1.4238E+02 -5.9809E+01  1.3852E+02
0000710   7.1278E+01  9.7296E+01 -7.8912E+01
0000711   3.6060E+02  1.0028E+02 -5.4777E+01
0000712   2.4128E+02  1.9586E+02  8.2832E+01
0000713   4.5393E+02 -2.1014E+02 -6.5201E+01
0000714   1.0388E+02 -1.8871E+01 -1.6349E+00
0000715   1.2048E+02 -2.2449E+01  3.7937E+01
0000716   4.9049E+02  6.4801E+01  1.2641E+02
0000717   2.3350E+02 -7.6666E+01 -2.8742E+02
0000718   2.6670E+02  5.5823E+01  1.2294E+02
0000719   1.3745E+02  5.8301E+01 -3.5523E+01
0000720   1.6380E+02  1.2494E+01 -4.7716E+01
0000721   2.6018E+02 -4.3023E+01 -1.0028E+02
0000722   1.1990E+02 -1.9219E+02 -7.2623E+01
0000723   1.2063E+02 -1.6195E+02  8.7371E+01
0000724   1.6915E+01 -1.0362E+02 -1.2056E+02
0000725   2.4284E+02 -3.4786E+01  5.2241E+01
0000726   8.1564E+01  1.4722E+01  4.2797E+01
0000727   2.7101E+02 -6.3667E-01 -7.6453E+01
0000728   2.3582E+02  2.0952E+02 -6.6050E+01
0000730   1.0215E+02 -1.2626E+02 -8.9319E+00
0000731   1.0212E+02  1.4997E+02  5.8490E+01
0000732   1.6252E+02 -1.1188E+02 -1.4669E+02
0000733   3.3139E+02 -1.7351E+02  1.4453E+02
0000734   1.8099E+02  5.4252E+01 -3.2798E+00
0000735   2.1791E+02 -1.4419E+02 -1.0947E+02
0000737   2.0624E+02 -2.5807E+01  2.4449E+02
0000738   1.2131E+02 -1.0806E+01 -3.0359E+01
0000739   1.6959E+02  3.9351E+00 -2.7824E+02
0000740   1.4511E+02 -3.4304E+01  6.4998E+00
0000741   1.3443E+02 -1.5744E+02 -1.2312E+02
0000742   9.5804E+01 -4.3198E+01 -3.5062E+01
0000743   2.9831E+02  1.4466E+02  2.2867E+01
0000744   1.9188E+02 -1.6645E+02 -2.1931E+02
0000745   7.3782E+01 -8.9235E+01 -9.3120E+01
0000746   3.3714E+02 -1.5599E+02 -1.6892E+02
0000747   1.1564E+02  3.3675E+01  4.9120E+01
0000748   2.1544E+02 -4.5751E+01 -4.3816E+01
0000749   2.6447E+02  6.4363E+01 -1.4364E+02
0000750   3.7598E+02 -2.6707E+02  1.0585E+02
0000751   7.7348E+01  4.1104E+02 -1.1102E+02
0000752   4.6976E+02 -2.1440E+02  2.1455E+01
0000753   2.7795E+02 -8.3260E+01 -3.4294E+01
0000755   2.5172E+02  2.5697E+01  2.9885E+01
0000756   1.5501E+01 -5.0910E+01 -4.1468E+01
0000757   9.7810E+01  6.9515E+01  5.3460E+01
0000758   9.0723E+01 -1.0062E+01  1.4434E+02
0000759   1.8727E+02 -3.4916E+02  2.9748E+02
0000761   5.3339E+01  1.0421E+01  4.6751E+01
0000763   3.3674E+02 -4.2110E+01  2.5240E+02
0000764   1.9446E+02  1.3645E+02 -1.2317E+02
0000765   1.5668E+02 -1.0792E+02  1.0570E+02
0000766   2.9879E+02  8.1122E+01  4.8264E+01
0000767   4.2734E+02  2.8455E+01 -4.3633E+01
0000768   2.4775E+02 -1.0328E+02 -3.3888E+01
0000769   3.4801E+02 -7.7719E+00 -5.1691E+01
0000770   2.4889E+02  1.4147E+02 -4.0510E+01
0000771   3.8422E+02 -2.0456E+02 -1.2532E+02
0000772   3.6375E+02  1.3049E+02  2.1053E+02
0000773   2.6505E+02  1.0935E+01  5.0273E+01
0000774   2.3586E+02 -1.6181E+01 -1.4125E+02
0000775   1.9072E+02  7.8758E+01 -4.3605E+01
0000776   1.8898E+02 -1.7099E+02 -6.0321E+00
0000777   1.1663E+02  1.7906E+02 -7.3733E+01
0000778   2.6893E+02  1.1134E+02  1.8247E+01
0000779   2.7527E+01 -1.1470E+01  2.1428E+01
0000780   3.2787E+02 -9.8247E+01 -2.8058E-01
0000781   2.7921E+02 -7.5147E+01  7.7131E+01
0000782   1.8287E+02 -1.9879E+02 -1.5040E+02
0000783   3.4023E+02 -7.1347E+01 -1.2040E+01
0000784   2.9819E+02 -9.1270E+01 -2.7772E+02
0000785   2.0106E+02  1.8786E+01 -3.1894E+01
0000786   2.1731E+02 -6.1216E+01 -6.2780E+01
0000787   2.5835E+02 -9.5173E+01 -8.7192E+01
0000788   1.2246E+02 -1.0101E+01 -7.6168E+01
0000789   1.5672E+02  1.9011E+02 -4.1872E+01
0000790   1.8022E+02  2.3626E+01 -2.2248E+02
0000791   9.4179E+01  1.7238E+02 -2.6537E+02
0000792   1.4232E+02  1.4779E+02 -2.0092E+01
0000793   3.6028E+02 -2.7323E+02  1.0987E+02
0000794   5.5927E+02 -8.5816E+01 -1.0630E+02
0000795   2.7373E+02 -2.1456E+02  5.5304E+01
0000796   2.3643E+02 -7.3921E+00  3.6927E-01
0000797   2.7099E+02 -7.3844E+01  2.1715E+02
0000798   4.6683E+01  1.3782E+02  6.0937E+01
0000799   2.5192E+02 -1.2826E+02 -1.6332E+01
0000800   3.2090E+02 -8.7812E+01  8.5012E+01
0000801   9.5684E+01 -8.7008E+01 -5.5082E+01
0000802   7.9954E+01 -2.6784E+01 -8.2314E+01
0000803   3.9209E+02  1.1098E+01 -3.9445E+01
0000804   5.1613E+01  1.1406E+01 -2.6436E+01
0000805   1.8566E+02 -2.5996E+01 -5.2164E+01
0000806   4.0091E+02  7.4453E+01  3.8847E+01
0000807   3.3372E+02 -6.3770E+01  9.9119E+01
0000808   1.2428E+02 -1.4080E+02 -1.1875E+02
0000809   8.0349E+01 -1.2252E+02 -9.5700E+01
0000810   2.2982E+02 -4.3093E+01 -1.0723E+02
0000811   9.7560E+01 -6.6835E+00 -2.0910E+01
0000812   1.8124E+02 -1.5348E+02 -6.9671E+01
0000813   1.7498E+02 -2.5231E+02 -2.1495E+02
0000814   3.5700E+02  2.6887E+02  5.7977E+01
0000815   1.6796E+02  5.2952E+01 -1.5138E+02
0000816   4.1003E+02 -9.6727E+01  3.8938E+01
0000817   3.1581E+02 -6.2102E+01 -7.4090E+01
0000818   1.3093E+02 -1.2996E+02  2.1407E+02
0000819   2.5451E+02 -3.6439E+01 -6.4461E+01
0000820   1.4717E+02 -7.4351E+01  1.9511E+02
0000821   1.9005E+02 -9.8660E+01 -9.6711E+01
0000822   1.9607E+02  1.1127E+02 -1.5761E+01
0000823   1.1897E+02 -1.8731E+02 -1.4977E+01
0000824   2.3501E+02  8.7429E+01  1.6356E+02
0000825   8.1169E+01  1.3808E+02 -1.4176E+02
0000826   2.7348E+02 -2.0273E+02  1.0067E+02
0000827   2.4615E+02  5.6877E+01 -8.6094E+01
0000828   2.0409E+02 -4.3276E+01  2.8865E+01
0000829   2.9679E+02 -1.9927E+02  4.1141E+01
0000830   2.0488E+02  2.0602E+00 -1.1627E+02
0000831   4.8444E+01 -3.6918E+01 -1.0418E+02
0000832   8.1937E+01  1.0024E+02 -2.0777E+02
0000833   2.0345E+02 -1.8143E+01 -5.4524E+00
0000834   1.2514E+02  1.6875E+02  1.4798E+02
0000835   2.2668E+02 -3.2243E+00  3.5202E+02
0000836   3.5307E+02  2.1402E+01 -9.2252E+01
0000838   8.2879E+01 -1.7184E+02  2.4191E+02
0000839   1.8387E+02 -6.0796E+01 -8.8085E+01
0000840   1.4115E+02  8.1490E+01 -1.4219E+02
0000841   1.5401E+02  1.3761E+02  1.5987E+01
0000842   2.4313E+02 -1.1735E+02 -1.4155E+02
0000843   2.4380E+02 -2.1101E+01 -1.8013E+01
0000844   1.6494E+02 -3.8773E+01  5.3666E+01
0000845   3.2251E+02 -8.8024E+01  2.1021E+02
0000846   3.3339E+02  3.8970E+01 -1.1662E+02
0000847   1.8646E+02 -1.2680E+02  2.1943E+01
0000848   3.9657E+01  1.0948E+01  2.8628E+01
0000849   1.1012E+02  1.1599E+02 -2.8786E+01
0000850   2.2538E+02  2.4863E+02  2.2733E+02
0000851   5.9575E+01 -8.8063E+01 -4.4926E+01
0000852   2.1111E+02  8.8384E+00 -1.0785E+02
0000853   2.2724E+01  2.1572E+02  3.3330E+02
0000854   1.9926E+02  1.9841E+02  5.4983E+01
0000855   8.2567E+01  6.4195E+01 -2.5629E+01
0000856   2.9542E+02 -3.4692E+01 -8.8865E+01
0000857   2.8467E+02 -6.5688E+01 -5.6608E+00
0000858   2.7429E+02  1.6728E+02  6.3319E-02
0000859   3.6280E+02  8.3844E+01  1.0717E+02
0000860   3.4643E+02  2.3066E+01 -1.5198E+02
0000861   3.3592E+02  6.8925E+01  2.8517E+01
0000862   2.7526E+02  1.2679E+02 -5.6480E+01
0000863   3.2156E+02  1.4365E+02 -1.3480E+02
0000864   3.3882E+02  2.0132E+02 -5.4606E+01
0000865   1.0074E+02 -4.2172E+01  1.3760E+02
0000866   3.5010E+01  2.0363E+01  8.9532E-01
0000867   1.4475E+02 -8.2154E+01 -7.9246E+01
0000868   1.7084E+02 -1.6568E+01  7.3228E+01
0000869   8.9959E+01  2.1381E+01  2.3754E+01
0000870   1.3968E+02  1.2974E+02 -1.8736E+02
0000872   1.6812E+02 -1.4335E+02 -1.2304E+02
0000873   2.3508E+02  1.3583E+02 -8.4669E+01
0000874   1.7797E+02 -7.4976E+01 -5.1821E+01
0000875   2.6713E+02  1.4134E+02 -4.7467E+01
0000876   7.5323E+01  1.1685E+02  2.0542E+02
0000877   3.2242E+02  1.4383E+02  2.0275E+02
0000878   2.1367E+02 -7.1516E+01 -5.5837E+01
0000879   3.5827E+02 -1.2723E+01 -6.1679E+01
0000880   6.2815E+02 -1.8334E+02  6.5017E+01
0000882   5.7898E+01  8.9282E+01 -5.0977E+01
0000883   2.0620E+02  6.5562E+01 -4.7153E+01
0000884   1.7447E+02 -3.8662E+01 -5.8949E+01
0000885   2.1793E+02 -7.3891E+01  8.3866E+01
0000886   2.0307E+02 -1.0527E+01 -5.3694E+01
0000887   7.8233E+01 -1.7484E+02 -1.1537E+02
0000888   1.9326E+02 -2.3146E+00  5.5997E+01
0000889   1.3027E+02  8.7056E+01 -1.4789E+02
0000890   2.4386E+02 -5.5100E+01  1.0504E+02
0000891   8.7904E+01 -1.9613E+02  7.1879E+01
0000892   1.9341E+02  3.2737E-01  8.4291E+01
0000893   3.2633E+02 -3.2214E+01  3.5647E+01
0000894   1.1639E+02  1.5862E+02  7.3725E+01
0000895   1.7909E+02  9.3042E+01  8.1709E+01
0000896   2.0274E+02 -9.4213E+01 -2.4434E+02
0000898   3.6403E+02  1.2106E+02 -3.2051E+01
0000899   3.4304E+02  3.8795E+01  5.4422E+01
0000900   3.6535E+02 -7.6083E+01  1.7123E+02
0000901   1.0040E+02  7.0561E+01  5.4068E+01
0000902   5.0975E+01 -8.5837E+00 -1.1409E+01
0000903   2.7278E+02 -6.6523E+01  1.1223E+02
0000904   1.8188E+02 -2.3300E+01 -1.4127E+02
0000905   1.0842E+01 -4.5454E+01 -5.4567E-01
0000906   2.9493E+02 -6.7960E+01  1.4436E+02
0000907   1.7792E+02  3.7357E+01 -1.2962E+02
0000908   1.3020E+01 -5.9954E+01  2.0029E+02
0000909   2.7330E+01  5.8110E+01 -1.4488E+02
0000910   4.3079E+01  8.7113E+01  5.0768E+01
0000911   1.3367E+02  6.4904E+01  1.3676E+02
0000912   2.8434E+02  2.2106E+01  1.3355E+02
0000913   2.5291E+02 -2.7745E+02  1.4684E+02
0000914   1.1458E+02  7.4938E+00 -6.8575E+01
0000915   3.3178E+02  1.0040E+02  7.8031E+01
0000916   3.2474E+02 -2.4651E+02 -8.5178E+01
0000917   2.2654E+02 -1.4188E+02 -1.2377E+01
0000918   2.1583E+02  3.4885E+01 -1.0021E+02
0000919   2.5839E+02  1.5458E+02  5.8044E+00
0000920   2.7925E+02 -1.6628E+01  3.8883E+01
0000921   2.6103E+02 -4.6197E+01  2.3565E+02
0000922   8.2041E+01 -1.2728E+02  1.2029E+02
0000923   2.5886E+02 -9.1242E+01 -8.1854E+01
0000924   3.2352E+02 -2.2714E+02  2.8576E-01
0000925   1.1189E+02 -8.2548E+01  7.0856E+00
0000926   2.5110E+02  9.5656E+01  4.9723E+01
0000927   1.7068E+02  2.4776E+01 -1.2490E+02
0000928   1.2713E+02 -1.4325E+02  1.1199E+02
0000929   2.2647E+02  6.0329E+01 -2.0631E+02
0000930   5.9205E+01  8.4119E+01 -8.7591E+01
0000931   3.4031E+02  2.1244E+02  2.0286E+02
0000932   5.3985E+01 -5.3923E+00  1.1439E+01
0000933   2.0162E+02 -4.3073E+01 -9.9284E+01
0000934   2.9029E+02 -3.1836E+01 -2.0699E+02
0000935   3.7673E+02 -1.1375E+02  1.5232E+02
0000937   3.6538E+02  9.2059E+01  5.5691E+01
0000938   2.1777E+02  6.2444E+01  1.0642E+01
0000939   7.7366E+01  4.1012E+01  2.6499E+00
0000940   1.4218E+02 -4.3999E-01 -1.1995E+02
0000941   3.6226E+02  3.5283E+01 -2.6503E+01
0000942   2.7508E+02  1.1902E+02 -6.9193E+01
0000944   2.6106E+02 -4.2616E+01  1.5743E+01
0000945   1.4923E+02 -8.6627E+01  1.4070E+01
0000946   3.4919E+02 -1.9147E+02  2.0812E+02
0000947   1.6137E+02  3.2605E+01  5.0777E+01
0000949   1.0545E+02 -1.1940E+02  1.3073E+01
0000950   1.5854E+02  1.8364E+02 -1.3910E+02
0000951   1.7869E+02  1.6968E+01 -5.9684E+00
0000952   1.6609E+02 -4.2233E+01  4.8962E+01
0000953   2.6840E+02 -1.6539E+02 -7.1357E+01
0000954   3.1843E+01 -9.0687E+01  1.4487E+01
0000955   2.3561E+02  2.7983E+02 -7.4494E+01
0000956   2.2432E+02 -1.4138E+01  8.9467E+01
0000957   1.8837E+02  1.1093E+02 -1.4515E+00
0000958   1.7007E+02 -1.7563E+02 -1.4275E+02
0000959   1.6492E+02  9.9465E+01  5.0916E+00
0000961   9.0862E+01  1.2167E+02 -4.0003E+01
0000962   3.6258E+02  1.3892E+02  1.4061E+02
0000963   2.1429E+02  4.0380E+01 -1.2912E+02
0000964   1.7709E+02 -1.5037E+02  1.4456E+02
0000965   5.9577E+01 -2.9896E+01 -2.1886E+01
0000966   1.6884E+02 -1.0683E+02 -1.5756E+00
0000967   1.6131E+02 -1.5468E+01  1.1502E+02
0000968   2.8039E+02 -9.8723E+00 -6.1837E+01
0000969   1.8087E+02  2.8930E+02  1.2790E+02
0000971   2.7060E+02 -3.6391E+01 -1.0957E+02
0000972   1.5004E+02 -6.5908E+00  1.8343E+02
0000973   2.2783E+02 -4.3354E+01 -7.5914E+01
0000974   7.8427E+01 -2.5962E+01  2.3727E+02
0000975   4.3394E+02 -1.0440E+02 -2.3698E+02
0000976   2.3378E+02  5.5867E+00  2.4854E+02
0000978   5.2968E+02  8.7634E+01 -4.5758E+01
0000979   9.3453E+00  1.0521E+02  6.9568E+01
0000980   4.1449E+02 -5.5934E+01  2.0057E+02
0000981   2.2063E+02 -6.9772E+01 -2.0439E+01
0000982   3.1028E+02 -2.0293E+02 -5.1543E+01
0000983   3.1117E+02 -1.0276E+02 -1.2487E+02
0000984   2.4770E+02 -1.1167E+02 -4.9893E+01
0000985   1.9650E+02 -1.0987E+02  2.3716E+02
0000986   9.9615E+01  9.5472E+01  2.3265E+02
0000987   2.4921E+02  2.3926E+01  1.8945E+01
0000988   2.4866E+02 -1.4549E+02 -4.4860E+01
0000989   9.9869E+01 -5.4377E+01 -5.8570E+01
0000990   1.0218E+02  9.8676E+01 -1.9270E+02
0000991   9.3965E+01 -1.6419E+02  3.9200E+01
0000992   1.5095E+02 -3.0706E+00  8.1442E+00
0000993   2.1548E+02  1.0383E+02  1.0961E+02
0000994   5.4788E+02 -3.3504E+01  1.4156E+02
0000995   1.0405E+02  1.3723E+01  2.0742E+02
0000996   4.0168E+02  5.5439E+01 -8.8640E+01
0000997   1.5457E+02  1.2731E+02  1.0384E+02
0000998   3.6923E+02 -1.3060E+02  7.4610E+01
0000999   3.6482E+02 -1.6148E+02  6.1331E+01
0001000   1.9057E+02  1.1059E+02 -8.3210E+01
