============================== SRIM-2013.00 ==============================
==============================================================================
====== SRIM Outputs\RANGE_3D.txt : File of Final Ion Positions =====

Ion =  F (09)   Ion Mass= 018.9984
Energy  = 2000000.E-05 keV
Ion Angle to Surface = 00.0 degrees
==================== TARGET =======================
  Layer # 1 - None
  Layer # 1 - Bottom Depth=500000.E-01 A
  Layer # 1 - Density =0007.8700 g/cm3
  Layer # 1 -  100 % of Fe
様様様様様様様様様様様様様様様様様様様様様様様様様様
                                            
Ion       Depth  X   Lateral Y   Lateral Z  
Number    (Angstrom) (Angstrom)  (Angstrom) 
-------  ----------- ----------- -----------
0000001   1.2648E+02  1.0117E+02  2.9754E+01
0000003   2.7622E+02  1.0562E+02 -4.6689E+01
0000004   1.3100E+02  7.8078E+01  6.0155E+01
0000005   3.1313E+02  3.9141E+01  8.2218E+01
0000006   2.0651E+02  3.2318E+02  1.6730E+02
0000007   9.2632E+01  8.6592E+01 -1.0043E+02
0000008   3.3807E+02  6.7789E+01  9.5321E+01
0000010   2.1545E+02 -2.2392E+01  4.5392E+01
0000011   2.4160E+02 -1.5227E+01 -2.2142E+01
0000012   3.5139E+02 -1.7093E+01 -1.0930E+02
0000013   3.2886E+02  2.0424E+01  1.5675E+02
0000014   1.6964E+02  1.6667E+02 -1.9426E+02
0000015   2.9348E+02  1.5248E+02  9.9811E+01
0000016   1.1075E+02 -1.1497E+02  3.5939E+01
0000017   1.8466E+02  1.8588E+02 -6.1814E+01
0000018   2.3877E+02 -8.9251E+01  1.2287E+02
0000019   3.6994E+02 -1.0990E+02  1.1549E+02
0000020   3.2463E+02 -2.1436E+02  1.7944E+02
0000021   1.8683E+02 -2.0248E+01 -1.3548E+01
0000022   1.8912E+02  6.2383E+01  1.0462E+02
0000023   2.7762E+02  3.7504E+01 -7.3264E+01
0000025   2.3118E+02  2.6097E+01  7.6322E+01
0000026   9.5440E+01  1.9822E+01  5.1368E+01
0000027   2.1207E+02  7.3904E+01  7.2546E+01
0000028   8.9400E+01  4.0788E+01  9.3498E+01
0000029   1.9009E+02 -7.2093E+01 -1.8001E+01
0000030   2.0991E+02 -4.6411E+01  8.0285E+01
0000031   2.5473E+02 -8.1679E+01 -7.6305E+01
0000032   3.7270E+02 -5.1577E+01 -1.9636E+01
0000033   1.6565E+02  1.6637E+02  5.8525E+01
0000034   1.4289E+02  6.4062E+01  1.1406E+02
0000036   1.6142E+02 -1.8155E+02  1.7748E+01
0000037   2.1277E+01  2.0565E+02 -9.3498E+01
0000038   1.8769E+02 -4.0259E+01 -6.7577E+01
0000040   1.5488E+01 -1.5918E+02 -4.1111E+01
0000041   1.6496E+02 -4.2993E+01 -3.4212E+02
0000042   1.6838E+02  1.9030E+02  1.2302E+02
0000043   4.3093E+01  9.7812E+01 -1.6581E+01
0000044   3.0405E+01  4.7724E+01 -1.0884E+02
0000045   1.0421E+02  4.3111E+01 -6.9659E+01
0000046   1.2900E+02 -1.6248E+01 -1.5013E+01
0000047   3.4507E+02 -2.5526E+01 -7.5989E+01
0000048   2.8331E+02  1.2640E+01 -1.8971E+02
0000049   3.2381E+02 -1.2533E+02  6.8966E+01
0000050   2.9194E+02  6.4557E+00  2.9143E+01
0000051   3.0099E+02  1.7086E+02 -9.2028E-01
0000052   8.5225E+01  1.1610E+02  1.3203E+02
0000053   2.1223E+02 -2.3961E+02 -1.2650E+02
0000054   2.8187E+02 -2.2304E+02 -7.0598E+01
0000055   1.5889E+02 -1.8022E+02  9.8498E+01
0000056   2.7285E+02  6.4069E+00  2.9395E+01
0000057   1.4274E+02  2.1796E+02  5.6494E+01
0000058   3.5429E+02  2.5714E+01  6.1720E+01
0000059   1.3108E+02 -1.2823E+01 -1.7004E+02
0000060   2.9466E+01  1.5580E+02 -6.8582E+01
0000061   3.9309E+02  3.7156E+01  7.4440E+01
0000062   1.7899E+02 -1.0112E+02 -1.5645E+00
0000063   3.7988E+02  1.5813E+02  2.4010E+02
0000064   2.0924E+02  8.6917E+01 -1.9074E+02
0000065   2.8043E+02  2.8077E+00 -6.8219E+01
0000066   2.7709E+02 -3.8204E+01  2.4970E+02
0000067   2.3803E+02 -1.3150E+02 -5.5380E+01
0000068   2.1684E+02 -7.1130E+01  6.5678E+01
0000069   2.2024E+02  1.4692E+02  3.0187E+02
0000070   2.2429E+01 -7.7555E+01  9.5884E+01
0000071   1.2405E+02 -4.1760E+01 -8.4150E+01
0000072   2.5077E+02 -1.8714E+02 -1.4973E+01
0000073   7.2918E+01 -2.1445E+01  1.0581E+02
0000074   2.8491E+02  1.5282E+02 -1.1827E+02
0000075   2.5263E+02  2.0624E+01  6.2957E+01
0000076   1.1361E+02  2.8333E+01 -1.1222E+02
0000077   5.2637E+01  1.6907E+02  3.0251E+02
0000078   3.8539E+02 -9.7501E+01  5.6503E+01
0000079   2.4753E+02  5.3762E+01  6.8860E+01
0000080   3.3347E+02 -6.1453E+01  1.1702E+02
0000081   3.6876E+02 -1.4665E+02  6.1618E+01
0000082   3.1516E+02  2.2284E+00 -1.6450E+02
0000084   3.1075E+01  1.3715E+02 -3.8350E+00
0000085   1.3359E+02 -1.0411E+02 -2.2177E+02
0000086   2.6720E+02 -2.6518E+02  3.5484E+01
0000087   2.0850E+02  4.9125E+01  7.7269E+01
0000088   1.2667E+02 -1.0787E+02  9.6598E+01
0000089   3.3716E+02 -2.6495E+02 -1.0830E+02
0000090   2.0605E+02 -3.4627E+02 -3.6269E+02
0000091   1.2845E+02  8.2579E+01  2.2949E+01
0000092   3.6317E+01  2.1233E+02  7.3268E+00
0000093   2.3018E+02  9.9960E+01 -5.5185E+01
0000094   2.5482E+02 -4.3191E+00 -7.1929E+01
0000095   7.8288E+01 -5.8013E+01  1.6807E+01
0000096   1.9734E+02 -1.5634E+02 -1.4698E+02
0000097   3.1986E+02 -1.3901E+02  3.7098E+00
0000099   3.1762E+02  1.9223E+02 -2.3820E+02
0000100   3.0153E+02  1.1067E+02  1.8635E+01
0000101   3.1205E+02  6.6128E+01  5.3642E+01
0000102   2.6507E+02  1.6047E+02 -7.1935E+01
0000103   3.7335E+01  3.3396E+01  4.4793E+01
0000105   3.1620E+02  9.5493E+01  1.9059E+02
0000106   1.4156E+02  1.1289E+02 -5.3518E+01
0000107   2.8496E+02 -1.0390E+01  1.2373E+02
0000108   2.5639E+02 -2.7934E+01 -1.1036E+02
0000109   3.9800E+02  7.0660E+01 -1.3139E+02
0000110   2.4624E+02  1.1142E+02 -1.4291E+02
0000111   1.6295E+02 -2.0184E+01  1.2792E+02
0000112   1.3583E+02  9.7297E+01 -4.8340E+01
0000114   1.0428E+02 -1.2263E+01  1.4156E+02
0000115   4.0516E+02  7.9542E+00  1.0068E+02
0000116   1.1103E+02 -1.0167E+02 -8.1836E+01
0000117   1.2315E+02 -1.1697E+02 -9.2995E+01
0000118   4.7209E+01  1.8512E+02  1.1259E+02
0000119   6.6547E+02  6.6985E+01 -4.3712E+00
0000120   2.5273E+02  9.5510E+01 -2.6735E+00
0000121   1.7070E+02  5.9152E+01  9.4677E+01
0000123   8.9808E+01 -1.9522E+02  2.0388E+02
0000125   2.2829E+02  4.7265E+01 -1.9397E+02
0000126   1.7129E+02 -3.5416E+01 -1.1292E+02
0000127   2.2274E+02  1.7846E+02  1.4134E+01
0000128   2.7160E+02 -5.9014E+01  2.0956E+02
0000129   3.2972E+02  7.4363E+01 -1.8117E+02
0000130   1.2697E+02 -9.5158E+01  9.6698E+01
0000131   2.6275E+02 -7.4476E+01  1.7123E+02
0000132   2.8220E+02  6.8986E+01 -5.1671E+01
0000133   7.7758E+01  8.1041E+01 -3.7310E+01
0000134   2.4657E+02  1.3083E+02 -2.6501E+02
0000135   1.7571E+02  1.4800E+02  7.0650E+01
0000136   2.8419E+02  2.9932E+01  8.5310E+01
0000137   2.2147E+02  3.9108E+01 -6.4958E+01
0000138   3.1259E+02 -4.0087E+01  1.3330E+02
0000139   1.8479E+01  3.2239E+02 -7.8814E+01
0000140   1.7427E+02 -1.2451E+02  7.4875E+00
0000142   5.0334E+02 -4.6515E+01 -4.6350E+01
0000143   2.4168E+02 -1.0711E+02 -1.7973E+02
0000144   2.1711E+02 -1.4878E+02 -1.0401E+02
0000146   4.0569E+02 -3.0564E+02 -1.4589E+01
0000147   1.6079E+02  1.6539E+02 -1.1046E+02
0000148   2.1127E+02 -8.6700E+01 -9.3875E+01
0000149   2.8138E+02  5.0198E+01 -7.4365E-01
0000150   2.9352E+02  1.4094E+02  2.0383E+02
0000151   1.7585E+00  3.6903E+01 -1.1335E+02
0000152   2.4412E+02  1.6941E+02 -4.0373E+01
0000153   1.7044E+02 -8.9542E+01 -2.3175E+01
0000154   1.1902E+02  5.3715E+00  9.5991E+01
0000155   2.4209E+02 -6.9899E+01 -1.0931E+02
0000156   2.1126E+02  9.3976E+01  1.9849E+02
0000159   2.3201E+02 -2.9632E+01  1.4474E+02
0000160   3.0233E+02  4.5536E+01 -3.7826E+01
0000161   1.8719E+02  1.3836E+02  5.8504E+01
0000162   2.5024E+02 -4.7620E+01  2.4259E+00
0000163   2.3873E+02  4.5179E+01 -7.7969E+01
0000164   5.5776E+01  1.7427E+01 -1.7045E+01
0000165   2.7151E+02  6.4378E+01  3.7480E+01
0000166   2.2713E+02  2.2262E+01 -7.9400E+01
0000167   2.0504E+02 -1.4619E+02  1.9305E+02
0000168   2.0316E+02 -7.1041E+01 -2.3456E+01
0000169   7.8793E+01  1.1961E+02 -1.9032E+02
0000170   3.6938E+02  1.0811E+02  1.8047E+01
0000171   2.7199E+01  2.9997E+01  1.6640E+02
0000172   1.8513E+02 -6.1219E+01  8.8059E+01
0000173   5.8253E+01 -7.9819E+01  2.2107E+01
0000174   2.2930E+02  1.1311E+02  7.2727E-01
0000175   3.7035E+02 -1.0822E+02 -1.4298E+02
0000176   1.5839E+02 -3.2215E+01 -2.5846E+01
0000179   2.6425E+02  7.6316E+01  9.5895E+01
0000180   4.0516E+02  2.6924E+01 -1.7375E+02
0000181   2.2673E+02 -3.3380E+02  2.2213E+02
0000184   3.4349E+02 -1.3563E+02  1.0040E+02
0000185   2.8124E+02 -1.1337E+02 -6.0907E+01
0000186   4.1825E+02  5.5799E+01  2.0164E+02
0000187   4.7702E+02  1.6526E+02  1.4128E+01
0000188   7.0005E+01  1.3803E+02 -1.0363E+02
0000189   3.0389E+02 -1.9785E+02  3.9448E+01
0000190   1.4606E+02  2.0782E+02  6.2677E+01
0000191   1.2617E+02  9.6681E+01 -1.4314E+02
0000192   1.7312E+02  1.2890E+02 -3.5607E+01
0000193   2.4151E+02 -6.6257E+01  9.4099E+01
0000194   1.7799E+02 -9.9487E+01  4.1907E+01
0000195   3.1326E+02 -1.7591E+02 -8.2446E+01
0000196   3.7443E+01  4.0315E+01 -3.0992E-01
0000197   1.7450E+02  1.9460E+01  2.6588E+02
0000198   1.9144E+02 -2.3206E+02 -1.2596E+02
0000199   2.5806E+02 -2.1416E+02 -2.2516E+02
0000200   2.5811E+02 -1.0815E+02 -7.1371E+00
0000201   5.2575E+01  1.8327E+02  6.4443E+01
0000203   1.4800E+02 -1.5597E+02 -1.4355E+02
0000204   2.3176E+02 -1.2600E+02 -1.2171E+02
0000205   1.8289E+02 -8.5209E+01 -3.9237E+01
0000206   3.0364E+02  6.7986E+01  1.1070E+02
0000207   4.1604E+02 -3.8000E+01 -1.5620E+02
0000208   3.0597E+02  2.9538E+02 -1.1356E+02
0000210   1.2882E+02  1.3836E+02 -2.7265E+02
0000211   2.3745E+02  5.0393E+01  3.2689E+02
0000212   5.1525E+01  4.6705E+01  3.1536E+01
0000213   1.3432E+02 -5.6726E+01  1.3816E+02
0000215   1.3880E+02 -7.2214E+01 -6.3310E+01
0000216   2.9008E+02  3.8587E+01  1.7429E+01
0000217   1.4183E+02  8.5713E+01  2.5975E+01
0000218   3.9457E+02  1.8233E+02  1.2600E+02
0000219   1.6854E+02 -2.2200E+02  2.0041E+02
0000221   2.2377E+02  1.8990E+02 -1.6148E+02
0000222   2.2141E+02  1.3959E+02  1.5407E+02
0000223   1.5025E+02  2.0951E+02 -1.2181E+02
0000224   3.7744E+02  2.1207E+02  2.3417E+02
0000225   3.8290E+02 -7.4405E+01  1.1481E+02
0000226   2.0009E+02  2.2913E+02  4.6832E+01
0000227   1.3269E+02  1.3221E+02 -5.4450E+01
0000228   2.3993E+02  1.1201E+02  1.2883E+02
0000229   2.6289E+02 -1.4307E+01  1.4842E+02
0000230   4.3312E+02 -1.3675E+02 -7.8490E+00
0000231   3.7333E+02 -2.9422E+02  7.1002E+01
0000232   2.2945E+02 -1.7091E+02  2.6762E+02
0000233   3.3386E+02  2.8540E+01 -4.0472E+01
0000234   2.8235E+02 -5.2502E+01 -7.3922E+01
0000235   3.3565E+02 -1.1430E+02 -1.6059E+02
0000236   2.9237E+01  1.0462E+02 -1.3234E+01
0000237   1.6452E+02  1.0207E+02 -1.3145E+02
0000238   2.7812E+02 -2.4235E+02  8.2496E+01
0000240   3.8795E+02  6.8347E+01  9.0973E+01
0000241   3.6104E+02 -1.1480E+02 -6.2767E+01
0000242   7.3844E+01  1.1489E+01 -1.0045E+02
0000243   3.7959E+02  4.6656E+01 -1.3375E+02
0000244   2.5203E+02 -5.3257E+01  6.6745E+00
0000246   1.6277E+02  5.5037E+01  2.3965E+02
0000247   8.3315E+01 -8.1205E+01 -1.4158E+02
0000248   2.8157E+02 -1.2813E+02 -7.3779E+01
0000249   1.6549E+02 -9.6590E+01  5.2045E+00
0000250   2.6962E+02 -8.3796E+01  4.9394E+01
0000251   1.4193E+02  1.1438E+02 -6.0518E+01
0000252   1.9587E+02  1.3839E+02  1.2171E+01
0000253   1.6664E+01  9.2499E+00  6.1775E+01
0000254   2.5322E+02 -2.1384E+02 -5.8629E+01
0000255   7.4947E+01  1.7215E+02 -1.2967E+02
0000256   8.6054E+01  1.4783E+02  7.0641E+01
0000257   2.2715E+02  8.2180E+01  1.1600E+02
0000258   3.0532E+02 -7.4050E+00 -5.2043E+01
0000259   3.3552E+02 -2.4321E+01  8.7200E+01
0000260   4.3632E+02 -7.4559E+01 -6.1022E+01
0000261   2.7543E+02 -6.9804E+00 -1.2021E+02
0000262   8.9797E+01  8.2106E+01 -2.4533E+02
0000263   3.1245E+02  2.2289E+01 -3.1306E+01
0000264   2.5114E+02  4.7263E+00 -1.6904E+02
0000265   2.6576E+02 -9.6902E+01  7.4532E+01
0000266   3.6113E+01  8.4785E+01 -3.2258E+01
0000267   1.8262E+02  1.0547E+01 -5.6294E+01
0000268   2.5216E+02 -5.7513E+01 -1.8509E+02
0000269   2.5198E+02 -2.0596E+02 -2.4947E+01
0000270   5.5893E+02 -2.6603E+02  4.8688E+01
0000271   1.0899E+02  2.4196E+01 -8.8340E+01
0000272   7.2831E+01  5.6061E+01  6.6101E+01
0000273   6.5919E+01  1.1089E+02 -3.6981E+02
0000274   2.5370E+02 -6.3349E+01 -2.5432E+00
0000275   1.1567E+02  2.9005E+01  6.5720E+01
0000276   8.4594E+01 -4.8561E+01 -6.8569E-01
0000277   4.0307E+02  3.5699E+01  6.4715E+01
0000278   4.0367E+02  5.4949E+01  1.0734E+02
0000279   2.1688E+02 -5.1940E+01 -1.3278E+02
0000281   2.7335E+02  8.6927E+01  1.4099E+01
0000282   1.7181E+02 -4.2088E+00  2.3455E+01
0000283   1.7836E+02 -1.1728E+02  1.9500E+02
0000284   8.6638E+01 -3.2801E+01 -1.4234E+01
0000285   2.5512E+02  1.8574E+01 -6.5442E+01
0000286   5.4159E+01  1.4056E+02  1.2244E+02
0000287   3.1897E+02 -7.7778E+01  2.5328E+02
0000288   7.2488E+01 -2.0953E+02 -8.7040E+01
0000289   7.4416E+01  2.3171E+02 -7.2718E+01
0000290   4.0014E+02 -3.3847E+01 -2.4963E+02
0000291   5.0596E+01  1.0709E+02 -1.0160E+02
0000292   2.4362E+02  1.1434E+02  1.5778E+01
0000294   9.1307E+01  4.3641E+01  1.5585E+02
0000295   2.0178E+02  1.3576E+01 -6.7179E+01
0000296   2.4193E+02 -5.0278E+01  1.8939E+02
0000297   4.2349E+02  1.1473E+02  7.5992E+01
0000298   2.0343E+02  1.4696E+02  2.1232E+01
0000299   2.7531E+02 -3.1295E+01  1.1318E+02
0000300   3.9176E+01  1.2607E+01  1.3047E+02
0000302   3.2045E+02 -1.5659E+02  1.4745E+01
0000303   4.1046E+01 -3.8718E+01 -6.0394E+01
0000304   4.1268E+02 -1.7987E+02 -3.4172E+02
0000306   2.6237E+02 -1.0055E+02 -1.0501E+02
0000307   1.4597E+02 -2.6719E+01  1.3014E+02
0000308   1.2507E+02 -1.1631E+02 -1.1753E+02
0000309   2.2515E+01 -4.9649E+01  5.4300E+01
0000310   1.6618E+02  1.1383E+02 -4.6707E+01
0000311   3.0881E+02 -1.4527E+02 -1.0498E+02
0000312   5.1910E+01  3.9219E+01  8.2517E+01
0000314   2.7610E+02  4.2101E+01 -6.6325E+01
0000315   1.4542E+02  1.2861E+01 -7.0731E+01
0000316   1.9598E+02  8.8890E+01  1.2045E+01
0000317   1.6067E+02 -4.9293E+01 -6.5305E+01
0000318   1.0693E+02 -7.5276E+01  7.1297E+01
0000319   1.2953E+02 -1.0465E+02 -1.3840E+02
0000320   1.4828E+02  5.7435E+01  7.7109E+01
0000321   1.4580E+02  6.6570E+00 -8.5743E+01
0000322   6.0459E+01 -1.1227E+01 -4.0398E+01
0000323   2.2934E+02  2.1324E+02  1.7229E+02
0000324   2.8187E+02  7.2898E+01  2.7259E+01
0000325   1.9702E+02 -5.1203E+01  2.1818E+01
0000326   4.0258E+02 -2.7914E+01 -8.9339E+01
0000327   1.6848E+02 -3.1571E+01  5.0588E+01
0000328   4.1975E+02  1.1079E+02  2.0615E+02
0000329   1.4876E+02 -1.5971E+02  3.2404E+02
0000330   2.2549E+02 -5.2053E+01 -1.1243E+02
0000331   2.6826E+02 -1.2506E+02  1.1457E+02
0000332   6.8825E+01 -8.8203E+01 -1.1824E+02
0000333   2.4920E+02  1.5967E+02 -4.7602E+00
0000334   1.0975E+02 -9.1067E+01  1.3192E+02
0000335   2.1904E+02  1.2177E+02  2.2061E+02
0000336   4.9075E+02 -1.2020E+02 -2.8606E+01
0000337   9.6592E+01  1.2010E+02  1.2806E+02
0000339   2.2529E+02  1.7638E+01 -1.0352E+02
0000340   2.1187E+02 -2.1164E+02  1.6026E+02
0000341   1.3908E+02  1.8263E+02  1.1343E+02
0000342   4.5070E+02  2.9217E+01 -9.4336E+01
0000343   8.4919E+01 -5.3945E+01 -1.0188E+02
0000344   9.1792E+01 -1.1040E+02 -8.9157E+01
0000345   4.7003E+01 -1.9165E+02 -1.5187E+02
0000346   7.2669E+01  4.0043E+01  2.9534E+02
0000347   2.9063E+02  1.1767E+02  6.0508E+01
0000348   2.1723E+02  7.1302E+01  2.1758E+01
0000349   1.7291E+02 -9.8898E+00 -6.9683E+01
0000350   1.9295E+02 -1.3966E+02  7.2352E+01
0000351   6.1901E+01 -1.1127E+02  9.2942E+01
0000352   1.0529E+02  5.0273E+01  1.7498E+02
0000353   3.1576E+02  2.2345E+02  1.5519E+02
0000354   2.4454E+02 -1.1468E+02 -2.7484E+02
0000355   2.2758E+02  1.6634E+02  2.9125E+00
0000356   1.7775E+02  6.2144E+01 -1.0603E+00
0000357   3.7462E+02 -2.5108E+01 -1.4993E+02
0000358   1.7147E+02 -5.3404E+01 -1.1477E+02
0000359   3.6824E+02  4.8491E+01  2.7879E+01
0000360   1.2681E+02  3.0249E+01  2.4660E+01
0000361   5.7190E+01 -2.0651E+01 -2.2119E+01
0000362   2.7874E+01  9.3405E+01 -7.4232E+01
0000363   5.0511E+02 -6.2801E-01  9.0223E+01
0000364   5.4567E+02 -3.1697E+00  2.1281E+02
0000365   3.3678E+02  8.6634E+01  5.7692E+01
0000366   1.1691E+02  3.8506E+01 -3.0719E+01
0000367   1.4657E+02 -1.2307E+02 -1.5832E+02
0000368   2.7958E+02 -2.0789E+02  1.3635E+02
0000369   1.5185E+02 -3.8276E+01 -6.1571E+01
0000370   1.2962E+02  2.1612E+01  3.7922E+01
0000371   2.3235E+02 -7.6066E+01  5.8738E+01
0000372   2.1338E+02  1.5970E+02 -1.9492E+02
0000373   6.2720E+01  3.1630E+02  3.9778E+01
0000374   4.6504E+01  1.6903E+01 -1.5304E+02
0000375   3.7169E+02 -8.5599E+01 -6.2809E+01
0000376   4.1884E+02 -1.9644E+01  8.0785E+01
0000377   1.3267E+02  4.8905E+00 -8.3489E+00
0000378   4.6553E+02 -9.4603E+01  8.5064E+01
0000379   2.0313E+02 -1.9801E+02 -8.5016E+01
0000380   3.1327E+02  9.6935E+01  1.4845E+02
0000381   4.3724E+01  1.9484E+02 -5.7596E+01
0000383   8.3960E+01 -9.1239E+01 -8.4058E+01
0000384   2.1578E+02 -1.1842E+02  4.4989E+01
0000385   3.2113E+01 -1.7069E+02 -1.9614E+01
0000386   1.8344E+02 -1.5457E+02  2.7165E+01
0000387   2.9592E+02  7.9582E+01  1.3424E+01
0000388   3.5464E+02  3.6907E+02 -1.2728E+02
0000389   2.1771E+02  2.2853E+01  1.6322E+02
0000390   2.0002E+02 -8.3172E+01 -2.6446E+00
0000391   2.9630E+02  4.1380E+02  1.6318E+01
0000392   4.1458E+02 -4.9420E+01  8.3264E+01
0000393   1.4448E+02  2.1383E+02 -6.4489E+01
0000394   1.8696E+02  6.3912E+00  1.7246E+02
0000395   4.5975E+02  2.5445E+01 -6.4239E+01
0000396   2.2449E+02  8.7134E+01 -5.0419E+01
0000397   5.8117E+01  1.0495E+02 -1.5522E+02
0000398   1.8806E+02 -2.2608E+01 -5.7051E+01
0000399   2.4001E+02 -2.6820E+02 -1.2295E+02
0000400   3.1735E+02 -1.2118E+02  1.0403E+02
0000401   1.7847E+02  2.4965E+02 -1.4191E+02
0000402   2.6040E+02  8.5987E+01 -3.5554E+01
0000403   2.1665E+02  7.0698E+01  1.5661E+02
0000404   2.0128E+02  6.4916E+01  3.4159E+01
0000405   5.6487E+01  1.7489E+02 -1.4003E+01
0000406   1.2971E+02 -1.7024E+02 -3.5343E+01
0000407   3.3117E+02  1.5515E+01  1.0395E+02
0000408   1.1632E+02 -2.2981E+02 -1.4778E+01
0000409   1.7308E+02 -1.8021E+02 -1.5406E+02
0000410   1.7200E+02 -2.4762E+02  1.4757E+02
0000411   1.4351E+02  1.3333E+01 -3.3404E+02
0000412   2.7631E+02 -2.9297E-01 -3.6490E+01
0000413   3.1606E+02 -1.0092E+02 -3.4663E+00
0000414   1.1610E+02 -2.7757E+01  1.1221E+02
0000415   3.9323E+02 -1.2822E+02  5.1765E+01
0000416   1.2466E+02 -6.1882E+01 -1.6243E+02
0000417   4.8807E+02  1.3732E+01  4.1417E+01
0000418   1.9476E+02  2.5410E+01 -1.6832E+02
0000419   1.6320E+02  2.6646E+01  9.6819E+00
0000420   1.6614E+02 -6.0456E-01  1.6265E+02
0000421   2.8479E+02 -1.7566E+02 -3.4618E+00
0000422   1.9310E+02  2.6737E+01  9.4286E+01
0000423   1.9552E+02  1.9212E+02 -1.6588E+02
0000424   2.2563E+02  1.7211E+02 -3.9053E+01
0000425   3.9080E+02  1.5317E+02 -2.3310E+01
0000426   2.8558E+02 -1.7793E+02  1.1611E+02
0000427   3.8070E+02  1.1662E+01  2.2806E+02
0000428   3.1496E+02  5.4085E+01  9.4380E+01
0000429   1.5346E+02  1.5274E+02  9.0831E+01
0000430   2.2243E+02 -8.6486E+01 -5.1221E+01
0000431   1.6022E+02  7.3117E+00  4.3251E+01
0000432   2.1067E+02  7.2587E+00 -7.9543E+01
0000433   2.2282E+02  1.4926E+02 -1.0617E+02
0000434   1.9908E+02 -1.2329E+01 -1.4715E+02
0000435   6.7598E+01  1.1345E+02  4.0870E+01
0000437   3.2463E+02 -6.5535E+01  2.1027E+01
0000438   1.7456E+02 -7.9948E+01 -5.0404E+01
0000439   2.5865E+02  2.5202E+01  2.1322E+02
0000440   1.3565E+02 -1.2953E+02 -3.1527E+01
0000441   9.4406E+01  1.3906E+02 -1.1052E+02
0000442   2.0658E+02  1.9864E+02  1.5951E+01
0000443   2.4168E+02 -9.0693E+01  2.7373E+02
0000444   4.7913E+02  1.0864E+02  1.4032E+02
0000445   1.4901E+02  4.9590E+01  8.2251E+01
0000446   1.1830E+02 -8.7129E+00  1.9684E+02
0000447   3.2045E+02  1.5680E+02 -1.8127E+02
0000448   1.0819E+02 -7.8084E+00  3.5732E-01
0000449   2.4226E+02 -1.8815E+02 -4.2411E+01
0000450   2.5154E+02 -8.9746E+01 -8.0267E+01
0000451   2.0013E+02  6.2052E+01  2.2270E+01
0000452   3.4886E+02  1.3231E+02  5.3442E+01
0000453   7.1859E+01  1.0127E+01  2.7779E+01
0000454   1.8695E+02  1.8588E+02 -8.6511E+01
0000455   3.7233E+02 -1.2743E+01 -4.7412E+01
0000456   2.2098E+02  6.3419E+01  1.0549E+02
0000457   1.7351E+02  1.4181E+02  9.5668E+01
0000458   9.7576E+01 -1.0456E+02  4.0605E+01
0000459   2.5993E+02 -5.8845E+01 -6.5486E+01
0000460   6.3246E+01  2.2572E+01  9.2588E+00
0000461   3.5513E+02  5.8370E+01 -1.6166E+01
0000462   4.7653E+02  1.3274E+02 -1.8053E+02
0000463   1.6610E+02 -2.0726E+02 -9.9965E+01
0000464   1.5222E+02 -7.6416E+01  1.3556E+02
0000465   3.6393E+02  3.1854E+01  1.3306E+01
0000467   3.5044E+02 -1.6760E+02 -2.5279E+01
0000468   1.5777E+02  1.6640E+02 -1.5532E+01
0000469   2.8871E+02  3.1367E+01  9.4205E+01
0000470   1.6316E+02  5.0353E+01  3.9890E+01
0000471   4.8506E+02 -5.0291E+01 -1.1402E+02
0000472   2.8816E+02  7.8535E+01  1.5091E+02
0000473   1.3963E+02  1.7652E+02 -1.6516E+01
0000474   7.6118E+01  1.2965E+02  7.7279E+01
0000475   1.6641E+02 -8.9527E+01  1.6265E+02
0000476   4.5828E+02 -1.5808E+01  8.7118E+01
0000477   3.7141E+01  9.4530E+00  3.0299E+01
0000478   2.1613E+02  2.3637E+01 -5.9545E+01
0000479   2.1294E+02 -1.8631E+02 -6.3015E+01
0000480   2.6440E+02  1.9333E+02 -9.3606E+01
0000481   1.8156E+02 -3.9191E+01  1.0226E+02
0000482   1.7782E+02 -8.2109E+01 -1.5545E+02
0000483   1.7879E+02 -8.2086E+01 -5.2037E+01
0000485   2.8095E+02  1.0248E+02  1.2703E+02
0000486   4.4647E+01  2.2794E+01  3.3610E+00
0000487   2.0325E+02 -5.9355E+01 -1.3052E+01
0000489   1.4865E+02 -1.0635E+02 -1.9787E+02
0000490   1.9017E+02  3.8889E+01 -1.0926E+02
0000491   1.5597E+02 -1.2072E+01 -1.6354E+01
0000492   1.5511E+02  2.1319E+02  6.8915E+00
0000493   1.0871E+02  1.0658E+02  3.9781E+02
0000494   1.7586E+02  1.0629E+01  2.5476E+01
0000495   2.8953E+02  2.8205E+01 -1.8701E+02
0000496   4.0305E+02 -9.3051E+01  1.2833E+02
0000497   3.3861E+02 -5.8286E+01 -3.9211E+01
0000498   2.7173E+02  6.1206E+01 -1.0950E+02
0000499   1.5171E+02  7.6436E+00  1.5416E+02
0000500   2.9916E+02  1.1694E+02  2.0892E+02
0000501   3.5739E+02  7.4351E+01  9.7402E+01
0000502   2.5508E+02  2.7128E+01  1.1152E+02
0000503   1.4723E+02  1.0292E+02  3.9753E+01
0000504   7.8749E+01 -4.5498E+01 -2.1270E+02
0000505   2.2442E+02  7.6135E+01 -2.1178E+02
0000506   3.4941E+02  5.6615E+01 -1.7047E+02
0000507   2.5138E+02  1.5664E+02 -8.3279E+00
0000508   1.2632E+02 -2.2142E+02  1.2213E+02
0000510   2.9971E+02  7.8352E+01  1.7195E+01
0000512   1.8324E+02 -1.2053E+02 -2.1323E+01
0000513   9.4888E+01  2.6987E+02 -2.6014E+01
0000514   1.9936E+02 -1.3098E+02 -6.7443E+01
0000515   4.1686E+02  5.6469E+01 -1.3074E+02
0000516   1.6078E+02 -1.4237E+02  1.0351E+01
0000517   1.2204E+02 -3.3406E+01  4.5656E+01
0000518   3.0556E+02 -4.8669E+01  6.7470E+01
0000519   2.6191E+02  6.5904E+01 -5.2248E+01
0000520   2.5567E+02  2.8824E+00  1.0513E+01
0000521   9.9258E+01 -2.8730E+01  1.8443E+02
0000522   1.2076E+02 -1.6058E+02  6.3110E+01
0000523   2.2845E+02  9.1416E+01 -1.3230E+02
0000524   5.0921E+01 -1.5544E+00  2.2873E+02
0000525   2.9158E+02  5.7921E+01  9.9276E+01
0000526   3.1755E+02 -5.6372E+01  8.9891E+01
0000527   1.5243E+02 -1.5982E+02 -1.0869E+01
0000528   1.2970E+02  5.1560E+01 -8.1076E+01
0000529   2.7458E+02 -1.4475E+02 -3.0157E+02
0000531   2.1461E+02  9.3126E+01 -1.6953E+02
0000532   3.5934E+01 -1.7678E+02  8.6333E+01
0000533   4.7430E+02 -2.5645E+01 -1.5766E+02
0000534   3.4886E+02 -1.1925E+01  6.1405E+00
0000535   4.4889E+02 -2.0393E+02 -1.3813E+02
0000536   1.9771E+02 -4.4868E+01  2.2805E+02
0000537   3.1241E+02 -1.8222E+02  5.4565E+01
0000538   3.0158E+02 -1.3698E+02 -1.6764E+02
0000539   3.2972E+01 -6.6426E+00  7.4496E+01
0000540   4.1090E+02 -8.4023E+01 -6.7214E+01
0000541   3.6785E+02  6.2148E+00  8.7647E+01
0000542   3.9930E+02 -1.5267E+02 -2.2367E+02
0000543   2.5722E+02  1.1617E+02  5.4489E+01
0000544   6.5232E+01 -1.3118E+02  3.4456E+01
0000545   3.1885E+02  1.2519E+02 -2.3131E+02
0000546   1.3236E+02 -1.2375E+02  4.0871E+01
0000547   6.5231E+02 -9.3263E+01 -4.3816E+01
0000548   1.3601E+02  3.6214E+01  3.1018E+02
0000549   1.3942E+02 -2.6178E+01 -2.1093E+02
0000550   2.0287E+02 -1.4580E+02  1.9333E+02
0000551   1.7446E+02  1.9153E+02  1.8969E+02
0000552   1.9360E+02  3.7802E+00  1.1425E+02
0000553   3.3244E+02 -1.4008E+02  1.4121E+02
0000554   1.7853E+02  4.7767E+01  1.5577E+02
0000555   2.0091E+02  5.3450E+01  2.0886E+01
0000556   4.7765E+01 -5.2603E+01 -1.3860E+02
0000557   3.6223E+02  4.9465E+01 -1.1823E+02
0000558   1.8514E+02  8.0994E+01  7.5443E+01
0000559   8.7174E+01 -1.2776E+02  1.0224E+02
0000560   1.4456E+02  3.7381E+01  2.6447E+01
0000561   4.3160E+02 -1.0154E+02 -5.8032E+01
0000562   2.0638E+02 -6.7674E+01  2.2232E+02
0000563   9.2862E+01  8.9939E+01 -1.6598E+02
0000564   3.1117E+02 -2.5845E+01 -1.6701E+02
0000565   4.3362E+01 -4.0201E+01 -2.7407E+02
0000566   1.1258E+02  2.7995E+01 -2.8442E+01
0000567   2.2298E+02 -4.9332E+01  3.3736E+00
0000568   2.2535E+02  9.8752E+01  1.0216E+02
0000569   1.6324E+02  2.2352E+02 -5.7397E+01
0000571   3.8674E+02 -1.4476E+02 -2.2370E+01
0000572   1.8267E+02 -1.7123E+02 -2.3505E+02
0000574   1.1371E+02  1.3566E+01  5.1125E+01
0000575   2.1481E+02 -6.2107E+01  6.0824E+00
0000576   1.1878E+02 -3.2432E+01  1.3109E+02
0000577   3.6279E+02  2.0536E+02  9.4293E+01
0000578   1.8781E+02 -4.9244E+01 -4.8039E+01
0000579   8.4610E+01 -1.2818E+01 -1.4431E+02
0000580   3.0536E+01 -5.0207E+01  7.7566E+01
0000581   1.5498E+02 -1.0126E+02 -5.0301E+01
0000582   1.9081E+02 -1.0158E+02 -5.0553E+01
0000583   1.1350E+02  7.4695E+01 -3.5014E+01
0000584   2.2662E+02 -9.2800E+01  1.5679E+02
0000585   3.1453E+02  4.8244E+00  1.4833E+02
0000586   2.9491E+02  8.4252E+01  2.7902E+01
0000587   2.4017E+02  1.2493E+02 -4.1295E+01
0000588   3.6394E+02 -1.4104E+02  1.3355E+02
0000589   8.1291E+01  1.0869E+02 -2.9392E+02
0000590   2.8547E+02  3.3262E-01 -5.2642E+01
0000591   7.6027E+01 -1.3876E+02 -7.1797E+01
0000592   2.7137E+02  1.5758E+02  3.3357E+02
0000593   1.2467E+02 -1.1268E+02  1.5274E+01
0000594   2.7865E+02 -6.0418E+01  2.4695E+02
0000595   1.4003E+02  5.7541E+00 -1.1029E+02
0000596   2.4473E+02 -1.9385E+02 -7.7335E+01
0000597   9.5182E+01  3.2533E+01 -1.7656E+01
0000598   1.6253E+02 -1.3406E+01  1.5869E+02
0000599   1.0805E+02  1.6217E+02  8.7754E+01
0000600   2.7107E+02 -1.6768E+00 -1.5209E+01
0000601   1.4718E+02  3.5363E+02 -6.8837E+01
0000602   1.6412E+02 -1.2086E+02 -5.3027E+01
0000603   3.5333E+02 -9.1628E+00  3.3840E+01
0000604   2.3105E+02  9.6614E+01  1.3190E+02
0000605   4.1563E+02 -7.5650E+01  1.3683E+02
0000606   2.3913E+02 -2.7190E+01 -1.5941E+02
0000607   3.3780E+01  8.5505E+01  2.9927E+01
0000608   1.5542E+02  1.8086E+02  3.7727E+02
0000609   1.5446E+02  2.0284E+02 -7.4616E+01
0000610   3.3401E+02  1.3201E+02  2.2022E+02
0000611   1.1040E+02 -9.7643E+01 -5.8732E+01
0000612   1.9652E+02 -1.4284E+00  1.8912E+02
0000613   4.3997E+02  2.0000E+01 -1.4330E+02
0000615   5.1216E+02 -4.0957E+01  1.4898E+02
0000616   3.6440E+02 -1.5326E+02 -7.7224E+01
0000617   2.4895E+02  8.1420E+01 -5.6308E+01
0000618   2.0538E+02 -1.0373E+02  3.1113E+00
0000619   2.2642E+02  5.9250E+00  1.7640E+02
0000620   4.6617E+01 -1.5719E+02 -5.4533E+01
0000621   1.9468E+02  1.3959E+02  1.7973E+01
0000622   4.1243E+02 -9.6792E+01 -7.4893E+01
0000623   1.2693E+02  9.7796E+01  1.4665E+02
0000625   3.7041E+02  1.7498E+01  6.4588E+01
0000626   4.1957E+02  3.3346E+01  1.5659E+02
0000627   9.5003E+01 -1.8620E+02 -1.2961E+02
0000628   1.8203E+02 -7.5605E+01 -2.3248E+02
0000629   1.8889E+02 -9.5555E+01  7.7438E+01
0000630   1.9030E+02 -2.3825E+02  6.2873E+00
0000631   2.7488E+02 -6.9010E+01  2.4712E+02
0000632   1.9164E+02 -2.3475E+01  6.3407E+01
0000633   1.6567E+02  4.2073E+01  5.1731E+01
0000634   1.6404E+02  8.2861E+01  3.8790E+01
0000635   1.7783E+02  5.2880E+01  1.5870E+01
0000636   2.6578E+02 -1.1999E+02 -5.0510E+01
0000637   2.0344E+02  9.7899E+01 -1.5908E+01
0000638   3.7152E+02 -1.1452E+02 -4.7335E+01
0000639   2.0715E+02 -3.0785E+02  1.4852E+02
0000640   1.3507E+02 -6.6950E+00  7.9481E+01
0000641   2.3459E+01  4.8361E+01  3.0001E+01
0000642   1.0735E+02 -1.8023E+02 -2.9771E+01
0000643   2.6328E+02  6.1540E+01 -6.9648E+00
0000644   4.2195E+02 -5.5638E+01  7.3391E+01
0000645   2.4636E+02 -3.4235E+01  1.3227E+02
0000647   2.9240E+01  9.0603E+01 -7.3959E+01
0000648   1.3416E+02  4.6721E+00  1.3221E+02
0000649   1.8196E+02  5.8523E+00  1.3626E+02
0000650   3.0016E+02  8.5766E+01  2.0165E+01
0000651   5.5995E+01  2.5219E+01  3.8174E+01
0000652   2.0870E+02 -1.7861E+01  4.6227E+01
0000653   2.8028E+02  2.4437E+02 -8.0422E+01
0000654   2.8037E+02 -6.2221E+01 -8.4383E+01
0000655   2.1968E+02  1.4768E+02  2.2726E+02
0000656   1.2810E+02 -3.6917E+01  4.0375E+01
0000657   5.6875E+02  5.8385E+01 -9.0247E+01
0000659   2.8187E+02  4.6472E+00  4.8917E+01
0000660   2.3120E+02 -8.8695E+01  6.8419E+00
0000661   1.2820E+02 -9.3600E+01  1.4522E+01
0000663   4.1756E+02 -6.9291E+01  1.6410E+02
0000664   4.1806E+02 -1.5123E+02 -6.9152E+01
0000665   8.3587E+01  5.8014E+01  9.1158E+01
0000666   1.5456E+02 -2.0741E+01  6.0937E+01
0000668   4.5556E+02  3.2606E+01  1.2081E+02
0000669   1.9015E+02 -1.2896E+02 -1.7353E+02
0000670   2.3632E+02  1.1990E+01 -5.4248E+01
0000671   2.5046E+02  5.5490E+01 -1.1022E+02
0000672   6.4631E+01  1.5299E+02 -1.2922E+02
0000673   2.3028E+02 -1.3924E+02 -8.4643E+01
0000674   2.0278E+02  6.0781E+01  1.3941E+02
0000675   1.2715E+02 -1.6049E+02  4.9296E+01
0000676   2.6903E+02  4.2307E+01  2.9300E+01
0000677   1.4147E+02 -1.3955E+02 -8.7333E+01
0000678   3.5287E+02  3.8950E+01 -8.0761E+01
0000679   7.1372E+01 -6.5864E+01 -1.3272E+02
0000680   1.2101E+02 -1.2172E+02 -2.3210E+02
0000681   4.1136E+02  2.0814E+02 -9.8991E+01
0000682   1.4041E+02 -5.0917E+01  3.7349E+01
0000684   7.1585E+01 -2.9798E+02 -1.8504E+01
0000685   2.6279E+02 -3.9492E+01  7.3406E+01
0000686   3.6627E+02 -1.5064E+02  6.4063E+01
0000687   1.9606E+02  7.6602E+01 -3.0928E+01
0000688   1.5349E+02  9.0169E+01 -1.0953E+02
0000689   2.3481E+02  1.5358E+02 -2.3242E+02
0000691   1.9933E+02 -1.4420E+00  1.1710E+02
0000692   3.1553E+02  9.5799E+01 -2.1987E+02
0000693   4.2231E+02  6.1100E+01  1.6656E+02
0000694   1.8903E+02  5.8583E+00  1.0013E+02
0000695   3.1037E+02  7.3076E+01 -9.3486E+00
0000696   3.2390E+02 -7.1220E+01 -7.3716E+01
0000697   1.8819E+02  2.3913E+01 -2.5317E+02
0000698   3.2741E+02 -1.5457E+02 -1.8306E+02
0000699   1.7447E+02 -1.8938E+02  5.7507E+01
0000700   1.1616E+02  1.1866E+02  2.3706E+01
0000701   6.8503E+01  7.6733E+01 -2.1801E+02
0000702   2.2381E+02  1.2297E+02  3.2735E+01
0000703   2.9349E+02 -4.9105E+01 -4.4577E+01
0000704   1.3883E+02 -6.1277E+01  2.6302E+02
0000705   2.3858E+02 -2.9352E+02 -3.4703E+01
0000706   3.2177E+02 -1.1880E+01 -3.0638E+01
0000709   4.0084E+01  2.5338E+01  2.4774E+02
0000711   1.3513E+02 -1.8426E+01  1.5247E+02
0000712   3.1049E+02 -2.8821E+01 -1.5354E+02
0000713   1.8681E+02  1.0418E+02 -2.7748E+01
0000715   2.1038E+02  5.9458E+01 -6.8317E+01
0000716   1.0529E+02 -3.5777E-01 -5.8122E+01
0000718   1.6530E+02 -2.3840E+01 -8.2008E+00
0000719   1.4172E+02  6.3497E+01  2.0907E+02
0000720   1.4201E+02 -3.0204E+01  1.2407E+02
0000721   3.7832E+02 -4.1391E+01  2.7154E+01
0000722   2.2498E+02  7.4046E+01  1.7128E+01
0000723   1.1689E+02  4.5975E+01  8.6145E+01
0000724   3.4962E+02 -1.4892E+02  8.4455E+01
0000725   1.9725E+02 -1.2720E+02  8.5720E+01
0000726   1.4117E+02 -6.8953E+01 -2.9888E+01
0000727   3.4986E+02 -1.3787E+02  4.0359E+01
0000728   1.3315E+02  1.8765E+02  7.6604E+01
0000729   1.5200E+02  6.1124E+01  7.3585E+01
0000730   3.7914E+02  1.7498E+02 -4.2101E+01
0000731   9.7567E+01  9.0891E+01  5.3357E+01
0000732   2.8893E+02 -1.6927E+01  4.2062E+00
0000733   2.4013E+02  4.0144E+01 -5.1079E+01
0000734   2.3417E+02  1.6833E+01 -1.2614E+02
0000735   6.7251E+01 -1.3959E+02  3.5754E+01
0000736   2.4933E+02 -1.1998E+02 -9.1018E+01
0000737   9.5978E+01 -8.9716E+01 -5.0189E+01
0000738   2.1670E+02 -1.3811E+01 -2.1822E+00
0000739   2.7155E+02  1.6444E+02  2.5426E+01
0000740   2.2167E+02  9.4655E+01 -8.7588E+01
0000742   3.1283E+02 -1.4187E+02 -2.6931E+01
0000743   1.5429E+02 -4.4173E+00  1.6331E+02
0000744   2.1284E+02  8.2366E+01 -5.3746E+01
0000745   3.4634E+02 -1.6932E+02  2.6238E+02
0000746   3.1633E+02  2.3117E+02 -4.8143E+01
0000748   3.0705E+02 -2.0370E+02 -8.1786E+01
0000749   2.3274E+02 -2.5330E+01  3.4212E+00
0000750   2.7861E+02 -5.0368E+01  6.2660E+01
0000751   1.0957E+02  4.7492E+01  1.4882E+02
0000752   2.0232E+02 -1.8324E+02 -1.7659E+02
0000753   1.3558E+02  4.5739E+01  2.1151E+02
0000754   3.3960E+02  1.9808E+02 -2.6356E+02
0000755   2.1029E+02 -2.2531E+02  2.8924E+00
0000756   2.5882E+02  3.0003E+01  3.0202E+01
0000757   1.0469E+02 -1.7198E+02  8.2622E+01
0000758   2.9198E+02 -1.9005E+02  1.4948E+02
0000759   3.0910E+02 -1.2127E+02 -1.0372E+02
0000760   1.1356E+02  1.5972E+02 -4.2185E+01
0000761   8.8493E+01  1.2351E+02  6.0045E+01
0000762   9.0970E+01  3.9613E+01 -1.0982E+02
0000763   2.0546E+02  4.1128E+01 -4.1120E+01
0000764   1.5139E+02  1.2306E+01  2.0106E+01
0000766   3.2203E+02 -1.1925E+02  1.1984E+01
0000767   8.1396E+01  8.2869E+00 -3.4505E+01
0000768   2.8244E+02 -9.3021E+01 -2.7167E+02
0000769   2.2448E+02 -9.0477E+01 -1.5676E+01
0000770   3.8742E+01  6.0429E+01 -8.0223E+01
0000771   1.6456E+02 -2.1503E+02 -2.6304E+01
0000772   9.0674E+00 -1.0767E+02  1.1626E+02
0000773   1.7282E+02  4.4140E+01  2.7325E+00
0000774   2.3619E+02  5.4205E+00 -1.2080E+02
0000775   1.9428E+01  1.7761E+02  1.7086E+02
0000776   2.6488E+02  1.2644E+02  4.6574E+01
0000777   3.7679E+01 -1.5680E+01 -1.7508E+01
0000778   1.8329E+02  2.4148E+01  3.2200E+01
0000779   1.4425E+02  3.2399E+02  5.6091E+01
0000780   5.9784E+01 -1.0388E+02 -1.1244E+02
0000781   1.2071E+02  8.2958E+01  2.5064E+02
0000782   2.8542E+02 -3.7809E+02 -5.3737E+01
0000783   2.4519E+02  3.8139E+01 -8.9728E+00
0000785   2.1299E+02 -1.2242E+01  7.9145E+01
0000786   1.1363E+02 -1.2589E+01  5.1264E+01
0000787   2.9063E+02  6.8380E+01  1.3278E+02
0000789   1.5680E+02  6.3777E+01  1.6034E+02
0000790   3.4949E+02 -5.8165E+01  2.0428E+02
0000791   3.3542E+02 -3.5454E+01 -7.3466E+01
0000792   2.7958E+02  3.1867E+02 -2.3526E+02
0000793   7.4097E+01 -5.9835E+01 -9.3709E+01
0000794   1.8334E+02 -2.5606E+02 -5.6222E+00
0000796   1.1550E+02  1.6232E+01  1.9276E+02
0000797   2.5223E+02  2.4652E+02  3.4832E+01
0000798   3.1564E+02  1.5869E+01 -6.4580E+01
0000799   2.6775E+02 -1.3257E+02  1.6440E+02
0000800   1.4610E+02 -1.3051E+02  1.2233E+02
0000801   1.0456E+01  1.7455E+01 -1.7794E+02
0000802   2.4499E+02  6.9218E+01 -1.8937E+01
0000803   2.5424E+02  2.0776E+02 -2.7397E+00
0000804   3.7055E+02  4.2073E+01 -2.8297E+01
0000805   2.9776E+02  1.1707E+02  5.6954E+01
0000807   9.3537E+01 -9.4340E+01 -1.0931E+02
0000808   3.8436E+02  1.5018E+00 -7.7587E+01
0000809   2.1853E+02 -3.3705E+01  2.5276E+01
0000810   2.2356E+02 -9.0150E+01 -9.0661E+01
0000811   1.7343E+02 -6.5758E-01  7.2066E+01
0000812   9.7186E+01 -8.0233E+01  6.2084E+01
0000813   3.0943E+02  9.8309E+01  8.7283E+01
0000814   1.1888E+02  1.2373E+01  1.1413E+02
0000815   3.0655E+02 -4.5768E+01  1.5218E+02
0000816   2.0277E+02 -1.2559E+02 -7.3435E+01
0000818   1.4694E+02  8.2028E+01 -8.2387E+01
0000819   2.8152E+02  5.5524E+01  1.6908E+02
0000820   4.0552E+02  5.6717E+01  4.1726E+01
0000821   2.3540E+02 -8.6980E+01  2.3466E+02
0000822   2.9723E+02 -5.3901E+01  5.5958E+01
0000823   4.6779E+01 -5.2437E+01  2.5385E+01
0000824   6.1192E+00 -1.3402E+02 -1.2194E+02
0000825   1.0138E+02  1.5890E+02  2.7109E+01
0000826   1.4138E+02  1.2058E+01  9.7118E+01
0000827   4.2510E+02  3.4153E+02 -1.4818E+02
0000828   1.2593E+02 -8.8800E+01 -2.8108E+02
0000829   3.0115E+02 -1.5850E+02  6.0034E+01
0000830   3.7042E+02  8.3765E+01 -2.2664E+01
0000831   4.5761E+02  6.0748E+01 -2.5928E+02
0000832   3.4452E+02  3.8428E+01 -3.7264E+01
0000833   1.3368E+02 -2.7260E+02 -1.2924E+02
0000834   4.5743E+01 -8.1911E+00 -5.1818E+01
0000835   2.3576E+02  7.8845E+01  1.4030E+01
0000836   3.8970E+02 -2.3617E+02 -3.9359E+00
0000837   2.2308E+02 -7.1662E+01  5.0931E+01
0000838   1.4802E+02  7.8777E+01  2.3294E+01
0000839   1.6637E+02  8.6063E+00 -6.7769E+01
0000840   1.6881E+02 -1.6321E+02  2.2263E+01
0000841   1.5780E+02  2.6450E+00 -7.9682E+01
0000842   4.2495E+02  3.7450E+01 -1.1533E+02
0000843   2.8988E+02 -9.1282E+01 -1.1555E+01
0000844   1.7800E+02 -1.3152E+02  7.6841E+01
0000845   3.8807E+02 -1.4458E+02 -2.8828E+02
0000846   2.3155E+02  1.6125E+02 -5.4563E+01
0000847   4.7210E+02  1.6873E+02 -8.5192E+01
0000848   2.4354E+02 -1.2519E+02  1.6080E+01
0000849   1.1586E+02 -2.1471E+01  2.9923E-01
0000850   3.7379E+02 -3.3943E+01 -2.7049E+01
0000851   3.8794E+02  2.2453E+01  1.8444E+02
0000852   2.1589E+02 -3.7644E+01  2.6656E+01
0000853   3.8794E+02  9.2372E+01 -2.5428E+02
0000854   1.4760E+02 -7.9202E+01  2.5715E+02
0000855   1.4976E+02  4.5650E+00  1.2283E+02
0000858   2.3409E+01 -1.0531E+02  2.5511E+01
0000859   3.7402E+02  4.2142E+01 -1.0393E+02
0000860   2.3246E+02  1.4562E+02 -4.3870E+01
0000861   4.9982E+01  1.5332E+02  5.4560E+01
0000863   1.7694E+02 -5.0340E+01 -1.6156E+02
0000864   3.3529E+01  6.8207E+01  8.6420E+01
0000865   4.2231E+02  1.1950E+02  9.7450E+01
0000866   1.7044E+02  2.0147E+02  7.8250E+01
0000867   1.9891E+01 -7.4653E+01  7.7457E+01
0000868   2.6084E+02  3.5182E+01  4.2911E+01
0000869   1.5150E+02  8.7556E+01 -2.4022E+02
0000870   4.0425E+02  7.4008E+01  6.0148E+01
0000871   3.3231E+02  5.5293E+01  1.9356E+02
0000872   2.3407E+02  2.2126E+02  1.7737E+02
0000873   1.8650E+02 -2.4301E+00  1.0235E+02
0000874   2.2960E+02  4.0465E+01 -1.6679E+02
0000876   1.6456E+02 -5.5098E+01  1.6544E+02
0000877   2.0549E+02  3.8154E+01  1.1906E+02
0000878   2.7924E+02  2.2193E+01 -1.3680E+02
0000879   2.4458E+02  7.7107E+00  1.3966E+02
0000880   4.8012E+01 -6.5777E+01 -2.1347E+02
0000881   1.1499E+02  4.7014E+01  1.3350E+02
0000882   1.2472E+02 -6.8697E+01 -7.1201E+01
0000883   2.5965E+02  4.1571E+01 -6.7169E+00
0000884   2.2302E+02 -1.9338E+01  3.2928E+01
0000885   2.7840E+02 -1.3228E+02  6.9844E+01
0000886   8.6086E+01 -7.3033E+01  3.0936E+01
0000887   9.3490E+01  1.1112E+02 -2.0256E+02
0000888   1.9020E+02 -1.3959E+02 -4.6465E+01
0000889   1.9275E+02 -8.3130E+01  1.2311E+02
0000890   2.1340E+02  1.4723E+02  4.3230E+01
0000892   6.5782E+00  1.7310E+02 -9.2505E+01
0000893   1.6845E+02  3.3682E+01  1.6626E+01
0000894   4.8481E+01  1.1558E+02  7.5124E+01
0000895   2.1471E+02 -2.0591E+02 -2.2594E+02
0000896   1.7649E+02 -9.3341E+01 -9.7007E+01
0000897   3.6768E+02 -3.8344E+01 -1.1112E+02
0000898   3.5082E+02  1.2556E+02 -7.3095E+01
0000899   1.9153E+02  1.6502E+02 -1.1315E+02
0000900   7.0798E+01  6.5443E+01 -6.2747E+01
0000901   9.0985E+01 -2.5929E+02  7.8739E+01
0000902   4.0723E+02  9.3327E+01  1.6020E+02
0000903   3.4404E+01  1.2091E+02 -5.3373E+01
0000904   1.2888E+02 -3.6613E+01  3.6687E+02
0000905   4.5009E+02 -9.7907E+01  5.1815E+01
0000906   3.1092E+02  6.1786E+01 -1.4446E+01
0000907   3.1142E+02 -9.3574E+01  6.6211E+01
0000908   1.4657E+02 -9.3279E+01 -2.1253E+02
0000909   1.0296E+02 -3.2459E+01 -6.4411E+01
0000910   3.3445E+02  1.7189E+02 -1.6879E+02
0000911   3.8037E+02  8.4291E+01 -2.8756E+02
0000912   2.3773E+02  3.1299E+02 -3.1871E+01
0000913   1.0776E+02  1.0071E+02 -2.7226E+02
0000914   2.8031E+02 -9.8942E+01 -1.5831E+02
0000915   4.8615E+01 -2.5162E+00 -1.7543E+02
0000916   2.4853E+02  2.9503E+01 -4.5930E+01
0000917   2.3604E+02  6.1909E+00 -1.1981E+02
0000918   1.3767E+02  3.1833E+01  1.0238E+02
0000919   1.4501E+02 -4.0719E+01  4.9920E+01
0000920   3.2899E+02 -7.3889E+01  2.9557E+02
0000921   1.1280E+02  2.3431E+02 -1.2712E+02
0000922   3.3113E+01  4.7925E+01 -7.2861E+01
0000924   3.8771E+02 -6.3985E+01 -1.1791E+02
0000925   2.2972E+02 -7.9718E+01 -3.4659E+02
0000926   3.1939E+02  1.4918E+01  1.7928E+01
0000927   3.0490E+02  4.1013E+01  8.7291E+01
0000928   2.9196E+02 -1.1189E+02 -7.4658E+01
0000929   3.7698E+02 -1.9022E+02  2.7477E+01
0000930   2.1519E+02  1.0339E+01  2.6328E+01
0000931   1.0691E+02 -4.6195E+00 -1.1722E+02
0000932   5.3117E+01  4.2374E+01 -1.7213E+02
0000934   5.0865E+02 -1.5525E+01 -1.8018E+02
0000935   1.3245E+02  9.2083E+00 -2.9985E+01
0000936   1.3830E+02  8.8544E+01 -1.3481E+01
0000937   2.5525E+02 -5.2587E+01  3.7656E+01
0000938   1.6780E+02  1.0104E+02  1.0326E+02
0000939   2.6842E+02 -1.1930E+02  7.4366E+01
0000940   1.2815E+02  2.1411E+02  1.9336E+02
0000941   3.5873E+01  1.7516E+02 -8.8350E+01
0000942   2.4062E+02  9.5897E+01  1.0212E+02
0000943   1.5590E+02  4.2512E+01 -9.8611E+01
0000944   4.3541E+02 -2.0841E+02 -2.4085E+02
0000945   2.6229E+02  2.0373E+01  1.1368E+02
0000946   6.6838E+01 -2.8130E+01  2.4282E+02
0000947   9.7044E+01 -2.2835E+01 -1.7586E+02
0000948   1.7743E+02  1.6472E+02 -6.3864E+01
0000949   3.9589E+02  1.0750E+02 -1.0129E+02
0000950   5.7595E+01 -1.0525E+01 -1.1490E+02
0000951   3.4484E+02 -2.1534E+02 -2.3919E+01
0000952   4.2245E+02  1.1037E+02 -7.8222E+01
0000953   1.4912E+02  3.9016E+01 -4.5288E+01
0000954   1.8191E+02  2.0309E+02  7.4168E+01
0000955   4.7927E+02 -4.4890E+01 -1.1282E+02
0000956   2.8709E+02 -5.7957E+01  2.2415E+02
0000957   1.3800E+02  1.3851E+02 -1.5885E+02
0000958   3.4795E+02  4.1344E+01 -1.8687E+00
0000959   2.9435E+02 -3.1567E+02 -1.9576E+02
0000960   1.0925E+02  4.6128E+01  7.0002E+00
0000961   6.6543E+01 -3.6890E+01  8.1885E+01
0000963   1.2703E+02  1.5238E+02 -4.4116E+01
0000964   2.2575E+02  3.4858E+02  7.3778E+01
0000965   3.0226E+02  3.6245E+01 -7.7100E+01
0000966   3.1148E+02 -1.4819E+02  1.0384E+02
0000967   1.0152E+02 -8.0809E+01  3.4690E+02
0000969   1.3991E+02  1.6504E+01 -6.5706E+01
0000970   1.8621E+02 -2.2964E+01  1.0174E+02
0000971   1.5298E+02 -8.3237E+01  3.1426E+00
0000972   8.2494E+01  8.9667E+01  2.5250E+02
0000973   1.8252E+02 -1.4522E+02 -1.3589E+02
0000974   1.6122E+02 -1.8675E+02  2.2444E+02
0000975   2.9734E+02  3.4965E+01 -6.5932E+01
0000976   2.0008E+02 -7.9631E+01  1.0430E+02
0000977   4.4774E+02  4.2152E+01 -2.0886E+02
0000978   9.4374E+01 -3.2796E+00 -1.7825E+02
0000979   3.1377E+02  2.6881E+01 -4.1524E+01
0000980   2.6448E+02  4.9869E+01 -2.9925E+01
0000981   1.7134E+02 -1.5909E+02  9.0572E+01
0000982   1.6892E+02 -9.8283E+00 -3.1280E+00
0000983   3.1703E+02 -2.0321E+02 -1.2622E+02
0000984   1.5338E+02 -3.1732E+01  1.2123E+02
0000985   1.1797E+02  1.9630E+02 -6.6968E+01
0000986   2.6289E+02 -1.1209E+01  1.8889E+02
0000987   3.5763E+02 -1.9837E+02 -3.1622E+02
0000988   4.0253E+02 -2.9126E+02  3.2567E+01
0000989   1.4524E+02  3.8129E+01  1.4678E+02
0000990   2.1788E+02 -1.7753E+02 -6.5550E+01
0000991   3.0890E+02  1.0574E+02 -4.5673E+01
0000992   3.2526E+02 -1.2998E+01 -1.2286E+02
0000995   7.0187E+01 -8.6346E+01  6.4692E+01
0000996   1.4407E+02  5.6209E+01  6.4285E+01
0000997   1.9941E+02 -3.2582E+00 -5.8460E+01
0000999   3.6835E+02 -1.1852E+02  7.4197E+01
0001000   1.5341E+02  2.5696E+01  8.5462E+01
