============================== SRIM-2013.00 ==============================
==============================================================================
====== SRIM Outputs\RANGE_3D.txt : File of Final Ion Positions =====

Ion =  F (09)   Ion Mass= 018.9984
Energy  = 4000000.E-05 keV
Ion Angle to Surface = 00.0 degrees
==================== TARGET =======================
  Layer # 1 - None
  Layer # 1 - Bottom Depth=500000.E-01 A
  Layer # 1 - Density =0007.8700 g/cm3
  Layer # 1 -  100 % of Fe
様様様様様様様様様様様様様様様様様様様様様様様様様様
                                            
Ion       Depth  X   Lateral Y   Lateral Z  
Number    (Angstrom) (Angstrom)  (Angstrom) 
-------  ----------- ----------- -----------
0000001   3.0415E+02  1.7401E+01 -2.7317E+01
0000002   3.7383E+02  2.5670E+02 -1.3592E+02
0000003   6.0699E+02  1.3555E+01 -1.7045E+01
0000004   6.1232E+02  9.0550E+01  1.9389E+02
0000005   2.4683E+02 -1.6368E+02  3.8322E+02
0000006   4.6746E+02 -2.2354E+02 -2.5166E+02
0000007   4.0524E+02 -9.5255E+01  1.8341E+01
0000008   6.5774E+02  8.2667E+01 -1.5007E+02
0000009   5.5890E+02 -2.6144E+02 -8.4188E+01
0000010   2.7947E+02  1.1207E+02  1.3217E+02
0000011   3.0762E+02  7.2321E+02 -2.2312E+02
0000012   3.5938E+02  1.3533E+02  1.0167E+02
0000013   6.2572E+02 -8.6708E+01 -1.9129E+01
0000014   5.0881E+02  4.2030E+02 -3.1914E+01
0000015   2.4595E+02 -1.4288E+02 -3.1311E+02
0000016   1.5090E+02 -2.0752E+01 -5.8187E+01
0000017   5.2373E+02 -6.7015E+01  3.6217E+02
0000018   3.3969E+02 -2.7748E+02  1.5791E+02
0000019   6.8822E+02  1.9593E+02  2.0022E+02
0000020   6.6518E+02 -4.2799E+01 -1.7401E+02
0000021   2.0816E+02 -2.2336E+02 -1.5459E+02
0000022   5.9636E+02  9.6954E+01  3.6444E+02
0000023   3.4711E+02 -6.0180E+01  9.1503E+01
0000024   3.8141E+02  2.4623E+02  1.6556E+00
0000025   3.2915E+02  9.2170E+01 -2.7729E+02
0000026   7.5386E+02 -3.2194E+02  2.6162E+02
0000027   3.1258E+02 -4.9545E+02  1.2813E+01
0000028   4.6868E+02  2.1507E+02  1.5173E+02
0000029   8.7941E+02 -8.5240E+01 -2.3306E+02
0000030   2.5036E+02 -2.9855E+01 -1.9322E+02
0000031   1.8606E+02  3.6811E+00  1.7892E+02
0000032   1.3106E+02 -2.0072E+02 -1.6032E+02
0000033   4.5879E+02 -2.8269E+02 -1.6005E+02
0000034   5.4571E+02  4.6601E+01  2.1222E+02
0000035   5.9914E+02 -8.5005E+00  4.0994E+02
0000037   5.3144E+02  9.6308E+01 -3.1853E+02
0000038   5.1771E+02 -1.7545E+02 -8.0188E+01
0000039   1.8835E+02  2.3594E+02  4.0659E+02
0000040   9.2004E+02 -2.1205E+02  3.9734E+02
0000041   2.0947E+02  2.4918E+01 -1.5599E+02
0000042   1.2162E+02 -1.9609E+01  3.8128E+01
0000043   3.9246E+02 -2.0489E+02  2.0856E+02
0000044   3.4394E+02 -2.2281E+01 -6.3388E+01
0000045   8.4343E+02 -3.2476E+02  3.1189E+02
0000046   5.7067E+02 -7.6001E+01  2.5654E+02
0000047   4.9685E+02  3.3905E+01  2.5501E+01
0000048   2.0851E+02  1.1144E+02 -3.1236E+02
0000050   1.6234E+02 -3.8111E+02 -2.3883E+02
0000051   3.3721E+02 -2.3171E+02 -8.4024E+01
0000052   3.0318E+02  1.5702E+02  1.3615E+02
0000053   3.1916E+02 -5.4972E+01  2.5527E+02
0000054   1.7108E+02  1.1835E+02 -5.2520E+02
0000055   4.3895E+02 -2.4028E+02  4.5978E+01
0000056   2.1988E+02  2.7412E+02 -1.5305E+02
0000057   5.8426E+02 -3.2865E+01  3.5066E+02
0000058   4.2355E+02 -2.7645E+02 -1.3751E+02
0000059   2.9357E+02  4.8136E+01 -3.5655E+02
0000060   4.8813E+02  1.6528E+02 -2.8557E+01
0000061   4.2317E+02 -2.7354E+02  2.4857E+02
0000062   3.1176E+02 -2.0080E+02 -4.5578E+01
0000063   2.9066E+02  4.2867E+02 -1.1830E+01
0000065   5.3946E+02  1.3248E+02  2.2244E+02
0000066   6.6857E+02  3.0755E+02  2.3685E+02
0000067   5.6766E+02  4.3711E+01 -1.1161E+02
0000068   2.9334E+02 -1.5537E+02 -3.4294E+01
0000069   1.9273E+02 -8.6638E+01  2.4072E+02
0000070   6.6250E+02  8.2878E+01  3.7112E+02
0000071   2.4327E+02  3.1925E+02 -2.4485E+02
0000072   3.4299E+02 -9.0781E+01 -1.5690E+02
0000073   4.6844E+02  2.0219E+02 -7.0427E+01
0000074   7.3128E+02  4.0940E+02 -2.6889E+02
0000075   3.4148E+02 -4.6466E+01 -3.7619E+02
0000076   3.5556E+02  5.6288E+01  1.3385E+02
0000077   3.9111E+02 -6.4322E+01  7.2161E+01
0000078   2.9716E+02 -2.2318E+02 -2.1333E+02
0000079   6.1336E+02  3.2787E+02  4.9665E+01
0000080   6.1412E+02  2.1045E+02 -2.1838E+01
0000081   3.8388E+02  1.2353E+02  3.0206E+02
0000082   2.4526E+02  2.5733E+02 -3.4451E+02
0000083   6.5305E+02 -1.3466E+02 -1.5026E+02
0000084   6.8259E+02 -4.4174E+01  2.6363E+02
0000085   3.3803E+02 -3.1144E+02  1.8592E+02
0000086   5.4975E+02 -2.0404E+02 -3.0382E+02
0000087   4.6556E+02 -6.6231E+01 -3.4890E+02
0000088   4.6591E+02 -5.3577E+00  1.4246E+02
0000089   3.4331E+02 -1.6020E+02  5.5719E+01
0000090   3.8553E+02  2.7675E+02  1.7077E+02
0000091   2.3890E+02 -1.8258E+02  1.4021E+02
0000092   4.5109E+02  4.2823E+02  2.9327E+02
0000093   2.7476E+02 -2.7063E+01  2.6845E+02
0000094   1.3517E+02  3.3060E+01 -3.2754E+02
0000095   2.2915E+02 -3.9367E+02  3.3312E+01
0000096   1.1967E+01  2.7428E+02 -8.6081E+01
0000097   2.7397E+02 -5.4235E+02  2.5993E+02
0000098   5.4125E+02 -3.6916E+01 -6.4942E+00
0000099   1.6894E+02 -4.5546E+01  2.4637E+02
0000101   3.0739E+02  9.1321E+01  2.3350E+01
0000102   2.5127E+02 -7.9981E+01  1.7083E+01
0000103   2.1882E+02 -2.2758E+02  1.5298E+02
0000105   6.9523E+02  7.9159E+01 -1.7550E+01
0000106   1.4785E+02 -2.9467E+02  1.9467E+02
0000107   4.4543E+02  1.1938E+02 -8.0503E+01
0000108   4.4179E+02  2.7738E+02 -2.9480E+02
0000109   1.8302E+02 -5.5945E+01 -2.1275E+02
0000111   6.4033E+02 -6.3811E+01  2.7080E+00
0000112   4.7356E+02  2.0265E+02 -3.7792E+02
0000113   4.0252E+02 -3.5251E+02 -1.0361E+02
0000114   5.7239E+02  2.1102E+02 -9.1692E+01
0000115   4.8345E+02  9.1625E+01 -1.3592E+02
0000116   6.3717E+02 -1.9341E+01  1.6259E+02
0000117   4.2291E+02  2.1920E+02 -1.3747E+02
0000118   5.7030E+02  6.6633E+01 -2.2464E+02
0000119   4.9162E+02 -3.0869E+02  1.9369E+02
0000120   2.9751E+02  2.1370E+02  1.9465E+02
0000121   2.3361E+02  1.4531E+01 -1.6226E+02
0000122   4.8749E+02 -2.5475E+02  3.0005E+02
0000123   3.6376E+02  2.1910E+02 -6.8018E+01
0000124   1.3555E+02 -1.8505E+02  9.9461E+01
0000125   3.1477E+02  1.5304E+02 -3.5571E+02
0000126   2.1338E+02  2.9353E+01  7.3133E+01
0000127   1.0715E+02 -2.9279E+01  2.9040E+01
0000128   4.6291E+02 -4.2061E+01  2.4441E+02
0000129   3.6149E+02  7.3418E+01  3.7134E+02
0000130   3.2719E+02  1.4462E+02 -1.3599E+02
0000131   5.4598E+02 -1.0948E+02  2.8769E+02
0000133   3.5675E+02 -3.2954E+01  1.7573E+01
0000134   5.3259E+02 -1.6683E+02  4.2543E+01
0000135   3.3720E+02  4.1981E+02 -5.0828E+01
0000136   2.7881E+02  3.3083E+02  1.0420E+02
0000137   5.2876E+02 -7.1756E+01  9.9142E+00
0000138   1.8490E+02  5.4832E+00  1.2621E+02
0000139   1.6032E+02 -2.5110E+02 -2.2146E+00
0000140   4.8100E+02  8.7776E+01  2.7896E+02
0000141   5.8313E+02  1.9248E+02  7.7336E+00
0000142   4.1384E+02 -5.4554E+01 -1.5653E+02
0000143   2.6267E+02 -1.9571E+02 -2.7353E+02
0000145   3.8592E+02 -1.3091E+02  1.7842E+02
0000146   6.8193E+02 -4.0036E+02 -8.1748E+01
0000147   3.0003E+02  2.1975E+02 -1.0263E+02
0000148   5.2952E+02  3.3902E+02  3.5349E+02
0000149   2.6410E+02  1.5482E+02  1.1821E+02
0000150   3.6020E+02  2.1702E+02 -2.5844E+02
0000151   1.7929E+02 -2.1339E+02  3.4806E+02
0000152   8.6370E+02  1.5110E+02 -3.6042E+01
0000153   1.2676E+02 -2.3656E+00  3.6593E+02
0000154   3.9244E+02  8.2041E+01 -8.9238E+01
0000155   4.9235E+02  7.3843E+01  4.0297E+01
0000156   3.0661E+02  3.9775E+02 -5.9858E+02
0000157   3.0550E+02 -1.1323E+02  1.6239E+02
0000158   8.9465E+01  1.6844E+02  3.4599E+02
0000159   2.2458E+02 -3.4907E+02 -1.4490E+02
0000161   6.2966E+02 -3.0739E+02 -1.2714E+02
0000162   3.7884E+02 -1.2768E+02  1.0883E+02
0000163   6.8843E+02  5.6260E+01 -2.3841E+02
0000165   5.2633E+02  2.9652E+02  1.6023E+02
0000166   2.9382E+02 -5.5529E+02 -3.5296E+02
0000167   2.3638E+02 -1.8691E+02 -5.2799E+01
0000168   5.7765E+02 -2.6752E+01  2.7089E+02
0000170   1.1756E+02  1.0125E+02  1.0353E+02
0000171   5.6297E+02 -3.9095E+01 -2.8521E+02
0000172   3.9004E+02  3.5307E+02  1.0160E+02
0000173   2.8198E+02  1.8792E+02  3.2062E+02
0000174   2.2059E+02  2.0122E+02 -3.2435E+02
0000175   8.6456E+02  1.5302E+02 -1.4929E+02
0000176   3.8441E+02  3.1306E+02 -1.6164E+02
0000177   5.8741E+02  9.9216E+01 -1.1871E+02
0000178   4.3218E+02 -1.7641E+02 -2.8561E+02
0000179   1.8577E+01  1.7125E+02 -6.8475E+01
0000180   5.9170E+02 -1.6190E+02 -1.2102E+02
0000181   4.9273E+02  3.4912E+02  9.7656E+01
0000182   4.2223E+02 -2.2732E+02 -4.7572E+01
0000183   3.0136E+02 -7.2420E+01 -8.4503E+01
0000184   2.6339E+02 -1.6638E+02  2.1171E+01
0000185   6.9569E+02  1.6630E+02 -8.1418E+01
0000186   2.3252E+02  3.2794E+02  1.9030E+02
0000187   6.6413E+02  4.2439E+02  6.6185E+01
0000189   3.1714E+02 -2.6834E+01  1.4541E+02
0000190   6.9994E+01 -1.3258E+01  7.1206E+01
0000191   3.0551E+02  1.7475E+02  9.4419E+01
0000192   3.1708E+01  6.7444E+01 -2.0942E+02
0000193   1.4192E+01 -2.5449E+02 -1.1608E+00
0000194   4.6930E+02  3.8824E+02 -2.4376E+02
0000195   2.3242E+02 -2.9778E+02  1.0088E+02
0000196   2.3239E+02  7.9996E+01  8.6452E+01
0000197   7.4343E+02 -3.0096E+02  1.8427E+02
0000198   2.7931E+02  1.5012E+02  1.0837E+02
0000199   5.3330E+02 -3.1320E+02  1.8841E+02
0000200   3.8571E+02  2.5026E+02  1.1984E+02
0000202   4.9154E+02 -1.7955E+02  2.0455E+02
0000203   4.6482E+02  5.3961E+02  4.2701E+01
0000204   1.1842E+02 -8.4939E+01 -3.1000E+01
0000205   5.8168E+02  5.9596E+01 -2.9501E+02
0000206   3.5370E+02  2.3487E+02 -9.4405E+01
0000207   7.4364E+02  1.4391E+02 -2.2476E+02
0000208   2.1788E+02  5.4853E+02  3.1789E+02
0000209   4.2859E+02  5.7673E+01  4.1254E+02
0000210   3.2906E+02 -1.9267E+02  2.6563E+02
0000211   1.6555E+02 -4.5936E+01 -1.7179E+01
0000212   8.8348E+01  2.5041E+02 -6.8666E+01
0000213   8.5450E+01 -1.6547E+02  3.5691E+02
0000214   2.4506E+02  2.3071E+02  4.4084E+01
0000215   8.1205E+02 -2.7490E+01  2.4503E+02
0000216   3.3111E+02 -1.6663E+01  2.8580E+01
0000217   8.6961E+02  4.9438E+02  2.2398E+02
0000218   5.4495E+02  1.3032E+02 -3.4314E+02
0000219   2.8193E+02  4.0756E+02 -9.0093E+01
0000220   6.9235E+02  3.1767E+02 -6.5640E-01
0000221   8.6356E+02  3.4181E+02 -3.6351E+02
0000222   3.1674E+02  1.0815E+02 -9.9503E+01
0000223   2.9537E+02  9.6853E-02 -7.4016E+01
0000224   5.5550E+02  2.2247E+02  1.1466E+02
0000225   4.5576E+02 -5.6328E+01 -4.4674E+01
0000226   3.2857E+02 -1.7932E+02  1.0625E+02
0000227   1.2458E+02  2.5079E+02 -8.6882E+01
0000228   9.6895E+02  1.4425E+02  2.9420E+02
0000230   5.5340E+02 -6.5227E+01  3.1193E+02
0000231   4.9434E+02  9.3283E+01 -3.4168E+01
0000232   2.8734E+02  2.2698E+02  4.8417E+02
0000233   3.2355E+02 -3.1711E+02 -3.9011E+02
0000234   6.3060E+02 -1.6535E+02  4.0577E+01
0000235   3.6613E+02 -7.3319E+01 -1.6759E+02
0000236   3.8415E+02 -1.6267E+02 -1.4398E+02
0000237   6.8360E+02 -6.4267E+01 -1.6668E+02
0000238   4.7841E+02 -1.2782E+02 -1.5395E+02
0000239   2.5117E+02  7.9000E+01 -6.6862E+00
0000240   4.4493E+02 -1.5283E+02 -3.6995E+02
0000241   4.1461E+02  3.1628E+00 -3.8934E+01
0000242   3.2719E+02  1.2262E+01 -5.8460E+01
0000243   2.4681E+02 -5.1676E+01  4.1326E+02
0000244   2.4328E+02 -1.0797E+02 -1.5770E+02
0000245   6.5439E+02 -1.4274E+02 -1.1230E+02
0000246   4.2009E+02 -8.8225E+01 -2.3825E+02
0000247   7.8779E+02  3.5013E+01  1.3842E+02
0000248   1.9404E+02 -8.5081E-01 -2.8768E+02
0000249   5.3692E+02 -1.0340E+02 -1.1111E+02
0000250   9.3979E+02 -7.2458E+01 -9.5363E+00
0000251   2.5381E+02 -1.4231E+02  5.4729E+01
0000252   6.7800E+02 -1.6477E+02  1.6923E+02
0000253   2.6946E+02  6.6109E+01 -3.8101E+01
0000254   3.8560E+02 -1.3073E+02  1.6019E+01
0000255   6.1701E+02 -1.1629E+02  5.7566E+01
0000256   4.4645E+02  9.0857E+01  5.2236E+01
0000257   4.7504E+02 -1.8641E+02  1.7759E+02
0000258   5.2865E+02 -8.2377E+01 -2.5423E+00
0000259   4.4852E+02  4.2959E+02  1.8321E+02
0000260   2.0802E+02 -3.7297E+02 -4.0431E+01
0000261   3.8459E+02  4.8576E+02  2.6202E+02
0000262   5.0834E+02 -3.8920E+01  1.7659E+02
0000263   2.9882E+02  2.6661E+02 -2.9823E+02
0000264   7.4305E+02 -1.4752E+02 -3.9174E+01
0000265   5.9049E+01  1.6626E+02 -1.1722E+02
0000266   2.1291E+02 -4.1665E+00  5.3691E+02
0000267   4.0258E+02 -6.1990E+01  1.3496E+02
0000268   5.1203E+02  1.6499E+02 -6.3193E+01
0000269   2.4807E+02 -3.7839E+02 -2.8244E+01
0000270   3.0742E+02  5.1625E+02 -1.2159E+02
0000271   5.5165E+02 -1.1964E+02 -2.4819E+01
0000272   3.4189E+02 -1.4154E+02  1.8527E+02
0000273   4.6894E+02  5.1070E+02 -2.9579E+01
0000274   2.2605E+02  1.9873E+02 -8.4164E+01
0000275   4.8915E+02 -2.9849E+01  8.7990E+01
0000276   5.7830E+02 -2.0455E+02  1.4509E+02
0000277   2.7758E+02 -1.2757E+00  1.6322E+02
0000278   4.3574E+02  2.6920E+02 -6.5798E+02
0000279   4.2735E+02  6.5116E+01  4.5043E+01
0000280   3.3864E+02 -1.1202E+02 -6.0209E+01
0000281   4.2960E+02 -6.8690E+01 -1.4940E+02
0000282   2.5416E+02  1.0657E+02  1.0005E+02
0000283   5.3014E+01  3.0062E+01  9.7391E+01
0000284   8.7833E+02  1.7618E+02 -1.0822E+02
0000285   5.7881E+02 -7.5830E+01 -4.0403E+01
0000286   3.0275E+02  1.6383E+02  3.1308E+01
0000287   1.7258E+02 -5.1336E+01  3.6683E+00
0000288   7.4686E+02 -5.4026E+01 -4.5673E+00
0000289   6.8379E+01 -1.8163E+02  1.0865E+02
0000290   1.5181E+02 -3.1158E+02  2.0265E+02
0000291   5.6918E+02 -1.3734E+02 -6.7439E+01
0000293   4.3083E+02 -1.0730E+02 -4.6051E+01
0000294   3.7465E+02 -1.2710E+02  2.1653E+02
0000295   4.9452E+02 -9.3928E+01 -1.9853E+02
0000296   6.6735E+02 -5.5339E+01  5.7040E+01
0000297   3.3198E+02 -3.1391E+02 -3.0822E+02
0000298   4.8374E+02 -1.8511E+02 -2.8683E+01
0000299   3.8330E+02 -2.3150E+02  6.3727E+01
0000300   3.2732E+02 -1.0359E+02  5.8531E+01
0000301   4.1624E+02 -2.5149E+01  2.1744E+02
0000302   2.1803E+02 -2.8965E+02  2.4628E+02
0000303   5.6144E+02  2.5487E+02 -4.2446E+02
0000304   5.0377E+02 -1.0302E+02  1.6956E+02
0000305   5.7701E+02  1.3681E+02  3.5096E+01
0000306   6.0981E+02  1.0968E+02 -1.0071E+02
0000307   6.2783E+00  5.6738E+02 -1.1579E+02
0000308   4.1592E+01 -1.4475E+02  8.1244E+01
0000309   4.1541E+02  2.0254E+02  3.5515E+01
0000310   3.5848E+02 -3.5259E+02 -7.2339E+01
0000311   5.6833E+02  5.9706E+01 -2.8356E+02
0000313   6.2070E+02 -3.0444E+02  8.0993E+01
0000314   5.0145E+02 -9.4215E+00 -1.0679E+02
0000315   4.7772E+02  2.4703E+02  1.2440E+02
0000316   4.3175E+02 -9.4920E+01  5.2094E+02
0000317   5.1467E+02  7.7270E+01  1.7075E+02
0000318   4.6581E+02 -1.0636E+02  1.0836E+02
0000319   5.8294E+02 -8.2279E+01 -4.0209E+01
0000320   5.5152E+01  3.8623E+02 -2.9392E+02
0000321   3.6787E+02  5.4903E+01 -4.3432E+02
0000322   7.0361E+02  7.8282E+01  2.2019E+02
0000323   3.1387E+02 -7.6311E+01 -1.7498E+02
0000324   5.5949E+02 -1.4513E+02 -1.1024E+02
0000325   3.4586E+01 -1.0793E+02  1.3255E+01
0000326   3.8547E+02 -2.4735E+02  2.1352E+02
0000327   2.9071E+02  2.8614E+02  1.0312E+02
0000328   2.0865E+02  2.4446E+02 -1.3721E+02
0000329   3.7388E+02 -5.4061E+02  2.2414E+02
0000330   3.0163E+02  1.9971E+01 -3.3365E+02
0000331   1.0783E+01 -3.4362E+01 -9.6762E+00
0000332   2.1423E+02  1.4029E+02  7.6452E+01
0000333   5.2564E+02  3.6768E+02 -4.7155E+01
0000334   6.5880E+02 -4.9238E+02  1.1166E+02
0000335   5.4881E+02  9.4699E+01 -1.9160E+02
0000336   4.5921E+02  1.2149E+02 -3.5896E+00
0000337   4.4592E+02  2.1247E+02  1.6296E+02
0000338   3.9768E+02 -3.8706E+02 -2.0053E+02
0000339   2.7994E+02 -4.2045E+01 -4.0059E+02
0000340   1.6542E+02  2.4693E+02  6.7804E+01
0000341   5.9561E+02 -3.7152E+02  2.7041E+00
0000342   1.3633E+02 -2.6361E+02  1.6512E+02
0000343   3.0693E+02 -2.4079E+01 -2.5454E+02
0000344   4.3654E+02 -1.0055E+02  1.4686E+02
0000347   2.2894E+02 -4.0921E+02 -2.4125E+02
0000348   4.7464E+02 -3.1297E+02 -4.4563E+02
0000349   3.2341E+02  2.0379E+02  2.1504E+02
0000350   5.0406E+02  7.6007E+01  1.4323E+01
0000351   5.1341E+02 -2.7732E+02 -1.4223E+02
0000352   2.2233E+02 -1.5031E+02 -1.2932E+02
0000353   9.3951E+01 -4.5843E+02 -4.7304E+00
0000355   2.2716E+02  4.3928E+01  4.2141E+02
0000356   5.6503E+02  3.5368E+01  3.7218E+01
0000357   1.8394E+02 -2.5172E+01  1.3945E+02
0000358   6.2574E+02  1.2061E+02  2.6328E+02
0000359   1.3622E+02  8.9371E+01  3.7859E+02
0000360   1.4247E+02  8.5996E+01  2.2011E+02
0000361   5.0831E+02  1.0661E+02 -5.5796E+02
0000362   1.5178E+02  1.6742E+02 -4.0172E+02
0000363   1.1391E+02 -4.8695E+02  1.3465E+02
0000364   1.2989E+02  2.9472E+02 -4.8335E+01
0000365   5.2418E+02  1.9888E+02  2.6964E+01
0000366   3.8533E+02  3.3209E+02  1.0505E+02
0000367   2.2740E+02 -6.5782E+01 -3.4859E+02
0000368   2.5401E+02  6.6967E+00  3.2519E+02
0000369   5.9449E+02 -8.7083E+00 -9.3435E+01
0000370   3.6300E+02  4.2407E+02 -1.6547E+02
0000371   1.6804E+02 -2.2063E+02 -4.3282E+01
0000372   5.2348E+02 -4.9351E+01  1.1833E+02
0000373   3.3370E+02  1.3527E+02  1.7355E+02
0000374   3.4869E+02  1.0834E+02 -1.0666E+02
0000375   3.6565E+02  2.6698E+02  4.4116E+01
0000376   3.1392E+02  1.1144E+02 -2.8778E+01
0000377   4.8120E+02 -6.6461E+01 -5.9799E+01
0000378   1.5912E+02  8.0125E+01 -1.9344E+02
0000379   3.5502E+02  7.9540E+01 -4.4414E+02
0000380   3.9902E+02  1.1460E+02 -7.6177E+01
0000381   4.0376E+02  1.9428E+02  5.6636E+01
0000382   7.8639E+02 -2.3853E+02 -2.7447E+02
0000383   5.1758E+02 -7.9595E+01  1.6358E+02
0000384   3.5472E+02  2.3776E+02 -1.5597E+02
0000385   5.2525E+02  1.8897E+02 -3.8550E+02
0000386   4.4758E+02 -1.8893E+01  1.2855E+02
0000387   8.1702E+02  3.7390E+01 -6.8545E+01
0000388   2.2200E+02 -8.7655E+01  3.5853E+01
0000389   5.6678E+02  1.3778E+02 -1.2668E+00
0000390   6.8062E+02  6.1649E+02  2.7764E+02
0000391   7.6647E+02  1.7037E+02  1.5037E+02
0000392   5.6281E+02  1.6274E+02  1.8173E+01
0000393   5.2192E+02  3.4283E+01  3.7387E+01
0000394   3.6755E+02 -2.6793E+01  1.0364E+02
0000395   4.2113E+02  5.2212E+02  1.0818E+02
0000396   1.0086E+02  1.0331E+01  2.0205E+02
0000397   4.6171E+02 -2.3963E+02 -3.0290E+02
0000398   3.0067E+02 -8.2746E+01 -1.8543E+01
0000399   1.2328E+02  1.8688E+02  7.5160E+01
0000400   3.5061E+02  1.9962E+02  1.2805E+02
0000401   4.3008E+02  5.4825E+01 -4.2550E+02
0000402   2.4292E+02 -2.3103E+01  2.7075E+01
0000403   5.4324E+02 -8.4038E+00 -2.5807E+02
0000404   4.2830E+02  4.7814E+01  5.4801E+01
0000405   9.5289E+02  4.7822E+01 -1.6658E+02
0000407   4.0923E+02 -2.7568E+02  2.4440E+02
0000408   5.1798E+02 -7.3317E+01  7.1845E+01
0000409   2.4759E+02 -3.6421E+01 -9.2314E+01
0000410   6.2762E+02  3.3720E+00 -1.7132E+02
0000411   2.5678E+02  1.5209E+02  9.4093E+01
0000412   6.3749E+02  3.0753E+02  2.2404E+02
0000413   6.6252E+02 -1.3742E+02  3.9110E+01
0000414   4.9202E+02  1.2132E+02 -8.7150E+01
0000415   4.0270E+02 -4.8532E+01  1.4438E+02
0000416   4.5467E+02 -1.6268E+01 -1.5954E+02
0000417   3.4663E+02  1.9877E+02 -2.5020E+02
0000418   1.5095E+02  1.2095E+02 -1.7985E+01
0000419   2.4570E+02  2.2424E+02  4.9149E+01
0000421   3.4790E+02 -2.7448E+02 -8.7393E+01
0000422   5.0740E+02  1.9684E+01  8.0959E+01
0000423   6.0924E+02 -9.8290E+01 -2.9085E+02
0000424   3.3109E+02 -1.1846E+02 -3.7465E+02
0000425   1.2461E+02  4.1803E+02 -3.2976E+02
0000426   7.4025E+02  3.7815E+02 -1.9854E+02
0000427   3.6041E+01  3.5010E+02 -9.9493E+01
0000429   3.6441E+02 -4.3516E+01 -9.8174E+01
0000430   5.4499E+02  1.0693E+02 -2.6410E+01
0000431   1.7274E+02  3.1951E+02  2.6343E+02
0000432   2.9793E+02  9.4262E+01 -1.4299E+02
0000433   4.8716E+02  5.1567E+01  3.3314E+02
0000434   5.1561E+02 -1.2227E+02  7.7688E+01
0000435   4.2556E+02 -2.3962E+01 -6.3789E+01
0000436   3.7703E+02  4.1413E+02 -1.7492E+02
0000437   7.8384E+02 -1.6875E+02 -8.9254E+01
0000438   2.3368E+02 -4.7906E+02  1.9078E+02
0000440   4.3189E+02 -4.1925E+02 -3.7896E+02
0000441   3.9743E+02  8.6616E+01  3.3302E+02
0000442   3.6452E+02  3.1037E+02  1.3295E+02
0000443   5.9670E+02 -1.3781E+02 -1.6479E+01
0000444   2.2248E+02  1.0516E+02 -2.4987E+01
0000445   3.5224E+02 -2.2481E+02 -4.7878E+01
0000446   2.4766E+02  3.3230E+02 -1.7564E+01
0000447   3.4066E+02  4.3496E+01  1.1166E+02
0000448   4.2441E+02 -1.8450E+01  3.0347E+02
0000450   5.0762E+02 -6.2325E+00  7.2651E+01
0000451   2.7393E+02 -1.3026E+02  2.5808E+02
0000452   1.8578E+02 -1.6991E+02 -7.8574E+01
0000453   3.2490E+02  1.2919E+02  2.0675E+02
0000454   5.5007E+02 -1.6469E+02 -1.0072E+02
0000455   3.4540E+02  1.4828E+02  8.5253E+01
0000456   3.8969E+02  4.1832E+01  5.4048E+01
0000457   6.7195E+02  1.6393E+02 -1.3970E+01
0000458   5.1092E+02  2.0044E+02  2.6481E+01
0000459   5.6580E+02  1.2988E+01 -9.5191E+01
0000460   7.2408E+02  1.2841E+02  3.4452E+01
0000461   4.1812E+02 -1.4325E+02  1.2644E+02
0000462   2.7045E+02 -4.5410E+01 -4.2045E+02
0000463   3.9443E+02 -2.7832E+02  1.5289E+02
0000464   6.5124E+02  2.4435E+02 -2.7111E+02
0000465   5.9155E+02  1.5069E+02 -3.1180E+02
0000466   2.8382E+02  1.0522E+02  9.5991E+01
0000467   3.9992E+02 -1.2374E+02 -2.2700E+02
0000468   5.2465E+02  1.4288E+02 -2.5738E+02
0000469   2.6224E+02 -3.0525E+02  2.3929E+02
0000470   4.2111E+02  5.2712E+02  2.1419E+02
0000471   8.6904E+01  4.1705E+01 -4.1275E+01
0000472   3.5358E+02 -1.3641E+02  4.2694E+01
0000473   5.9268E+02 -5.2246E+01 -1.8893E+02
0000474   5.5830E+01 -5.5231E+02 -1.9109E+02
0000475   2.0184E+02  1.7280E+01 -1.3167E+02
0000477   1.2005E+02 -2.1738E+02 -1.9711E+01
0000478   9.4031E+02  6.7803E+01 -9.3964E+01
0000479   6.5797E+02  7.8090E+01 -3.3982E+01
0000480   1.8609E+02  4.5313E+01 -3.2225E+02
0000481   4.5765E+02 -4.7191E+01 -1.4625E+01
0000482   3.8603E+02 -1.8327E+02 -6.7855E+01
0000483   4.4388E+02  3.3116E+02 -1.4848E+02
0000484   5.1319E+02  5.4931E+01 -1.2161E+02
0000485   5.2220E+02 -3.2237E+02 -1.0732E+02
0000486   4.9700E+02  4.1007E+01 -9.4313E+01
0000487   3.6649E+02  1.1475E+02 -2.1367E+02
0000489   2.6386E+02  9.2937E+01  8.7686E+01
0000491   1.6294E+02  2.5342E+02 -4.6182E+01
0000492   7.2490E+02 -9.5552E+01 -1.0886E+02
0000493   2.3587E+02  7.2016E+00  1.3027E+02
0000494   6.6946E+02  3.9577E+01  2.7876E+00
0000495   5.2780E+02 -1.3096E+02 -1.3232E+01
0000496   6.0403E+02  6.8600E+01  1.7373E+02
0000497   2.9858E+02 -7.4566E+01  2.2200E+02
0000498   5.4332E+02  3.8310E+02  1.1078E+01
0000499   1.2403E+02 -3.2918E+00 -5.9709E+01
0000500   3.2270E+02  3.6881E+01 -1.4473E+02
0000501   3.9095E+02  1.1102E+02  1.1969E+02
0000503   1.6048E+02  2.7104E+02  3.7963E+02
0000504   6.6895E+02  7.3651E+01 -1.4004E+02
0000505   4.9722E+02  1.9599E+02  3.1449E+02
0000506   2.6921E+02 -8.0504E+01 -3.0283E+02
0000508   3.1845E+02 -3.4544E+02 -4.0926E+02
0000509   2.3913E+02  2.2464E+02 -2.7179E+02
0000510   3.9005E+02  7.7664E+01 -2.8516E+02
0000511   5.8552E+02  2.1346E+02 -3.7274E+02
0000512   2.0388E+02 -3.0346E+01 -3.7655E+02
0000513   3.7108E+02  2.3722E+02 -1.8597E+02
0000514   5.2612E+02 -3.7652E+00  4.7889E+02
0000515   1.0002E+02 -4.7968E+02 -3.5246E+02
0000516   3.1202E+02  1.6742E+01  3.5627E+02
0000517   3.0127E+02 -3.2250E+02 -7.2940E+00
0000518   4.4425E+02 -3.5144E+02  2.1829E+02
0000519   2.0422E+02  3.3428E+02 -1.4523E+02
0000520   4.6328E+02  2.1058E+02 -2.0436E+02
0000521   3.6020E+02  2.9834E+01 -1.2279E+02
0000522   5.0554E+02 -2.4263E+02 -2.4929E+02
0000523   1.5092E+02 -5.4027E+01  1.5267E+02
0000524   6.4085E+02  2.5185E+02  1.5308E+02
0000525   5.6540E+02 -1.7510E+02  4.0730E+02
0000526   3.5380E+02  2.3184E+02 -1.6641E+02
0000527   3.2199E+02  1.6809E+02  3.5275E+02
0000528   2.9422E+02  9.0574E+01 -6.9034E+01
0000529   4.2820E+02  4.5488E+01 -1.8650E+02
0000530   3.9814E+02  2.0787E+02 -1.7350E+02
0000531   1.5340E+02 -2.3647E+02 -7.8266E+01
0000532   5.5797E+02  2.7415E+01  2.3918E+02
0000533   1.8144E+02  1.3180E+02 -5.8690E+01
0000534   4.5129E+02 -1.2969E+02  4.7119E+01
0000535   5.9989E+02  3.2135E+02 -3.0241E+01
0000536   1.8721E+02 -5.7542E+02  2.3376E+02
0000537   5.2108E+02 -1.7342E+02 -4.0202E+02
0000538   4.9631E+02  4.0164E+02 -1.9187E+02
0000539   3.0160E+02 -1.6549E+02 -1.3939E+02
0000540   3.6269E+02  9.5292E+01 -2.7174E+02
0000541   3.1393E+02  5.3704E+01  4.3320E+02
0000542   4.3284E+02  2.6536E+02 -3.2165E+02
0000543   5.3369E+02  3.3208E+01  1.0365E+02
0000544   4.1919E+02  2.4037E+00  2.5479E+02
0000545   2.7036E+02  2.6691E+02 -2.8168E+02
0000546   2.9539E+02 -4.2392E+02 -6.4739E+01
0000547   1.5959E+02  7.4941E+01  1.1987E+02
0000548   1.1445E+02 -7.0742E+01 -2.0087E+02
0000549   4.5828E+02 -1.1406E+02 -4.0762E+02
0000550   5.0942E+02 -1.0803E+02  1.9053E+02
0000551   3.4460E+02 -7.6574E+01  1.6512E+02
0000552   2.5957E+02  1.0648E+02  2.4257E+02
0000553   3.7375E+02 -1.4146E+02  2.7819E+01
0000554   2.4745E+02 -7.4106E+01 -2.4376E+02
0000555   6.8498E+02  1.5224E+02 -4.4141E+01
0000556   5.8211E+02  3.0833E+02 -1.5476E+02
0000557   1.9345E+02 -5.3815E+01  5.3233E+01
0000558   2.9003E+02  4.4087E+01 -2.6810E+02
0000559   4.3934E+02  2.3550E+02 -1.7466E+02
0000561   8.5346E+01 -1.2519E+02 -2.4612E+02
0000562   7.7361E+02  8.4630E+01 -1.6047E+02
0000563   3.1827E+02  2.7384E+02  4.7178E+02
0000564   7.4067E+02  1.4122E+02 -1.8785E+02
0000565   9.6994E+01 -4.3491E+02  5.9891E+02
0000566   4.1970E+02 -5.3015E+01 -2.1903E+02
0000567   1.7223E+02 -2.1590E+02 -1.2747E+02
0000568   2.3400E+02 -2.2624E+02 -1.9825E+01
0000569   7.3021E+02 -1.6426E+02  4.0069E+02
0000570   5.1976E+02 -3.2733E+02  3.2452E+02
0000571   4.5047E+02 -4.6317E+02  1.7127E+02
0000572   4.7542E+02  2.3516E+02  4.3157E+02
0000573   3.9578E+02 -3.0441E+02  3.3380E+02
0000574   3.3595E+02 -5.3355E+02  1.4432E+01
0000575   6.7319E+02  2.6265E+02  2.1836E+02
0000576   1.0290E+02  4.5624E+01  2.3019E+01
0000577   8.7527E+02  2.2142E+01 -1.0686E+02
0000578   4.4424E+02  8.4260E+01 -1.0363E+02
0000579   3.5741E+02  4.3045E+02  2.7798E+02
0000580   1.1166E+02  2.4822E+02  1.3779E+02
0000582   3.2122E+02 -1.6729E+02 -8.7977E+01
0000583   3.8982E+02 -1.2105E+02  4.6168E+02
0000584   2.2949E+02  1.1466E+02 -2.4952E+02
0000585   3.6460E+02  6.8122E+00  1.0176E+02
0000586   3.3700E+02  2.9057E+02  8.5933E+01
0000587   4.5783E+02  8.7649E+01 -2.5416E+02
0000588   3.5773E+02  2.3795E+02  2.7861E+02
0000589   2.0019E+02  1.0426E+02  2.9391E+02
0000590   3.1495E+02  2.6365E+02  3.1928E+02
0000591   4.6894E+02  1.7456E+02  2.3779E+02
0000592   5.4566E+02 -1.1515E+01 -4.6773E+02
0000593   4.7068E+02 -2.3958E+02  1.9824E+02
0000594   4.6793E+02 -6.9122E+01 -1.7680E+02
0000595   1.6647E+02 -2.7790E+01  1.0343E+02
0000596   6.0255E+02 -2.6714E+02 -2.5425E+02
0000597   1.6895E+02 -1.0470E+02 -4.6578E+02
0000598   8.8794E+02 -3.9235E+02  5.3477E+01
0000599   2.2979E+02 -1.5082E+02 -1.2127E+02
0000600   4.0119E+02  9.2196E+01 -1.8678E+02
0000601   5.4205E+02 -1.3556E+02 -2.0293E+02
0000602   2.1222E+02  5.0961E+01 -2.9236E+02
0000603   3.9968E+02  2.6550E+01 -3.5942E+02
0000604   4.8505E+02  9.3701E+00 -2.4365E+02
0000605   5.0880E+02 -2.8487E+02 -7.6650E+01
0000606   2.8740E+02 -1.6732E+02  4.6629E+02
0000607   5.4733E+02 -1.9559E+02  1.1047E+02
0000608   4.1061E+02  1.9113E+02  3.8262E+01
0000609   6.9425E+02  8.9385E+00 -1.7993E+02
0000610   4.2524E+02 -3.4687E+02 -1.4349E+02
0000611   3.9073E+02 -3.0825E+01 -1.0568E+01
0000612   2.5108E+02 -6.3902E+01  1.0499E+01
0000613   4.6327E+02  3.1837E+02  9.7931E+01
0000614   2.2276E+02 -6.9776E+01  6.4017E+01
0000615   1.3801E+02 -1.3967E+02  2.2331E+02
0000616   1.3444E+02 -5.5621E+01 -4.5276E+01
0000617   3.4977E+02  5.9015E+02  1.7515E+02
0000618   3.7315E+02  7.0467E+01 -1.0049E+01
0000619   5.7667E+02 -1.8759E+02 -2.7343E+02
0000620   3.1431E+02 -2.7668E+02  1.2353E+02
0000621   5.1006E+02 -1.9960E+02  2.0786E+02
0000622   2.2673E+02  1.1400E+02 -1.8484E+02
0000623   4.6639E+02 -3.3375E+02  3.0477E+02
0000624   3.8187E+02  1.0227E+02  2.4242E+01
0000625   1.8412E+02 -2.7540E+02 -1.2229E+02
0000626   5.4588E+02 -5.1867E+02 -4.2703E+02
0000627   2.4107E+01 -2.0138E+02 -2.5995E+02
0000628   6.0648E+01  3.3150E+01  9.4183E+01
0000629   2.3870E+02  3.6774E+02  2.0267E+02
0000630   4.8748E+02  2.7517E+02  4.4526E+01
0000631   4.1257E+02  1.7720E+01 -2.2579E+02
0000632   1.6408E+02 -1.1240E+02  2.3476E+02
0000633   2.1193E+02 -5.0587E+01 -3.9351E+02
0000634   3.7680E+02 -3.3247E+01  2.1105E+02
0000635   6.7502E+02 -7.6459E+00 -3.8122E+01
0000636   3.5181E+02 -4.0775E+02  9.9060E+01
0000637   3.4788E+02 -3.8520E+02  1.9450E+01
0000638   2.1647E+02 -1.0054E+02  9.2614E+01
0000639   2.7622E+02  1.8285E+02 -3.8113E+02
0000640   3.2085E+02  1.9411E+02  2.3352E+02
0000641   5.6744E+02  4.5375E+02  4.0700E+02
0000642   1.9048E+02  2.3453E+01  5.9737E+01
0000643   3.4335E+02 -3.4348E+01 -1.8175E+02
0000644   2.3862E+02 -1.3900E+02  8.1571E+01
0000645   3.4652E+02 -3.5708E+01  4.4706E+02
0000646   1.4249E+02 -2.3076E+02 -3.1368E+02
0000647   4.8312E+02  2.6594E+02  9.4202E+01
0000648   5.4584E+02  1.0527E+01  1.0737E+02
0000649   1.6815E+02 -1.7582E+02 -1.5792E+02
0000650   1.7550E+02  2.6682E+02  3.4541E+01
0000651   2.4552E+02 -2.5231E+02  1.2698E+02
0000653   2.8988E+02 -3.5449E+02  2.6940E+02
0000654   2.0625E+02  2.1719E+02  1.0782E+02
0000655   4.1763E+02  9.0638E+01  1.8701E+02
0000656   3.6194E+02 -2.1047E+02  1.0962E+02
0000657   4.2456E+02  4.1792E+01 -1.4469E+02
0000658   5.8016E+02  1.2581E+02 -2.2185E+02
0000659   3.5390E+02  2.1312E+02  1.2723E+02
0000660   6.5969E+02 -3.2388E+01 -1.5980E+02
0000661   1.2492E+02  2.9895E+02 -3.4563E+01
0000662   4.7033E+02 -3.1401E+00  2.5048E+02
0000663   5.6803E+02 -2.7329E+02  1.5318E+00
0000664   4.0687E+02  2.1859E+02  8.5515E+01
0000665   6.0962E+02 -5.7517E+01  2.1422E+02
0000666   4.6342E+02  1.4181E+02 -4.1655E+01
0000667   5.4409E+02  9.3508E+01  3.6512E+02
0000668   3.5279E+02 -4.2147E+01 -3.1024E+02
0000669   5.4044E+02 -5.9706E+01 -1.1546E+02
0000670   5.4541E+02 -2.6716E+02 -1.3810E+01
0000672   2.2241E+02 -4.8060E+02 -2.5132E+02
0000673   5.2151E+02  4.4502E+01 -9.5542E+01
0000674   3.7181E+02  9.0840E+01  2.5146E+01
0000675   4.1156E+02  3.1161E+01  3.4811E+02
0000676   6.8956E+02  3.1910E+02  3.8532E+02
0000677   1.5098E+02  1.5568E+02 -1.4783E+02
0000678   2.4250E+02  2.2621E+02 -9.5413E+00
0000679   3.6509E+02  1.6586E+02 -1.9674E+02
0000680   8.4204E+02 -1.6393E+02  2.3429E+02
0000681   5.7402E+02  1.6089E+02 -2.3750E+02
0000682   4.0004E+02  3.5526E+02 -3.6648E+02
0000683   1.5989E+02  1.8028E+02  8.9879E+01
0000684   5.3565E+02 -1.8036E+02  3.2460E+02
0000685   2.1534E+02  1.4422E+01  5.7524E+01
0000686   4.1872E+02  3.7372E+02  1.1359E+02
0000687   3.0539E+02  9.9822E+01 -1.6801E+02
0000688   2.2706E+01  1.2343E+01 -9.5231E+01
0000689   3.7636E+02  2.3989E+02  3.0292E+02
0000690   3.9820E+02 -2.0287E+01  3.2105E+02
0000691   7.0284E+01  4.7844E+01 -1.0104E+02
0000692   1.8339E+02  9.3880E+01  1.0349E+02
0000693   4.5632E+02  1.2179E+02 -5.4850E+02
0000694   6.3987E+02 -1.7531E+02 -9.5252E+01
0000695   3.3305E+02 -3.0835E+01 -2.5049E+02
0000696   2.8888E+02 -1.1289E+02  2.8184E+02
0000697   2.2233E+02  1.4174E+02  6.9876E+01
0000698   2.7220E+02 -3.1853E+01  8.7957E+01
0000699   6.6991E+02  8.0020E+01 -1.1143E+02
0000700   8.0095E+02  1.2136E+02  3.5047E+01
0000701   6.2512E+02 -5.7253E+01  6.6978E+00
0000703   3.1085E+02  3.4955E+02  3.1214E+02
0000704   9.6724E+02  2.9794E+01  8.7838E+01
0000705   1.4850E+02 -2.7994E+01  1.9208E+02
0000706   1.6583E+02 -4.0440E+01 -5.6241E+02
0000707   5.3516E+02  5.3202E+00  2.3060E+01
0000708   6.7214E+01  7.6117E+01  2.0361E+02
0000709   6.3454E+02  2.6742E+02 -2.1836E+02
0000710   6.2625E+02 -7.9681E+01 -1.3154E+02
0000711   3.2012E+02 -3.6401E+02  1.1237E+02
0000712   4.7229E+02 -3.3529E+02 -6.0487E+02
0000713   4.7343E+02  1.1034E+02 -1.1842E+02
0000714   2.5936E+02 -1.1922E+02 -5.2282E+02
0000715   2.3109E+02  4.9844E+02  8.4843E+01
0000716   3.7729E+02  2.2969E+02 -3.6530E+02
0000717   1.8359E+02 -4.3487E+01  1.9543E+02
0000718   4.3954E+02  2.7847E+01 -3.0771E+02
0000719   6.1535E+02 -2.3550E+02  2.4269E+02
0000720   5.9090E+02 -7.8404E+01  1.9909E+02
0000721   4.0408E+02 -3.0432E+02 -6.1512E+01
0000722   6.0153E+02  3.3314E+02 -3.8637E+01
0000723   3.3951E+02 -1.4085E+01 -4.8015E+01
0000724   2.8567E+02 -2.6246E+02 -1.2720E+02
0000725   2.0497E+01  2.5855E+02 -2.6110E+00
0000726   2.9503E+02 -4.4688E+02 -4.0243E+01
0000727   4.7192E+02  2.0558E+02 -2.2844E+02
0000728   3.8708E+02  1.2464E+02 -6.6887E+01
0000729   1.0973E+02  3.9323E+02  2.8109E+02
0000730   1.1020E+02 -2.6101E+01  2.0350E+02
0000731   5.1410E+02  1.2896E+02  1.1028E+01
0000732   2.9434E+02 -1.5320E+02 -6.3678E+01
0000733   4.5742E+02 -2.6791E+02  8.1384E+01
0000734   1.3556E+02  4.3598E+01  1.1809E+02
0000735   2.0493E+02  5.9031E+02  2.1361E+02
0000736   2.6439E+02 -3.7479E+01 -7.9379E+01
0000737   3.0666E+02  6.9981E+01 -1.5505E+01
0000738   2.9152E+02  2.6927E+02  5.4994E+01
0000739   4.0959E+02 -2.4667E+02 -2.0890E+01
0000740   4.9618E+02  2.1681E+02  3.2778E+02
0000741   1.3665E+02 -2.7136E+02  8.6373E+01
0000742   5.0736E+02  5.3716E+01 -2.0169E+02
0000743   3.7692E+02  2.4162E+02  1.9273E+02
0000744   7.5104E+02  1.5881E+02  2.3746E+01
0000745   7.0127E+02 -1.8028E+01 -4.2987E+02
0000746   2.0161E+02  1.0173E+02  5.8542E+00
0000747   1.7308E+02 -1.3138E+02 -7.9985E+01
0000748   2.1459E+02 -2.9383E+02  4.1478E+02
0000749   4.7134E+02 -1.2737E+01 -4.0474E+02
0000750   3.5117E+02 -1.9193E+02 -5.3107E+02
0000751   5.7367E+02  1.5437E+02 -4.6423E+01
0000752   7.6635E+02  1.7302E+02  3.4948E+02
0000753   4.5435E+02  2.3476E+01 -1.7492E+02
0000754   4.0540E+02 -2.2246E+02 -7.2736E+00
0000756   3.4315E+02 -1.1571E+02  5.8301E+01
0000757   5.7977E+02  9.8013E+01  1.2698E+02
0000758   5.2146E+02  4.1891E+01 -5.5544E+01
0000759   4.1384E+02 -4.1400E+02 -1.4421E+02
0000760   4.5077E+01 -7.0827E+00 -3.9670E+02
0000761   2.6261E+02 -8.5840E+01  6.9669E+01
0000762   2.6129E+02  3.3137E+02 -1.5971E+02
0000763   6.3479E+02 -1.0463E+02  3.3758E+01
0000764   8.2800E+02 -2.8243E+02  4.8425E+01
0000765   5.1339E+02  1.0583E+02 -6.8079E+01
0000766   5.3884E+02  4.1642E+00  4.1850E+01
0000767   4.1599E+02 -7.0804E+01 -1.4105E+02
0000768   2.4296E+02 -1.2228E+01  2.6762E+02
0000769   5.9884E+02 -9.8101E+01 -8.2085E+00
0000770   3.2531E+02  1.2126E+02  4.7771E+02
0000771   3.5533E+02  1.8804E+02  2.1283E+02
0000772   2.6960E+02 -2.0817E+02 -8.6843E+01
0000773   9.4484E+01 -2.3552E+02 -8.6278E+00
0000774   7.0112E+02  1.1459E+01 -1.0441E+01
0000775   7.4236E+02 -6.8480E+01  1.4657E+02
0000776   2.4871E+02  4.3265E+00  1.6776E+02
0000777   4.1093E+01  1.1588E+02 -7.0415E+01
0000778   6.8724E+02  3.1067E+02  1.8231E+02
0000780   6.5613E+02  1.3647E+02 -1.2018E+02
0000781   2.3714E+02  1.6577E+02 -2.4242E+02
0000782   4.3335E+02  2.5904E+02  2.3179E+02
0000783   5.1624E+02  4.1501E+01  6.7782E+01
0000784   6.5763E+02  2.3093E+02 -1.5817E+02
0000785   2.1189E+02 -9.5214E+01 -5.7103E+01
0000786   3.1741E+02  1.7119E+01  1.4234E+02
0000787   6.1789E+02 -6.0024E+00  3.2125E+01
0000788   4.2572E+02  5.2882E+02 -5.9442E+01
0000789   2.0429E+02  8.1785E+01  9.9076E+01
0000790   2.1597E+02 -3.6204E+01  6.0307E+00
0000791   2.9571E+02 -1.4485E+02  1.7453E+02
0000792   2.8260E+02 -1.9129E+02  1.7365E+01
0000793   7.3577E+02  1.1035E+02  4.0714E+00
0000794   4.3967E+02 -3.5167E+02 -1.7100E+02
0000795   2.1249E+02  1.2281E+02 -3.9020E+02
0000796   1.3754E+02 -6.2798E+01  1.2670E+02
0000797   3.7235E+02  5.3217E+01  1.2316E+02
0000798   2.3621E+02 -1.3895E+02  3.8751E+02
0000799   2.7595E+02  5.9033E+01 -3.0643E+02
0000800   2.4406E+02  2.3180E+01  2.6407E+02
0000801   2.6219E+02  1.4355E+01 -8.7273E+01
0000802   7.6354E+02 -5.0802E+01  3.6941E+02
0000803   3.2810E+02  1.4729E+02  4.3637E+02
0000804   2.1069E+02 -2.5162E+02  3.2901E+01
0000805   3.1862E+02 -4.0808E+01  1.3181E+02
0000806   6.7039E+02  2.7847E+02  3.9071E+00
0000807   2.8254E+02  1.7128E+02  9.6787E+01
0000808   3.6395E+02  1.1127E+02 -1.4145E+02
0000809   3.8173E+02 -1.8629E+01  1.0453E+02
0000810   4.4752E+02 -1.9720E+02 -3.4815E+02
0000811   6.6715E+02  8.4513E+01 -5.8100E+01
0000812   7.0649E+02 -4.6781E+01  3.5112E+02
0000814   5.1556E+02 -3.5558E+02  6.3969E+01
0000815   4.1070E+02  2.6822E+01  1.3921E+02
0000819   6.9425E+02  2.2196E+01 -1.4045E+00
0000820   3.9604E+02 -1.3958E+02  1.6974E+02
0000821   4.2232E+02 -2.6406E+02 -6.4460E+01
0000822   5.3789E+02  1.1621E+02  7.5959E+01
0000823   6.4105E+02  6.8918E+01  5.8553E+01
0000824   6.5143E+02 -1.9937E+02 -3.1266E+02
0000825   9.2779E+02  4.5569E+02 -5.2268E+01
0000826   1.6353E+02  1.1128E+01 -1.4184E+01
0000827   4.3099E+02  1.1290E+02 -3.3545E+02
0000828   1.8062E+02  2.4365E+02 -1.1090E+02
0000829   3.8435E+02  2.3746E+02 -4.4478E+01
0000830   3.9903E+02  9.9921E+01 -1.7012E+02
0000831   2.5849E+02 -2.9068E+02  2.1686E+02
0000832   2.6218E+02  8.4716E+01  8.4768E+01
0000833   3.4147E+02  3.0556E+02  4.9870E+01
0000834   5.2922E+02 -1.7882E+02  1.2290E+02
0000835   3.5551E+02 -7.3715E+00 -5.2747E+01
0000836   3.8581E+02  1.4630E+02 -2.8812E+02
0000837   4.5129E+02  1.3489E+02 -3.5504E+01
0000838   8.3753E+02  1.3580E+02 -1.9409E+01
0000839   2.4372E+02 -2.5612E+01  2.8812E+01
0000841   8.4260E+01 -1.7271E+02  5.2191E+01
0000842   3.6767E+02  2.2918E+02 -3.3281E+02
0000843   5.0892E+02 -4.2672E+01 -7.3851E+01
0000844   6.8626E+01 -1.2896E+02  8.6544E+01
0000845   4.7217E+02 -3.4612E+02 -2.6736E+01
0000847   4.3903E+02  1.4546E+02  3.1810E+02
0000848   3.9286E+02 -2.3913E+02  1.7747E+02
0000849   1.2550E+02 -1.6546E+02 -2.7912E+01
0000850   5.4445E+02 -5.2792E+01 -1.1061E+02
0000851   2.8279E+02  1.9857E+02  3.1124E+02
0000852   5.6802E+02 -3.4535E+02 -1.0995E+02
0000853   8.6721E+02  8.6642E+01 -2.1349E+02
0000854   4.3864E+02  1.4049E+02 -6.0084E+01
0000855   2.8134E+02  1.3171E+02 -5.5407E+01
0000856   7.3699E+01 -1.5898E+02  1.9172E+02
0000857   2.9241E+02 -1.0544E+02 -2.3411E+02
0000858   5.5734E+02 -1.9240E+02  3.5598E+02
0000859   6.1328E+02  3.1123E+02 -1.1955E+02
0000860   6.2433E+02 -5.3664E+01  2.4155E+02
0000861   1.0699E+02 -4.5200E+02  2.8638E+02
0000862   5.5777E+02  1.9031E+02  1.4745E+02
0000863   7.7293E+02  2.8430E+02 -6.9459E+01
0000864   3.0971E+02 -3.2432E+02  4.2331E+02
0000865   1.9682E+02  1.3455E+02  1.3608E+02
0000866   1.5370E+02  4.8014E+02 -1.0241E+02
0000867   3.9888E+02  1.1943E+02 -1.3275E+02
0000868   2.2033E+02 -1.7929E+02 -3.9573E+02
0000869   5.5214E+02 -2.3403E+00  1.2053E+02
0000870   2.2753E+02 -6.0144E+02  2.5473E+01
0000871   2.2588E+02 -2.3323E+02 -1.7295E+01
0000872   5.2709E+02 -1.8546E+01 -3.9638E+02
0000873   4.0325E+02 -3.1765E+02 -3.0361E+02
0000874   1.0572E+02 -3.9079E+02  3.2961E+02
0000875   7.4811E+02 -5.9097E+01 -1.2412E+02
0000876   4.9512E+01 -1.0132E+02 -1.5991E+01
0000877   2.5825E+02 -4.4364E+00  1.1334E+02
0000878   6.8982E+01  2.3199E+02  2.3773E+02
0000879   7.3836E+02 -2.7183E+02  8.6123E+01
0000880   2.3366E+02 -1.1693E+02 -1.4460E+01
0000881   3.5402E+02  2.4328E+01  2.0561E+02
0000882   2.6440E+02 -6.3901E+01 -5.7135E+01
0000883   5.6054E+02  1.4008E+02  1.5344E+01
0000884   2.5081E+02  1.6785E+02 -1.3972E+02
0000885   1.0358E+02  2.6062E+00 -7.4892E+00
0000886   4.6569E+02  4.9983E+02  2.1076E+02
0000887   3.6876E+02 -2.0132E+02 -8.4431E+01
0000888   5.0422E+01 -3.0418E+01  2.5411E+02
0000889   5.5478E+02 -1.1144E+02 -5.4655E+01
0000890   2.9160E+02 -1.7080E+02  6.5240E+02
0000891   7.5882E+02  1.5971E+02 -5.3627E+02
0000892   1.4283E+02  1.1922E+02  1.1583E+02
0000893   3.3597E+02 -2.6220E+02 -2.2233E+02
0000894   3.1740E+02  2.1900E+02  2.9912E+02
0000895   2.7193E+02  2.9273E+02 -9.6578E+01
0000896   2.7069E+02  4.4233E+02 -1.0978E+02
0000897   6.7020E+02 -4.1457E+02 -1.1349E+01
0000898   6.4731E+02  8.6437E+01 -7.6624E+00
0000899   4.6532E+02 -5.3873E+01  8.5254E+01
0000900   1.0148E+03  1.0887E+02 -2.1961E+02
0000901   7.0997E+01 -1.1508E+02  1.8705E+02
0000902   2.2176E+02 -1.9705E+02 -3.3170E+01
0000903   1.5776E+02 -7.2828E+01  3.3013E+01
0000904   5.6901E+02  3.6338E+02  9.5234E+01
0000905   1.7561E+02  2.0755E+01  1.5009E+01
0000906   6.2402E+02 -7.9022E+01 -6.0357E+01
0000907   4.0777E+02  5.1530E+01 -3.6011E+02
0000908   3.1460E+02  1.5819E+02 -1.1327E+02
0000909   7.3188E+02  1.3015E+01 -1.4227E+02
0000910   2.5263E+02  1.2863E+02  2.1376E+02
0000911   2.0760E+02 -4.4292E+02 -1.7338E+02
0000913   4.7152E+02  5.2578E+02 -6.2090E+00
0000914   1.3080E+02  5.3479E+01 -9.2992E+01
0000915   1.8583E+02  7.3335E+01  4.3453E+01
0000916   2.8565E+02 -1.3386E+02 -1.0576E+02
0000917   2.1978E+02  2.8404E+02  1.3856E+02
0000918   2.7009E+02 -4.6853E+02 -5.0812E+02
0000919   7.8842E+02 -7.6049E+01  3.6958E+02
0000920   2.5932E+02 -3.4578E+01  2.2763E+01
0000921   7.3994E+02 -8.0750E+01  2.7688E+02
0000922   7.1143E+02  4.7260E+00  9.7711E+01
0000923   3.1491E+02 -3.8696E+02  3.1272E+02
0000924   4.9506E+02  1.3156E+02  1.0754E+02
0000925   1.0008E+02 -1.6357E+02 -3.4247E+02
0000926   2.3237E+02 -1.2832E+02  1.3926E+02
0000927   7.7580E+02  1.2295E+02  1.9253E+02
0000928   5.9982E+02 -6.4556E+01  3.3296E+01
0000929   7.6647E+02  2.1973E+02  4.5905E+01
0000930   2.6063E+02  2.3865E+02 -1.0163E+02
0000931   3.7362E+02  4.3427E+00 -4.0094E+02
0000932   4.5182E+02  9.9994E+01 -1.4283E+02
0000933   4.4903E+02 -1.7771E+02 -1.1174E+02
0000935   5.1783E+02  1.0999E+01 -3.3289E+02
0000936   4.1119E+02 -1.4648E+02  4.9509E+01
0000937   4.4884E+02  4.9453E+01 -4.5949E+01
0000938   2.6751E+02  1.2664E+02 -1.2765E+02
0000940   5.9675E+02 -2.6020E+02  1.4823E+02
0000941   5.3242E+02 -1.4581E+02 -7.8163E+01
0000942   6.2767E+02  2.2065E+02  4.2300E+02
0000943   4.0762E+02 -4.5038E+01 -2.5251E+02
0000944   5.4480E+02 -3.4177E+02  1.9001E+02
0000945   4.0459E+02 -1.3053E+02 -4.2830E+02
0000946   3.3467E+02 -1.9409E+02  5.3701E+01
0000947   1.5584E+02 -1.9605E+01  2.2535E+02
0000949   4.4024E+02  4.6214E+02  9.3168E+01
0000950   1.4830E+02  1.4327E+01  8.1847E+01
0000951   4.3737E+02  1.7646E+02 -2.1746E+02
0000952   5.2098E+02 -3.7461E+01 -3.5827E+02
0000953   1.1618E+02 -6.3722E+01 -6.1018E+01
0000954   4.9806E+02  6.4161E+01  1.4799E+02
0000955   7.2583E+01 -2.6011E+02  1.3793E+02
0000956   4.9120E+02  3.2924E+02 -1.7284E+02
0000957   5.1623E+02 -1.7887E+02 -9.6377E+01
0000958   7.0939E+02 -2.0598E+02 -1.6860E+01
0000959   2.9294E+02 -6.9374E+01  8.0767E+01
0000960   6.2486E+02 -2.3938E+02 -2.9709E+02
0000961   4.7757E+02 -2.0141E+02 -7.1223E+01
0000962   4.0379E+02 -2.1905E+02  2.4278E+02
0000963   5.4870E+02 -3.5072E+02 -3.0819E+02
0000964   2.8219E+02  5.3192E+02  8.2273E+01
0000965   1.6170E+02 -6.9350E+00  1.1835E+02
0000966   5.1163E+02 -1.7325E+02  3.3665E+01
0000967   1.3264E+02 -2.1974E+02 -1.1569E+02
0000968   3.2942E+02 -9.7246E+01 -8.2522E+01
0000969   4.8469E+02  1.4248E+02  5.2637E+01
0000970   1.6839E+02 -1.5503E+02 -1.1323E+02
0000971   1.0292E+03  8.8463E+01 -2.4726E+02
0000972   3.5261E+02 -1.5802E+02 -3.8378E+01
0000973   6.3103E+02 -1.6840E+02  2.1733E+02
0000974   1.9925E+02 -8.4993E+01  1.8023E+01
0000975   1.0855E+02 -2.7404E+02 -9.1092E+00
0000976   7.1656E+02 -1.6250E+02  7.6056E+01
0000977   4.2467E+02 -2.3155E+02  1.1044E+02
0000978   3.1237E+02 -4.4926E+01  2.7806E+02
0000980   1.8317E+02 -2.5964E+02  4.9144E+02
0000981   7.0114E+02  2.5952E+02  2.9880E+02
0000982   1.0381E+02 -2.5205E+02 -6.8068E+00
0000983   3.0627E+02  1.6453E+02 -3.0480E+01
0000984   5.7198E+02  6.1411E+01 -2.0153E+02
0000985   1.9351E+02 -1.3296E+02 -6.9299E+01
0000986   2.9607E+02 -5.6606E+01 -2.8224E+02
0000987   6.0075E+02 -1.4930E+02  2.2726E+02
0000988   5.3529E+02 -1.9416E+01 -3.2474E+02
0000989   4.5801E+02 -1.5291E+02 -4.8018E+02
0000990   2.1051E+02  2.3351E+02 -1.1841E+01
0000991   1.4167E+02  3.8737E+02 -3.3940E+01
0000992   7.2775E+02  1.5293E+02 -2.7030E+02
0000993   1.6028E+02  2.0950E+02  3.3293E+02
0000994   9.9658E+01 -4.1876E+01 -1.2909E+02
0000995   3.4916E+02 -2.8321E+02  8.2243E+01
0000996   5.2267E+02  1.3521E+02 -1.2459E+02
0000997   5.3268E+02  2.5053E+01  7.2842E+01
0000998   5.7264E+02 -7.7441E+01  4.5621E+01
0000999   5.1319E+02 -2.8878E+02  6.1009E+01
0001000   3.9339E+02  2.5565E+02 -1.1325E+02
