============================== SRIM-2013.00 ==============================
==============================================================================
====== SRIM Outputs\RANGE_3D.txt : File of Final Ion Positions =====

Ion =  F (09)   Ion Mass= 018.9984
Energy  = 4000000.E-05 keV
Ion Angle to Surface = 00.0 degrees
==================== TARGET =======================
  Layer # 1 - None
  Layer # 1 - Bottom Depth=500000.E-01 A
  Layer # 1 - Density =0007.8700 g/cm3
  Layer # 1 -  100 % of Fe
様様様様様様様様様様様様様様様様様様様様様様様様様様
                                            
Ion       Depth  X   Lateral Y   Lateral Z  
Number    (Angstrom) (Angstrom)  (Angstrom) 
-------  ----------- ----------- -----------
0000002   5.2733E+02 -1.8634E+02 -2.8985E+01
0000003   1.7980E+02  9.3513E+00  2.7524E+02
0000004   3.5555E+02 -1.8368E+02 -2.8695E+02
0000005   3.3274E+02  1.7141E+02  3.1295E+02
0000006   6.1590E+02  2.2714E+02  1.1325E+02
0000007   7.6426E+02  5.4725E+01  7.7622E+01
0000008   1.6309E+02  3.9007E+01  4.1037E+02
0000010   9.8386E+01  4.5114E+02 -1.3534E+02
0000011   2.5782E+02 -1.7288E+02 -1.5479E+02
0000012   3.8893E+02  5.7186E+01  3.1705E+01
0000013   1.5430E+02  1.9790E+02  1.9609E+02
0000015   3.9281E+02  7.5444E+01  1.5646E+02
0000016   2.1678E+02 -1.3452E+02  2.7405E+02
0000017   5.2830E+02  2.6042E+02 -5.5083E+02
0000018   6.6442E+02 -2.3041E+02 -3.9069E+02
0000019   7.0144E+02  1.3651E+02  8.4332E+01
0000020   6.3819E+02 -9.4649E+01  1.0930E+01
0000021   2.3130E+02 -1.7625E+02 -7.2546E+01
0000022   5.1652E+02  2.3164E+02 -2.8824E+02
0000023   6.7679E+02 -1.3947E+02 -1.3523E+02
0000024   5.2884E+02 -8.0872E+01  1.0234E+02
0000025   3.0651E+02 -9.5270E+00 -5.6746E+00
0000026   5.2028E+02  3.2401E+02 -3.3996E+02
0000027   7.2371E+02 -7.4207E+01  2.1639E+02
0000028   5.8721E+02  5.1187E+01 -9.8463E+01
0000030   3.8875E+02  2.0795E+01  1.5061E+02
0000031   3.3245E+02 -3.3995E+02 -2.6979E+02
0000032   3.7925E+02  1.6115E+01 -6.8066E+01
0000033   3.4291E+02  6.9189E+00  2.4985E+02
0000034   3.1811E+02  1.8683E+02  4.9463E+01
0000035   5.4284E+02  8.6214E+01 -5.9528E+01
0000036   5.1473E+02  5.8605E+01 -6.8646E+01
0000037   2.7424E+02 -7.2612E+01  1.4420E+02
0000038   3.6655E+02  7.0797E+01  2.0823E+02
0000039   1.7859E+02  1.5120E+02  9.0896E+01
0000040   5.4465E+02  8.1100E+01 -8.8195E+01
0000041   3.7682E+02  1.5691E+02 -8.0083E+01
0000042   3.2112E+01 -4.5495E+02  1.9868E+02
0000043   1.3933E+02 -4.9450E+01 -1.6473E+02
0000044   6.5150E+02  1.1337E+02 -2.5359E+02
0000045   3.8827E+02 -1.7777E+02 -1.7529E+02
0000046   2.0718E+02  4.8365E+02 -3.8579E+01
0000047   3.8860E+02 -4.5104E+02  5.6815E+01
0000048   4.5904E+02 -8.8853E+01  5.9792E+00
0000049   1.9994E+02  1.3859E+02 -3.4976E+02
0000050   6.6385E+02  3.6047E+02 -5.1427E+02
0000051   1.4516E+02  5.3431E+01 -7.1563E+01
0000053   3.0972E+02  3.1501E+02  1.3304E+02
0000054   3.2432E+02 -2.2709E+02 -2.5704E+02
0000055   2.3753E+02 -5.2180E+01 -5.6585E+02
0000056   4.7600E+02 -6.0572E+00 -1.1752E+02
0000057   6.2601E+02 -2.0260E+02 -1.5222E+02
0000058   6.5755E+02 -2.0167E+02 -4.3806E+01
0000059   4.2098E+02  6.1869E+01  3.3642E+02
0000060   7.6481E+01  1.5885E+00  1.2007E+01
0000061   2.9271E+02  6.2568E+01  4.9150E+01
0000063   3.4322E+02  6.4527E+02 -5.0285E+02
0000064   4.3626E+02 -3.7670E+02  1.3948E+02
0000065   2.9327E+02  2.5224E+02  1.5699E+01
0000066   3.5480E+02  2.0993E+01 -8.6916E+01
0000067   8.9803E+01 -3.6951E+02  2.8383E+01
0000068   5.2358E+02  3.5204E+02 -1.4071E+02
0000069   6.0113E+02 -2.9843E+02 -2.0406E+02
0000070   5.2357E+02  2.6810E+02 -4.1676E+02
0000071   4.7255E+02 -9.5910E+01  8.8526E+01
0000072   1.9388E+02 -1.8986E+02  1.6011E+01
0000073   4.3858E+02 -1.2264E+02 -9.9757E+01
0000074   1.0033E+02 -8.6681E+01 -1.7855E+02
0000075   5.0887E+02 -2.5136E+01  2.3048E+01
0000076   8.8822E+02 -4.1951E+01 -2.4129E+02
0000077   9.4445E+01  1.4822E+02 -3.7630E+02
0000078   5.6216E+02  2.2784E+02 -1.9888E+02
0000079   6.3596E+02  1.0011E+02  2.0040E+01
0000080   4.1674E+02 -7.0660E+01 -5.3349E+02
0000081   2.7628E+02  3.2468E+02  1.1920E+00
0000082   5.5499E+02  1.9470E+02  1.8463E+02
0000083   4.9418E+02 -1.8555E+02  8.6410E+01
0000084   2.2927E+01  3.3309E+02  3.0804E+02
0000085   3.7628E+02  2.2043E+02 -3.9307E+02
0000086   3.7251E+02  1.2935E+01  8.8343E+01
0000087   2.7765E+02  2.0940E+02  1.2559E+02
0000088   5.4665E+02  1.3436E+02  1.9782E+02
0000089   1.4670E+02  1.8271E+02 -2.5248E+02
0000090   5.4540E+02  1.6970E+02 -1.3699E+02
0000091   1.2863E+02 -3.5871E+01  1.4447E+02
0000092   6.2690E+02 -2.7692E+02  1.2606E+02
0000093   2.1990E+02 -1.6098E+02  1.0121E+02
0000094   4.3041E+02 -7.6655E+01 -1.7541E+02
0000095   8.5168E+01 -1.6467E+02 -3.5808E+01
0000096   4.6592E+02 -8.0669E+01  4.4288E+02
0000097   1.8504E+02 -3.8473E+01 -3.7415E+02
0000098   9.4323E+01  2.6839E+02  9.0007E+01
0000099   7.8974E+02  9.7330E+01 -1.5053E+02
0000100   4.7696E+02 -5.5601E+02 -3.1253E+02
0000102   6.0191E+02  1.9817E+01 -3.1996E+02
0000103   5.6614E+02 -1.8459E+02  2.7833E+02
0000104   3.7578E+02 -1.1508E+02 -3.4018E+02
0000105   9.9916E+01 -9.8805E+01  1.0552E+00
0000106   5.1350E+02 -1.9982E+02 -4.8062E+00
0000107   3.6954E+02 -8.6092E+01  8.4933E+01
0000108   5.5795E+02  5.6580E+01  1.3014E+02
0000109   3.1302E+01  3.9966E+01 -1.9664E+02
0000110   3.9113E+02 -3.5209E+02  4.6994E+02
0000111   3.8450E+02 -6.6953E+00  1.1517E+00
0000112   4.4303E+02 -6.9092E+01 -1.2028E+02
0000113   5.1503E+02  1.5142E+02 -5.4541E+01
0000114   4.5017E+01  1.8572E+00  2.1116E+01
0000115   1.2215E+02  5.3317E+01 -8.3543E+01
0000116   2.4500E+02 -1.9775E+02  2.1014E+02
0000117   3.5849E+02 -4.7785E+02 -2.1647E+02
0000118   5.2884E+02 -4.6250E+01  1.9657E+01
0000119   1.3455E+02 -8.3670E+01  1.2144E+02
0000120   6.5953E+02  2.0138E+01  2.0127E+02
0000121   3.4420E+02 -6.2370E+01  6.1046E+01
0000122   1.4686E+02  4.1911E+01  1.3126E+02
0000123   2.6663E+02  1.3049E+02  1.8109E+02
0000124   2.8027E+02  1.7465E+02 -2.8640E+02
0000125   3.9383E+02  1.9738E+02  2.6546E+02
0000126   2.3905E+02  1.6325E+02  6.4331E+01
0000127   5.8293E+02  6.3489E+02 -2.3877E+02
0000128   1.2259E+02  1.4638E+01 -1.8303E+01
0000129   1.6670E+02 -6.2779E+01  2.4922E+01
0000130   1.9102E+02 -1.4999E+02  1.3926E+02
0000131   3.0685E+02  3.1684E+02  3.1354E+02
0000132   3.4812E+02  3.3072E+02  5.5350E+01
0000133   2.2468E+02 -2.4047E+01 -3.1627E+02
0000134   4.5508E+02 -9.4264E+01  7.5330E+01
0000135   5.0219E+02  3.8883E+01 -4.5197E+02
0000136   5.3504E+02 -1.3152E+02 -9.5365E+01
0000137   9.8004E+01 -9.9237E+01  2.9607E+02
0000138   4.9811E+02 -6.7743E+01 -4.0367E+02
0000139   4.6921E+02 -2.6469E+02 -7.3750E+01
0000140   3.2006E+02 -1.0142E+02  1.7515E+02
0000141   4.3057E+02 -1.0783E+02 -1.9939E+01
0000142   5.1074E+02  8.5206E+01 -1.7254E+02
0000143   3.6929E+02  7.7573E+01 -1.4739E+02
0000144   6.7045E+02  8.3399E+01  6.4758E+01
0000145   5.0163E+02 -3.0273E+01  1.3450E+02
0000146   6.1092E+02 -1.6799E+02 -3.8030E+02
0000147   5.8889E+02  6.9275E+01 -5.5783E+01
0000148   3.5365E+02  3.0200E+02 -1.1351E+02
0000149   4.4300E+02 -1.1314E+02 -1.2391E+02
0000150   3.5655E+02 -2.9288E+01 -4.0117E+02
0000151   2.9578E+02 -1.0416E+02  2.2598E+02
0000152   5.7942E+02  2.7434E+02  2.1412E+02
0000153   3.3323E+02  1.5061E+02  1.3623E+02
0000154   3.6552E+02  3.6094E+02  1.7809E+02
0000155   4.3216E+02 -4.2307E+02  4.1426E+01
0000156   1.9171E+02  6.2481E+01  1.3778E+02
0000157   1.6803E+02  9.1684E+01 -2.3646E+01
0000158   1.7558E+02  1.7628E+02  5.6308E+01
0000159   5.4174E+02 -1.0586E+02  3.0537E+02
0000160   3.4086E+02  1.1786E+02  4.0569E+02
0000161   4.1055E+02  4.3307E+01  1.4814E+02
0000162   3.1805E+02  3.9721E+02 -1.2333E+02
0000163   6.8394E+02 -1.2023E+01  2.3146E+02
0000164   2.5663E+02 -1.3741E+02  2.4775E+02
0000165   1.7196E+02 -1.4191E+02  3.7066E+02
0000166   1.6364E+02  2.5634E+02  2.6214E+02
0000167   6.1084E+02  3.6147E+01  1.5700E+02
0000168   2.7993E+02  6.5275E+01  1.3460E+02
0000169   5.1511E+02  6.5226E+01  2.7158E+02
0000170   7.3128E+02  3.6081E+01  1.5419E+02
0000171   3.5544E+02  1.5119E+01 -2.5761E+02
0000172   5.2738E+02 -4.0149E+02 -1.1241E+02
0000173   4.1997E+02  7.8123E+01  2.7150E+02
0000174   3.6138E+02  1.0958E+02  6.0893E+01
0000175   6.3886E+02  3.0983E+02 -3.6186E+02
0000176   2.5467E+02  2.2324E+02 -2.9241E+02
0000177   5.2868E+02  2.2042E+02 -1.6984E+02
0000178   3.1685E+02 -3.5035E+02  2.8997E+02
0000179   3.8609E+02 -2.0042E+02 -4.1556E+02
0000180   9.8637E+01 -1.5052E+02 -2.2001E+02
0000181   2.3053E+02  4.0528E+01  1.2470E+01
0000182   5.8738E+02 -3.5404E+02 -1.0700E+02
0000183   5.3855E+02  2.7900E+02  1.7862E+02
0000184   3.5545E+02  1.7796E+01 -1.8119E+02
0000185   2.8738E+02  4.6985E+02  1.9548E+02
0000187   1.6213E+02 -4.6615E+02  4.7243E+01
0000188   6.0166E+02 -1.3349E+02 -3.0571E+02
0000189   5.9831E+02 -5.1970E+01 -2.3940E+02
0000190   2.8639E+02  3.2965E+02  7.1546E+01
0000192   6.2167E+02  8.4542E+01 -2.3842E+02
0000193   1.8927E+02  3.6580E+02 -7.9687E+01
0000194   3.9385E+02 -1.8898E+02  1.5223E+02
0000195   3.9459E+02 -6.1920E+01  1.6007E+01
0000196   1.4256E+02  1.4951E+02 -2.2598E+02
0000197   4.4484E+02  8.5784E+01 -3.0930E+02
0000198   4.2732E+01  6.1341E+01 -4.0381E+02
0000199   5.3426E+02 -7.4021E+01  7.3735E+01
0000200   6.9691E+02  8.7293E+01 -2.3600E+02
0000201   4.4045E+02 -3.6322E+02 -1.6600E+02
0000202   4.6387E+02  1.5241E+02  7.9817E+01
0000203   4.7815E+02 -8.9749E+01 -1.1366E+02
0000204   6.4036E+02  3.2177E+02  3.4368E+01
0000205   2.7381E+02 -2.7712E+02  2.2678E+02
0000206   4.6898E+01  3.4096E+01  5.0672E+02
0000207   5.4882E+02 -3.9657E+02  2.5674E+01
0000209   6.3875E+02  3.0973E+02  3.1198E+02
0000210   2.1351E+02  1.9974E+02  1.6783E+02
0000211   3.5722E+02  3.9986E+02  3.0636E+02
0000212   1.8535E+02 -4.9397E+01  3.4926E+02
0000213   9.2187E+01 -3.1977E+02 -2.8505E+02
0000214   1.0714E+02  1.2677E+01  2.7787E+02
0000215   2.8684E+02 -2.1132E+01  4.5956E+01
0000216   6.4496E+02 -4.1697E+01  1.7309E+02
0000217   3.9115E+02 -4.7473E+02  5.9129E+01
0000218   1.7065E+02 -1.4442E+00 -2.7487E+02
0000219   3.6312E+02  1.9812E+02 -1.9830E+01
0000220   6.8174E+02  7.8623E+01 -4.8721E+01
0000222   3.7169E+02 -2.3414E+02  1.0598E+02
0000223   7.5381E+02 -3.6511E+02  8.2924E+01
0000224   4.1674E+02 -3.3940E+01  1.4709E+02
0000225   1.7035E+02  4.3724E+02 -1.0171E+02
0000226   6.2879E+02 -1.0659E+02 -1.4160E+02
0000227   2.5463E+02  1.0455E+02 -4.3792E+02
0000228   1.8489E+02 -1.4961E+02  7.9287E+01
0000229   2.9049E+02 -2.2682E+02 -8.6245E+00
0000230   9.9277E+01  5.9287E+01 -3.4091E+02
0000231   6.7549E+02  1.8601E+02  3.8721E+02
0000232   1.9260E+02 -5.1171E+01  6.8289E+01
0000233   1.9524E+02  7.7477E+01 -2.5918E+02
0000234   4.1590E+02 -1.1699E+02 -2.9983E+00
0000235   3.2371E+02  4.9402E+01 -2.3596E+02
0000236   3.0759E+02 -2.0318E+02  3.1191E+02
0000237   8.2209E+02 -1.3149E+02  1.8492E+02
0000239   5.6165E+02 -1.6101E+02 -2.7379E+01
0000240   6.5992E+02  5.5937E+01  2.0685E+02
0000241   1.3508E+02  1.0395E+01  4.0873E+02
0000242   4.7987E+02 -8.1321E+01 -6.4160E+01
0000243   5.1098E+01  1.4623E+02  4.9018E+01
0000244   4.1479E+02 -4.8143E+00 -4.9312E+02
0000245   7.5232E+02 -1.2254E+02 -7.4700E+00
0000246   5.0421E+02 -2.5940E+02  2.1567E+02
0000248   8.4342E+02  2.7064E+02  9.9289E+00
0000249   2.1245E+02  1.0233E+02 -2.1592E+01
0000250   4.5293E+02  1.1397E+02  2.8521E+01
0000251   5.9800E+02  3.0042E+02 -2.6950E+01
0000252   5.3812E+02 -2.3521E+02 -2.1627E+01
0000253   1.8014E+02 -3.5886E+01 -5.7025E+01
0000254   6.2042E+02 -9.7893E+00 -1.0162E+02
0000255   4.0687E+02  1.2322E+02 -4.6044E+02
0000256   3.4960E+02  2.3051E+02  4.1006E+01
0000257   2.1625E+02 -8.2724E+01 -2.1656E+02
0000259   5.0745E+02 -2.1159E+02 -1.8112E+02
0000260   4.1111E+02 -1.4835E+02  3.0985E+02
0000261   3.7987E+02 -2.1935E+02  3.8154E-01
0000262   3.8471E+02  9.8980E+01  4.7878E+02
0000263   8.6314E+02 -3.2958E+02  1.1808E+01
0000264   5.2822E+02 -1.5749E+01  3.6109E+02
0000265   3.3847E+02  1.7024E+02  2.1427E+02
0000266   5.5243E+02  3.3164E+02  8.7222E+01
0000267   8.3568E+02  5.0989E+01 -1.6800E+02
0000268   1.2448E+02 -5.2692E+00 -5.2959E+01
0000269   2.8504E+02  1.5490E+02  1.8473E+02
0000270   4.0321E+02  3.7093E+01  3.1116E+02
0000271   5.3564E+02  2.5592E+02  1.4964E+02
0000272   5.2891E+02  4.3993E+02 -3.0623E+02
0000274   3.8456E+02 -2.2686E+02  2.1647E+02
0000275   2.1652E+02  3.7517E+02  3.4405E+02
0000276   5.2653E+02  6.5126E+01 -1.6938E+01
0000277   2.6808E+02 -6.8776E+00 -4.8573E+02
0000278   2.4230E+02 -4.6773E+01 -3.8631E+01
0000280   2.3617E+02 -2.7484E+02 -2.3968E+01
0000281   5.1518E+02 -5.5158E+01 -3.9928E+01
0000282   5.7564E+02  1.5931E+02 -2.6852E+02
0000283   7.1311E+02  2.1496E+02 -7.9780E+01
0000284   4.9894E+02 -4.1980E+00 -2.0860E+02
0000285   4.0105E+02  2.5123E+02  1.9739E+02
0000286   7.2454E+02 -7.3499E+00 -1.9902E+02
0000287   7.3784E+02 -7.0675E+01 -7.0104E+01
0000288   8.6156E+02 -1.8872E+01  4.0319E+02
0000289   5.3252E+02  2.4443E+00 -3.5900E+02
0000290   3.8967E+02 -1.4381E+02 -1.4558E+02
0000291   3.9892E+02  2.4980E+01  1.0573E+02
0000292   3.2019E+02  1.6700E+01 -1.6273E+02
0000293   8.0527E+02 -3.0927E+02 -1.3853E+02
0000294   5.0511E+02  1.4841E+02  1.2866E+02
0000295   6.0413E+02 -7.7912E+00  1.1371E+02
0000296   6.3506E+02  1.4458E+01 -1.2927E+02
0000297   8.8926E+02  6.3758E+01  2.3383E+01
0000298   8.4004E+02 -6.3766E+01 -1.6085E+02
0000299   4.1880E+02 -1.1980E+02  7.9464E+01
0000300   2.1319E+02 -2.1934E+02  1.4463E+02
0000301   3.9732E+02 -5.9296E+01  1.9713E+02
0000302   5.9643E+02  3.4082E+00  3.3454E+02
0000303   4.2587E+02  4.0249E+02  2.1668E+02
0000304   1.4390E+02  1.1025E+02 -1.3795E+02
0000305   2.8893E+02  6.6826E+01 -1.1446E+02
0000306   6.0017E+02 -4.4363E+01  9.0658E+01
0000308   4.7580E+02 -3.5822E+01  3.4029E+02
0000309   2.0039E+02 -5.4211E+01 -1.3643E+02
0000310   3.1829E+02  2.8905E+02 -1.1807E+01
0000311   2.3066E+02  1.9115E+02  4.9734E+01
0000312   4.0757E+02  2.0236E+02  1.0037E+02
0000313   8.5712E+02  2.2411E+02  2.7089E+00
0000314   2.4453E+02  4.0750E+01 -1.5117E+02
0000315   7.0297E+02 -1.4519E+01  8.9334E+01
0000316   3.6816E+02 -1.2471E+02 -3.4132E+02
0000318   5.5576E+02 -6.1508E+01 -2.8051E+02
0000319   2.8320E+02 -1.6605E+02 -2.2577E+02
0000320   3.3047E+02  3.0250E+02 -2.1686E+02
0000321   4.9750E+02  8.9973E+01  3.2070E+02
0000322   4.1278E+02 -3.5779E+01  2.1224E+02
0000323   3.5077E+02  2.2498E+02 -9.4014E+01
0000324   2.9008E+02  1.0660E+02 -5.7345E+01
0000326   3.9360E+02  3.3967E+02 -4.3459E+02
0000328   8.3940E+02 -8.6182E+01  6.6036E+01
0000329   5.1211E+02  6.9130E+01 -1.4119E+02
0000330   1.5853E+02 -7.6275E+01 -1.1010E+02
0000331   5.1097E+02  5.0920E+01 -2.9122E+02
0000332   4.7973E+02  1.3797E+02 -3.4720E+02
0000333   5.7661E+02  3.1319E+02  1.6392E+02
0000334   7.6609E+01  2.1532E+02  5.4360E-01
0000335   1.6051E+02 -3.2818E+02  1.0908E+02
0000336   6.6354E+02  3.4617E+01  1.5786E+02
0000337   7.2420E+02  4.2846E+01  1.6529E+02
0000338   2.4950E+02 -1.8921E+02  2.8850E+02
0000339   2.3672E+02  1.3821E+02 -1.0701E+02
0000340   1.0080E+02  1.3911E+01 -4.8731E+01
0000341   5.3631E+02 -7.8042E+01 -9.4796E+01
0000342   6.2304E+02  1.4064E+02 -2.8758E+02
0000344   2.8168E+02  5.8251E+02 -4.2567E+02
0000346   5.2926E+02  3.0455E+02  1.4896E+02
0000347   4.8369E+02 -3.1417E+02  1.0426E+02
0000348   6.7921E+02 -2.3815E+01 -4.0268E+02
0000349   3.0901E+02  1.7006E+02 -1.5619E+02
0000350   2.3756E+02  1.0048E+02 -3.0199E+02
0000351   2.2179E+02 -2.3240E+02  3.3664E+02
0000352   3.8549E+02  1.4439E+02 -2.4818E+02
0000353   5.8460E+02 -3.5108E+02 -1.1862E+02
0000354   4.5685E+02 -9.0324E+01 -2.4188E+02
0000355   3.2061E+02  2.8652E+02  2.9252E+02
0000356   2.7759E+02 -5.9960E+01  5.8576E+02
0000357   1.4909E+02  1.9424E+02 -2.2497E+01
0000358   4.3807E+02  3.4549E+01  2.9106E+02
0000359   4.5210E+02 -7.8530E+01  2.0061E+02
0000360   4.6287E+02 -4.3359E+02 -1.6333E+02
0000361   5.0730E+02 -4.0773E+02 -1.8158E+01
0000362   2.1532E+02 -4.5164E+01 -1.3969E+02
0000363   1.8616E+02  1.2101E+02  1.8101E+02
0000364   6.1266E+02 -2.1351E+02  2.3072E+00
0000365   2.9618E+02 -1.8878E+02 -3.4398E+01
0000366   4.1844E+02 -2.8152E+02 -4.3519E+02
0000367   5.2977E+02 -3.1864E+02 -2.5755E+02
0000368   2.1830E+02 -7.1056E+01  2.3112E+02
0000369   2.2413E+02  7.6492E+01  3.1603E+02
0000370   3.4617E+02 -8.7456E+01  1.3563E+01
0000371   2.4841E+02  3.0006E+02 -6.5273E+00
0000372   4.3995E+02  2.6990E+02  3.5169E+02
0000373   1.8649E+02  2.7164E+02  1.1934E+02
0000374   3.5836E+02 -2.3618E+02 -7.0815E+01
0000375   5.6927E+02  1.2966E+02  9.5082E+01
0000376   1.9636E+02 -2.0789E+02 -2.0606E+02
0000377   2.3273E+01 -2.4536E+01  5.6009E+02
0000378   5.2746E+02  3.7666E+02 -1.3631E+02
0000379   6.6066E+02  1.7290E+02  1.5716E+02
0000380   6.0868E+01 -2.4948E+02 -2.3729E+02
0000381   3.4207E+01  2.2595E+02 -3.0853E+02
0000382   3.0205E+02  2.6066E+02 -9.7252E+01
0000383   5.6198E+02 -1.7367E+02 -2.3055E+02
0000384   9.2126E+02  1.1262E+02  2.3681E+02
0000385   1.8518E+02  8.0032E+01 -3.4055E+02
0000386   4.6331E+02 -2.9997E+02 -3.3084E+01
0000387   5.5367E+02  6.7769E+01 -3.8815E+02
0000388   6.8841E+02 -1.7497E+02  4.6166E+01
0000389   1.3369E+02  6.2060E+01 -2.7360E+02
0000390   4.5704E+02  5.4498E+01  5.0976E+01
0000391   4.0650E+02  3.5255E+01  2.9281E+02
0000392   7.4870E+02 -5.3891E+01  1.2170E+02
0000393   6.4529E+02  3.2771E+02  4.2419E+01
0000394   1.6477E+02 -3.3513E+01 -3.2781E+01
0000395   3.5333E+02 -2.4579E+02 -1.8359E+02
0000398   3.6327E+02 -4.6782E+00 -5.0476E+02
0000399   5.0531E+02  2.4268E+02  3.2337E+02
0000400   4.0306E+02  3.7837E+01  1.2029E+02
0000401   7.9761E+02  1.0368E+02  2.7022E+02
0000402   2.4373E+02 -9.7063E+01 -1.3225E+02
0000403   2.3375E+02  2.5285E+02 -2.3039E+00
0000404   1.1153E+02  3.2134E+01 -5.1545E+01
0000405   3.0920E+02  1.5431E+02 -1.9848E+02
0000406   2.1007E+02  4.1201E+01 -9.5055E+01
0000407   4.6477E+02  2.7966E+02  2.7203E+02
0000408   5.1443E+02 -1.1973E+01 -1.3449E+02
0000409   6.0132E+02 -2.7833E+01  7.1073E+01
0000410   4.6817E+02 -4.2233E+02  5.4748E+01
0000412   5.2594E+02 -5.3961E+02  5.4152E+01
0000413   3.6263E+02  8.8970E+01 -9.7885E+01
0000414   6.2330E+02  8.2132E+01 -1.6358E+02
0000415   7.5549E+02 -2.6907E+02 -2.2434E+02
0000416   4.6644E+02 -1.6343E+02 -3.2438E+01
0000417   4.1010E+02  3.5125E+01 -5.2029E+02
0000418   5.6121E+02  7.9654E+01 -3.5456E+02
0000419   3.5991E+02 -3.0510E+01 -4.4640E+02
0000420   5.3038E+02 -1.3406E+02 -1.8635E+02
0000421   6.8517E+02  1.0096E+02  1.0218E+02
0000422   3.7204E+02 -1.0687E+02  5.7771E+00
0000423   4.9380E+02 -1.9351E+01  5.2862E+01
0000424   5.3942E+02 -3.2033E+01 -3.1881E+02
0000425   1.4491E+02 -5.1483E+01  2.7444E+02
0000426   4.4377E+02 -1.1443E+02  1.2363E+02
0000427   1.5949E+02  3.1876E+02  2.1605E+02
0000428   5.8571E+02  1.4187E+02  5.8542E+01
0000429   2.7439E+02  1.0988E+02  2.0681E+02
0000430   1.8062E+02 -4.1539E+02  9.8443E+01
0000431   1.3505E+02  2.1318E+02 -3.6412E+01
0000432   5.6113E+01  1.0596E+02  1.5865E+02
0000433   3.8537E+02  2.1712E+01  3.1009E+02
0000434   2.3039E+02  1.7320E+01  3.8941E+02
0000435   6.8548E+02 -1.9849E+02  7.5665E-01
0000436   5.3742E+02 -3.5082E+02  2.2972E+02
0000437   2.9768E+02  1.4014E+02 -1.7179E+02
0000438   5.1615E+02  1.8291E+02 -1.6358E+02
0000439   3.5300E+02  1.3377E+02  6.0403E+00
0000440   6.0028E+02  1.9148E+02 -3.0404E+02
0000441   3.7567E+02  4.3959E+02  2.0001E+02
0000442   9.6788E+02  1.9411E+01 -1.0951E+00
0000443   3.9248E+02 -1.9447E+02 -2.2849E+02
0000444   7.8254E+02 -3.5546E+02 -6.6182E+02
0000445   7.8505E+02 -2.1744E+02  1.6787E+02
0000446   4.2974E+02  3.1921E+02  1.5347E+02
0000447   6.2181E+02  1.9009E+01  1.4746E+02
0000449   6.3170E+02  3.6158E+01 -1.2538E+02
0000450   1.1045E+02  3.3591E+00 -3.2053E+02
0000451   1.4422E+02  3.5513E+02  1.5252E+02
0000453   3.3776E+02 -1.1074E+02  1.5513E+02
0000454   3.6989E+02 -3.5533E+02  3.0776E+02
0000455   3.6425E+02  1.1843E+02 -8.7123E+01
0000456   4.3751E+02 -4.3738E+02  1.1472E+02
0000457   4.7038E+02 -1.5181E+02 -3.0014E+01
0000458   1.5674E+02 -4.3711E+02  7.7262E+01
0000459   2.9603E+02  1.2480E+02 -2.2246E+02
0000460   3.4315E+02  3.1742E+02 -5.5269E+01
0000461   4.5052E+02  7.6475E+01 -2.8178E+01
0000462   2.5577E+02 -3.9789E+02 -2.6803E+02
0000465   8.0843E+01  1.2155E+02 -3.1322E+02
0000466   1.9080E+02 -5.5901E+01  2.3922E+02
0000467   4.5765E+02  7.3846E+01  1.1218E+02
0000468   3.9730E+02 -2.3464E+01  6.8389E+01
0000469   6.5592E+02 -2.2853E+02 -2.1103E+02
0000470   4.2000E+02  1.3582E+02 -1.9249E+01
0000471   7.2535E+02 -1.0964E+02 -4.4359E+01
0000472   4.3626E+02 -2.0256E+02  9.7061E+01
0000473   2.0166E+02 -9.4935E+01 -1.2267E+02
0000474   3.5462E+01 -1.8310E+02  4.1094E+02
0000475   6.9264E+02  8.6247E+01 -4.1218E+01
0000476   4.7368E+02 -3.9507E+01  3.7242E+01
0000477   4.0092E+02  1.0127E+02 -3.0916E+02
0000478   4.8618E+02 -1.5766E+02 -7.8396E+01
0000479   4.1365E+02 -5.7090E+02 -4.6932E+02
0000480   7.7179E+02  1.5103E+02 -1.9322E+02
0000481   4.2651E+02 -5.0233E+02 -2.0073E+02
0000482   3.6893E+02 -7.8031E+01 -5.3121E+02
0000483   2.4362E+02  1.0835E+02 -3.1549E+02
0000484   2.8322E+02 -2.3308E+02 -2.8345E+02
0000485   4.2661E+02 -4.2552E+02 -3.8105E+02
0000486   3.5925E+02 -6.0541E+01 -1.8523E+02
0000487   4.1353E+02 -7.7622E+01  6.9215E+01
0000488   4.6005E+02  2.0017E+01 -3.0233E+02
0000489   3.4547E+02 -2.2709E+00 -3.9916E+02
0000490   4.7778E+02  9.4544E+01 -1.0020E+00
0000491   7.6641E+02  1.4114E+02 -1.2447E+02
0000492   8.1923E+02 -2.4991E+02  4.0461E+02
0000493   2.8719E+02 -1.1337E+02  2.9559E+01
0000494   5.4328E+02 -3.3018E+02 -3.7129E+02
0000495   3.4613E+02 -4.5999E+00 -2.2895E+02
0000496   3.8975E+02  3.4325E+02 -5.5579E+01
0000497   1.7880E+02 -1.0753E+02  3.0828E+02
0000498   5.3991E+02 -5.3969E+01  1.4051E+02
0000499   3.0080E+02 -1.4267E+02  7.0504E+01
0000500   5.9320E+02 -1.9996E+02  1.9536E+02
0000501   7.2438E+02  2.6286E+02  2.7246E+02
0000502   2.6617E+02  3.1886E+01  5.4526E+01
0000503   2.1134E+02  2.6313E+02 -1.5654E+02
0000504   6.8788E+02 -1.1232E+02  2.9078E+02
0000505   2.2718E+02  1.2419E+02 -1.4326E+02
0000506   3.4186E+02 -1.1287E+02  2.4336E+02
0000507   5.5986E+02 -4.0746E+02 -9.3231E+01
0000508   4.2824E+02  1.7543E+00 -1.7980E+02
0000509   4.4590E+02  1.4112E+02 -2.0598E+02
0000510   3.3460E+02 -2.3099E+00  4.3758E+02
0000511   1.8761E+02  6.1891E+01 -4.0029E+02
0000512   4.2306E+02 -2.8202E+02 -8.8059E+01
0000513   3.2911E+02 -1.0534E+02  2.0214E+02
0000514   2.8681E+02  6.7726E+01  3.3759E+02
0000516   5.3203E+02 -5.7354E+01 -1.7819E+02
0000517   3.1656E+02 -6.1534E+01  5.6947E+01
0000518   8.5511E+02 -1.9488E+02  1.3115E+01
0000519   1.1591E+02  7.1869E+01  2.4074E+01
0000520   3.9031E+02 -1.5163E+02  5.3768E+01
0000521   1.9818E+02 -6.5221E+01 -3.7524E+01
0000522   4.9396E+02 -3.4892E+01 -2.8479E+02
0000523   1.5618E+02  1.0350E+02  3.2820E+02
0000524   6.7420E+02  9.3324E+01  5.9109E+01
0000525   9.5674E+01 -2.5708E+02 -6.3894E+01
0000528   5.4043E+02  2.2427E+01  2.1691E+02
0000529   1.8480E+02 -2.2440E+02 -2.2689E+02
0000530   5.0596E+02  8.7195E+00 -4.3180E+02
0000531   6.8267E+02  5.4423E+02  1.9176E+01
0000532   2.5928E+02  1.2822E+02 -1.4004E+02
0000533   6.3911E+02  2.4703E+01  1.4865E+02
0000534   3.3165E+02  3.7805E+01  4.3807E+02
0000535   1.4343E+02  2.3216E+02 -4.0801E+00
0000536   6.3266E+02  3.2647E+02  1.9686E+02
0000537   2.8318E+02 -5.4769E+01 -1.0305E+02
0000538   4.5982E+02 -7.8181E+00  8.5462E+01
0000539   2.0251E+02 -3.3437E+02  2.5435E+01
0000540   1.1301E+01  1.1439E+02 -4.0937E+02
0000541   6.6044E+02 -1.9275E+02 -2.1527E+02
0000542   2.1064E+02  1.7402E+02  3.5080E+02
0000543   4.1805E+02  9.9271E+01  8.6758E+01
0000544   3.3333E+02  3.5969E+01 -6.7492E+01
0000545   6.6331E+02 -8.8190E+01 -2.8142E+02
0000546   1.9745E+02 -3.4725E+01  7.5216E+01
0000547   3.4933E+02 -2.4946E+02  2.7116E+00
0000548   8.2209E+02  2.0004E+02 -2.6824E+02
0000549   7.6900E+02 -5.2809E+02 -1.4381E+02
0000550   2.3445E+02  5.8908E+01 -1.1221E+02
0000551   1.3689E+02 -4.2700E+01 -1.2095E+02
0000552   8.2643E+02  3.4671E+02 -3.7181E+02
0000553   5.0287E+01 -3.0118E+01 -7.4681E+01
0000554   6.3688E+02  4.0235E+02 -1.0402E+02
0000555   5.3584E+02  4.1273E+02  5.2994E+02
0000556   1.2102E+02 -4.1949E+02 -8.7029E+01
0000557   6.8424E+02  1.9408E+02  2.0465E+02
0000558   8.3802E+02 -1.1224E+02  1.1494E+02
0000559   7.0718E+02  3.7587E+02 -3.9037E+02
0000560   9.7266E+02  1.9613E+02 -2.7931E+02
0000561   3.6252E+02  7.0423E+01  1.0626E+02
0000562   5.0231E+02 -4.5594E+01 -2.5500E+02
0000563   5.4538E+02 -2.6563E+02 -4.4702E+02
0000564   4.9528E+02 -2.2925E+02  4.4891E+02
0000565   2.1531E+02  2.6658E+01 -2.8052E+02
0000566   3.2293E+02  1.1616E+02  2.4977E+01
0000567   3.3575E+02  2.1613E+01  3.3237E+02
0000568   4.3217E+02 -3.8755E+02  1.3098E+02
0000569   5.6713E+02 -4.4451E+02  1.3627E+02
0000570   4.4602E+02  3.8285E+02 -5.2853E+01
0000571   3.1869E+02  1.7230E+02  1.1415E+02
0000572   5.5548E+02  1.0828E+02 -1.4690E+02
0000573   6.8036E+02 -1.0297E+02  1.0907E+02
0000574   3.1952E+02  2.7283E+02  5.9154E+01
0000575   2.3719E+02  2.3715E+02 -9.8849E+00
0000576   4.7039E+02  3.2044E+02  6.0612E+01
0000577   4.4513E+01 -5.3557E+01  1.0219E+02
0000578   7.4756E+02 -1.6378E+02  7.0884E+01
0000579   2.5780E+02 -3.4016E+02 -2.3874E+02
0000580   3.4987E+02 -1.4466E+02 -3.6707E+02
0000581   5.3403E+02 -3.8939E+01 -1.7587E+02
0000582   4.9533E+01 -2.4016E+02  2.2721E+01
0000583   4.9222E+02 -1.8802E+02 -1.2814E+02
0000584   1.2350E+02 -2.9603E+02 -3.4322E+02
0000585   3.1726E+02  4.1975E+01 -1.4377E+02
0000586   3.8735E+02  6.3649E+01 -6.1968E+01
0000587   4.2815E+02 -4.1657E+02 -1.0323E+02
0000588   1.3053E+02  1.6689E+02  1.9735E+02
0000589   7.1191E+02  1.8568E+02  1.3778E+02
0000590   1.5065E+02 -1.1699E+01  1.9682E+02
0000591   1.1548E+02  5.9291E+01 -2.8038E+01
0000592   7.9364E+02  5.1085E+02 -5.6749E+01
0000593   1.3509E+02  1.2771E+02 -4.1915E+02
0000594   2.7217E+02  7.0913E+01 -2.2089E+02
0000596   4.4896E+02 -6.7468E+01  4.9220E+02
0000597   4.5393E+02  8.2930E+01  3.3390E+01
0000598   3.8771E+02  2.4307E+02  1.5326E+02
0000599   2.2298E+02 -4.5272E+00  9.7866E+01
0000600   2.6162E+02  3.3425E+02 -2.2212E+02
0000601   2.7497E+02  1.4331E+02  1.3693E+01
0000602   1.4114E+02  1.1830E+01 -1.5921E+02
0000603   6.8752E+02  2.5185E+02  1.5579E+02
0000604   2.5497E+02 -1.2812E+02  4.2445E+02
0000605   1.1707E+02  4.5461E+02  1.3270E+01
0000606   3.3034E+02  3.6717E+02 -2.3890E+02
0000607   3.8785E+02  2.4470E+01  3.1810E+02
0000608   2.8190E+02 -2.4487E+02 -7.0054E+01
0000609   3.0661E+01  1.9665E+02 -2.1367E+02
0000610   4.0591E+02  1.6670E+02  3.8734E+01
0000611   2.1841E+02  1.0020E+02  4.5638E+02
0000612   2.6465E+02  3.8755E+02  2.5938E+02
0000613   4.2912E+02  2.1642E+02  1.5275E+02
0000614   7.2974E+01  1.7259E+01  4.5517E+01
0000615   1.3494E+02 -1.6047E+02  3.6392E+01
0000616   4.5947E+02  1.9262E+00 -2.0483E+01
0000617   6.6321E+02  7.3440E+01  3.0866E+02
0000618   4.7970E+02 -1.2359E+02 -5.1392E+01
0000619   6.9749E+02  3.3479E+02 -3.1500E+01
0000620   3.9840E+02 -4.5485E+00 -3.2961E+02
0000621   5.4435E+02 -1.2284E+02 -2.8591E+02
0000622   5.1925E+02  3.7692E+02  2.3992E+02
0000623   5.2092E+02  1.6835E+02  1.0866E+02
0000624   3.1009E+02 -3.4664E+01  1.9837E+02
0000625   2.1045E+02 -2.3928E+02 -8.2174E+01
0000626   9.9222E+02  3.5106E+01 -1.5668E+02
0000627   3.6723E+02 -1.2350E+02 -6.9514E+00
0000628   2.0407E+01  1.1158E+02 -9.7598E+01
0000629   6.8061E+02 -2.9559E+02 -3.3092E+02
0000630   6.5633E+02  2.0461E+02  1.2105E+02
0000631   3.6627E+02 -9.9825E+01 -1.4138E+01
0000632   3.6903E+02 -1.0252E+01 -6.3172E+01
0000633   2.9187E+02 -1.3055E+02  1.3761E+02
0000634   2.3444E+02 -2.7018E+02 -2.6572E+02
0000635   1.4185E+02  3.2097E+02  2.7025E+02
0000638   4.7916E+02  5.5530E+01 -2.5186E+02
0000639   3.7812E+02  5.2577E+01 -4.8731E+01
0000640   4.7171E+02 -4.3226E+01  2.3681E+01
0000641   5.3725E+02  6.2874E+01 -2.1793E+02
0000642   4.2949E+01  3.1544E+02 -3.1955E+02
0000643   4.5751E+02  3.6403E+02 -2.7079E+02
0000644   8.9514E+01 -8.4862E+01 -9.8100E+01
0000645   1.8643E+02  4.2095E+02  3.5103E+02
0000646   5.2119E+02 -9.9021E+01  1.4793E+02
0000647   4.1280E+02 -6.2131E+01 -1.9149E+01
0000648   1.0420E+02 -2.1731E+02 -1.5456E+01
0000649   2.3743E+02  3.3056E+02  1.9817E+02
0000650   3.8293E+02 -4.2025E+02  1.4648E+02
0000651   3.5176E+02 -2.3350E+02 -9.8734E+01
0000652   3.9320E+02 -2.5261E+02 -2.1965E+02
0000653   5.2468E+02  1.7302E+02 -1.3439E+02
0000654   3.3955E+02  5.8008E+01 -3.4119E+00
0000655   2.3857E+02  3.4448E+02 -2.6625E+02
0000656   6.4984E+02  3.7467E+02 -2.1379E+02
0000657   9.7742E+01 -2.6369E+02 -3.9656E+01
0000658   3.1939E+02  6.1209E+01  2.5581E+02
0000659   8.6750E+01 -4.2650E+01 -5.6261E+01
0000660   4.2582E+02  3.1963E+02 -1.4947E+02
0000661   4.9164E+02  1.0732E+02 -5.7362E+01
0000662   6.2260E+02 -2.5373E+02 -2.0497E+02
0000663   6.0686E+02 -3.6146E+02  2.6273E+02
0000664   2.4259E+02 -1.6096E+02  1.8255E+00
0000665   1.2219E+02 -4.2196E+02  5.0852E+01
0000667   5.3006E+02  7.5540E+01  2.6257E+02
0000668   1.5554E+02  1.0489E+02 -7.6448E+01
0000670   1.4649E+02 -2.5586E+02  5.2169E+01
0000671   8.9730E+02 -5.4587E+01  1.6488E+02
0000672   1.0888E+02  3.1260E+01  2.2856E+02
0000673   1.2832E+02  8.8441E+01 -1.1372E+02
0000674   7.4399E+02  9.5848E+01  2.5497E+02
0000675   6.8089E+02 -5.5975E+00 -2.0910E+02
0000676   2.9743E+02  4.2735E+02  2.2733E+02
0000677   2.2881E+02 -9.2987E+01  1.4664E+02
0000678   4.1106E+02 -2.3079E+02  3.4804E+02
0000679   6.7112E+02 -1.0914E+02 -2.9060E+02
0000680   4.0796E+02  3.6027E+01  3.5811E+01
0000681   1.0324E+02  6.0568E+01 -5.5524E+01
0000682   8.6285E+01 -1.0796E+02  1.3974E+02
0000683   1.3830E+01  1.5851E+02 -4.9902E+01
0000684   4.2903E+02  4.4707E+01 -4.8268E+02
0000685   1.6611E+02 -1.7851E+02 -1.0951E+02
0000686   2.4905E+02 -2.9001E+02 -1.9011E+02
0000687   2.3200E+02 -5.3615E+01 -1.2364E+02
0000688   3.5208E+02 -3.4236E+02 -1.3359E+02
0000689   4.5249E+02  3.5612E+02  2.4903E+02
0000690   3.8126E+02  5.6219E+00 -8.9154E+01
0000691   1.6742E+02 -2.4884E+02  1.1470E+02
0000692   2.3038E+02  2.3131E+01 -3.1075E+01
0000693   4.1303E+02 -1.4267E+02  1.9858E+02
0000694   4.7320E+02  3.9412E+01 -1.3274E+02
0000695   3.9537E+02 -1.3764E+02 -3.3044E+02
0000696   3.0336E+02  1.5618E+02 -1.4753E+01
0000697   1.8422E+02  4.7038E+01 -1.5884E+02
0000698   7.3883E+02 -1.1902E+02  3.4844E+02
0000699   4.6588E+02 -6.8893E+01 -2.9909E+02
0000700   6.6433E+02 -4.0793E+02  1.7858E+01
0000701   2.8699E+02  2.7039E+02  1.6811E+02
0000702   3.3124E+02  3.1898E+02  1.4981E+02
0000703   5.4050E+02 -9.2658E+01  1.5512E+02
0000704   4.8647E+02 -1.8950E+02  3.8428E+02
0000705   6.8593E+02  1.1670E+02 -1.2269E+02
0000706   3.5582E+02 -2.1118E+01  4.1022E+00
0000707   2.1566E+02  4.5521E+01  1.2611E+02
0000711   2.4104E+02 -2.1079E+02 -2.7854E+02
0000712   6.9742E+02  5.4804E+02 -1.8521E+02
0000713   5.5106E+02 -1.0516E+02 -2.0067E+02
0000714   4.7636E+02 -1.5668E+02  3.1857E+02
0000715   3.1877E+02  1.7388E+02 -1.8176E+01
0000716   2.4186E+02 -8.4789E+01 -2.0694E+02
0000717   6.6002E+02 -2.3335E+02 -2.9422E+02
0000718   4.2060E+01 -7.2118E+01 -1.0362E+02
0000719   3.3392E+01  1.8660E+02  5.5470E+01
0000720   3.5644E+02 -6.9570E+00  1.8245E+02
0000721   3.0369E+02  8.6214E+01 -1.2027E+02
0000722   1.9141E+02  3.0485E+02 -6.6161E+01
0000723   5.3634E+02  1.1973E+02  4.8245E+01
0000724   2.5469E+02  2.1160E+02 -4.0035E+01
0000725   4.8289E+02  1.8611E+02 -4.0186E+02
0000726   6.8568E+02 -2.9720E+02 -1.2279E+02
0000727   3.1331E+02 -2.1074E+02  3.2199E+02
0000728   2.4300E+02  1.0458E+02 -3.7173E+01
0000729   2.6278E+02 -1.2176E+02 -2.2569E+02
0000730   1.2839E+02  2.3066E+02 -1.5715E+02
0000731   2.9950E+02 -7.9112E+01 -4.2112E+02
0000732   5.2826E+02 -7.1994E+01  3.2142E+02
0000733   2.8280E+02  7.1829E+01 -3.8909E+02
0000734   7.4489E+01 -5.0462E+01 -2.0716E+02
0000735   4.5268E+02 -7.0687E+01 -1.3828E+01
0000736   5.0610E+02 -2.3328E+01 -2.4095E+02
0000737   3.3533E+02 -3.2098E+02 -6.6059E+01
0000738   6.7679E+02  2.3324E+02 -1.5705E+02
0000739   5.0155E+02  4.6258E+02  2.0803E+00
0000740   5.8495E+02  2.8424E+02 -1.3077E+02
0000741   5.1558E+02  3.4064E+02  3.4136E+02
0000742   2.9551E+02  3.4311E+02  6.7925E+02
0000743   5.3041E+02 -6.2333E+01 -2.6429E+02
0000744   6.5426E+02 -2.0121E+02 -2.8422E+02
0000745   3.9226E+01 -1.5058E+02 -2.3922E+01
0000746   4.2817E+02  1.2580E+02  1.7135E+02
0000747   3.9897E+02 -1.3938E+02 -1.3325E+01
0000748   3.8280E+02  1.3823E+02  2.3373E+02
0000749   2.3963E+02 -8.9752E+01 -1.1187E+02
0000750   5.0235E+02  4.0734E+01 -4.2910E+01
0000751   3.9171E+02 -2.3920E+01 -4.3614E+01
0000752   4.2799E+02  1.2681E+01 -4.2962E+02
0000753   5.7206E+02 -5.9268E+01 -1.8326E+02
0000754   4.7832E+02  2.2014E+02 -4.9810E+02
0000755   6.4119E+02  3.7417E+02 -1.7956E+02
0000756   7.9108E+02 -5.2483E+01  2.9975E+02
0000757   5.6155E+02 -2.0374E+02 -2.9176E+02
0000758   8.0350E+02 -5.8189E+01 -5.1995E+01
0000759   3.9653E+02 -1.8585E+02  1.6843E+02
0000760   3.0396E+02  1.4331E+02 -3.4221E+02
0000761   1.6567E+02 -2.9890E+01  4.0494E+01
0000762   7.9066E+02 -2.1979E+02  1.6634E+02
0000763   3.9273E+02 -5.9027E+02 -3.5189E+02
0000764   4.3264E+02  5.8024E+01 -2.8851E+02
0000765   4.8345E+02  6.7986E+01 -1.7586E+01
0000766   5.9597E+02  1.3247E+02  7.9688E+01
0000767   2.3762E+02  8.9692E+01  1.8471E+02
0000768   3.2488E+02  1.1467E+02  1.7036E+02
0000769   5.3251E+02  8.0458E+01 -9.1351E+00
0000770   4.5666E+02 -2.1880E+02  1.9569E+02
0000771   3.7371E+02 -5.3681E+01  4.5842E+00
0000772   3.7210E+02 -3.6899E+02  5.3751E+01
0000773   6.9952E+02 -1.2406E+02 -2.3463E+02
0000774   3.3311E+02  2.4103E+02 -3.0058E+02
0000775   5.8983E+02  1.5661E+02  9.3073E+01
0000776   8.0254E+02  2.2606E+02  3.4128E+02
0000777   5.7328E+02  2.7929E+02 -1.2728E+02
0000778   7.1931E+01 -2.9222E+02  9.1176E+01
0000779   3.6152E+02 -8.1477E+01  1.0647E+02
0000780   3.9906E+02  2.8764E+02 -2.0850E+02
0000781   3.3188E+02 -2.1994E+02 -2.6263E+02
0000782   4.5487E+02 -1.0984E+02  3.6621E+02
0000783   2.4505E+02  6.7348E+01 -7.9730E+01
0000784   3.4008E+02  3.0401E+02 -1.1140E+02
0000785   2.1401E+02 -1.8598E+02  5.6467E+01
0000786   1.9135E+02  1.0672E+02 -7.7862E+01
0000787   2.2345E+01  6.3811E+01  2.1743E+02
0000788   6.5376E+01 -3.0081E+02 -5.3517E+01
0000789   6.9741E+02  2.3547E+02 -3.0101E+01
0000790   4.1521E+02 -1.4698E+01  1.7917E+02
0000791   1.9151E+02 -2.6502E+02 -7.2718E+01
0000792   6.6635E+02  1.6309E+02  1.2253E+02
0000793   1.9158E+02 -4.7432E+01  1.2004E+02
0000794   5.6604E+01  2.9499E+02 -1.1667E+02
0000795   3.8619E+02 -1.8942E+01 -1.1351E+02
0000796   5.3500E+02 -3.9421E+02 -1.3434E+02
0000797   2.0184E+02  3.1895E+01  2.5821E+02
0000798   2.4903E+02  7.4380E+01  5.6451E+00
0000799   5.6742E+02 -1.3854E+02 -2.0922E+02
0000800   4.8760E+02 -2.9552E+01 -5.2894E+01
0000802   4.1937E+02 -1.8889E+01 -2.7854E+02
0000803   2.4383E+02  9.6380E+01  2.0860E+02
0000804   5.0475E+02 -1.6852E+02 -1.8496E+02
0000805   6.8344E+02 -3.1871E+01  2.0756E+02
0000806   3.3599E+02  1.4727E+01  2.8071E+02
0000807   4.9746E+02 -1.9343E+02 -6.5651E+01
0000809   5.2700E+02  1.4148E+02  3.0020E+02
0000811   2.5602E+02  1.9003E+02  5.0019E+01
0000812   6.2737E+02  1.3337E+02 -2.9645E+02
0000813   4.2211E+02 -1.0702E+02 -6.3832E+01
0000814   2.1926E+02 -4.6602E+01 -3.6283E+02
0000815   1.9097E+02 -1.3033E+02  1.0207E+02
0000816   4.1379E+02  1.2855E+02 -2.0004E+02
0000817   9.0137E+02 -7.2296E+01  2.7476E+02
0000818   7.2823E+02 -6.5431E+01 -3.4664E+02
0000819   2.2082E+02 -1.2796E+02 -1.0608E+02
0000820   9.0510E+02 -1.1096E+02  9.5169E+01
0000821   1.1311E+02 -1.2657E+02 -2.5248E+02
0000822   1.4365E+02 -1.3737E+02  3.8693E+02
0000823   1.8524E+02 -2.0012E+02  1.7051E+02
0000824   4.3831E+02  2.0379E+02 -3.3046E+02
0000825   6.2814E+02 -5.1061E+01 -3.3673E+02
0000826   3.7512E+02  1.3541E+02  3.1242E+02
0000827   1.3112E+02  7.4503E+01 -4.6967E+00
0000828   3.8168E+02  2.3460E+02  1.8970E+02
0000829   6.1755E+02 -3.0544E+02 -2.7779E+02
0000830   4.2763E+02 -2.0916E+02 -1.6043E+02
0000831   4.4205E+02  1.6866E+02  1.2618E+02
0000832   1.8452E+02  7.9241E+01  2.0056E+02
0000833   4.0470E+02 -4.5163E+02 -1.6911E+02
0000834   1.6776E+02 -2.7157E+02  2.5833E+02
0000835   6.7043E+02 -2.6382E+02 -1.3205E+02
0000836   6.3437E+02  1.7957E+02  2.0661E+01
0000837   5.4416E+02 -8.0015E+01 -1.4547E+00
0000839   3.0634E+02  3.8141E+01 -2.1491E+02
0000840   5.5619E+02 -2.1137E+02  8.0461E+01
0000841   4.3862E+02  1.6184E+02 -3.8880E+02
0000842   1.4822E+02  1.3000E+01  2.1767E+02
0000843   2.1803E+02  8.3192E+01 -2.6239E+02
0000844   5.6454E+02 -7.0432E+01  2.4549E+02
0000845   7.3379E+02 -3.0721E+01  3.8826E+01
0000846   2.6233E+02  8.3839E+01  8.3480E+01
0000847   4.8095E+02  6.5357E+01  1.9801E+02
0000848   2.5909E+02  7.0790E+01  4.9614E+01
0000849   2.4066E+02 -3.2730E+02  2.8539E+02
0000850   4.3093E+02  2.2214E+02 -2.2401E+02
0000851   4.9048E+02  1.3571E+02  3.6964E+02
0000852   4.9427E+02 -1.8694E+01 -2.7968E+02
0000853   4.3475E+02  5.1614E+01  1.2193E+02
0000855   2.9582E+02  2.2032E+02 -1.4471E+02
0000856   5.5581E+01 -9.4354E+01 -2.9089E+01
0000857   2.9487E+02 -9.3162E+01 -1.1177E+02
0000858   6.1564E+02  1.7193E+02  8.4029E+01
0000859   6.6188E+02  1.1294E+01  5.8805E+01
0000860   6.4567E+02 -9.1899E+01  1.5268E+02
0000861   4.5487E+02 -5.8898E+01 -3.0721E+01
0000863   3.6216E+02  2.3465E+02 -3.6697E+01
0000864   3.2043E+02 -3.8424E+02 -5.5499E+01
0000865   5.8824E+02 -2.2863E+02  1.4659E+02
0000866   4.6543E+02 -3.7043E+02  1.1914E+02
0000867   5.2680E+02 -3.2859E+01  5.5924E+01
0000868   4.1807E+02 -1.8691E+02  7.1135E+01
0000869   5.9834E+02  9.4728E+01 -3.4101E+02
0000870   2.7746E+02 -4.1155E+02 -1.4734E+02
0000871   5.2309E+02  1.6221E+02 -1.3600E+00
0000873   4.4375E+01  2.1013E+02 -1.9054E+01
0000874   4.0485E+02  2.9727E+01 -1.3301E+02
0000875   4.1247E+02  1.0088E+02  1.8011E+02
0000876   4.7446E+02  2.1449E+02  3.0575E+01
0000877   5.3661E+02 -4.4541E+02  1.6544E+02
0000878   2.9009E+02  8.9219E+01 -4.5216E+01
0000879   5.5949E+02 -4.2163E+01 -4.8867E+01
0000880   4.2747E+02  1.9683E+01  4.3176E+02
0000881   2.2075E+02 -1.6009E+02  1.1949E+02
0000882   3.8923E+02 -3.9907E+02  1.1575E+02
0000883   1.4667E+02 -2.5509E+02  1.3511E+01
0000884   5.9972E+02 -1.6803E+02  2.5966E+02
0000885   4.7493E+02 -2.2652E+02  2.5972E+02
0000886   3.1539E+02 -9.7088E+01  9.4044E+01
0000887   5.7646E+02 -1.9561E+02  1.2605E+02
0000888   1.4982E+02  1.0815E+02 -1.1405E+02
0000889   4.2701E+02  2.5812E+02 -3.8275E+02
0000890   6.5737E+01  3.7829E+02 -1.2800E+02
0000892   5.4116E+02  9.1385E+01  1.6765E+02
0000893   1.8692E+02  1.8689E+02  1.9893E+02
0000894   6.7781E+02 -3.2829E+02  2.5396E+02
0000895   3.2389E+02 -2.4311E+02 -4.1932E+01
0000896   2.6115E+02  2.4069E+02  1.1806E+01
0000897   3.1994E+02 -3.4458E+01  1.6583E+02
0000898   2.9850E+02 -8.5766E+01  7.2469E+01
0000899   7.3908E+02 -4.4316E+01 -2.5523E+02
0000900   5.0801E+02 -5.0663E+01  2.5067E+02
0000901   3.0801E+02  1.3180E+02  7.5835E+01
0000902   2.0680E+02  3.2554E+01 -1.4474E+02
0000903   4.0850E+02 -1.4032E+02  1.2755E+02
0000904   4.6660E+02 -2.2512E+02 -2.2669E+02
0000905   5.7039E+02  2.1177E+02  7.9032E+01
0000906   3.4678E+02 -1.4894E+02 -2.6498E+02
0000907   2.3932E+02 -1.5762E+02 -8.7844E+01
0000908   5.2978E+02  1.8693E+02  3.4837E+01
0000909   8.1182E+01  1.9226E+02  1.1779E+01
0000910   4.8392E+02  8.6236E+00  2.4345E+02
0000911   1.2440E+02  3.4540E+02  1.2668E+02
0000912   2.1546E+02 -2.9024E+02 -1.4590E+02
0000913   5.1559E+02  1.4115E+02  1.2388E+02
0000914   3.6804E+02  1.7539E+02  3.2354E+01
0000915   1.6782E+02  2.6345E+02  8.9954E+01
0000916   2.5165E+02  1.2793E+02 -1.0232E+02
0000917   7.0020E+02 -9.2308E+01 -4.9392E+02
0000918   1.0160E+02  2.9215E+01 -1.4915E+02
0000919   5.3709E+02 -1.8167E+02 -3.7519E+02
0000920   5.2060E+02  2.0064E+02 -2.1817E+02
0000921   3.0388E+02  2.6703E+02 -1.5243E+02
0000922   2.7619E+02 -1.0326E+02  2.0529E+02
0000923   2.3937E+02  4.3020E+02 -1.5931E+02
0000924   6.1837E+01  1.7048E+02  2.1891E+02
0000925   1.9663E+02 -1.3086E+01  2.3801E+02
0000926   1.0205E+02  1.3972E+01 -1.4726E+02
0000927   4.8055E+02 -3.3332E+02  1.4985E+02
0000928   4.6567E+02  1.5154E+02 -9.8909E+01
0000931   4.2592E+02  4.6468E+01 -2.8655E+01
0000932   5.3288E+02 -3.3683E+02 -4.4223E+02
0000933   4.6460E+02 -9.5241E+00 -1.6330E+02
0000935   6.7771E+02  7.1990E+01  1.0129E+02
0000936   7.2754E+02  3.1671E+02 -1.7905E+01
0000937   5.8964E+02 -2.7289E+02 -2.0671E+02
0000938   3.3015E+02  4.6369E+02  8.8021E+01
0000940   8.1936E+02  3.2233E+02 -8.2750E+01
0000941   3.2767E+02  8.0851E+01 -9.5930E+00
0000942   3.9617E+02  3.2743E+02  7.8026E+01
0000943   6.2529E+02 -1.6345E+02  6.9189E+01
0000944   2.1284E+02  1.5970E+02  2.1492E+02
0000945   1.6725E+02 -2.4741E+02  8.4909E+01
0000946   1.8136E+02 -1.4439E+02  3.1069E+01
0000947   6.3880E+02  2.1740E+02 -3.7171E+01
0000948   7.9612E+02  1.0292E+02 -2.2650E+02
0000949   6.5938E+02 -1.4006E+02 -4.8374E+02
0000950   7.1184E+01  2.1497E+02 -2.6537E+02
0000951   6.2696E+02 -8.2271E+01  3.9213E+02
0000952   3.8077E+02  3.0926E+01  2.0392E+02
0000953   4.2547E+02  2.0738E+02 -2.8162E+01
0000954   1.1795E+02  2.1072E+02  9.8485E+01
0000955   2.7155E+02  1.1535E+02  4.6280E+01
0000956   4.2924E+02 -2.1442E+02  2.7154E+02
0000957   2.2783E+02  2.7359E+01  7.5391E+01
0000958   4.0642E+02 -2.2415E+02  3.4033E+02
0000959   3.8124E+02 -1.3437E+02 -5.5539E+01
0000960   3.5525E+02 -4.2784E+02 -3.3998E+01
0000961   4.0078E+02 -1.0641E+02  2.5748E+01
0000963   1.1077E+02 -6.5650E+01  2.0269E+02
0000965   2.3648E+02 -2.4454E+02  3.1652E+02
0000966   3.6319E+02  1.3983E+02  3.1086E+02
0000967   4.8315E+02 -2.6136E+01  3.8403E+02
0000968   1.0006E+02  4.2689E+01 -4.5334E+02
0000969   4.7927E+01 -2.2784E+02 -1.8725E+02
0000970   3.1043E+02 -2.4892E+00 -2.5613E+02
0000971   3.1758E+02  1.4405E+02  1.3900E+01
0000972   6.5274E+02 -2.0488E+02 -2.3600E+02
0000973   4.1322E+02  2.8568E+02  1.0679E+02
0000974   3.0178E+02  1.8275E+02 -2.1440E+01
0000975   2.5852E+02  8.6501E+01  2.8998E+02
0000976   1.8092E+02  1.4530E+02  4.6247E+02
0000977   6.3859E+02  4.1014E+01  2.4629E+02
0000978   2.0864E+02 -1.5816E+02  2.7932E+02
0000979   2.8687E+02 -7.6090E+00  1.0859E+02
0000980   1.7195E+02  1.0675E+02 -4.0595E+02
0000981   6.5919E+01 -2.3923E+01 -3.6838E+02
0000983   2.1737E+02  1.5251E+02 -5.4196E+01
0000984   4.3986E+02 -1.5265E+02  1.6726E+02
0000985   7.4396E+02 -1.8125E+02 -4.2733E+01
0000986   8.1170E+02 -1.2320E+02  4.4223E+02
0000987   2.5781E+02 -8.3890E+01 -8.2573E+00
0000988   2.5101E+02  1.9310E+02  1.7116E+02
0000989   4.0130E+02  3.9108E+02 -6.5884E+01
0000990   4.5982E+02  4.0522E+01 -2.5010E+02
0000991   2.1943E+01 -1.4699E+02  3.2673E+02
0000992   3.6547E+02  2.3303E+02  5.2558E+01
0000993   1.2898E+02  4.9701E+01 -3.0411E+02
0000994   7.1534E+02 -3.3077E+01 -1.3325E+02
0000995   6.0332E+02  1.3187E+02  1.0845E+01
0000996   3.7881E+02 -2.0216E+02 -9.9139E+01
0000997   6.8434E+02 -3.2758E+01  3.4108E+02
0000998   5.7190E+02  2.3185E+02  1.6985E+01
0000999   3.3580E+02  4.6921E+02  1.6321E+02
0001000   1.4010E+02 -1.9755E+02  3.0535E+02
