============================== SRIM-2013.00 ==============================
==============================================================================
====== SRIM Outputs\RANGE_3D.txt : File of Final Ion Positions =====

Ion =  F (09)   Ion Mass= 018.9984
Energy  = 4000000.E-05 keV
Ion Angle to Surface = 00.0 degrees
==================== TARGET =======================
  Layer # 1 - None
  Layer # 1 - Bottom Depth=500000.E-01 A
  Layer # 1 - Density =0007.8700 g/cm3
  Layer # 1 -  100 % of Fe
様様様様様様様様様様様様様様様様様様様様様様様様様様
                                            
Ion       Depth  X   Lateral Y   Lateral Z  
Number    (Angstrom) (Angstrom)  (Angstrom) 
-------  ----------- ----------- -----------
0000001   3.0151E+02  2.5335E+01  3.2021E+02
0000002   3.0978E+02 -4.6172E+02  2.7881E+02
0000003   3.4480E+02 -3.3848E+01 -2.3498E+02
0000004   5.1290E+02  6.2777E+01  2.5050E+01
0000005   3.1443E+02 -2.0141E+01  1.5580E+02
0000006   4.1094E+02 -2.9867E+01  4.1947E+01
0000007   2.1516E+02  3.0909E+01 -2.8818E+01
0000008   1.5642E+02  1.4375E+02 -2.3247E+02
0000009   1.7300E+02  2.8573E+02 -3.0214E+01
0000010   4.6283E+02 -1.0513E+02 -1.0186E+02
0000011   3.3345E+02 -8.3432E+01 -2.7585E+01
0000012   4.8248E+02 -2.2160E+01  3.8745E+02
0000013   6.6786E+02  8.6292E+01  1.6432E+02
0000015   5.9255E+02 -1.1750E+02  3.1903E+01
0000016   5.7608E+02  2.2755E+02 -3.1921E+02
0000017   5.4550E+02 -2.4519E+01 -3.1515E+02
0000018   5.3899E+02 -7.3307E+01 -3.6165E+00
0000019   4.5251E+02  6.3190E+01  3.0770E+02
0000020   3.3873E+02 -1.7265E+02 -1.1525E+02
0000021   2.1016E+02  1.6510E+02 -4.8377E+01
0000022   2.8240E+02 -1.5790E+02 -4.5815E+02
0000023   7.2179E+02 -2.2946E+02 -2.5229E+02
0000024   1.5997E+02  5.0443E+01  1.8765E+02
0000025   7.8671E+01 -3.2008E+01 -2.2630E+02
0000026   5.8377E+02 -1.6716E+02 -8.6473E+01
0000027   1.6920E+02 -3.1190E+01 -1.2229E+02
0000028   7.3298E+01  2.8811E+02 -1.2885E+02
0000029   4.6971E+02 -1.2321E+02 -1.8991E+02
0000030   5.8304E+02  3.9391E+01  4.3697E+01
0000031   5.7100E+02  2.5332E+02 -1.5134E+02
0000032   2.2017E+02  1.4352E+02  2.9996E+02
0000033   5.9355E+02 -2.0917E+01 -6.4159E+01
0000034   4.1243E+02 -2.0059E+02  1.8853E+02
0000035   4.6808E+02 -2.9668E+02  2.7205E+02
0000036   3.2516E+02 -1.0662E+02 -1.3981E+02
0000037   4.6471E+02  1.0870E+02  5.6416E+02
0000038   4.1025E+02  7.5744E+01 -4.9763E+01
0000039   6.0115E+02  8.6739E+01 -6.6201E+01
0000040   1.1407E+02 -7.3223E+01  2.0416E+02
0000041   4.6276E+02 -9.9906E+01 -3.9366E+01
0000042   1.7623E+02 -2.5624E+02 -4.9485E+01
0000043   2.9751E+02  2.2426E+02 -2.8036E+02
0000044   4.1218E+02 -5.9026E+02  2.5043E+02
0000045   1.6584E+02 -2.1227E+02  2.9420E+02
0000046   3.7821E+02 -2.1606E+02 -3.5550E+02
0000047   3.8294E+02  2.1273E+02 -3.8103E+02
0000048   2.2093E+02  8.4954E+01 -6.9345E+01
0000049   5.9591E+02  1.1873E+02 -2.6379E+02
0000051   5.8532E+02 -4.4927E+01 -2.3284E+02
0000052   1.3697E+02  7.0391E+01 -4.9236E+01
0000053   4.1915E+02  9.7486E+01  2.5300E+02
0000054   2.5206E+02  1.1398E+02 -1.1569E+02
0000055   4.8597E+02 -6.9281E+01  7.4661E+00
0000056   5.1366E+02 -2.7688E+02  2.7910E+02
0000057   3.3234E+02  1.8394E+00  2.4381E+02
0000058   7.5496E+02  8.7056E+01 -2.4516E+01
0000059   7.8853E+01 -1.5016E+02 -5.4942E+02
0000060   5.2115E+02 -4.6233E+02  1.3525E+02
0000061   1.1680E+02 -4.1144E+02  3.5714E+01
0000062   2.8703E+02 -1.9749E+01  2.4925E+02
0000063   7.0699E+02  7.4644E+01 -2.9302E+02
0000064   7.1405E+02  2.3554E+02 -1.7064E+02
0000065   5.9669E+02 -1.7778E+02  5.4810E+02
0000066   4.0277E+02 -6.9507E+01 -2.2770E+02
0000067   3.9406E+02  9.6338E+01 -8.5072E+01
0000068   3.6642E+02  5.0321E+00 -1.5213E+02
0000069   3.7439E+02  9.4329E+01  1.1026E+02
0000070   5.6767E+02  7.6691E+01 -3.1260E+01
0000071   3.4969E+02  7.0127E+01  3.3835E+01
0000072   2.7307E+02 -1.6275E+02 -2.3867E+02
0000073   6.0883E+02  1.8879E+02 -1.8108E+02
0000074   2.7004E+02  1.4395E+02  3.3622E+02
0000075   3.4755E+02  2.1358E+02  2.7419E+00
0000077   2.2981E+02  3.1953E+02  3.8193E+02
0000078   5.3635E+02 -1.0318E+02 -1.1706E+02
0000079   4.0016E+02 -4.9871E+02 -2.5657E+02
0000080   2.9191E+02 -4.7687E+01 -1.7109E+02
0000081   4.4156E+02 -3.5029E+02  3.4494E+02
0000082   4.9114E+02  2.6336E+02 -2.1329E+02
0000083   3.7478E+02 -2.0265E+02 -1.6062E+02
0000085   1.3005E+02 -3.9627E+02 -9.0868E+01
0000086   2.0853E+02  1.5418E+02 -3.7797E+01
0000087   2.6508E+02 -1.9044E+02  9.5759E+01
0000088   2.5195E+02  2.6104E+02 -2.7456E+02
0000089   4.8307E+02 -3.0171E+02 -1.8481E+01
0000090   7.3966E+01 -1.0379E+02 -1.5096E+02
0000091   1.7426E+02  2.4498E+02 -3.3721E+02
0000092   3.1985E+02 -2.8024E+02 -1.9327E+02
0000093   4.9202E+02  4.5840E+01 -1.0439E+02
0000094   8.8500E+02 -9.9770E+01 -1.6507E+02
0000095   3.0299E+02 -2.8416E+02 -1.7462E+01
0000096   6.3785E+02  4.7243E+01 -7.4123E+01
0000098   6.2553E+02  3.2767E+01  2.9398E+02
0000099   1.9600E+02 -3.6252E+02  2.2624E+02
0000100   6.7642E+02  2.1991E+02  2.2652E+02
0000101   6.3798E+02 -5.0514E+02 -5.3927E+01
0000102   5.3820E+02 -2.4593E+02  4.5646E+02
0000103   3.0537E+02 -5.5825E+01 -6.0895E+01
0000104   7.1424E+01 -8.9834E+00  3.9453E+02
0000105   6.1955E+01 -1.5039E+02 -1.8341E+02
0000106   4.7187E+02 -1.1573E+02  1.4209E+02
0000107   7.0364E+02  1.0728E+01  1.6950E+02
0000108   2.3453E+02  1.7818E+01  8.3799E+01
0000109   2.0484E+02 -4.6127E+02  2.8244E+02
0000110   1.4657E+02  5.1588E+01 -3.5589E+02
0000111   4.3071E+02 -1.7198E+02 -8.5356E+01
0000112   4.0614E+02 -6.9656E+00  1.1179E+02
0000114   7.3501E+02  3.1411E+02  1.5939E+02
0000116   2.4509E+02 -2.3475E+02 -1.2237E+02
0000117   6.9939E+02 -2.0673E+02 -1.1075E+02
0000118   3.8884E+02  6.5660E+02  5.3263E+02
0000119   5.6867E+02 -1.8323E+02 -1.6235E+02
0000120   2.5079E+02 -9.1712E+01 -2.4246E+02
0000121   6.1803E+02  2.3103E+02  2.5323E+02
0000122   3.8328E+02 -3.4204E+02  5.4945E+01
0000123   5.2575E+02 -4.1159E+02  2.8375E+01
0000124   4.3885E+02 -3.7992E+01  3.7832E+02
0000125   4.1932E+02 -3.9441E+02  3.5737E+02
0000126   2.7415E+02 -5.6843E+01  4.8505E+01
0000127   5.1508E+02 -4.4141E+01  4.3252E+02
0000128   4.7123E+02  9.4441E+01  9.1883E+01
0000129   5.9854E+02 -3.2802E+02 -8.5038E+00
0000131   6.5430E+02  9.5516E+01 -1.3769E+02
0000132   2.9143E+02  1.0773E+02  3.2047E+02
0000133   4.5581E+02 -7.0326E+01 -1.6114E+02
0000134   6.2671E+02 -4.6104E+01 -7.5442E+01
0000135   6.1000E+02  3.0020E+02 -1.6662E+02
0000136   3.0227E+02 -1.8308E+02  1.3719E+02
0000137   1.2394E+02  1.4675E+01  1.8480E+01
0000138   8.3734E+01  4.7050E+02  3.8800E+01
0000139   3.7466E+02  4.7851E+01 -1.6717E+02
0000140   5.3132E+02  4.9371E+02  2.0824E+02
0000141   6.6210E+02  2.3499E+01  3.9969E+02
0000142   2.7527E+02 -1.9769E+01  3.4503E+02
0000143   4.1574E+02 -9.2999E+01  7.9291E+01
0000144   5.8553E+02  8.6399E+01 -1.0629E+02
0000145   5.1665E+02  4.2828E+02  1.3511E+02
0000146   6.2146E+02 -3.0589E+02 -2.4163E+02
0000147   5.5663E+02 -9.9155E+01 -1.2599E+02
0000148   2.7865E+02 -3.9864E+01 -1.6740E+02
0000149   3.2419E+02 -2.9558E+02  1.5276E+02
0000150   1.9414E+02  1.4999E+02  1.1889E+02
0000151   1.1123E+02  3.7197E+01  1.1310E+01
0000152   4.1088E+02 -1.2804E+02 -3.6420E+02
0000153   7.1613E+02  6.8144E+01  8.0762E+01
0000154   5.5762E+02 -1.7069E+00  3.8964E+02
0000155   5.0808E+02  7.1112E+01  1.6087E+02
0000156   5.2318E+02  7.5982E+01  2.4536E+02
0000157   5.3487E+02 -1.2033E+02  3.7830E+02
0000158   2.3967E+02  2.3731E+02 -3.2202E+02
0000159   7.2248E+02 -8.4031E+01  2.5628E+01
0000160   1.9707E+02  1.5647E+02 -1.1566E+02
0000161   1.9044E+02  2.8568E+02  1.5180E+02
0000163   6.0460E+02  3.0548E+02  7.4151E+01
0000164   2.4814E+02  2.3830E+02 -3.8717E+02
0000166   5.9056E+02  4.1377E+02  1.4577E+02
0000167   3.7601E+02  1.9791E+02 -5.8923E+01
0000168   5.1984E+02  7.4415E+01  1.0193E+02
0000169   3.7326E+02 -9.8677E+01 -9.1294E+01
0000170   4.1390E+02  2.0045E+02  1.0969E+02
0000171   1.7997E+02 -7.1291E+01 -1.3788E+02
0000172   1.4287E+01 -8.6553E+01  9.8358E+01
0000173   1.6510E+02 -1.7539E+02  9.3820E+01
0000174   5.8539E+02 -1.1567E+02  1.2117E+02
0000175   8.8496E+01 -6.0673E-01 -6.7066E+01
0000176   3.7162E+02  2.0008E+02  1.7039E+02
0000177   4.4848E+02 -1.7500E+02 -5.8715E+02
0000178   3.4590E+02 -4.5426E+01  4.6280E+01
0000179   3.4145E+02 -4.9136E+01 -2.5136E+02
0000180   2.7867E+02 -3.1619E+02 -2.9682E+02
0000181   2.8667E+02  3.2937E+02 -7.3624E+01
0000182   6.1671E+02 -2.8703E+00 -2.2890E+02
0000183   2.9139E+01 -2.3606E+02 -5.1835E+01
0000184   4.9478E+02  3.0857E+02 -5.1054E+02
0000185   6.8383E+02 -1.4298E+01  4.1897E+01
0000186   7.3209E+02 -3.7870E+02 -1.3567E+02
0000187   3.3003E+02  6.1912E+01  2.9313E+02
0000188   7.0079E+02 -1.9704E+02 -1.5012E+01
0000190   2.0843E+02 -2.5118E+02  1.0321E+02
0000191   6.5022E+01  3.1423E+02  3.6130E+02
0000192   6.0409E+02  2.4399E+02  1.1462E+02
0000193   1.3811E+02 -4.4902E+00 -2.5606E+01
0000194   4.4811E+02  1.3840E+02 -1.8760E+02
0000195   5.8542E+02 -1.4777E+02  2.0148E+02
0000197   3.3774E+02 -4.2177E+01  1.2671E+02
0000198   5.7152E+02 -1.5400E+02 -3.4505E+02
0000199   1.6967E+02 -2.5291E+02 -1.1683E+01
0000200   7.1604E+02  1.2180E+02  2.7851E-01
0000201   5.1917E+02 -2.9429E+02 -9.8909E+01
0000204   4.2091E+02 -1.9359E+02  2.9203E+02
0000205   3.0583E+02 -4.2990E+01 -2.3633E+02
0000206   3.0705E+02  1.3398E+02  9.1743E+01
0000207   2.7314E+02  2.5498E+01  1.7493E+02
0000208   5.4773E+02 -2.2024E+02  7.4145E+01
0000209   1.2973E+02 -4.6411E+01 -3.2608E+01
0000211   1.2265E+02 -3.2337E+02 -8.7411E+01
0000212   1.0189E+03 -4.6211E+01  2.9060E+02
0000213   1.7920E+02 -1.5301E+02  2.8033E+02
0000214   5.8215E+02 -2.7842E+02 -2.8357E+02
0000215   6.1800E+02  4.3749E+02 -1.5146E+02
0000216   2.3786E+02  1.0665E+02 -4.2124E+02
0000217   6.9625E+02  5.2937E+02 -2.6252E+01
0000218   6.4656E+02  1.1935E+02 -1.7962E+02
0000219   3.2807E+02  2.6776E+02  2.9762E+01
0000220   6.1463E+02  1.0208E+02  1.5724E+02
0000221   2.6046E+02 -3.6518E+02 -2.0655E+02
0000222   5.3383E+02  1.7747E+02 -2.4986E+01
0000223   2.8604E+02  3.7439E+02  2.2291E+01
0000224   6.8947E+02 -2.6567E+02 -1.1734E+02
0000225   2.8327E+02 -1.4160E+02  8.6101E+01
0000226   4.6790E+02  5.8634E+01 -9.3723E+01
0000227   3.3919E+02 -6.7224E+01 -5.1562E+01
0000228   3.0258E+02  3.4046E+02  1.8099E+01
0000229   3.3075E+02  2.3829E+02  2.2796E+01
0000230   1.4826E+02 -1.8207E+02 -1.0950E+01
0000231   5.3729E+02  2.9532E+02  1.0443E+02
0000232   5.5506E+02 -1.0961E+02 -5.0075E+02
0000233   5.0969E+02  5.3060E+01  1.7066E+02
0000234   4.2366E+02 -2.0235E+02  1.8398E+02
0000235   3.7592E+02 -4.2284E+02  4.9296E+02
0000236   7.6916E+02 -1.7587E+02  1.2082E+02
0000237   6.0805E+02  1.4413E+02  2.7173E+01
0000238   6.3735E+02  2.5106E+02 -1.1529E+01
0000239   5.7113E+02 -1.3514E+02  1.6115E+01
0000240   6.0582E+02  1.7842E+01  3.1419E+02
0000241   5.0535E+02 -4.1320E+02  7.2387E+01
0000242   1.7070E+02 -1.2181E+02 -2.0476E+01
0000244   3.0354E+02  9.9744E+01 -2.1902E+02
0000245   2.4339E+02  1.2179E+02 -9.3904E+01
0000247   3.9389E+02  9.3053E+01  2.3244E+01
0000248   1.7395E+02 -6.6573E+02  2.1151E+01
0000249   5.4335E+02  1.1460E+02  1.7776E+02
0000250   3.6510E+02  1.1791E+02 -6.5995E+01
0000251   4.6438E+02  1.1654E+02 -1.9491E+02
0000252   3.7766E+02 -2.1529E+02 -5.8971E+00
0000253   1.9236E+02 -2.4527E+02  1.4621E+02
0000254   2.6107E+02  4.0031E+02 -1.2827E+02
0000255   4.5931E+02  3.0738E+02 -1.7339E+02
0000256   4.7617E+02  1.8006E+02 -5.6905E+01
0000257   5.6534E+02 -1.5030E+02  4.2457E+02
0000258   3.5221E+02  2.9988E+02 -1.9566E+02
0000259   1.9001E+02 -2.3744E+02 -2.4353E+02
0000260   6.4779E+02  1.4581E+02  2.6562E+02
0000261   5.8775E+02  1.0435E+02 -6.5547E+01
0000262   7.9508E+02 -2.7014E+02 -2.6671E+02
0000263   8.0875E+02 -1.4127E+02  5.9025E+01
0000264   4.6149E+02 -7.4189E+01 -2.2355E+02
0000265   4.3378E+02  1.4864E+01 -1.0864E+02
0000266   1.9459E+02  4.1015E+02  8.4464E+01
0000267   1.1888E+02  1.0141E+02  2.5216E+01
0000268   5.1700E+02 -2.0390E+02  3.5619E+01
0000269   6.6349E+02 -1.8990E+01  3.5860E+02
0000270   7.3001E+02  5.7581E+02  2.2498E+02
0000271   5.0193E+02  2.9699E+02  1.8739E+02
0000272   7.0476E+02 -2.5988E+02  4.0866E+02
0000273   2.7325E+02 -3.6418E+01  1.7688E+02
0000274   4.4236E+02 -1.4998E+02  3.8595E+02
0000275   1.7536E+02  4.3705E+01  4.5210E+01
0000276   5.5037E+02  1.4695E+02  7.4878E+01
0000277   3.8442E+02  3.2097E+02 -1.5122E+02
0000279   5.8893E+02  1.4524E+02  7.5278E+01
0000280   5.5726E+02 -7.9024E+01 -1.9394E+01
0000281   3.4910E+02 -1.3311E+02  4.3586E+02
0000282   7.3376E+02  6.6821E+02 -1.8374E+02
0000283   8.1812E+01  8.3287E+01  8.3134E+01
0000284   7.3717E+02 -7.0756E+01 -2.1062E+02
0000285   4.2874E+02 -1.9691E+02  8.1381E+01
0000286   2.3112E+02 -2.7704E+02 -1.5575E+01
0000287   2.5093E+02  1.8798E+02  2.4188E+01
0000288   4.2481E+02  1.2536E+02 -1.3459E+02
0000289   6.5641E+02 -4.7671E-01 -1.2249E+02
0000290   3.2490E+01  2.6353E+02 -3.6022E+01
0000291   4.3100E+02 -3.5209E+02 -2.0616E+02
0000292   7.0829E+02 -2.1066E+02  1.9909E+02
0000294   5.7944E+02  1.3818E+01 -6.0502E+01
0000295   4.5761E+02 -3.6079E+01 -1.0593E+02
0000296   3.5449E+02  3.3607E+02 -8.7580E+01
0000297   6.9788E+02  4.0141E+02  1.3621E+02
0000298   6.3918E+02  1.9559E+02 -9.8019E+01
0000299   1.8126E+02 -1.9498E+02  4.6779E+01
0000300   5.6374E+02  2.5809E+02 -3.0901E+02
0000301   3.6957E+02  4.1176E+02  2.6741E+02
0000302   4.1603E+02  3.6324E+01 -1.2534E+02
0000303   2.7780E+02 -1.7751E+02  6.3798E+01
0000304   1.6649E+02 -2.9486E+02 -1.0489E+02
0000305   3.7056E+02  5.6952E+01  2.2086E+02
0000306   5.2875E+02  8.5611E+01 -2.1019E+02
0000307   2.6092E+02 -1.8996E+02 -1.1198E+02
0000308   2.5503E+02 -1.8663E+02 -2.4001E+02
0000309   6.1203E+02  7.0134E+01  4.6001E+01
0000310   2.3898E+02  3.3958E+02 -1.6984E+02
0000311   4.2369E+02 -2.5136E+02  6.7082E+01
0000312   2.3551E+02 -7.1478E+01  3.2505E+01
0000313   3.5915E+02 -6.3855E+01  1.6883E+02
0000314   3.5447E+02  2.1821E+02 -2.6500E+01
0000315   2.7135E+02 -4.9787E+02 -7.1204E+01
0000316   2.7220E+02  2.0865E+02 -2.9242E+02
0000317   2.7946E+02 -2.2768E+02 -4.4082E+02
0000318   2.1182E+02 -1.1314E+02 -7.4176E+01
0000319   1.5220E+02 -3.2648E+02  2.5868E+02
0000320   2.0157E+02  3.7668E+02  4.6915E+01
0000321   1.5701E+02  4.3691E+02  1.8453E+01
0000322   3.4882E+01  3.6390E+00 -1.5754E+02
0000323   2.7181E+02 -5.1761E+02 -8.1575E+01
0000324   4.6129E+02 -4.3665E+01 -2.4631E+02
0000325   2.3369E+02 -1.1354E+02  2.7438E+02
0000326   3.8764E+02  1.1656E+02 -2.2009E+02
0000327   4.8000E+02 -6.0129E-01  1.5233E-01
0000328   4.3081E+02  3.1364E+02 -4.3971E+02
0000329   3.1076E+02  1.2744E+01  3.1089E+01
0000330   3.4722E+02 -1.8431E+02  3.7297E+02
0000331   4.5975E+02  1.2218E+01  3.9191E+02
0000332   7.2666E+02 -1.5377E+02 -2.1121E+02
0000333   3.3773E+02  3.2723E+02 -2.0029E+02
0000334   2.8481E+02  3.7684E+02  3.5475E+02
0000335   3.5886E+02 -2.1662E+02  1.6743E+02
0000336   2.5090E+02 -5.7189E+01  1.2436E+02
0000337   6.7136E+02 -1.9676E+01 -1.1050E+02
0000338   1.4203E+02 -3.5316E+02 -1.2166E+02
0000339   2.5454E+02 -1.5187E+01  3.0355E+02
0000340   4.8293E+02  1.7052E+02 -2.1739E+02
0000341   5.7911E+02 -2.4238E+01  6.0968E+02
0000342   4.3101E+02  1.2217E+02  5.1115E+01
0000344   2.8733E+02  1.0688E+02  2.7538E+02
0000345   4.6218E+02 -1.7195E+01 -5.3249E+01
0000346   1.6311E+02  1.5298E+02 -1.0677E+02
0000347   8.7759E+02  2.7419E+02 -8.3841E+01
0000348   7.2402E+01 -2.1937E+02 -3.2553E+02
0000349   5.2194E+02 -7.2934E+01  4.2470E+02
0000350   8.0901E+02  3.4307E+02 -1.4592E+02
0000351   5.8483E+02 -3.9478E+01  4.3444E+01
0000352   5.9183E+02 -2.5532E+02 -2.1723E+01
0000353   4.4716E+02 -1.1749E+02  2.0088E+02
0000354   1.5812E+02 -1.9528E+02  6.3754E+01
0000355   5.2970E+02 -1.2029E+02 -1.2441E+02
0000356   2.7421E+02  1.3294E+02 -2.3721E+01
0000357   5.8753E+02 -7.2851E+01 -3.1945E+01
0000358   9.7703E+02  9.2385E+00 -4.7422E+02
0000359   7.7283E+01  3.4346E+01  4.3220E+02
0000361   7.5882E+02 -3.1486E+02 -1.1721E+02
0000362   3.6311E+02  6.1229E+02 -2.9091E+02
0000363   1.7411E+02 -5.0802E+02 -2.3421E+02
0000364   1.4940E+02  3.2382E+02 -2.3249E+02
0000365   5.1176E+02  1.4810E+02  5.2035E+02
0000367   3.8535E+02  1.5556E+02 -4.6684E+01
0000368   5.5521E+02 -2.1392E+02 -1.8040E+02
0000369   2.8592E+02 -1.8263E+02  2.0358E+02
0000370   1.6435E+02  1.0598E+02 -2.9768E+02
0000371   2.2703E+02  1.5650E+02 -7.1153E+01
0000373   3.2986E+02 -1.5964E+02 -1.4330E+02
0000374   1.3337E+01  8.5381E+01  1.3703E+01
0000375   3.5532E+02 -2.8737E+02  1.6479E+02
0000376   5.6097E+02 -2.8956E+02 -2.0853E+02
0000377   3.3654E+02 -3.8210E+02  5.5501E+01
0000378   5.2165E+02 -3.2502E+02 -1.6204E+02
0000379   3.3506E+02  9.0140E+01  2.2713E+01
0000380   4.4525E+02 -2.0634E+02 -4.0743E+02
0000381   5.1495E+02  2.9740E+01 -1.2250E+02
0000382   3.0732E+02  2.8854E+02 -2.5915E+02
0000383   3.7509E+02 -2.6952E+02  7.4273E+01
0000384   6.5618E+01  3.4559E+02 -2.0126E+02
0000385   1.9354E+02  3.2282E+02  2.6047E+02
0000386   5.3096E+02  3.0626E+02  7.9703E+01
0000387   6.6921E+02 -4.7099E+01  2.2520E+02
0000388   3.4358E+02  1.9042E+02 -2.4975E+02
0000389   4.9601E+02 -1.7510E+02 -2.9948E+02
0000390   7.4035E+02 -3.4558E+02  1.5359E+02
0000391   2.5287E+02 -2.5545E+02 -1.1364E+02
0000392   1.5744E+02  1.4994E+02  7.8737E+01
0000393   3.9450E+02  4.0308E+01  8.4809E+01
0000395   7.4690E+02 -1.4393E+02  5.1822E+01
0000396   6.5566E+02 -1.9730E+02  4.3517E+02
0000397   2.3490E+02  2.5617E+01  2.6132E+02
0000398   1.5431E+02  4.9166E+01 -2.8840E+01
0000399   3.7049E+02  7.8316E+01  8.0259E+01
0000400   3.9297E+02  2.6858E+02  2.9181E+02
0000401   6.3064E+02 -1.2930E+02 -1.4587E+02
0000402   5.1413E+02 -2.9281E+02  2.7547E+02
0000403   4.9416E+02 -3.7840E+02  1.7249E+02
0000404   4.5536E+02 -1.1240E+02 -2.3551E+02
0000405   6.4440E+01 -1.9252E+02  5.5346E+01
0000406   3.3766E+02  7.2697E+01  1.9482E+02
0000407   4.5035E+02 -3.3758E+02 -1.5258E+02
0000408   3.9379E+02  4.4978E+02  1.2210E+02
0000409   6.6533E+02  9.0433E+00  2.9388E+02
0000410   3.7731E+02  1.7341E+02  1.4882E+02
0000411   4.1327E+02  1.5886E+02 -5.3278E+02
0000412   2.9853E+02  1.0753E+02  2.3234E+02
0000413   1.0287E+02  1.0106E+01 -3.2665E+01
0000414   5.2215E+02 -3.1029E+02 -1.6743E+02
0000415   6.0459E+02  1.5646E+02  1.6400E+02
0000416   3.6633E+02 -4.0786E+02  3.3159E+02
0000417   1.4868E+02  1.2198E+02  1.4205E+02
0000418   5.5888E+02  1.2715E+01  1.8729E+02
0000419   7.5626E+02 -1.4804E+02 -4.7752E+01
0000420   1.6456E+02 -1.1403E+02 -2.6518E+02
0000421   3.8843E+02  2.4685E+02 -1.6477E+02
0000422   3.2936E+02  3.5175E+02 -2.0878E+02
0000423   3.7046E+02 -1.9718E+02 -1.7345E+02
0000424   2.1268E+02 -1.7561E+02  4.6974E+01
0000425   3.8103E+02  2.6994E+02 -5.8600E+01
0000426   3.3954E+02  1.0035E+02  2.2790E+02
0000427   3.3580E+02  1.2487E+02  2.8372E+02
0000428   3.6000E+02 -3.9840E+00  1.7684E+02
0000429   2.7914E+02 -3.4993E+01  1.6944E+02
0000430   3.6167E+02 -3.0841E+02  6.7677E+00
0000431   1.3225E+02  2.4267E+02  2.5807E+02
0000432   3.8086E+02  1.2260E+02 -1.0527E+02
0000433   6.0242E+02  4.4027E+02  5.3440E+01
0000434   5.4233E+02 -9.8929E+01  4.2700E+02
0000435   1.4113E+02  4.8909E+01  1.9429E+02
0000436   5.2014E+02 -8.2734E+01  1.2027E+02
0000437   3.9525E+02 -1.0229E+02 -2.6695E+02
0000438   2.6107E+02 -2.0178E+02 -2.0960E+02
0000439   4.4993E+02  8.6866E+01 -2.9553E+02
0000440   3.0130E+02 -1.1973E+02 -2.5193E+01
0000441   3.7697E+02  6.9892E+01  2.1869E+02
0000442   5.0064E+02  9.2682E+01 -1.5435E+02
0000443   4.2202E+02  1.1092E+02  3.4588E+02
0000444   4.2404E+02 -9.0730E+01 -5.1983E+01
0000445   5.2531E+02  7.2398E+01  2.1910E+01
0000446   3.5412E+02  3.5550E+02  3.3485E+01
0000448   3.6660E+02  5.1284E+01 -1.0085E+01
0000449   5.0458E+02  1.0521E+02  5.2480E+01
0000450   3.1378E+02  2.7142E+02 -2.6883E+02
0000451   6.6949E+02 -2.1139E+00  3.1140E+02
0000452   3.8943E+02 -7.7442E+01  8.5001E+01
0000453   5.9290E+02 -2.4626E+02 -4.5893E+01
0000454   3.9922E+02 -1.0859E+02 -4.2761E+01
0000455   4.8637E+02 -5.1291E+00 -1.6194E+02
0000456   1.8514E+02  2.1271E+02 -5.8232E+01
0000457   6.1835E+01 -3.1266E+02 -1.8168E+02
0000458   2.1292E+02 -4.0612E+02  3.4266E+02
0000459   3.0054E+02 -2.4374E+02 -7.0148E+01
0000461   2.1970E+02 -1.2463E+02  6.7717E+01
0000462   8.3461E+01 -8.1366E+01 -2.7359E+02
0000463   3.9925E+02 -3.0049E+02 -2.2244E+02
0000464   2.7855E+02  3.0253E+02  1.6248E+02
0000465   4.9079E+02  1.0109E+02 -2.7943E+02
0000466   1.9055E+02 -3.0072E+02 -8.5245E+01
0000467   2.5881E+02 -9.1352E+01 -1.6320E+02
0000468   6.3254E+02  1.1790E+02  2.2322E+02
0000469   4.1468E+02 -1.1378E+02 -2.9794E+02
0000470   3.2304E+02  1.6680E+02 -4.3506E+00
0000471   4.7144E+02  2.9353E+02 -1.9721E+02
0000472   4.6247E+02 -5.3598E+02  3.8137E+01
0000473   4.7172E+02  4.6096E+01  7.1701E+00
0000474   6.2593E+02 -1.7389E+02  1.4924E+02
0000475   4.6248E+02 -2.9208E+02  5.2182E+01
0000476   3.9730E+02  2.7937E+02  2.6866E+02
0000477   3.3427E+02 -1.2130E+02  2.7973E+02
0000478   6.7218E+02 -4.7173E+01 -1.8369E+02
0000479   4.9002E+02 -1.3039E+02 -1.0405E+02
0000480   5.3992E+02  1.5068E+02  1.2234E+02
0000481   4.2848E+02 -2.6968E+02 -4.1667E+02
0000482   2.0227E+02 -4.3698E+02 -2.9343E+02
0000483   3.4936E+02  1.0401E+02 -1.6543E+01
0000484   7.9032E+02 -9.7322E+01 -4.7540E+02
0000485   2.8423E+02 -4.0295E+01  5.0607E+02
0000486   3.9895E+02  1.1585E+02  1.6738E+02
0000487   5.2920E+02  1.7381E+02  1.9011E+01
0000488   5.5852E+02  2.2198E+00 -7.7656E+00
0000489   2.4250E+02 -8.5255E+01  1.4223E+02
0000490   4.2368E+02  1.2625E+02  2.2375E+02
0000491   4.8895E+02 -3.5336E+02  1.5546E+01
0000492   2.4563E+02 -2.0910E+02  1.7893E+02
0000493   7.5677E+02 -2.5392E+02 -9.5436E+01
0000494   3.9084E+02  1.9512E+02  1.5719E+02
0000495   3.9921E+01  3.9515E+01  5.3546E+02
0000496   2.5246E+02 -1.0737E+01 -2.0273E+02
0000497   2.5650E+02 -1.5621E+02  3.7184E+02
0000498   5.3942E+02  2.3857E+01 -4.5712E+02
0000499   4.8894E+02 -8.6356E+01 -3.3528E+01
0000500   1.2176E+02  5.0439E+01  2.4543E+02
0000501   4.0046E+02  4.4675E+01  1.4933E+01
0000502   5.8882E+02 -9.7359E+01 -8.9515E+01
0000503   5.4551E+02 -1.0551E+02  1.2676E+02
0000504   3.4304E+02  7.8532E+01 -1.3077E+01
0000505   2.6366E+02 -1.7516E+01 -1.1597E+01
0000506   3.8758E+02  1.4153E+02  1.3730E+02
0000507   7.9176E+02 -1.9300E+02  6.9735E+01
0000508   2.2870E+02  4.0999E+00 -5.2998E+01
0000509   4.5917E+02  1.1537E+01  4.1096E+02
0000510   2.4887E+02  2.1143E+00 -3.9909E+02
0000511   3.0162E+02  1.2516E+02 -2.8846E+02
0000512   2.4379E+02  3.0559E+02 -3.6723E+02
0000513   2.4795E+02 -1.6710E+02 -2.3126E+02
0000514   4.6744E+02 -2.2246E+02  1.1180E+02
0000515   3.8883E+02  6.2802E+01 -2.0256E+01
0000516   2.7621E+02 -3.3020E+02 -1.7010E+02
0000517   2.7817E+02 -1.6033E+02  4.3836E+02
0000518   2.1822E+02  5.1712E+02 -2.9293E+02
0000519   1.5766E+02 -1.0849E+01 -7.2896E+01
0000520   4.4132E+02 -2.8691E+02 -9.8874E+01
0000521   5.9075E+02  5.4449E+01  3.5979E+01
0000522   4.3832E+02  2.9163E+02 -3.9909E+02
0000523   5.4232E+02 -1.8273E+02  4.2546E+00
0000524   2.6361E+02  3.9357E+02  7.4587E+01
0000525   4.8380E+02  3.6615E+02 -8.8143E+01
0000526   3.4801E+02  1.3003E+02 -1.8833E+02
0000527   2.5630E+02 -3.2782E+02  8.3498E+01
0000528   1.2283E+02  3.6391E+02  8.3353E+01
0000529   6.8414E+02 -5.1260E+02 -1.8297E+02
0000530   5.0587E+02  2.9587E+02  5.2390E+02
0000531   2.6259E+02  1.6086E+02  3.1922E+01
0000532   3.1556E+02 -3.0738E+02  1.0162E+02
0000533   3.7828E+02  3.3805E+01  1.3930E+01
0000534   3.9063E+02 -1.1711E+02  4.7616E+02
0000535   5.1350E+02 -2.8735E+02  2.7540E+02
0000536   5.1610E+02  1.8480E+02  3.0706E+01
0000537   9.0419E+02  1.8930E+02 -2.7947E+02
0000538   3.1130E+02 -1.9882E+02 -1.9315E+02
0000541   4.7688E+02 -1.7847E+02 -2.0941E+02
0000542   2.6373E+02  3.4902E+02  1.3538E+02
0000543   1.2222E+02  3.5241E+02 -1.7577E+01
0000544   4.3998E+02 -1.1576E+02  2.7887E+01
0000545   6.0961E+02 -3.0416E+01 -4.8949E+01
0000547   1.6998E+02  1.3139E+01 -1.1172E+02
0000548   1.5189E+02 -3.5176E+02  2.1320E+02
0000549   5.3908E+02 -2.3132E+02 -1.1838E+02
0000550   5.6058E+02 -8.6298E+01  7.5757E+00
0000551   3.7889E+02 -1.2819E+02  2.6953E+02
0000552   3.4632E+02 -5.8399E+00 -1.1948E+02
0000553   4.0108E+02 -3.0242E+02  2.8456E+02
0000554   3.5941E+02  3.5910E+02 -1.5735E+02
0000555   4.4763E+02 -3.2937E+01  1.4840E+02
0000556   7.2300E+02 -2.0212E+02 -9.5644E+01
0000557   5.9182E+02  3.5899E+02  2.3785E+02
0000558   3.6957E+02 -3.1036E+02  3.5068E+02
0000559   6.5200E+02  9.8174E+01 -1.8535E+02
0000560   9.7525E+01  2.1194E+02  7.9600E+01
0000561   9.6534E+02  1.0295E+02  3.2238E+01
0000562   4.4965E+02  2.1396E+02  2.4816E+02
0000563   5.1567E+02  1.1416E+02  2.2588E+02
0000564   2.7090E+02 -5.6831E+01  5.4024E+01
0000565   2.6319E+02  2.2505E+01 -1.4364E+02
0000566   4.1809E+02 -1.8014E+02  9.7649E+01
0000567   3.7599E+02  2.8308E+02 -8.0837E+01
0000568   2.1459E+02 -2.3675E+01 -2.0695E+01
0000569   4.9195E+02  7.9340E+01 -4.6003E+02
0000570   2.4560E+02  1.3095E+01 -1.1255E+02
0000571   1.4940E+02  1.5732E+02 -6.4185E+00
0000572   5.7860E+02  2.0200E+02 -5.1486E+01
0000573   6.0056E+02  4.6126E+01 -1.2365E+02
0000575   3.0518E+02  5.0423E+00 -2.7415E+01
0000576   1.2701E+02 -4.5541E+02 -3.7072E+02
0000577   1.0198E+02  4.3965E+02  3.2491E+02
0000578   5.9251E+02  2.6964E+02  6.8355E+01
0000579   2.1119E+02  2.3732E+02 -2.4381E+02
0000580   3.3115E+02 -2.7991E+02 -2.4091E+01
0000581   6.7356E+02 -1.1212E+02 -2.6999E+02
0000582   1.4725E+02  4.8429E+01  6.7255E+01
0000583   5.3982E+02  2.4061E+02  1.1357E+02
0000584   4.4941E+02 -3.7825E+02 -3.5254E+01
0000585   1.8248E+02  2.8785E+01  1.1958E+01
0000586   6.2984E+02 -3.0224E+02  3.6093E+02
0000587   4.7840E+02 -2.2376E+02 -3.4446E+02
0000588   4.8766E+02 -3.7454E+02 -8.7308E+01
0000589   3.5132E+02 -2.0886E+01 -3.0819E+02
0000590   4.8866E+02 -4.4376E+01 -5.0193E+02
0000591   4.6921E+02  2.8102E+02  2.8883E+02
0000592   3.2947E+02 -5.6131E+01 -1.6300E+02
0000593   1.9872E+02  1.2420E+02  2.5410E+02
0000594   8.2247E+02  5.5437E+01 -6.2187E+01
0000595   2.9111E+02 -5.9410E+01  2.2030E+01
0000596   8.1520E+02 -1.0193E+02 -3.0624E+01
0000597   4.0900E+02  2.5447E+02  9.9725E+01
0000598   1.5375E+02 -7.5622E+01 -2.0145E+02
0000599   3.6793E+01  1.5578E+02  1.3786E-01
0000600   3.3281E+02  2.8658E+01  2.2280E+01
0000601   3.4326E+02 -2.6671E+02  1.7327E+02
0000602   6.3776E+02 -9.0118E+01 -7.0679E+00
0000603   1.8824E+02  3.3182E+01  1.6012E+02
0000604   5.3932E+02  1.6251E+01  3.1777E+02
0000606   1.3854E+02 -3.0521E+02  3.8268E+01
0000607   3.8017E+02 -1.2518E+02  5.3034E+01
0000608   8.3330E+02 -1.1086E+02  9.0758E+01
0000609   4.8050E+02 -4.0690E+01 -4.2927E+01
0000610   3.5133E+02  2.2364E+02 -3.2859E+02
0000611   7.0156E+02 -1.4520E+01 -3.1885E+02
0000612   4.6490E+02  4.1479E+01 -8.7050E+01
0000613   2.8029E+01  2.0177E+02 -3.5787E+00
0000615   7.0511E+02  2.8579E+02 -2.0881E+02
0000616   6.1006E+02  2.1156E+02  1.4476E+02
0000617   2.9663E+01  5.2338E+01 -6.1025E+02
0000618   1.4404E+02  8.7651E+01 -1.4071E+02
0000619   5.4035E+02 -4.1141E+02  2.4096E+02
0000620   4.1668E+02  1.6257E+02 -1.3308E+02
0000621   2.6025E+02 -3.8784E+01  1.2546E+02
0000623   2.4967E+02  2.5823E+02  5.5937E+02
0000624   2.8136E+02 -2.2640E+02 -1.2829E+01
0000625   7.6039E+01 -3.8287E+02 -2.7193E+02
0000626   6.2825E+02  7.0807E+01  2.1467E+02
0000627   3.1683E+02  1.6743E+02 -1.1548E+02
0000628   6.1230E+02 -4.0785E+02 -3.5040E+02
0000630   1.9700E+02  5.3377E+01 -1.8892E+01
0000631   5.1746E+02 -4.9156E+02  2.2705E+02
0000632   3.7544E+02 -1.5222E+02 -4.3610E+02
0000633   2.4980E+02 -3.4980E+02 -4.2814E+01
0000634   3.5076E+02 -1.5641E+02  2.0020E+02
0000635   1.4938E+02 -2.9418E+02 -4.0247E+02
0000636   1.9147E+02 -4.7570E+01  1.2929E+02
0000637   4.4115E+02 -1.0437E+02 -3.4328E+02
0000638   5.4344E+02  9.6707E+01 -2.2876E+02
0000639   3.5305E+02  1.8976E+02 -4.6447E+00
0000640   2.8228E+02 -4.3569E+02 -1.6675E+02
0000641   5.4352E+02  7.4876E+01 -2.5043E+02
0000642   6.9783E+02  4.4401E+01 -1.4565E+02
0000643   1.6323E+02  5.8266E+01 -1.1882E+02
0000644   1.1995E+02 -9.4730E+01 -3.5373E+02
0000645   3.2294E+02  3.2838E+02 -6.0563E+01
0000646   3.1903E+02  3.2375E+02 -2.9112E+02
0000647   9.3581E+01 -3.5619E+02  8.3309E+01
0000648   1.7056E+02 -2.3334E+02  3.0456E+02
0000649   4.8029E+02 -1.9420E+02 -1.7911E+02
0000650   3.5743E+02 -3.2808E+02 -1.4563E+02
0000651   4.3876E+02  4.5527E+01 -1.9372E+02
0000652   2.8454E+02 -2.2091E+02  1.0607E+02
0000653   1.4574E+02 -1.5856E+02  1.9210E+02
0000654   4.9664E+02 -1.4145E+02  1.9400E+02
0000655   3.5529E+02  1.5058E+01 -1.5434E+02
0000656   3.9298E+02 -2.4218E+02 -6.5549E+01
0000657   1.3344E+02  1.0794E+02 -2.4618E+02
0000658   4.8535E+02  1.4346E+02  1.4779E+02
0000659   4.2157E+02  1.2575E+02 -1.0070E+02
0000660   3.5345E+02 -3.1940E+02  3.8820E+02
0000661   5.1381E+02  2.9436E+02 -2.5024E+02
0000662   3.3459E+02 -3.1092E+02  1.7360E+02
0000664   4.8057E+02 -1.7487E+02  2.8352E+02
0000665   4.1439E+02  2.9025E+02  1.4054E+02
0000666   2.6988E+02 -2.3990E+02 -5.3632E+02
0000667   3.5022E+02 -4.2685E+02 -3.2354E+02
0000668   4.1176E+02 -1.6179E+02 -1.0891E+01
0000669   6.8834E+02 -4.5442E+02  3.9227E+02
0000670   6.9980E+01 -2.9300E+02  3.7591E+02
0000671   6.0078E+02 -1.3357E+02  1.4678E+02
0000672   2.2292E+02  2.4836E+02 -5.5289E+01
0000674   4.0631E+02 -1.2727E+01 -2.2110E+02
0000675   5.4160E+02  1.4555E+02 -8.2894E+01
0000676   4.8216E+02  2.0716E+02 -2.3406E+02
0000677   4.7292E+02  6.9602E+01 -3.2512E+02
0000678   7.6029E+02  1.1972E+02  1.7158E+02
0000679   4.7516E+02 -2.6427E+02 -2.4045E+02
0000680   7.5258E+02 -1.7345E+02 -1.7070E+02
0000681   1.2019E+02  1.6925E+02  1.7117E+02
0000683   3.7921E+02 -2.0070E+02  1.3136E+02
0000684   4.9491E+02 -2.9471E+02 -1.3206E+02
0000685   6.0364E+02 -3.2937E+01 -5.3770E+01
0000686   4.8564E+02  9.6324E+01  6.6097E+00
0000687   3.9591E+02  3.4693E+01 -1.2586E+02
0000688   4.9019E+02  2.2646E+02 -7.5942E+01
0000689   5.2894E+02 -2.2632E+02 -1.9838E+01
0000690   5.1160E+02 -2.2044E+01  2.6529E+02
0000691   8.3206E+02 -1.2607E+02 -1.0436E+02
0000692   5.0115E+02  1.0959E+01 -1.3605E+02
0000693   2.5707E+02 -1.5676E+02  2.2976E+02
0000694   5.7678E+02  1.8020E+02  3.9067E+01
0000695   5.3578E+02  1.9831E+02 -1.0967E+02
0000696   5.3670E+02  2.0921E+01 -9.9682E+01
0000697   4.0403E+02  2.3450E+02  6.8827E+01
0000698   2.3666E+02 -3.0439E+02  2.6213E+02
0000699   3.9733E+02 -2.5196E+02 -1.2564E+01
0000700   4.2126E+02  9.7387E+01  3.5330E+02
0000701   2.9026E+02 -9.9748E+01  4.5233E+01
0000702   5.0938E+02  1.2077E+02 -4.2205E+01
0000703   2.3300E+02 -6.0087E+01  3.8435E+02
0000704   6.2236E+02  1.7167E+02 -3.1034E+02
0000705   3.6634E+02  3.0283E+02  4.8201E+02
0000706   7.8179E+02  3.9350E+02  2.3398E+02
0000707   3.2340E+02  8.0140E+01  1.6279E+01
0000708   5.3025E+02  2.5764E+01 -4.3918E+02
0000709   1.7648E+02  1.4587E+02  3.1636E+02
0000710   5.0496E+02 -9.4140E+01 -1.7637E+02
0000711   2.1204E+02 -3.8129E+02  8.1615E+00
0000712   5.4844E+02 -2.4956E+00 -1.1522E+02
0000713   6.7366E+02  1.5528E+02  4.0876E+02
0000714   4.6955E+02  4.3332E+01 -1.8845E+02
0000715   3.9711E+02  1.5734E+02  3.3734E+02
0000716   6.7023E+02  3.3527E+02  1.3283E+02
0000717   3.4044E+02 -4.8516E+02  4.3545E+02
0000718   3.5860E+02  4.5279E+00 -2.7391E+02
0000719   7.1462E+02 -1.0714E+02  9.4458E+01
0000720   4.9168E+02  2.0023E+02 -3.0269E+02
0000721   2.1069E+02  1.8988E+02  1.2809E+02
0000722   4.4332E+02 -9.1619E+01  1.9275E+02
0000723   5.7635E+02  6.9323E+01 -8.7995E+01
0000724   4.7886E+02  1.0159E+02  1.6625E+01
0000725   5.3095E+02  2.9163E+01 -2.4081E+02
0000726   5.1153E+02  1.1370E+02 -1.1629E+02
0000727   2.4464E+02 -3.7854E+01  6.7330E+00
0000728   3.7346E+02 -3.4386E+02 -1.1177E+02
0000729   1.8691E+02  2.8699E+02  2.1063E+02
0000730   5.8976E+02  1.1980E+02  1.5198E+02
0000731   8.9894E+01 -2.0590E+02 -1.0673E+02
0000732   5.8123E+02  1.3575E+02  1.7814E+02
0000733   2.6547E+02 -1.6977E+02 -7.1165E+01
0000734   4.7561E+02  1.3000E+01 -1.2209E+02
0000735   5.1091E+02 -4.8566E+01 -2.0070E+02
0000736   3.3511E+02  4.9012E+01  2.8542E+02
0000737   7.9079E+02 -6.0685E+01 -6.5532E+01
0000738   3.1204E+02 -2.0757E+02 -1.0123E+02
0000739   4.8119E+02 -2.3651E+02 -1.7363E+02
0000740   4.2173E+02  9.2635E+01  2.1979E+01
0000741   1.4326E+01 -2.3258E+02  1.5489E+02
0000742   6.2372E+02  3.4893E+02  1.2034E+02
0000743   4.7505E+02  6.8699E+01 -4.4607E+02
0000744   2.8972E+02  1.4459E+02  1.5529E+02
0000745   1.6689E+02  1.1749E+02  2.4299E+02
0000746   4.3206E+02 -2.7339E+02  2.7883E+02
0000747   1.7082E+02  2.0160E+01 -6.2730E+01
0000748   5.9967E+02 -2.2029E+02 -3.3918E+02
0000749   3.8091E+02 -1.5206E+02  1.7866E+02
0000750   6.8235E+02  5.3565E+02 -3.0600E+02
0000751   3.5930E+02 -7.9195E+01  5.1174E+02
0000752   1.3760E+02  1.0070E+01  4.6078E+01
0000753   2.0029E+02 -1.6725E+02  1.7064E+02
0000754   3.1202E+02 -8.0093E+01  1.4094E+02
0000755   2.2588E+02  3.2041E+02 -1.6823E+02
0000756   2.4539E+02  6.9584E+01  4.2755E+02
0000757   3.6974E+02 -1.7383E+02  2.8833E+02
0000758   4.1507E+02  4.6181E+02 -2.5056E+02
0000759   3.6585E+02 -7.3640E+01 -1.5222E+02
0000760   4.2091E+02 -1.1515E+02 -5.4507E+02
0000761   4.6513E+02 -9.3132E+01  1.5633E+02
0000762   6.1059E+02 -2.4569E+02  4.0521E+02
0000763   3.1558E+02  3.9499E+02  5.7550E+02
0000764   4.2933E+02  2.6909E+02  1.8629E+02
0000765   5.9174E+02 -1.7265E+02 -1.2712E+02
0000766   6.1318E+01 -8.4782E+01 -5.8594E+02
0000767   2.3865E+02 -9.4418E+00 -1.5725E+02
0000768   3.0599E+02 -1.5566E+02 -3.9227E+02
0000769   2.2077E+02 -3.0255E+02  2.2305E+02
0000771   3.3753E+02  1.7803E+02  2.7210E+02
0000772   4.7850E+02 -2.6607E+02  9.0205E+01
0000773   6.8933E+02 -2.3184E+02 -5.9236E+00
0000774   9.4908E+02 -1.9230E+02 -1.0934E+02
0000775   2.7556E+02  3.1372E+01 -3.7747E+02
0000776   5.9416E+02 -4.0179E+02  1.8393E+02
0000777   4.6180E+02  5.3277E+00 -3.4899E+01
0000778   6.0730E+01  1.1459E+02 -8.5822E+01
0000779   4.3464E+02  1.3632E+02 -5.6244E+00
0000780   8.9233E+01  2.4611E+01  1.5155E+02
0000781   4.5209E+02 -2.3541E+02  3.8931E+02
0000782   3.2281E+02  7.5160E+01 -1.5484E+02
0000783   8.4808E+01  6.9592E+01 -1.6478E+02
0000785   5.0432E+01  1.2830E+02  1.9554E+02
0000786   4.1447E+02  1.2136E+02  5.7806E+02
0000787   2.3374E+02 -1.8822E+02 -4.0792E+01
0000788   3.8991E+02  3.3520E+02 -2.3433E+01
0000790   4.5757E+02  1.9853E+02  8.1273E+01
0000791   4.2051E+02 -9.7490E+00  1.3691E+02
0000792   8.2338E+02 -4.4986E+01 -5.0660E+01
0000793   3.9768E+02 -2.8666E+00 -7.3284E+01
0000794   3.0920E+02  6.5166E+01  1.4973E+02
0000796   5.1718E+02 -6.1801E+01 -1.6635E+02
0000797   6.4831E+02 -3.9066E+02 -1.8678E+02
0000798   2.9046E+02 -6.9701E+01 -9.0042E+00
0000799   4.3359E+02  1.7501E+01  6.0816E+01
0000800   5.9265E+02  2.4767E+02  1.7299E+02
0000801   2.8241E+02  1.1146E+02  3.4218E+02
0000802   1.5554E+02  1.2132E+02  2.1451E+01
0000803   7.7689E+02 -9.4257E+01 -8.4042E+01
0000804   3.6700E+02 -1.3177E+02  8.0125E+01
0000805   5.2946E+02 -1.9440E+02 -9.9077E+00
0000806   2.7569E+02  1.3602E+02 -1.2478E+02
0000807   6.2009E+02  2.4180E+02  2.4005E+02
0000808   2.4841E+02  4.0677E+02 -1.5600E+00
0000809   6.3277E+02 -3.2454E+02  2.0908E+02
0000810   8.5649E+02 -1.8639E+02 -5.9775E+01
0000811   3.0833E+02  2.1918E+01  7.2161E+01
0000812   4.8696E+02 -9.9704E+01  3.0775E+02
0000813   2.1609E+02 -2.0813E+02 -1.7015E+02
0000814   4.2185E+02 -1.2885E+02 -8.9080E+01
0000815   4.5277E+02  4.1305E+02  3.1901E+02
0000816   3.1851E+02 -6.2182E+01 -7.9091E+01
0000817   5.9605E+02 -2.1962E+02 -1.2502E+02
0000818   6.7971E+02  1.3925E+02 -2.2348E+02
0000819   3.4866E+01 -3.1579E+02  1.7294E+02
0000821   8.0684E+02  3.7654E+02 -2.9930E+02
0000822   7.4815E+02  1.4385E+02 -3.2340E+01
0000823   6.6732E+02 -6.3184E+01  1.4463E+01
0000824   4.6961E+02  9.7265E+01 -2.2646E+02
0000825   1.6801E+02  1.9160E+02  3.6391E-01
0000826   4.5629E+02  1.1275E+02  2.1149E+02
0000827   4.1949E+02 -4.2363E+01  8.8612E+01
0000828   6.5621E+02  1.3130E+02  1.1764E+02
0000829   6.9425E+01  1.9036E+02  9.9822E+01
0000830   2.7695E+02  3.1117E+02 -2.1815E+02
0000831   2.7997E+02 -2.5360E+02 -1.4165E+02
0000832   3.4424E+02 -4.2065E+00  4.5630E+02
0000833   5.3325E+02  2.3207E+02  5.9303E+01
0000834   4.2036E+02 -9.8563E+01 -8.7925E+01
0000835   6.0478E+02 -1.8487E+02 -5.2496E+01
0000836   5.2679E+02  4.0042E+02 -6.1838E+01
0000837   5.7629E+02  9.7544E+01 -8.5050E+00
0000838   6.0013E+02 -3.3387E+01  1.8751E+02
0000839   1.9967E+02 -2.9407E+02 -1.8080E+02
0000840   6.0491E+02  7.7372E+01  1.3307E+02
0000841   2.9986E+02 -2.5172E+02 -3.0502E+02
0000842   8.2143E+02  9.3362E+00  1.3644E+02
0000843   2.3344E+02  1.5808E+02 -2.0040E+02
0000844   4.7515E+02 -1.5017E+02 -2.9964E+02
0000845   1.7225E+02  1.0035E+01 -9.7369E+01
0000846   5.7602E+02 -1.5226E+02 -2.4748E+01
0000847   1.3371E+02 -1.7059E+02 -5.2990E+01
0000848   5.5771E+02  1.0296E+02  4.2934E+02
0000849   2.4088E+02  9.6794E+00  7.3530E+01
0000850   3.0956E+02 -1.1295E+02 -7.3798E+01
0000851   5.7855E+02 -1.0722E+02 -4.5453E+01
0000852   5.6461E+02  1.2842E+02 -3.9519E+02
0000853   3.9446E+02 -1.4605E+00  1.9146E+02
0000855   1.8937E+02  2.5225E+02 -6.6924E+01
0000856   1.7292E+02 -4.0610E+02 -2.0137E+02
0000857   5.0771E+02 -4.1520E+00  2.2794E+02
0000858   4.5577E+02 -5.4957E+02  1.6151E+02
0000859   6.4388E+02  3.6540E+02  1.1587E+02
0000861   4.9646E+02 -1.7456E+02 -1.3076E+02
0000862   2.0803E+02 -1.2474E+02  3.6605E+02
0000863   1.4606E+01 -5.9517E+01 -7.0820E+01
0000864   4.8367E+02  8.6118E+01  2.7162E+02
0000865   5.6818E+02 -1.5518E+02  1.4407E+02
0000866   5.8431E+02  1.4890E+02 -1.8463E+02
0000867   4.6771E+02  1.3890E+01 -1.4397E+01
0000868   3.5508E+02  4.1017E+02 -2.1368E+02
0000869   3.6557E+02 -1.8383E+02 -2.5899E+02
0000870   6.5439E+02 -1.8578E+02 -7.1896E+01
0000871   2.6646E+02 -1.4549E+02 -4.3822E+02
0000872   6.3089E+02  1.5507E+02  1.9215E+01
0000873   3.6828E+02 -6.7695E+00  2.9102E+02
0000874   6.3464E+02 -1.2298E+01  1.1645E+02
0000875   1.6039E+02 -2.8265E+00 -3.5225E+02
0000876   5.5466E+02 -2.7997E+02  4.9032E+01
0000877   5.6957E+02 -1.2703E+02 -2.5058E+02
0000879   1.8869E+02 -2.7862E+02  9.6419E+01
0000880   5.2405E+02  1.4401E+02 -3.1697E+02
0000881   4.1113E+02  1.4771E+02 -1.5912E+02
0000882   1.2448E+01 -6.2926E+01  6.2784E+01
0000883   1.9779E+02  6.2022E+01  3.8138E+02
0000884   4.6505E+02 -9.5335E+01 -1.0799E+02
0000885   3.4494E+02  1.1885E+02  2.9894E+02
0000886   5.2047E+02 -2.4029E+02 -4.0230E+02
0000887   3.6220E+02 -2.7764E+02  1.0060E+02
0000888   5.8534E+02 -2.8543E+02  1.6338E+02
0000889   5.7250E+02 -4.0483E+02  1.6286E+02
0000890   3.5444E+02 -6.8163E+01  9.1376E+00
0000891   1.2531E+02  1.2683E+02  7.9596E+01
0000892   6.0750E+02  1.8557E+02  3.5838E+02
0000893   4.2034E+02  2.2716E+02 -3.3246E+02
0000894   2.9246E+02 -3.0353E+02 -3.4415E+02
0000895   4.9392E+02 -7.2506E+01  6.9510E+00
0000896   7.2007E+02 -5.9318E+02 -1.0278E+02
0000897   4.0582E+02 -4.9639E+01  1.9763E+01
0000898   5.9095E+02  2.2149E+02 -1.3513E+01
0000899   2.6954E+02 -1.6672E+01 -3.7354E+02
0000900   4.5301E+02 -6.9215E+01  2.3508E+02
0000901   2.9428E+02  1.9764E+02 -5.7864E+01
0000902   5.8111E+02 -1.0678E+02 -3.8692E+01
0000903   3.8842E+02  2.4055E+02 -3.4843E+02
0000904   7.9044E+02  2.5671E+02 -9.4844E+01
0000905   5.7940E+02 -5.4436E+01 -2.9578E+02
0000906   5.7983E+02  2.9941E+01 -2.2388E+02
0000907   3.9662E+02  1.3476E+02  2.9833E+02
0000908   3.6885E+02 -2.8693E+02  9.2183E+01
0000909   2.6825E+02 -6.9823E+01 -6.9535E+01
0000910   4.6018E+02 -2.9721E+02 -5.5153E+00
0000912   4.1114E+02  2.7426E+01  1.1856E+02
0000913   9.2533E+01  3.0218E+02  2.6929E+02
0000914   1.4751E+02 -3.9766E+01  3.6339E+01
0000916   8.6276E+01 -2.7750E+02 -5.5190E+01
0000917   4.8094E+02 -2.9105E+02  2.4589E+02
0000918   3.3737E+02  4.7153E-01 -1.9458E+02
0000919   3.8814E+02  1.1788E+02  4.5863E+02
0000920   4.5943E+02  3.5201E+01 -3.5468E+00
0000921   3.2177E+02  2.7281E+02  2.0975E+02
0000922   3.0990E+02  1.9446E+01 -4.1546E+01
0000923   3.5262E+02 -2.7874E+02  2.8499E+02
0000924   6.7168E+02 -2.5775E+02  1.4579E+02
0000925   5.4100E+02  1.1206E+02  3.3850E+02
0000926   4.5303E+02 -3.2896E+02  1.8268E+01
0000927   2.1072E+02  1.6826E+02 -6.7302E+01
0000928   5.1269E+02 -1.1380E+02  2.3265E+02
0000929   2.0703E+02 -1.1565E+02  2.9696E+02
0000930   6.9003E+02 -3.2301E+01 -6.1093E+02
0000931   3.2720E+02 -2.9470E+02 -1.3357E+02
0000933   7.2617E+02 -1.8965E+02  2.2171E+02
0000934   2.2600E+02  4.3078E+01 -7.2655E+00
0000935   5.7526E+02  2.5596E+02  9.6015E+01
0000936   4.9336E+02 -5.5760E+01 -1.8313E+02
0000937   1.4873E+02  3.7167E+01 -9.3336E+01
0000938   2.9432E+02  6.0717E+01 -4.5181E+01
0000939   5.8763E+02  2.6855E+02 -3.4584E+02
0000942   4.0184E+02  7.5435E+01  8.4513E+01
0000943   4.0977E+02 -9.9600E+01 -1.1227E+00
0000944   4.3966E+02 -2.4497E+02 -1.6049E+02
0000945   9.3230E+02  3.8921E+02  1.3790E+02
0000946   4.7605E+02  2.4363E+02 -3.7852E+01
0000947   3.8114E+02 -3.9504E+02  3.9224E+02
0000948   2.6239E+02  1.7391E+02  1.1262E+01
0000949   5.6965E+02  2.6348E+02 -1.3119E+02
0000950   9.5166E+02 -9.9511E+01 -2.5801E+02
0000951   6.3707E+02 -4.0520E+01  6.1466E+01
0000952   3.4540E+02  2.0859E+02 -2.4167E+01
0000953   4.9705E+02  9.6647E+01  1.2219E+02
0000954   4.0912E+02  1.2403E+02  8.0838E+01
0000955   3.2230E+02 -1.5466E+02  2.3985E+01
0000956   2.2691E+02  1.4711E+02 -2.2523E+01
0000957   7.9646E+01  1.6205E+02 -2.6787E+02
0000958   4.4145E+02  1.6500E+02 -1.2413E+02
0000959   6.0019E+02 -2.7427E+02  4.4072E+01
0000960   1.4560E+02  2.1039E+02  9.6892E+00
0000961   3.7992E+02 -7.2649E+00  7.6078E+01
0000963   2.2622E+02 -6.1153E+01  1.3289E+01
0000964   2.7510E+02 -8.1244E+01 -3.5063E+02
0000965   2.2194E+02  4.0973E+01  3.6320E+02
0000966   7.7420E+02 -9.5358E+01  4.2142E+02
0000967   4.3671E+02 -6.3200E+01  3.1685E+02
0000968   1.5815E+02 -3.0667E+01 -4.3077E+01
0000969   3.3452E+02 -6.7452E+01 -3.4205E+02
0000970   3.6949E+02 -1.9380E+02 -1.1985E+02
0000971   5.1238E+02  1.3480E+02 -5.4496E+02
0000972   4.2771E+02  4.2012E+01  3.6715E+02
0000973   3.7844E+02 -3.1361E+02 -2.1334E+02
0000974   3.9775E+02  2.6289E+02 -3.6580E+01
0000975   3.9431E+02  2.1795E+02  2.7951E+02
0000977   4.2755E+02 -5.4862E+02 -2.3867E+02
0000978   5.6398E+02  1.4664E+02  3.5767E+02
0000979   4.4722E+02  3.7869E+01  2.2157E+01
0000981   5.0095E+02 -1.5882E+02  4.4599E+01
0000982   3.8256E+02 -4.9522E+01 -4.6719E+01
0000983   3.7039E+02  2.8552E+02  1.7417E+02
0000984   4.1105E+02  3.3225E+01  3.4621E+01
0000985   2.1800E+02 -8.1124E+01 -5.0681E+01
0000986   6.7927E+02  2.2420E+02  6.2312E+01
0000987   3.5005E+02 -1.0219E+01 -2.1592E+02
0000988   1.9336E+02 -1.4910E+02  4.9529E+01
0000989   4.3389E+02 -1.2752E+02  1.3053E+02
0000990   2.0745E+02 -9.1794E+01  8.4470E+01
0000991   5.5944E+02  1.9974E+01 -1.5109E+02
0000992   3.8449E+02  8.9197E+01  1.4149E+02
0000993   5.1178E+02 -3.6418E+02 -2.2672E+02
0000994   4.2490E+02 -3.7567E+02  1.8945E+02
0000995   5.0607E+02 -2.6352E+02  2.2772E+01
0000997   5.5911E+02 -3.8578E+02  1.4851E+02
0000998   2.7118E+02 -1.2862E+02 -7.1206E+01
0000999   4.9539E+02 -1.2457E+02  2.2202E+02
0001000   6.1112E+02  5.0502E+01 -4.2470E+01
