============================== SRIM-2013.00 ==============================
==============================================================================
====== SRIM Outputs\RANGE_3D.txt : File of Final Ion Positions =====

Ion =  F (09)   Ion Mass= 018.9984
Energy  = 4000000.E-05 keV
Ion Angle to Surface = 00.0 degrees
==================== TARGET =======================
  Layer # 1 - None
  Layer # 1 - Bottom Depth=500000.E-01 A
  Layer # 1 - Density =0007.8700 g/cm3
  Layer # 1 -  100 % of Fe
様様様様様様様様様様様様様様様様様様様様様様様様様様
                                            
Ion       Depth  X   Lateral Y   Lateral Z  
Number    (Angstrom) (Angstrom)  (Angstrom) 
-------  ----------- ----------- -----------
0000001   3.4191E+02 -1.1578E+02  5.6050E+01
0000003   3.4864E+02  2.2080E+02  1.9711E+02
0000004   3.0651E+02  3.3939E+02 -4.9862E+01
0000005   3.3780E+02 -1.7137E+02 -1.3257E+02
0000006   7.4566E+02 -1.4899E+02  9.3838E+01
0000007   3.0199E+02  2.5571E+02  1.6185E+01
0000008   4.6135E+02  5.6824E+01 -2.8879E+02
0000009   1.3055E+02  2.3803E+02 -5.0551E+01
0000010   2.3266E+02 -1.9340E+01 -9.6241E+00
0000011   6.6731E+01  3.3365E+02  3.7697E+02
0000012   7.2205E+02  3.3960E+02  1.4902E+02
0000013   1.9577E+02  1.4164E+02  3.3567E+01
0000014   4.9477E+02 -3.5574E+02  2.6081E+01
0000015   2.2632E+02  2.3017E+02 -1.2344E+02
0000016   2.9982E+02 -2.7401E+02  2.0546E+01
0000017   2.0692E+02 -4.6972E+02  2.8647E+02
0000018   2.7222E+02 -2.9102E+02  1.8105E+02
0000019   3.8858E+02 -1.4885E+02  4.4430E+02
0000020   1.8943E+02  2.7328E+02 -5.5107E+01
0000022   8.5019E+02  2.0750E+02 -1.4133E+02
0000023   6.9864E+02  1.5208E+02 -2.1474E+02
0000024   1.7566E+02 -6.1827E+01 -5.2108E+01
0000025   3.0955E+02  9.2858E+01  8.0836E+01
0000026   1.2005E+02 -3.7018E+02 -6.0285E+01
0000027   4.7914E+02  2.7651E+01 -7.2233E-01
0000028   2.3927E+02 -1.0375E+02  2.0219E+02
0000029   5.2172E+02 -2.3994E+02  3.4659E+01
0000030   7.5319E+02 -2.4365E+02 -2.1028E+02
0000031   3.9369E+02  3.0452E+02  1.2724E+02
0000033   2.8671E+02  3.5427E+01  1.5387E+02
0000034   1.4221E+02 -1.2723E+02 -3.2985E+02
0000036   4.4510E+02 -1.9774E+02  5.9207E+00
0000037   4.4299E+02  1.3778E+02  2.6523E+02
0000038   2.4857E+02  3.0928E+01 -2.7839E+01
0000039   1.8965E+02 -2.7956E+02  8.2393E+01
0000040   6.5494E+02  2.2249E+02 -1.5642E+02
0000041   1.5989E+02  4.8698E+02  2.6398E+02
0000042   3.7349E+02 -1.1800E+01  4.0316E+01
0000043   6.6748E+02 -1.1974E+02  9.7031E+01
0000044   1.6891E+02 -4.1252E+01 -1.8155E+01
0000045   1.6142E+02  1.1764E+02  1.2494E+02
0000046   6.1300E+02 -1.1328E+02 -1.0625E+02
0000047   7.8033E+02  5.1238E+02 -8.4876E+01
0000048   7.4170E+02 -1.7832E+02  3.1264E+01
0000049   7.7734E+02 -2.3028E+02 -4.9374E+01
0000050   5.7313E+02  3.5192E+01  2.0776E+01
0000051   1.9731E+02  1.2719E+02  1.9762E+02
0000052   2.5622E+01 -5.1511E+01 -1.6696E+02
0000053   3.3960E+02  5.2248E+02  2.9575E+02
0000054   1.9826E+02 -3.1259E+01 -8.4852E+00
0000055   4.5428E+02 -4.4903E+01  1.1317E+02
0000056   3.3232E+02  5.7533E+00 -2.7394E+02
0000057   4.2221E+02  2.2700E+01  4.1645E+02
0000059   2.9042E+02 -3.4329E+01  2.1265E+01
0000060   6.3589E+02 -1.1919E+02 -2.6704E+01
0000061   2.5112E+02 -8.0917E+00  6.4257E+01
0000062   1.6340E+02  1.2614E+02 -4.3263E+01
0000063   3.8539E+02  7.8948E+01 -2.3444E+02
0000064   6.6735E+01 -1.6935E+02  4.0947E+01
0000065   5.9339E+02  1.0291E+00  3.2175E+02
0000066   5.5871E+01 -1.7808E+02  2.4614E+02
0000067   5.7169E+02 -3.2746E+02  2.0198E+02
0000068   3.7029E+02 -1.3039E+02  2.4303E+02
0000069   2.2289E+02  3.7372E+02  1.3153E+01
0000070   8.2412E+02 -3.6490E+02 -2.0681E+02
0000071   9.6798E+01  1.1135E+02  2.5571E+02
0000072   4.5664E+02  7.6471E+01  1.3652E+02
0000073   4.3470E+02 -1.8593E+02 -6.8161E+01
0000074   2.5329E+02  1.3352E+02 -3.4307E+02
0000075   7.1922E+02 -8.8316E+01 -4.4051E+01
0000076   1.5805E+02 -1.2209E+02 -1.9327E+02
0000077   5.3176E+02 -2.5102E+01  6.8409E+01
0000078   6.9662E+02 -2.6931E+02  1.4169E+02
0000079   1.6693E+02  5.9483E+01  1.5139E+02
0000080   4.3388E+02 -3.4023E+02 -4.7757E+02
0000081   4.0352E+02 -1.3155E+02  1.2420E+02
0000082   2.2578E+02  1.6966E+02 -7.0431E+01
0000083   4.0021E+02 -2.1453E+02  1.2015E+02
0000084   4.1581E+02 -3.1710E+02 -2.6150E+02
0000085   1.2682E+02 -2.6825E+02  4.9976E+01
0000086   3.3096E+02 -4.5584E+02 -1.5797E+02
0000087   2.5416E+02  8.7554E+01  4.3916E+02
0000088   2.9853E+02 -1.1931E+01  1.3712E+02
0000089   3.6275E+02  1.3655E+02  2.1837E+02
0000090   3.7116E+02 -2.0860E+02  9.1553E+01
0000091   6.5453E+02 -2.6079E+01  1.6068E+02
0000092   2.6837E+02 -1.1227E+02 -2.0562E+02
0000093   2.6003E+02 -2.7673E+02 -1.8968E+01
0000094   6.0796E+02  3.0137E+01  2.8794E+01
0000095   5.5923E+02 -2.7538E+00  2.5611E+02
0000096   2.7591E+02  2.2051E+01 -1.5387E+02
0000097   3.1851E+02  2.7787E+02  1.1112E+02
0000098   6.7913E+02  1.3969E+02 -1.1566E+01
0000099   9.8808E+02  5.8198E+01 -3.1330E+00
0000100   4.8088E+02 -2.9379E+02 -1.2681E+02
0000101   2.2613E+02 -1.3455E+02  4.3962E+01
0000102   7.5469E+01 -1.7763E+02  7.0838E+02
0000103   5.7120E+02  1.0454E+01  3.3549E+02
0000104   2.3660E+02  4.2446E+02 -3.5772E+01
0000105   2.8853E+02 -8.3498E+01  3.6602E+02
0000106   2.3653E+02 -1.0560E+02 -2.9645E+02
0000107   2.7783E+02 -2.1089E+02 -7.5217E+01
0000108   5.5837E+02  1.9238E+02 -2.6192E+02
0000109   2.6743E+02  8.1079E+01  2.1091E+02
0000110   5.2050E+02 -1.8178E+02 -1.2978E+02
0000111   6.0488E+02 -1.9718E+02  1.2058E+02
0000112   4.4241E+02  5.8041E+01  2.3080E+01
0000113   4.5277E+02  1.0258E+02  1.6841E+02
0000114   4.4576E+02  1.1684E+02  3.1656E+02
0000115   4.7155E+01  5.3979E+00  1.6745E+02
0000116   5.8448E+02  8.6444E+00  4.5099E+00
0000117   1.9864E+02  9.0855E+01 -5.3549E+01
0000118   6.3528E+02 -1.5858E+02 -1.3408E+01
0000119   1.1970E+02 -4.2400E+01  7.8719E+01
0000120   2.9013E+02 -1.8343E+02 -2.6172E+02
0000121   2.6633E+02 -8.7180E+01  3.4991E+02
0000122   4.0599E+02 -2.6502E+02  1.5427E+02
0000123   2.0876E+01 -2.8915E+02 -6.0639E+02
0000124   4.0959E+02  9.1805E+01 -1.6788E+01
0000125   2.8626E+02 -3.4957E+02 -6.2710E+01
0000126   4.8608E+02  5.9921E+01 -7.6445E-01
0000127   4.2182E+02  2.0628E+01 -1.0175E+02
0000128   2.8742E+02  1.0550E+02 -1.9470E+02
0000129   1.1923E+02 -2.6203E+02  2.5593E+02
0000130   3.2866E+02  2.1355E+02 -1.3472E+02
0000131   5.7092E+02  2.2611E+02  9.9958E+01
0000132   4.3940E+02 -2.4289E+02 -5.2951E+02
0000133   2.2770E+02  1.6777E+01 -8.5364E+01
0000134   4.9155E+02  2.8246E+02 -2.9955E+02
0000135   2.2031E+02 -1.0630E+02 -4.9307E+02
0000136   4.6313E+02 -1.2354E+02  5.9229E+01
0000138   3.2666E+02 -1.3798E+02 -9.0456E+01
0000139   2.5217E+02 -4.8453E+02  9.4553E+01
0000141   4.5640E+02  1.0739E+02  2.4644E+02
0000142   1.8756E+02 -6.5424E+01  3.0858E+02
0000143   2.0434E+02 -2.6601E+02  3.9885E+02
0000144   5.0759E+02  1.0911E+02  5.9974E+00
0000145   5.9469E+02 -4.5781E+02  4.4185E+02
0000146   5.5423E+02 -1.7075E+02  5.8481E+01
0000147   5.7637E+02 -2.5639E+02  1.3113E+02
0000148   5.6575E+02 -3.5183E+02  7.9840E+01
0000149   2.3233E+02  1.3343E+02 -4.4142E+02
0000151   7.7602E+02 -1.1464E+02 -9.2243E+01
0000152   3.6963E+02  5.0937E+01  1.0156E+02
0000153   2.1323E+02 -2.4253E+02  5.1891E+01
0000154   4.3818E+02  5.9962E+01 -3.6370E+01
0000155   5.5601E+02 -9.2823E+01  2.4748E+01
0000156   3.2311E+02 -1.3063E+02  3.5850E+02
0000157   1.7572E+02 -1.7195E+02 -4.7245E+02
0000158   7.5362E+02 -4.6076E+02  1.1781E+02
0000159   1.9888E+02  1.8656E+02  3.3627E+00
0000160   4.5253E+02  2.1605E+02 -3.3433E+01
0000161   5.1357E+02  4.1113E+02  6.8463E+01
0000162   4.1137E+02 -8.3285E+01 -3.5773E+02
0000163   3.1466E+02 -1.3427E+02  1.0315E+01
0000164   6.9569E+02  8.5578E+00  2.7963E+01
0000165   5.7495E+02 -4.0390E+02 -1.2791E+02
0000166   4.9297E+02 -1.7534E+02 -1.6225E+02
0000167   2.8207E+02 -2.2341E+02 -1.5511E+02
0000168   2.5507E+02 -4.1383E+01  9.2764E+01
0000169   2.6227E+02  1.9934E+02  3.3895E+02
0000170   5.3603E+02  1.0988E+02  3.2650E+02
0000171   8.5227E+02 -9.0856E+01  7.6484E+01
0000172   4.2729E+01 -6.2016E+01  2.7345E+02
0000174   3.5255E+02 -9.6751E+01  3.8338E+01
0000175   6.3052E+02  1.4509E+02 -4.0761E+02
0000176   5.3128E+02  3.1248E+02  1.3223E+02
0000177   2.7028E+02  3.0942E+02  5.3253E+02
0000178   1.9776E+02 -4.0632E+02 -2.5097E+02
0000179   7.8214E+02  7.1034E+01  3.6211E+02
0000180   2.9048E+02  4.1160E+01 -2.9949E+01
0000181   5.1891E+02  1.3360E+02  1.7531E+02
0000182   4.0857E+02  8.8169E+01  6.5209E+01
0000183   1.3129E+02 -1.3892E+02 -3.1954E+02
0000184   5.8932E+02 -1.1295E+02  3.3835E+02
0000185   2.6766E+02  2.1059E+01  3.7876E+02
0000186   4.8021E+02  5.0009E+01  1.0986E+02
0000187   3.2075E+02  2.4855E+01  1.6033E+02
0000188   1.8930E+02  2.7788E+02 -2.6618E+02
0000189   3.8077E+02  6.5872E+01 -3.3382E+02
0000190   1.3877E+02 -5.0508E+01  8.4762E+01
0000191   4.0393E+02 -1.6637E+02  1.6362E+02
0000193   4.6591E+02  1.8719E+02 -2.8921E+01
0000194   7.4885E+02 -5.7732E+01  3.0452E+02
0000195   7.5182E+02 -2.1465E+01 -2.5785E+02
0000196   5.0413E+02  3.9077E+02  3.0208E+02
0000197   2.6236E+02  1.3552E+02 -1.2814E+02
0000198   3.6377E+02 -2.1767E+02 -2.7620E+02
0000200   6.2494E+02 -6.1188E+01  2.1812E+02
0000201   5.2651E+02  8.4353E+01 -1.0354E+02
0000202   7.2209E+02  2.5944E+02 -2.1163E+02
0000203   5.6915E+02 -9.4684E+00  7.3733E+01
0000204   4.6255E+02  2.2692E+02 -1.0685E+02
0000205   1.2923E+02  1.1018E+02  2.8483E+02
0000206   6.7884E+02 -3.3097E+02 -1.0448E+01
0000207   2.3411E+02  1.2753E+02 -1.1490E+00
0000208   3.1941E+02 -2.0406E+02 -2.9546E+02
0000209   4.3837E+02 -4.3083E+02 -5.3125E+01
0000210   3.0339E+02  2.5920E+02 -4.8121E+02
0000212   3.9209E+02  1.7339E+02  4.9440E+00
0000213   2.2618E+02  3.2490E+01 -5.0755E+02
0000214   4.0172E+02 -2.2777E+02 -1.0135E+02
0000215   4.2984E+02 -1.0755E+02 -1.3063E+02
0000216   2.8009E+02 -1.6372E+02 -2.4325E+02
0000217   2.1409E+02  2.8614E+02 -1.1128E+02
0000218   5.8209E+02 -4.7133E+02 -8.3710E+01
0000219   3.9599E+02 -4.5980E+01 -2.2041E+02
0000220   5.3336E+02 -2.6816E+01 -1.6098E+02
0000221   2.4761E+02  3.5640E+02  3.0680E+02
0000222   6.0705E+02  2.5476E+02 -4.8544E+01
0000224   4.4322E+02  1.7612E+02  7.4913E+01
0000225   3.3157E+02  8.1257E+01  2.1375E+02
0000226   3.2442E+02 -2.4437E+02  4.5627E+02
0000227   1.8212E+02  2.4253E+02  3.0306E+02
0000228   3.6994E+02  8.9416E+00 -4.1823E+01
0000229   4.6492E+02  1.7670E+01  6.0396E+02
0000230   1.8729E+02 -2.3636E+02 -1.2289E+02
0000231   6.3966E+02 -4.7017E+02 -8.6047E+01
0000232   5.6282E+02  3.4770E+00 -1.7623E+02
0000233   4.4506E+02 -1.1180E+02 -2.0032E+02
0000234   1.3520E+02 -7.8762E+01  2.9501E+02
0000235   7.8953E+02 -1.7436E+02 -2.1293E+02
0000236   5.1220E+02 -1.1885E+02  1.7600E+02
0000237   4.2370E+02 -2.4808E+02 -2.2914E+02
0000238   2.1599E+02  1.2532E+01 -7.8391E+01
0000239   1.0728E+02  2.5449E+02  1.1682E+01
0000240   7.1703E+02 -1.9101E+02 -2.4832E+02
0000241   6.5828E+02  3.2389E+02 -1.6309E+00
0000242   2.3802E+02 -2.9249E+02  1.1996E+02
0000243   5.3704E+02 -2.6718E+01  4.4052E+02
0000244   6.6553E+02 -6.4163E+01  2.8330E+01
0000245   7.3758E+01  4.1851E+02  3.5823E+01
0000246   5.2572E+02  1.3474E+02 -1.6091E+02
0000247   7.1530E+02  3.7606E+02  1.8117E+02
0000248   4.1430E+02  2.5244E+02  2.4095E+02
0000249   4.8983E+02  1.2276E+02 -8.3809E+01
0000250   5.8546E+02 -1.4498E+02 -1.7340E+02
0000251   2.9239E+02  3.3721E+02 -5.4212E+01
0000252   3.7591E+02 -2.2000E+02 -3.4095E+02
0000253   2.8460E+02 -7.4365E+01 -1.9856E+02
0000254   4.2035E+02  1.2920E+01  9.5120E+01
0000255   3.1870E+02 -2.2870E+02 -2.5543E+02
0000256   2.2558E+02 -1.2735E+02  2.2186E+02
0000257   5.6133E+02 -1.1577E+02  9.6594E+01
0000258   1.7348E+02  5.7878E+02 -8.4306E+01
0000259   7.4951E+02  3.7059E+02 -1.8897E+02
0000260   3.3445E+02  7.3120E+01  1.8147E+02
0000261   1.3074E+02  4.3340E+01  1.2267E+02
0000262   8.9340E+01  1.4297E+02 -1.6338E+02
0000263   2.1804E+01 -2.2570E+02 -2.8338E+02
0000264   3.2121E+02 -4.6445E+01 -1.9132E+02
0000265   7.0622E+02  2.5989E+02  1.7577E+02
0000266   1.3451E+02 -2.5485E+02  6.5282E+01
0000267   2.0346E+02 -3.6553E+01  1.8169E+02
0000268   5.2356E+02  5.4071E+01  2.6574E+02
0000269   3.7114E+02  3.6426E+01 -2.0886E+02
0000270   5.8768E+02 -1.7777E+02  2.4607E+01
0000271   6.8485E+02  1.3160E+02 -1.2745E+02
0000273   3.2101E+02 -4.2057E+02 -3.3717E+02
0000274   4.3600E+02 -2.5051E+02 -5.1039E+01
0000275   1.8461E+02 -8.0342E+01  1.1306E+01
0000276   6.3161E+02  2.2510E+02 -4.0570E+01
0000277   4.9531E+02  1.1768E+02  2.5102E+02
0000278   5.1241E+02 -2.8516E+02  3.9923E+02
0000279   8.4134E+02 -7.8839E+01 -1.6304E+02
0000280   3.8560E+02  2.1949E+02 -2.5020E+02
0000281   3.2610E+02  8.6998E+01 -1.2021E+02
0000282   3.1802E+02 -3.8834E+01 -1.6432E+02
0000283   5.1817E+02 -4.9316E+01  1.0696E+02
0000285   3.0638E+02  4.1952E+02  1.2621E+02
0000286   4.2289E+02  1.5686E+02 -3.7080E+02
0000287   6.6401E+02  1.6162E+01 -1.3817E+02
0000288   3.9470E+02 -1.1389E+01  4.4988E+01
0000289   4.7056E+02 -2.9174E+02  5.0894E+02
0000291   4.0986E+02  1.4151E+02 -3.9053E+02
0000292   5.7781E+02 -1.0896E+02  1.0475E+01
0000293   3.6253E+02  4.2222E+02 -1.5176E+01
0000294   8.2766E+02 -1.7773E+02  7.8432E+01
0000295   2.6882E+02  2.1429E+02 -2.1417E+01
0000296   8.1445E+02  2.1886E+00 -1.3525E+02
0000297   1.8862E+02  6.8921E+01 -3.2415E+01
0000298   4.2400E+02  2.1033E+01  4.0571E+02
0000299   8.0490E+02  1.8911E+02  3.3438E+02
0000300   1.9619E+02  9.8809E+01 -1.6462E+02
0000301   2.7751E+02  3.7507E+01 -1.9397E+02
0000302   2.4471E+02  1.2203E+02 -6.5894E+01
0000303   2.5689E+02 -3.7758E+02  6.6608E+01
0000304   4.3679E+02 -5.7727E+00 -2.2405E+02
0000305   7.4170E+01  8.3300E+00 -1.6519E+01
0000307   9.3932E+01 -5.7661E+02  2.1001E+02
0000308   4.5135E+02 -1.7920E+02 -3.5468E+02
0000309   2.7600E+02 -1.8847E+02  2.3079E+02
0000310   8.1664E+02  9.1496E-01  3.7396E+02
0000311   3.4589E+02 -4.3507E+01 -3.1150E+02
0000312   5.5881E+02  1.5446E+02 -3.7540E+02
0000313   3.9306E+02 -1.5451E+01  1.5671E+02
0000314   5.5800E+02 -7.3603E+01 -3.0912E+02
0000315   6.7144E+01  2.1537E+02  1.4853E+02
0000316   2.8222E+02  3.0055E+02 -2.9397E+02
0000317   1.4900E+02 -1.2932E+02 -5.2885E+02
0000318   6.0956E+01 -3.1847E+02  5.5164E+01
0000319   2.0929E+02  2.0401E+02  1.7735E+01
0000320   2.1633E+02 -1.9646E+01  3.0633E+02
0000321   2.1580E+02 -3.9512E+02  5.3813E+01
0000322   5.0398E+02  2.8149E+02  3.4425E+02
0000323   2.6477E+02  3.2899E+02 -1.8508E+02
0000324   4.6918E+02  1.5907E+01 -2.4077E+02
0000325   1.6575E+02  1.4683E+02 -4.3631E+02
0000326   2.8088E+02 -3.9921E+02 -8.3877E+01
0000327   2.3156E+02  1.5650E+02  3.5391E+02
0000328   3.2590E+02 -7.0504E+01 -8.7656E+01
0000329   4.1151E+02  1.3241E+02  3.1135E+00
0000331   1.2346E+02 -4.7970E+01  1.5558E+02
0000332   7.2174E+02 -2.1774E+02  1.9752E+02
0000333   3.2682E+02  3.5833E+01  1.7553E+02
0000334   4.4253E+02 -3.0505E+02 -3.5803E+01
0000335   3.9958E+02 -1.9766E+01 -7.6169E+01
0000336   1.6186E+02  2.6820E+01 -1.3651E+02
0000337   6.0901E+02 -1.2276E+01 -2.9916E+01
0000338   4.8459E+02 -3.3216E+00 -1.8419E+02
0000339   1.3754E+02 -3.9010E+01 -1.6594E+02
0000340   1.6141E+02  8.6434E+01  2.0264E+02
0000341   6.2093E+02 -1.9093E+02 -2.2862E+02
0000342   5.0236E+02  1.4965E+02  1.0397E+01
0000343   2.5401E+02 -1.1956E+01 -4.4604E+02
0000344   2.6464E+02 -3.7509E+02 -3.5470E+01
0000345   6.8973E+02 -1.4352E+02  1.9033E+02
0000346   1.7465E+02 -3.7502E+01 -2.6910E+02
0000347   2.4003E+02  7.9585E+01 -1.3873E+02
0000348   1.3579E+01  4.9748E+00 -1.0444E+02
0000349   2.4371E+02 -2.7518E+02 -2.6810E+02
0000350   5.6039E+02  1.9975E+02 -1.3568E+02
0000351   5.5054E+02  2.8979E+02 -4.6434E+02
0000352   9.1530E+01  2.4563E+02 -2.7757E+02
0000353   6.5519E+02 -3.4932E+01 -4.9722E+01
0000356   6.3594E+02 -1.2292E+01 -2.2990E+02
0000357   4.0537E+02  1.0513E+02 -9.1828E+01
0000358   5.9254E+02 -1.5558E+02  9.9000E+01
0000359   2.6550E+02  4.2506E+02  1.2933E+01
0000360   7.7088E+02  1.7706E+01 -2.7998E+02
0000361   4.0098E+02 -1.3100E+02  5.2970E+01
0000362   6.0142E+02  8.9372E+01 -1.2237E+02
0000363   3.8821E+02 -3.2946E+02 -1.1919E+02
0000364   3.7029E+02  1.3039E+02  2.5073E+02
0000365   4.2673E+02  3.2219E+02  3.9545E+02
0000366   7.9041E+02  1.1724E+02  7.0189E+01
0000367   3.8604E+02  3.9534E+02 -4.7879E+01
0000368   3.0448E+02 -1.2997E+02  2.9189E+02
0000369   1.1360E+01  7.0956E+02  9.9942E+01
0000370   4.1167E+01  9.7784E+01 -3.9481E+02
0000371   6.8753E+02 -8.5160E+01  2.2049E+01
0000372   1.1837E+02  4.1211E+01 -2.3668E+01
0000373   3.8433E+02 -1.0065E+01 -2.8479E+02
0000374   5.1499E+02  8.1691E+01  1.3762E+02
0000375   3.7848E+02 -2.8534E+02 -5.1427E+01
0000376   3.7943E+02 -2.8745E+00 -9.6809E+01
0000377   2.1740E+02 -1.8839E+01  3.2177E+02
0000379   4.7096E+02 -3.4068E+02  4.2432E+02
0000380   7.0565E+02 -4.6429E+02  1.7805E+02
0000381   8.0701E+02  2.3267E+02  1.7910E+01
0000382   6.2622E+02  1.3039E+02 -3.5585E+01
0000383   2.9033E+02 -6.1979E+00  1.0894E+02
0000385   1.3242E+02  6.7313E+01 -6.7720E+01
0000386   3.5853E+02  2.3703E+02  7.7900E+01
0000387   4.6391E+02 -8.3082E+01 -1.9373E+02
0000388   5.0003E+02  2.4904E+02  6.5618E+01
0000389   4.7419E+02 -1.4068E+02  2.5457E+02
0000390   7.0215E+01 -2.3598E+02 -3.5027E+02
0000391   2.7648E+02 -4.7914E+01 -2.5697E+02
0000392   8.2185E+02 -1.7005E+02 -2.4366E+01
0000393   5.6237E+02  3.7902E+02  1.1215E+02
0000394   8.4193E+01  2.8978E+01  1.5631E+02
0000395   7.1301E+02  1.0410E+02  2.7627E+02
0000396   4.7206E+02  1.8618E+02  1.1286E+02
0000397   4.1653E+02 -1.7079E+02 -1.6993E+02
0000398   3.1717E+02 -2.9299E+02 -2.6456E+02
0000399   6.0143E+02 -3.3246E+01  5.8175E+01
0000400   1.2392E+02 -1.1496E+01 -2.4725E+02
0000402   2.5641E+02  1.0941E+00  2.8894E+02
0000403   3.4233E+02  2.1461E+02  3.5607E+02
0000404   2.2112E+02 -2.6536E+02 -2.8726E+02
0000405   7.2350E+01 -1.5063E+02 -2.5611E+02
0000406   4.5737E+02  7.9040E+01 -1.7411E+02
0000407   8.1571E+02 -1.0422E+02  1.5793E+02
0000408   2.3889E+02  1.2813E+02 -7.3690E+01
0000410   7.5100E+01  1.9318E+02  2.5568E+01
0000411   7.2689E+02 -8.0778E+01 -9.7070E+01
0000412   3.3035E+02  1.6802E+02 -1.5299E+02
0000413   6.6807E+02 -1.4015E+02 -1.0668E+02
0000414   1.1171E+02 -4.1511E+02 -1.7002E+02
0000415   1.2416E+02  2.1179E+01 -1.2642E+02
0000416   3.3929E+02 -8.1804E+01  4.2626E+02
0000417   8.4270E+02  2.8831E+02  2.1332E+02
0000418   5.3925E+02  6.3449E-01  7.8027E+01
0000419   3.0348E+02  3.4646E+01 -2.0212E+02
0000420   2.0314E+02  3.8858E+02  9.6551E+01
0000421   3.9419E+02 -7.9661E+01 -1.5668E+02
0000422   5.7450E+02 -2.0067E+02  1.9107E+02
0000423   6.0952E+02  2.7557E+02  1.5315E+02
0000424   3.3430E+02  1.7171E+02 -1.3696E+02
0000426   1.2924E+02 -1.6132E+02  1.1434E+02
0000427   5.2531E+02 -1.7710E+02  2.0657E+02
0000429   2.2509E+02  4.1491E+02 -1.0590E+02
0000430   4.6938E+02 -1.6242E+02  3.3417E+02
0000431   5.3354E+02 -2.6624E+02  1.7202E+02
0000432   2.1123E+02  6.9352E+01  2.9862E+01
0000433   4.4809E+02  1.1964E+02 -3.3424E+02
0000434   5.0334E+02  2.9438E+02 -5.0000E+01
0000435   2.3389E+02  5.2901E+02  6.3037E+01
0000436   4.9477E+02  3.5191E+02  1.8301E+02
0000437   2.4085E+02  2.1480E+02 -7.8534E+01
0000438   4.2245E+02  8.3057E+01 -1.6837E+02
0000439   9.2816E+02 -1.1210E+02  1.4368E+02
0000440   2.6524E+02  2.2822E+02  2.9728E+02
0000441   7.2880E+01 -8.9083E+00 -1.7422E+02
0000442   2.4849E+02 -3.1345E+02 -6.1708E+01
0000443   6.3027E+02  1.6811E+02 -1.9513E+02
0000444   2.6376E+02 -3.2908E+02 -4.3515E+02
0000445   2.9885E+02  1.6077E+02  1.6153E+02
0000446   2.1211E+02  1.4201E+02 -1.5417E+02
0000447   3.4475E+02 -2.6707E+02 -2.6658E+01
0000448   4.9655E+02  1.0998E+02 -3.9889E+02
0000449   4.4355E+02 -2.1078E+02  1.9410E+02
0000450   5.9193E+02 -2.2197E+02 -2.7792E+02
0000451   4.7417E+02  1.9416E+02 -1.0336E+02
0000452   8.6758E+02  2.4732E+01 -1.4216E+00
0000453   4.5687E+02 -9.9117E+01 -8.9845E+01
0000454   3.7716E+02 -4.5239E+02  7.6891E+01
0000456   2.4890E+02 -1.1753E+02  2.6274E+01
0000457   2.8469E+02 -2.1918E+02  2.0203E+02
0000458   5.5092E+02 -4.1271E+02 -1.8903E+02
0000459   8.4777E+01 -9.2040E+01 -1.0934E+02
0000460   4.4060E+02  1.8074E+02  2.4035E+02
0000461   6.3684E+02 -1.7009E+02 -1.1158E+02
0000462   4.4980E+02 -1.1389E+02 -2.0541E+01
0000463   5.1041E+02 -1.9354E+02 -3.2270E+02
0000464   1.0275E+03 -1.2014E+02  2.3496E+02
0000465   3.8514E+02 -1.8360E+02 -7.4926E+00
0000466   8.1405E+02 -2.9920E+02  6.0169E+01
0000467   4.1844E+02 -1.0823E+02  3.2392E+00
0000468   6.7338E+02  9.1175E+01  2.8244E+02
0000469   6.7434E+01  1.4752E+02 -3.9464E+01
0000470   4.0612E+02 -1.1622E+02  4.2034E+01
0000471   6.1086E+02  5.7359E+01 -2.4531E+00
0000472   2.5059E+01  2.3645E+02  1.8606E+02
0000473   3.4381E+02  1.8136E+02 -4.0801E+02
0000474   5.4704E+02 -1.6790E+02  3.3743E+02
0000475   7.0067E+02  1.3169E+02 -3.9793E+02
0000476   4.8359E+02 -8.7154E+01 -1.5065E+02
0000477   2.4457E+02  2.9009E+02  2.6871E+01
0000478   9.2022E+01  1.6661E+02 -9.9791E+01
0000479   4.3928E+02  1.5539E+02 -1.7638E+02
0000480   3.1037E+02 -9.9647E+00  7.9965E+01
0000481   1.2764E+02 -8.3257E+01  1.7847E+01
0000482   3.3468E+02 -2.0403E+02  6.8999E+01
0000483   1.7053E+02  3.6186E+02  1.6445E+02
0000484   5.4202E+02 -1.7769E+02  1.2437E+02
0000485   3.2950E+02 -1.2004E+02  3.5347E+02
0000486   2.9432E+02  4.3408E+02  1.5275E+02
0000487   5.5922E+02 -1.3024E+02 -1.6420E+02
0000488   2.1891E+02 -1.6237E+02  1.5993E+02
0000489   2.7339E+02  2.9368E+01  4.8437E+01
0000490   6.6267E+02 -1.8988E+02 -3.3120E+02
0000491   3.1252E+02  4.6742E+01 -4.3690E+01
0000492   4.4709E+02  1.1970E+01 -1.1606E+01
0000493   1.6141E+02  4.4527E+02  4.8561E+02
0000494   2.9064E+02 -2.0192E+02 -1.4624E+02
0000495   5.8187E+02 -2.3304E+02 -4.9974E+02
0000496   1.7937E+02  2.6190E+02 -1.4329E+02
0000497   7.0220E+02 -1.4370E+02 -3.6607E+02
0000498   2.2368E+02  7.4714E+01 -1.1175E+00
0000499   7.5899E+02  2.4962E+02 -3.1369E+02
0000501   3.2787E+02 -3.1067E+02 -8.8142E+01
0000502   5.3373E+02 -1.4357E+02  1.5903E+02
0000503   4.8052E+02  2.8497E+02  1.2385E+02
0000504   6.3535E+02  3.4159E+02  3.8331E+02
0000505   4.3710E+02  3.2874E+01 -2.0637E+01
0000506   4.6976E+02 -3.2583E+01  9.6866E+01
0000507   3.9827E+02  3.0151E+02 -4.0463E+01
0000508   1.8950E+02  2.3128E+01  4.7366E+01
0000509   3.3812E+02 -3.8712E+02  9.3827E+01
0000510   4.4379E+02 -7.2582E+01  4.3628E+01
0000511   2.5646E+02 -2.0611E+02 -2.0016E+02
0000512   2.1027E+02 -8.5951E+01  1.9948E+01
0000513   3.7018E+02  1.9913E+02  8.7978E+01
0000514   2.5058E+02  1.6789E+02 -2.0623E+02
0000515   4.0840E+02  3.3609E+01  2.3782E+02
0000517   9.4421E+02 -1.0776E+02  1.1981E+02
0000518   7.9073E+01  3.1288E+02  6.6543E+01
0000519   3.3481E+02 -4.2218E+00 -1.6718E+01
0000520   6.0282E+02  8.3453E+01 -1.4121E+02
0000521   3.4414E+02 -1.5347E+02  2.3671E+01
0000522   6.6098E+02 -5.3828E+00  3.7082E+00
0000523   1.8680E+02 -1.8776E+02  1.1973E+02
0000524   5.8896E+02  2.6569E+02 -3.1554E+01
0000525   6.4905E+02  4.3793E+02  8.9019E+01
0000526   3.7882E+02  7.2302E+00 -2.5654E+02
0000527   2.0066E+02 -6.7752E+01  2.9104E+02
0000528   1.9646E+02  2.6263E+02  1.6846E+02
0000529   4.7056E+02  1.5021E+02 -8.0300E+01
0000530   3.2994E+02 -9.3126E+01 -1.6020E+02
0000532   4.4461E+02  1.3109E+02  3.2085E+01
0000533   7.9282E+01  3.1677E+01  1.5849E+02
0000534   4.3097E+02  1.5242E+02  1.2103E+02
0000535   3.4616E+02  3.7998E+01 -5.4888E+02
0000536   3.8779E+02  4.5941E+01 -2.9441E+02
0000538   2.3839E+02  2.3852E+02 -1.6302E+01
0000539   6.4961E+02 -4.9279E+01  3.5047E+01
0000540   6.1863E+02  3.2153E+02 -2.0947E+02
0000541   3.7219E+02  4.3494E+02  3.6843E+01
0000542   1.5494E+02  1.5629E+02 -2.3497E+02
0000543   1.7540E+02  1.0485E+01 -2.0836E+02
0000544   4.0991E+02  7.7573E+01  1.2951E+02
0000545   4.0975E+02 -2.3087E+02 -8.4714E+01
0000546   6.8920E+02  1.7366E+02  2.0010E+01
0000547   6.0924E+02  1.1311E+02 -2.5204E+01
0000548   3.9812E+02  1.8032E+02 -1.4136E+02
0000549   1.7426E+02  6.9745E+00 -7.1624E+00
0000550   3.2604E+02  2.7956E+02 -2.7251E+02
0000551   2.9057E+02  3.8738E+00 -3.5539E+01
0000552   4.1790E+00 -6.0458E+01 -1.6181E+02
0000553   6.2052E+02  4.7364E+02  2.3325E+01
0000554   3.7367E+02 -1.0514E+02 -3.7285E+02
0000555   4.1635E+02 -7.9239E+01 -3.9441E+01
0000556   2.9042E+02 -9.2667E+01  1.3842E+02
0000557   5.4932E+02 -1.2266E+02 -1.8230E+02
0000558   3.3271E+02 -2.8673E+02  1.1102E+02
0000559   1.0823E+03  4.5473E+02  7.8354E+01
0000560   9.5664E+01  1.6516E+02  2.7725E+02
0000561   3.1270E+02 -1.8776E+02  3.6700E+02
0000562   4.1749E+02 -9.6029E+01  3.1461E+02
0000563   7.7331E+02 -6.9781E+01  8.0581E+01
0000564   3.2725E+02  1.9568E+02  7.0039E+01
0000565   2.1199E+02 -5.2010E+02  1.6858E+02
0000566   3.3654E+01  3.7218E+02  1.2098E+02
0000567   4.8884E+02  1.6106E+02  1.2961E+02
0000568   5.1778E+02  1.0625E+02  2.3957E+02
0000569   4.8334E+02  1.4020E+01 -1.1344E+02
0000570   4.6550E+02 -1.1611E+02 -5.1636E+01
0000571   3.2482E+02  9.2410E+01  1.6882E+02
0000572   6.4191E+02  3.8411E+02 -4.6866E+00
0000573   4.1959E+02 -2.5162E+02 -5.1845E+01
0000574   2.0888E+02  1.1810E+02  4.3312E+02
0000575   3.1173E+02  9.6722E+01 -1.7668E+01
0000576   5.4286E+02  4.5859E+01  4.1672E+02
0000577   4.1038E+02  8.2109E+01 -3.8462E+02
0000578   6.0862E+02 -3.7979E+01 -3.1243E+02
0000579   2.7722E+02 -5.6517E+01  5.2973E+01
0000580   3.4237E+02 -3.1096E+02 -1.4331E+02
0000581   4.3176E+02 -1.5843E+02  2.4163E+02
0000582   3.9938E+02  1.9269E+02 -3.6101E+02
0000583   4.9327E+02  2.1007E+02  1.5941E+02
0000584   3.8653E+02 -6.2613E+00  3.5539E+01
0000585   2.5520E+02 -1.3214E+02  3.1060E+02
0000586   3.1247E+02  7.0767E+01  4.9946E+02
0000587   3.8135E+02  2.0898E+02 -1.2118E+02
0000588   5.1598E+02 -1.5247E+02  3.5743E+02
0000589   2.3031E+02 -2.8084E+02  1.6090E+01
0000590   3.1898E+02  2.1710E+02 -5.3349E+01
0000592   1.8976E+02  5.0627E+01 -5.6192E+01
0000593   2.3189E+02  3.4701E+02 -2.1505E+02
0000594   7.4855E+01  1.9341E+02  7.8359E+00
0000595   7.8460E+02 -2.7970E+02 -2.4692E+02
0000596   4.2962E+02  2.6905E+02  2.8742E+01
0000597   2.5662E+02 -4.4717E+02  1.7491E+02
0000598   6.3164E+02  1.8799E+02  7.2785E+01
0000599   7.3046E+01 -9.0587E+01 -1.6445E+02
0000600   3.2667E+02 -2.5028E+02 -2.9920E+02
0000601   8.8063E+01 -4.7916E+01  1.1736E+02
0000602   6.2532E+02  1.6107E+02 -1.9003E+02
0000603   4.3812E+02 -1.7193E+01 -1.8940E+01
0000604   8.3837E+01  1.3324E+02 -1.4088E+02
0000605   2.5098E+01 -1.3808E+02  4.7760E+02
0000606   4.4522E+02  3.9775E+01 -1.6392E+02
0000607   3.5452E+01 -1.9414E+02 -2.3177E+01
0000608   3.6375E+02  1.9410E+02  2.9583E+01
0000609   6.1149E+02  6.9712E+01 -2.6002E+02
0000610   9.2963E+02 -2.7434E+02 -1.0430E+02
0000611   1.4019E+02  2.7283E+02  1.7204E+02
0000612   6.1298E+02  1.3831E+02 -1.5021E+02
0000613   1.4828E+02 -5.7693E+01  1.0796E+02
0000614   2.2573E+02 -9.5975E+01  5.8676E+01
0000615   4.8086E+02 -9.2724E+01  7.9006E+01
0000617   4.0569E+02 -5.4102E+01 -6.9884E+01
0000618   7.1823E+01  3.9387E+01 -6.2493E+01
0000620   2.7150E+02  8.6248E+01 -1.7365E+02
0000621   2.4947E+02  5.5283E+01 -2.6529E+02
0000622   2.5327E+02  1.1398E+02 -1.5335E+02
0000623   3.8788E+02  1.4792E+02  4.4515E+01
0000624   2.7866E+02  6.7247E+01  2.9962E+02
0000625   3.4822E+02 -4.7615E+02 -2.9390E+02
0000626   1.7621E+02  1.4127E+02  2.4551E+01
0000627   3.0165E+02 -1.7814E+02 -1.2011E+02
0000629   5.9797E+02  3.3828E+02 -1.7682E+02
0000630   6.2879E+02 -6.1686E+01 -1.8417E+01
0000631   6.5688E+02  2.7509E+02 -3.6220E+01
0000632   4.5076E+02  1.8554E+01 -3.7466E+01
0000633   1.6253E+02  3.2225E+02  1.2175E+02
0000634   3.8063E+02  3.9407E+02 -7.2605E+01
0000635   3.6225E+02  2.3492E+02  3.8281E+02
0000636   3.8039E+02 -1.6731E+02  1.8081E+02
0000637   1.7417E+02 -2.1246E+02  2.0661E+02
0000638   2.5372E+02  2.3860E+02 -1.5186E+02
0000639   5.5437E+02 -2.5630E+02  2.6380E+02
0000641   4.0066E+02 -1.0800E+02 -4.8154E+02
0000642   2.9531E+02 -1.7742E+01 -4.2218E+01
0000643   5.2770E+02 -1.2569E+02 -2.7739E+02
0000644   2.8309E+02  2.3857E+02  1.1273E+02
0000645   4.9694E+02 -1.5002E+02  2.9309E+02
0000646   2.9587E+02  3.0982E+01 -2.4316E+02
0000647   1.0735E+02  1.5478E+02  2.8087E+02
0000648   5.9081E+02 -6.4604E+01 -1.2566E+02
0000649   3.2744E+02  2.8435E+02 -2.4759E+02
0000650   5.8333E+02 -1.7394E+02 -3.1720E+01
0000651   2.9866E+02 -1.6339E+02 -2.2689E+01
0000652   5.1976E+02  4.3989E+02 -5.0475E+02
0000653   4.2663E+02  7.2622E+01 -2.1164E+02
0000654   2.6652E+02 -6.7519E+00 -2.1277E+02
0000655   2.5562E+02  1.3056E+02 -2.5102E+02
0000656   2.3620E+02  5.7226E+01 -5.7360E+01
0000657   3.9513E+02  3.0366E+02 -1.3320E+02
0000658   5.4186E+02 -2.9276E+02  1.1535E+01
0000659   3.8345E+02  9.8688E+00  1.7059E+02
0000660   6.8482E+02  2.6490E+02  2.7284E+02
0000661   1.4465E+02  1.2130E+02  1.2265E+02
0000662   5.7149E+01 -1.0952E+02  4.5048E+01
0000663   2.6244E+02  4.6660E+02  1.2289E+02
0000664   2.2127E+02  4.6188E+01  7.0626E+01
0000665   5.5653E+02  1.2390E+02  2.8215E+02
0000666   3.8350E+02  1.5254E+02  3.2359E+02
0000667   5.7202E+02 -7.8257E+01  3.0716E+00
0000668   1.8397E+02 -2.1932E+02 -8.3851E+01
0000669   4.6702E+02  4.5507E+02  8.2708E+01
0000670   2.7058E+02 -2.3863E+02 -2.1075E+02
0000671   8.0563E+01  9.5756E+00  1.2959E+02
0000672   4.9226E+02 -1.9266E+02  4.1360E+02
0000673   3.2791E+02 -7.3025E+01  1.9867E+02
0000674   1.7539E+02 -1.4156E+02 -2.5641E+02
0000675   2.4882E+02  1.4163E+02 -2.9583E+02
0000676   2.3171E+01  1.1339E+02 -5.3642E+01
0000677   3.7240E+02 -7.5071E+00  2.1140E+02
0000678   2.6554E+02 -2.1048E+02  1.2260E+02
0000679   2.9543E+02 -1.7899E+02  1.0303E+02
0000680   4.2964E+02 -2.0113E+02 -1.8677E+02
0000681   3.8228E+02  1.4870E+02  2.8828E+02
0000682   3.0815E+02  1.3414E+02 -1.1531E+02
0000683   6.0034E+02  7.2928E+01 -7.4082E+01
0000686   3.7609E+02 -4.5871E+02 -1.5249E+02
0000687   4.5476E+02  4.3935E+02 -1.2719E+02
0000688   2.8626E+02 -1.9452E+02  9.1405E+01
0000689   6.4700E+02  3.3452E+01 -4.2335E+02
0000690   5.2984E+02 -2.5800E+02  3.1069E+01
0000691   3.8792E+02  2.1933E+01 -2.4034E+02
0000692   5.7561E+02  4.2605E+02 -1.6072E+02
0000693   6.0752E+02  2.2299E+02 -7.1821E+01
0000694   3.6259E+02  3.5069E+02  6.0663E+01
0000696   4.2897E+02 -4.4577E+01 -1.4041E+02
0000697   1.2847E+01  2.4416E+01  1.2660E+02
0000698   2.8729E+02 -2.6834E+02 -2.3916E+02
0000699   6.1228E+02  4.7132E+01  1.8902E+02
0000700   1.1057E+02 -1.7988E+02 -5.6696E+01
0000701   4.8492E+02  2.2056E+02 -4.8297E+02
0000702   4.5746E+02  2.6317E+01  1.9421E+02
0000703   4.8785E+02  7.5565E+01 -7.6757E+01
0000704   1.8910E+02 -6.2529E+02 -1.2398E+02
0000705   3.3143E+02 -3.6028E+02  1.9652E+02
0000706   4.9055E+02 -7.5237E+01 -9.5114E+01
0000707   4.6101E+02  2.6965E+01  8.8112E+01
0000708   4.7878E+02 -3.1176E+01 -2.4483E+02
0000709   3.3682E+02 -2.9482E+01 -3.2395E-01
0000710   1.8576E+02 -7.2793E+01  8.2185E+01
0000711   2.8959E+02 -9.0157E+01  1.5543E+02
0000712   2.8270E+02 -1.2558E+02  1.2221E+02
0000713   5.9085E+02  2.5690E+02  1.4382E+02
0000714   3.3305E+02  1.6349E+02 -8.1937E+01
0000715   5.5206E+02 -3.2129E+01  4.3746E+02
0000716   6.7034E+02 -7.8666E+01  5.7404E+01
0000717   4.3004E+02 -2.5475E+02 -1.5559E+02
0000718   8.1825E+02  9.0850E+01  2.7746E+02
0000719   3.2374E+02 -9.3565E+01  1.4623E+01
0000720   5.0211E+02  1.1336E+02  8.6817E+01
0000721   4.1993E+02 -4.0180E+01  3.8706E+02
0000722   6.4411E+02  2.2791E+02  1.5368E+02
0000723   5.7408E+02 -3.3700E+02  3.5945E+02
0000724   5.2689E+02  4.6918E+02  2.0796E+02
0000725   5.7914E+02 -4.4244E+01  4.1421E+02
0000726   5.0933E+02 -4.1443E+01 -1.1012E+02
0000727   6.0336E+02 -8.2413E+01  1.0802E+02
0000728   8.2777E+01  4.3244E+02  3.4743E+02
0000729   5.4013E+02  1.3514E+02 -9.3708E-01
0000730   2.8674E+02  4.1884E+01  2.7112E+02
0000731   2.5535E+02  2.0913E+02 -9.1466E+01
0000732   1.4261E+02 -5.3831E+02 -6.6619E+01
0000733   4.1222E+02 -1.3849E+02 -3.5264E+02
0000734   5.9747E+02 -2.3573E+02  1.7956E+02
0000735   2.4024E+02  1.7108E+02  1.2504E+02
0000736   2.5928E+02 -2.7030E+01  1.6633E+02
0000737   7.0849E+02  5.9800E+01 -6.1746E+01
0000738   6.6411E+02  4.9888E+02  2.5143E+02
0000739   7.4618E+02  1.6265E+02 -2.3482E+02
0000740   6.1610E+01  4.5193E+01 -1.2082E+02
0000741   4.8130E+02 -1.2430E+02 -3.1213E+02
0000742   6.3176E+01 -1.2674E+02 -1.7233E+02
0000743   2.4624E+02  3.1060E+02  2.6280E+02
0000744   3.2574E+02  3.8174E+02 -3.3426E+02
0000745   3.9050E+02  8.9479E+01 -6.6712E+01
0000746   7.0134E+02  3.0603E+01 -2.4959E+02
0000747   3.9708E+02 -1.6343E+02 -2.4340E+01
0000748   1.5413E+02 -2.5068E+02  1.4070E+02
0000749   5.8447E+02 -9.3502E+01 -6.5460E+01
0000750   4.3083E+02 -2.2156E+02  7.9244E+01
0000751   6.0224E+02  6.7360E+01 -7.7451E+00
0000752   2.6457E+02  2.1838E+02 -3.8455E+01
0000753   8.3213E+02 -3.4950E+02 -3.6828E+02
0000755   6.2807E+02 -2.7069E+02  2.6523E+02
0000756   1.7678E+02 -2.3406E+02 -1.4782E+02
0000757   3.9798E+02 -2.4710E+01  3.8780E+02
0000758   6.1106E+02 -1.8715E+02 -2.1396E+01
0000759   3.0992E+02 -3.0689E+02 -3.1689E+02
0000760   4.6898E+02 -7.1332E+01 -1.3880E+02
0000761   8.7328E+02  6.2553E+00 -2.9323E+02
0000762   3.1037E+02  3.0744E+02 -2.5086E+01
0000763   4.0232E+02 -2.5538E+01 -2.1236E+01
0000764   3.0218E+02  2.9843E+02  2.6760E+02
0000765   4.1179E+02 -3.2591E+02 -2.7472E+02
0000766   3.4243E+02  5.4830E+02 -9.5918E+01
0000768   4.4486E+02  3.1104E+02 -9.1898E+00
0000769   1.1199E+02  8.6676E+01 -6.0089E+01
0000770   5.0520E+02 -4.6672E+01 -3.9260E+02
0000771   4.6789E+02  5.9470E+01 -3.7344E+02
0000772   4.8419E+02  2.9059E+02 -2.0388E+02
0000773   3.6246E+02 -1.7356E+02 -1.1762E+02
0000774   5.4438E+02 -4.8460E+01  1.4646E+02
0000775   1.4686E+02 -1.5851E+02  4.0127E+02
0000776   4.1671E+02 -8.8617E+01  1.0101E+02
0000777   3.2266E+02 -8.0527E+01 -2.9071E+02
0000778   1.5011E+02 -1.8304E-01  1.6438E+02
0000779   5.2420E+02 -2.2123E+02  2.6870E+02
0000780   9.9503E+01 -1.0202E+01 -2.9153E+01
0000781   2.4667E+02 -2.5041E+02  1.3775E+02
0000782   4.7749E+02  1.2860E+01 -2.5272E+02
0000783   2.9243E+02 -1.3126E+02  4.2471E+02
0000784   6.5881E+02  6.1578E+01  1.9864E+02
0000785   8.0733E+02  5.7063E+01 -2.1139E+02
0000786   3.3956E+02  4.0425E+02  1.5881E+01
0000787   4.6663E+02  2.2124E+02  1.2103E+02
0000788   6.2755E+02  1.8534E+02  6.2140E+01
0000789   3.7131E+02  4.4614E+01  4.3861E+02
0000791   2.0669E+02 -1.4679E+02 -1.5185E+02
0000792   3.7791E+02 -1.4428E+02 -3.6899E+02
0000793   8.0393E+01 -2.5159E+02 -4.3734E+01
0000794   5.6869E+01 -1.3244E+02  2.4041E+02
0000795   5.9559E+02  7.2436E+01 -1.3996E+01
0000796   4.1911E+02  8.8365E+01 -4.7346E+01
0000797   7.1295E+02  2.0277E+02  9.7016E+01
0000798   2.7231E+02 -1.7451E+01  6.9913E+01
0000799   4.2222E+02 -3.9999E+01 -4.8503E+01
0000800   9.4850E+01  1.5565E+01 -4.3738E+02
0000801   2.5315E+02  4.3640E+01 -1.1053E+02
0000802   5.0839E+02 -2.1793E+02 -1.0683E+02
0000803   7.9477E+02 -3.8098E+02 -4.4278E+01
0000804   1.4142E+02  1.4587E+02 -2.9706E+02
0000805   4.6284E+02  2.1916E+02  1.7109E+02
0000806   7.8203E+02  3.3303E+02 -7.1157E+01
0000807   5.9650E+02  5.9878E+01 -4.6529E+02
0000808   1.9407E+02 -1.9566E+02 -1.1750E+02
0000809   1.1305E+02 -1.4552E+02  6.2809E+01
0000810   7.6497E+02  2.3659E+02 -1.2403E+01
0000811   3.5016E+02  1.0663E+02  2.7080E+02
0000812   1.5165E+02  2.4527E+02 -4.9853E+02
0000813   9.4644E+01  3.4676E+02 -7.2820E+01
0000814   6.5108E+02 -3.5080E+02 -1.0640E+02
0000815   4.3731E+02 -3.8947E+01  1.9678E+02
0000816   5.1610E+02 -1.3980E+02 -1.2597E+02
0000817   6.3450E+02  1.2841E+01  1.6677E+02
0000819   1.3843E+02  2.9196E+02  2.5773E+02
0000820   5.9900E+02  1.2571E+02  9.9459E+01
0000821   4.5590E+02 -3.2044E+02 -2.9798E+02
0000822   2.8169E+02  2.5573E+02  1.3082E+01
0000823   3.0589E+02  3.4185E+01 -2.4831E+02
0000824   3.5958E+02 -1.1982E+02 -1.1314E+02
0000825   3.2169E+02  2.0824E+02  1.1028E+02
0000826   4.9682E+02 -2.1914E+02  1.2463E+02
0000827   2.1523E+01  2.6717E+02 -6.0862E+01
0000828   7.7903E+02  4.9086E+01 -1.3712E+02
0000829   3.4051E+02  3.2972E+01  2.0578E+02
0000830   4.0848E+02  1.2425E+02 -3.8292E+01
0000831   2.3917E+02  2.2371E+02 -1.4630E+02
0000832   3.0677E+02 -3.0004E+01  7.8315E+01
0000833   2.8006E+02 -6.7344E+01  2.1226E+02
0000834   2.1379E+02  8.3364E+01  4.4308E+02
0000835   5.6957E+02  1.7532E+02 -5.0477E+01
0000837   1.1542E+02 -2.4313E+02 -4.8792E+01
0000838   6.5384E+02 -2.4961E+02 -3.4335E+02
0000839   7.5642E+01 -4.2750E+02  1.1403E+02
0000840   5.5055E+02 -2.1034E+02  1.6854E+02
0000841   2.5648E+02 -1.4044E+02 -1.4736E+02
0000842   4.2395E+02 -2.1038E+02  9.6636E+01
0000843   3.4830E+02 -2.5568E+02 -7.0737E+01
0000844   2.4519E+02 -4.1532E+02  2.3431E+01
0000845   1.8564E+02 -9.3570E+01  4.5381E+02
0000846   2.3796E+02 -2.3225E+02  1.2161E+02
0000847   6.4637E+02 -5.6846E+02  2.7658E+02
0000848   4.9335E+02 -1.1597E+02  1.5312E+02
0000849   5.2927E+02  2.0019E+02  3.1549E+02
0000850   4.2870E+02  3.9979E+02 -2.3343E+01
0000851   8.1386E+02  3.6353E+02 -3.1157E+01
0000852   2.0111E+02  7.3222E+01 -2.0013E+02
0000853   3.6029E+02  8.2141E+01 -2.1684E+02
0000854   5.9259E+02  2.7427E+02 -1.7313E+02
0000855   4.8617E+02 -1.5653E+02  5.8853E+02
0000856   5.8630E+02  1.3981E+02 -2.4138E+02
0000857   4.2510E+02  1.7341E+02 -2.2028E+02
0000858   6.4033E+02  7.7182E+01 -1.7796E+02
0000859   5.1286E+02 -4.3136E+02 -4.3769E+02
0000860   2.4327E+02  3.5378E+02  9.2736E+01
0000861   4.5044E+02 -1.2968E+02 -3.0166E+02
0000862   6.1077E+02 -2.9222E+02 -9.0460E+01
0000863   4.0170E+02  3.7465E+01 -3.8872E+02
0000864   4.8736E+02 -2.2014E+01 -1.2277E+01
0000865   4.8955E+02 -9.4935E+01 -1.5732E+02
0000866   8.2601E+01  1.6884E+02  1.0333E+02
0000867   4.5187E+02  1.5218E+02  3.8415E+01
0000868   2.1984E+02  3.0797E+01  3.0366E+02
0000869   5.3074E+01 -5.5793E+01 -2.5263E+02
0000870   5.1594E+02 -7.0137E+01 -6.9365E+01
0000871   1.6240E+02  3.6190E+02 -2.6561E+02
0000872   4.3925E+02 -9.8210E+00  1.0815E+02
0000873   2.7245E+02  9.4137E+01 -8.1968E+00
0000874   6.7969E+02 -3.2370E+02 -6.7282E+01
0000875   5.5592E+02 -4.2280E+02 -1.3659E+02
0000876   3.5633E+02  9.7459E+01  8.2809E+01
0000877   6.1489E+02 -1.9257E+02  2.2534E+02
0000878   5.9000E+01  1.9512E+02 -4.0116E+02
0000879   1.9693E+02 -1.1861E+02 -1.3023E+02
0000880   6.4820E+02 -1.7292E+02 -2.2314E+02
0000881   1.3932E+02 -3.7862E+02 -1.7541E+02
0000882   2.8802E+02 -1.5330E+02  3.4697E+02
0000883   1.5086E+02 -7.4747E+01 -3.3329E+02
0000884   3.9863E+02 -5.4645E+01  3.6099E+01
0000885   6.2820E+02  6.6195E+00  2.8154E+01
0000886   1.8506E+02 -2.0703E+02  9.1430E+01
0000887   6.6945E+02  2.4332E+02 -3.6763E+02
0000888   3.4828E+02 -2.2651E+01  4.7264E+02
0000889   5.1014E+02 -1.3512E+02 -1.4270E+01
0000890   2.3348E+02  1.6310E+01 -1.8487E+02
0000891   5.3876E+02 -3.8910E+02 -6.7347E+01
0000892   3.2091E+02 -3.6356E+02 -3.6512E+02
0000893   4.1660E+02  7.3703E+01 -3.1893E+01
0000894   9.1353E+00 -8.2325E+01  3.4996E+01
0000895   2.8176E+02 -8.9268E+00 -1.6345E+01
0000896   4.2137E+02  2.8378E+02 -8.5264E+00
0000897   1.2728E+02 -4.0171E+02  1.0632E+02
0000898   3.0583E+02 -7.6425E+01 -5.7335E+01
0000899   3.5535E+02  1.4106E+02  2.8138E+01
0000900   1.7777E+02  1.7078E+02  2.4607E+02
0000901   4.3627E+02  1.6391E+02  1.6297E+02
0000902   7.7674E+02  4.0677E+01 -2.1595E+02
0000904   6.7923E+01  1.1644E+01 -1.6040E+02
0000905   6.4767E+02  1.3538E+02  7.0273E+01
0000906   6.4553E+02  1.9533E+02 -4.0140E+02
0000907   3.5279E+02  1.9072E+02  7.9675E+01
0000908   1.1850E+02 -1.3067E+02  3.8333E+02
0000909   4.7859E+02 -5.6131E+01  3.1146E+02
0000910   3.7773E+02 -2.5859E+02  6.9975E+01
0000911   2.4422E+02  1.1059E+02 -2.5750E+01
0000912   3.9251E+02  1.6108E+02 -4.1704E+01
0000913   3.2889E+02  1.8950E+02  1.1184E+02
0000914   8.5459E+02  1.9548E+02  2.9971E+02
0000915   4.8916E+02 -1.9151E+02  2.2670E+02
0000916   7.9264E+02 -1.0048E+02  3.2288E+00
0000917   1.7457E+02  2.0407E+01  1.5840E+02
0000918   5.8551E+02 -3.3351E+00 -2.4169E+01
0000919   6.3087E+02 -8.4825E+01  9.6346E+01
0000920   3.5258E+02  3.1449E+01 -8.2932E+01
0000921   4.2875E+02  2.6427E+02  4.1709E+02
0000922   2.5677E+02  2.3081E+02  2.0932E+02
0000923   4.4671E+02  5.8598E+02 -2.9115E+02
0000924   2.0502E+02  1.6655E+02 -1.4525E+02
0000926   1.4729E+02  2.6173E+02  2.8585E+02
0000928   3.6117E+02 -9.8211E+01  7.4158E+01
0000929   2.4219E+02 -2.7994E+02  3.1156E+01
0000930   5.5017E+02 -2.7369E+02 -1.1208E+02
0000931   2.1232E+02 -3.0632E+01  1.0351E+02
0000932   6.5589E+02  3.7958E+02 -1.8262E+02
0000933   4.6940E+02  2.2472E+02  3.8474E+02
0000934   3.2464E+02 -2.0264E+02 -5.8671E+01
0000935   5.6482E+02 -4.8026E+02 -1.5670E+02
0000936   1.5420E+02  1.2939E+02 -2.5759E+02
0000937   5.7615E+02 -3.2594E+02  2.4851E+02
0000938   3.0502E+02 -3.3237E+02  4.4062E+00
0000939   5.3489E+02  7.4370E+01  1.0392E+02
0000940   4.1343E+02 -8.2888E+01  2.3239E+02
0000941   7.1564E+02  4.7038E+01  8.2812E+01
0000942   4.8859E+02 -1.5885E+02 -3.2880E+02
0000943   9.9192E+01  1.9007E+02 -3.5532E+02
0000944   3.7992E+02  3.4044E+02 -3.1905E+01
0000945   8.8236E+01 -1.0341E+02 -4.0066E+02
0000946   3.8064E+02  2.5528E+02 -6.3111E+01
0000947   3.1396E+02 -5.7117E+01  4.1432E+01
0000948   5.2996E+02  1.1216E+02 -6.0669E+01
0000949   4.2037E+02 -3.6351E+02  1.4834E+02
0000950   3.4651E+02  2.2200E+02  7.3349E+01
0000951   5.3562E+02  4.4551E+02  1.2123E+02
0000952   3.3412E+01 -2.5810E+02  4.4053E+01
0000953   3.9161E+02 -7.4919E+01 -5.5275E+02
0000954   6.3149E+02  6.5965E+01  5.1155E+02
0000955   3.0491E+02 -2.0240E+02 -4.3137E+01
0000956   3.8934E+02  1.0859E+02  4.9525E+02
0000957   6.7148E+02  2.1221E+02  3.8466E+02
0000958   3.6002E+02 -8.6675E+01 -1.8439E+02
0000959   3.3030E+02 -7.6952E+01  3.2445E+01
0000960   5.8434E+02  5.3342E+02  1.9107E+02
0000961   5.8172E+01 -3.7971E+02 -6.5905E+01
0000962   5.2572E+02  1.9139E+02  1.2779E+01
0000963   4.0057E+02  1.5245E+02 -1.6681E+02
0000964   5.0486E+02 -5.5366E+01 -2.9535E+02
0000965   5.6425E+02  2.2373E+01 -1.7040E+02
0000966   3.3796E+02 -7.1678E+01 -3.4844E+02
0000967   6.8880E+02  3.9558E+01  2.3453E+02
0000968   2.0516E+02  3.1597E+02  6.3904E+01
0000969   5.0595E+02  3.4366E+02  4.2725E+01
0000970   4.4575E+02  3.7501E+02  2.7449E+02
0000971   4.5442E+02 -1.6465E+02  2.0858E+02
0000972   4.6513E+02 -1.4868E+02  1.1744E+02
0000973   1.3702E+02 -1.0827E+02 -2.4213E+02
0000976   2.7039E+02 -2.3133E+02 -1.3749E+02
0000977   5.9988E+02  6.2310E+01 -1.1171E+02
0000978   5.7515E+02 -3.3013E+02  4.3703E+02
0000979   1.8789E+02 -1.0598E+02  1.9245E+02
0000980   9.7015E+01 -3.5240E+01  5.6825E+01
0000981   1.7535E+02 -3.2865E+01 -3.4860E+02
0000982   2.0498E+02  5.4072E+01  3.3264E+02
0000983   4.3558E+02 -1.0489E+02  1.2415E+01
0000984   1.2134E+02  2.5744E+02 -1.3827E+02
0000985   2.0402E+02  1.4236E+02  1.4429E+01
0000986   4.4670E+01  1.6543E+02 -1.2815E+02
0000988   8.6563E+01  3.5354E+02  2.4601E+02
0000989   3.3980E+02  3.8698E+02  2.5420E+02
0000990   6.2139E+02 -1.3829E+02  1.8540E+02
0000991   2.0435E+02 -2.1401E+02  8.8183E+01
0000992   6.2383E+02 -1.8865E+02 -1.0853E+02
0000993   5.1303E+02 -2.8460E+02 -1.1797E+02
0000995   5.9399E+02  2.3296E+01 -1.9592E+01
0000996   5.1034E+02 -3.7495E+01  1.0475E+02
0000997   4.4864E+01 -6.4802E+01  6.2170E+01
0000998   4.0174E+02  1.7789E+02  1.9858E+02
0000999   1.2984E+02  6.6533E+01  2.0841E+02
0001000   3.8439E+02 -3.2283E+02  8.1905E+01
