============================== SRIM-2013.00 ==============================
==============================================================================
====== SRIM Outputs\RANGE_3D.txt : File of Final Ion Positions =====

Ion =  F (09)   Ion Mass= 018.9984
Energy  = 2000000.E-05 keV
Ion Angle to Surface = 00.0 degrees
==================== TARGET =======================
  Layer # 1 - None
  Layer # 1 - Bottom Depth=500000.E-01 A
  Layer # 1 - Density =0007.8700 g/cm3
  Layer # 1 -  100 % of Fe
様様様様様様様様様様様様様様様様様様様様様様様様様様
                                            
Ion       Depth  X   Lateral Y   Lateral Z  
Number    (Angstrom) (Angstrom)  (Angstrom) 
-------  ----------- ----------- -----------
0000001   1.4962E+02  5.0583E+01  2.4845E+02
0000002   2.0985E+02 -2.0786E+01 -1.9427E+02
0000003   3.4780E+02  8.0430E+01 -1.8716E+02
0000004   7.1321E+01 -3.5592E+01  7.1561E+01
0000005   3.5730E+01  1.9230E+01  1.8836E+01
0000006   2.8890E+02  1.0871E+02 -4.4247E+01
0000007   2.8273E+02 -4.7545E+01  1.5007E+01
0000008   2.0668E+02  2.4496E+01  4.9137E+01
0000009   4.0767E+02  9.7719E+01 -8.1822E+01
0000010   1.3598E+02 -4.2390E+01 -1.5161E+02
0000011   6.1154E+01  8.9258E+01  1.9967E+02
0000012   1.0204E+02  7.0022E+00 -1.6214E+02
0000013   4.3567E+02  1.6178E+02  1.0890E+02
0000014   1.4459E+02 -1.5319E+01 -1.2161E+02
0000015   4.0939E+01  6.4867E+01  1.9151E+01
0000016   1.9149E+02 -5.2751E+01 -5.8231E+01
0000017   1.5455E+02  8.3005E+01  2.7997E+01
0000018   2.9741E+02 -5.2610E+01 -1.2725E+02
0000019   2.5835E+02 -1.3537E+02  6.5440E+01
0000020   3.7349E+02 -9.0772E+01 -9.9070E+01
0000021   1.7764E+02  1.5470E+01  1.2289E+01
0000022   2.9216E+02  2.1646E+02  5.6730E+01
0000023   2.5230E+02  1.9687E+02 -3.5423E+00
0000025   4.3482E+02  2.7327E+01 -5.8434E+01
0000026   3.7936E+02 -5.6265E+01 -1.1373E+02
0000027   2.3647E+02 -1.4275E+02 -1.0248E+02
0000028   2.5512E+01 -2.3761E+02  1.3467E+02
0000029   1.5015E+02  8.1327E+00  7.3051E+01
0000030   3.6053E+02 -1.7344E+01 -1.0156E+02
0000031   1.2023E+02 -6.1938E+01 -5.9752E+00
0000032   1.2798E+02 -1.3570E+02  8.0455E+01
0000033   1.8240E+02  2.6085E-01 -2.1129E+01
0000034   1.7495E+02 -5.9254E+00  7.6788E+00
0000035   3.0978E+02  2.2351E+02  4.2132E+01
0000036   6.7803E+01 -2.4904E+01 -3.7592E+00
0000037   3.6600E+02  1.5025E+02 -3.4935E+01
0000039   5.8665E+01 -9.2184E+01  1.0082E+01
0000040   2.6540E+02  1.9704E+02  1.3912E+02
0000042   2.4790E+02  8.7092E+01 -1.0886E+01
0000043   2.8272E+02  1.4500E+02 -5.8721E+01
0000045   3.1156E+02  9.5756E+01 -2.4261E+02
0000046   4.2681E+02 -1.2382E+02 -2.8301E+02
0000047   6.6935E+01  1.0392E+01  4.1827E+01
0000048   1.3799E+02  3.1057E+02  5.0952E+01
0000049   1.5775E+02 -2.5885E+01  7.6070E+01
0000050   4.4916E+02  8.1207E+01  2.0800E+02
0000051   3.5535E+02 -3.4716E+01 -1.4107E+02
0000052   2.9480E+02  1.7260E+02 -6.6774E+01
0000053   2.3161E+02 -9.3533E+01 -5.2570E+01
0000054   2.0882E+02 -8.9704E+01  4.6871E+01
0000055   8.0007E+01  3.3515E+01 -1.1958E+02
0000056   2.7705E+02  5.3065E+01  7.2859E+01
0000057   1.9090E+02 -3.9914E+01  1.1023E+01
0000058   3.1343E+01 -4.5456E+01  4.7040E+00
0000059   1.6934E+02  1.0624E+02  1.4084E+02
0000060   8.6730E+01  2.4914E+01  6.6149E+00
0000061   1.6594E+02 -4.6977E+01 -6.6159E-01
0000062   1.1780E+02  7.5861E-01  1.6886E+02
0000063   1.6289E+02 -2.8105E+01  1.4082E+02
0000064   3.5739E+02  1.0427E+02  2.6517E+01
0000065   8.6931E+01  1.8479E+01 -1.6942E+02
0000066   2.0694E+02  6.7656E+01 -1.2627E+02
0000067   4.2446E+01  9.6709E+01 -8.8946E+01
0000070   2.5772E+02  3.4028E+00 -1.5272E+02
0000071   9.7594E+01 -4.8550E+01 -1.0281E+02
0000073   2.2314E+02 -1.9446E+02  6.6256E+01
0000074   1.8303E+02  9.9314E+01 -9.9301E+00
0000075   1.0930E+02  9.2948E+01  5.3631E+01
0000076   1.1640E+02  5.6190E+01 -1.0292E+01
0000077   3.7756E+02 -8.6204E+01 -4.8566E+01
0000078   2.1111E+02 -1.5546E+02  7.5108E+01
0000079   2.9332E+02  2.8783E+02 -1.0606E+02
0000080   1.4280E+02 -1.1485E+02 -5.0772E+01
0000081   1.7243E+02  9.0408E+01  7.9011E+00
0000082   3.3223E+02  8.3013E+01  1.1959E+02
0000083   5.1350E+01 -7.3890E+01 -2.1551E+02
0000084   2.0508E+02 -7.5017E+01  4.7413E+01
0000085   1.2188E+02 -1.3752E+02  5.4175E+01
0000086   3.1836E+02 -3.3670E+01  6.2165E+01
0000087   3.7763E+02 -1.7508E+02  6.9902E+01
0000088   2.7664E+02 -6.5908E+01 -1.7538E+02
0000089   2.5157E+01 -9.0536E+01  7.8932E+00
0000090   2.0924E+02  2.3166E+02 -3.4796E+02
0000091   2.7593E+02  2.0994E+02  3.7064E+01
0000092   2.1242E+02 -1.3664E+02 -1.3588E+02
0000093   1.3525E+02  8.5461E+00  6.7455E+01
0000095   3.9484E+02 -8.5499E+01 -8.1007E+01
0000096   9.9720E+01  1.4289E+02 -3.4953E+01
0000097   3.9732E+02  1.6872E+01 -9.6338E+01
0000098   2.9893E+02  1.0472E+02  2.0525E+02
0000099   3.3721E+02 -2.4229E+02 -1.5406E+02
0000100   1.8788E+02 -6.9015E+01 -2.9830E+01
0000101   3.0908E+02 -4.3173E+01 -8.8079E+00
0000102   1.8335E+02 -1.2789E+02 -2.6192E+01
0000103   6.7351E+01 -1.2059E+02  7.9749E+01
0000104   1.1709E+02  1.8518E+02 -5.3154E+01
0000105   1.1630E+02 -6.0352E+01 -1.4602E+02
0000106   2.3434E+02 -1.1853E+02  3.4662E+01
0000107   1.1083E+02 -4.5861E+01 -6.6874E+00
0000108   3.7598E+01 -1.7474E+02  9.0360E+01
0000109   1.3890E+02  1.6978E+02 -4.0955E+00
0000111   4.5567E+02 -9.8385E+01  9.1765E+01
0000112   3.9204E+02  2.1019E+02  9.6508E+01
0000113   1.6725E+02  8.1482E+01  1.7054E+01
0000115   3.9747E+02 -1.1713E+02 -5.3561E+01
0000116   5.2226E+01 -7.7288E+01 -1.7376E+02
0000117   3.1980E+02  3.7992E+01 -1.6700E+02
0000118   1.4062E+02  1.4554E+02 -2.1528E+02
0000119   3.5299E+02  1.2047E+02  2.6193E+01
0000120   3.2435E+02 -1.0251E+02 -1.5711E+02
0000121   2.0164E+02  5.0360E+01  3.9485E+01
0000122   2.7711E+02 -1.2969E+02  2.4520E+01
0000123   3.3634E+02  1.4558E+02 -2.5671E+02
0000124   3.3122E+02 -1.0171E+02 -1.2821E+02
0000125   2.8837E+02 -9.8735E+01 -7.0611E+01
0000126   2.2177E+02 -1.0286E+02 -1.0612E+01
0000127   2.1038E+02 -6.5403E+01  3.8258E+01
0000128   4.0450E+01  1.0061E+02 -9.1226E+01
0000129   2.1565E+02  7.1607E+01  4.7473E+01
0000130   1.8922E+02 -2.5094E+02  2.5539E+02
0000132   3.3294E+02 -1.6855E+01  2.4004E+00
0000133   2.2558E+02 -2.9084E+02 -4.9424E+01
0000134   1.2486E+02 -3.3735E+02  5.9236E+01
0000135   1.6590E+02 -1.2190E+02  2.0999E+02
0000136   2.9894E+02  1.8548E+02  6.3110E+01
0000137   1.7561E+02 -9.0022E+00 -2.0079E+02
0000138   1.3186E+02 -1.4570E+02 -1.3012E+02
0000139   1.8895E+02 -3.7557E+02  2.5994E+01
0000141   3.8454E+02  8.3197E+01  1.2490E+02
0000142   7.8498E+01  4.0119E+01  2.9809E+02
0000143   2.9341E+02 -7.2052E+01  1.9606E+02
0000144   4.0013E+02 -1.1863E+02  5.3110E+01
0000145   1.7836E+02 -3.8405E+01 -1.0147E+02
0000146   2.9362E+02  1.4911E+02  5.9752E+01
0000147   1.0812E+02 -1.0153E+02 -1.1807E+01
0000148   3.8659E+02  1.0257E+02  1.1384E+02
0000149   1.1413E+02  3.6839E+01 -2.0539E+02
0000150   2.2414E+02 -1.2134E+02  1.3374E+02
0000152   2.2704E+02  1.5707E+02 -4.9107E+01
0000153   1.0741E+02  5.5861E+01 -2.1912E+01
0000154   3.0670E+02 -3.0244E+02 -5.3674E+00
0000155   3.7700E+02  1.6127E+02  1.9539E+02
0000156   3.0812E+02 -1.0112E+01 -1.4992E+02
0000157   2.4122E+02 -9.4628E+00 -9.2943E-01
0000158   2.8925E+02 -1.6008E+01 -1.0206E+02
0000159   1.7693E+02  1.4589E+02 -3.4660E+01
0000160   2.0167E+02 -1.5101E+02 -1.4138E+01
0000161   2.4930E+02 -5.0255E+01  4.0239E+01
0000162   2.5192E+02 -9.3431E+01 -2.9755E+01
0000164   1.5602E+02 -5.4090E+01  3.3815E+01
0000165   1.3205E+02  2.1401E+02  1.1539E+02
0000166   3.0578E+02  1.5154E+02 -1.3959E+02
0000167   1.1818E+02 -2.3783E+01 -5.7747E+01
0000168   2.4855E+02  1.8446E+01 -1.3455E+01
0000169   4.1535E+02 -1.3141E+02  9.4500E+01
0000171   4.6500E+02  2.8159E+02 -2.6608E+02
0000173   4.9617E+02 -9.9429E+01  1.5526E+02
0000174   4.0417E+02 -5.0723E+01 -1.4021E+02
0000175   7.6704E+01  7.1046E+01 -7.6509E+01
0000177   2.8843E+02  8.2798E+01 -2.5460E+02
0000178   2.4281E+02  4.5902E+01 -1.8461E+02
0000179   1.8889E+02  2.1733E+02 -1.4835E+02
0000180   1.4641E+02 -4.4582E+01 -7.8509E+01
0000181   3.6213E+02 -1.8896E+01  5.9434E+01
0000182   3.0411E+02  1.1267E+02  7.8600E+01
0000183   2.9033E+02  2.8717E+02 -2.3314E+02
0000184   1.3970E+02 -4.0208E+01  3.9279E+01
0000185   1.0413E+02 -5.9648E+01 -2.5829E+01
0000186   8.4578E+01 -8.9979E+00 -6.0782E+01
0000187   2.3516E+02 -2.5113E+01 -1.9735E+02
0000188   1.7707E+02  1.5249E+02  1.4740E+02
0000189   4.1148E+02  6.0923E+01 -1.9500E+02
0000190   9.9787E+01  1.2814E+02 -9.5513E+01
0000191   6.8265E+01  9.6838E+01  4.2598E+01
0000192   4.2965E+01  2.4836E+01 -1.6163E+01
0000193   2.4984E+02 -9.9050E+01  6.3090E+01
0000194   4.4508E+02  2.1896E+02 -2.7763E+02
0000195   1.4463E+02  7.5897E+01  1.9784E+02
0000196   1.4197E+02  3.1248E+02  4.0546E+01
0000197   2.6392E+02 -1.3154E+02  9.9590E+01
0000198   1.5400E+02 -1.7881E+02  1.5153E+01
0000199   1.6748E+02  2.0529E+01  2.8934E+01
0000200   2.3507E+02  1.0506E+02 -7.2639E+01
0000201   2.5622E+02 -7.8024E+01 -1.2400E+02
0000202   2.8683E+02 -7.8036E+01  1.6290E+01
0000203   1.6064E+02  4.8262E+01  2.2947E+02
0000204   3.1106E+02 -1.0409E+01 -1.1988E+02
0000205   1.4331E+02  6.0693E+01 -1.2341E+02
0000206   1.5084E+02  1.3870E+01 -5.7556E+01
0000207   1.7758E+02 -1.0188E+02 -1.8095E+02
0000208   1.8240E+02  1.0178E+02 -8.9071E+01
0000209   1.4835E+02  3.6736E+01 -2.4056E+02
0000210   4.4177E+02  1.1010E+02  2.3716E+01
0000211   7.4026E+01  9.4258E+01  9.8256E+01
0000212   2.3806E+02  1.2029E+02  1.8977E+02
0000213   2.5547E+02 -9.5060E+01  1.3051E+02
0000215   1.4964E+02 -8.0774E+01 -2.4790E+01
0000216   1.5629E+02 -1.1492E+01 -1.5857E+01
0000217   1.9193E+02  2.7267E+01 -1.2040E+02
0000218   3.4022E+02 -7.0923E+01 -6.2716E-01
0000219   4.2821E+02  6.8869E+01 -1.2031E+02
0000220   3.3583E+02 -1.2581E+02 -1.6816E+02
0000221   2.0336E+02 -6.2424E+01  9.9840E+01
0000222   8.2347E+01  3.6748E+02  1.2469E+02
0000223   1.3361E+02 -3.1330E+01  9.3336E+01
0000224   3.4722E+02 -2.2353E+02  1.8133E+02
0000225   2.0612E+02 -1.4683E+02 -1.8771E+02
0000226   3.4592E+02 -8.5391E+01 -4.5488E+01
0000228   1.4112E+02  5.9973E+01  1.9512E+01
0000229   3.8000E+02 -1.0212E+01 -1.9393E+02
0000230   2.1145E+02  2.0177E+01 -6.0049E+01
0000231   7.6970E+01 -4.8880E+01  1.3632E+02
0000232   7.3016E+01  1.3169E+02  5.5348E+01
0000233   1.8896E+01 -7.2330E+01 -9.6394E+01
0000234   2.6344E+02 -2.2642E+02 -1.2074E+02
0000235   8.4001E+01 -7.2755E+00  9.8766E+01
0000236   8.7226E+01 -4.2429E+01 -1.8116E+02
0000237   4.3400E+02  2.5416E+01 -9.1344E+01
0000238   5.6765E+01  3.5022E+02  1.6782E+02
0000239   2.5969E+02  9.7178E+01  2.7005E+02
0000240   2.0970E+02  1.1040E+02 -1.9593E+01
0000242   2.2881E+02 -1.4579E+01  1.1367E+02
0000243   6.5953E+01 -1.2498E+01 -2.0503E+02
0000244   1.2372E+02 -1.5663E+02  6.6776E+01
0000245   5.9167E+01  1.6558E+02 -3.9400E+01
0000246   2.1443E+02 -6.7009E+01  1.5636E+01
0000247   2.8632E+02  7.8777E+01 -5.8045E+01
0000248   5.9522E+01 -1.2634E+02 -2.3013E+01
0000249   1.1214E+02  5.5816E+01 -2.2708E+01
0000250   2.0300E+01 -4.3179E+00 -1.2313E+01
0000251   1.5278E+02 -2.7465E+01 -1.6351E+02
0000253   2.4092E+02 -8.6891E+01  1.1258E+02
0000254   5.2197E+02 -3.0178E+01  1.6105E+01
0000255   5.0390E+02  5.6362E+01  5.4029E+01
0000256   3.2350E+02 -6.2373E+01 -2.2636E+01
0000258   7.8126E+01 -1.7876E+02 -2.2179E+02
0000259   2.5396E+02  4.4291E+01 -8.1744E+01
0000260   8.0468E+01  4.8242E+00  1.5050E+01
0000261   2.9439E+02 -1.3996E+02  2.4636E+02
0000262   8.4696E+01 -1.5005E+02 -1.7633E+02
0000263   8.9224E+01  1.1539E+02 -5.9261E+01
0000264   2.2072E+02  2.0206E+02  6.9968E+01
0000265   3.1015E+02 -1.0578E+02 -6.3912E+01
0000266   3.7513E+02  5.4104E+01 -1.4965E+02
0000267   3.8866E+02 -9.1331E+01  3.4900E+01
0000268   2.2119E+02  2.0813E+02 -4.3701E+01
0000269   1.7092E+02  1.1625E+02  4.3005E+00
0000271   2.6114E+02  1.1123E+01 -8.7056E+00
0000273   3.6223E+02 -4.9267E+01 -3.9912E+01
0000274   2.0505E+02  4.5821E+01  2.0827E+02
0000275   1.8258E+02 -6.2605E+01  4.9407E+01
0000276   2.2911E+02  2.1869E+02  5.9073E+00
0000277   3.8862E+02 -2.6333E+02 -4.4234E+01
0000279   2.0640E+02  1.6570E+02 -5.2294E+01
0000280   6.8824E+01  2.0865E+02 -9.5396E+01
0000281   1.8584E+02 -2.5914E+02  2.0605E+02
0000282   1.0753E+01  1.3497E+01  4.3814E+00
0000283   5.4283E+01 -5.8574E+01  3.5678E+01
0000284   5.3001E+01  3.9926E+01 -5.1416E+01
0000285   3.9819E+02 -2.5869E+01  9.2400E+01
0000286   3.2544E+02 -1.9631E+02 -8.3779E+01
0000287   8.6622E+01  7.8905E+01  5.6923E+01
0000288   9.3469E+01 -4.2528E+01  1.6749E+01
0000289   2.4907E+02  1.1310E+02  2.2002E+01
0000290   2.9695E+02  6.1560E+01 -1.0589E+02
0000291   7.0849E+01  3.3827E+01 -2.6118E+02
0000292   6.9442E+01  2.3169E+02  1.6081E+02
0000293   8.4920E+01 -5.1791E+01 -1.3778E+02
0000294   4.8174E+00 -1.2273E+02 -4.4544E+01
0000295   4.2564E+02 -7.1358E+01  7.1235E+01
0000296   1.6778E+02  5.5213E+01 -6.1169E+00
0000297   2.6383E+02  1.1747E+01 -8.3843E+01
0000298   3.1042E+02 -1.4931E+02 -1.6480E+02
0000299   2.6402E+02 -8.5383E+01 -1.5431E+02
0000301   3.0361E+02  9.1311E+01  1.7890E+02
0000302   1.6952E+02 -2.1215E+02 -2.5521E+02
0000303   3.2623E+02  1.1864E+01  6.0454E+01
0000304   9.3246E+01 -1.2437E+01 -1.6342E+01
0000305   3.8184E+02  3.3101E+01 -1.0251E+02
0000306   5.2619E+01 -1.6779E+01 -3.3699E+01
0000307   5.5522E+01 -8.8493E+00  7.6332E+01
0000308   2.3079E+02  1.4753E+02 -2.8913E+01
0000309   1.3916E+02 -1.0246E+02 -4.8085E+01
0000310   2.3678E+02 -7.6974E+01  3.2598E+01
0000311   2.1562E+02 -1.1143E+02 -5.0571E+01
0000312   2.4974E+01 -5.9346E+01  1.0851E+02
0000313   1.2852E+02  2.2131E+02 -9.8569E+01
0000314   3.3541E+02 -7.5915E+01  1.1274E+01
0000315   8.3100E+01  1.1116E+02  4.1315E+01
0000316   3.8250E+02  1.1944E+02 -8.7498E+01
0000317   4.0329E+01  5.8918E+01  2.5354E+01
0000318   2.3116E+02  6.0751E+01 -5.0266E+01
0000319   1.7978E+02 -2.7080E+01 -8.7124E+01
0000320   2.8834E+02  5.2461E+01  2.9668E+02
0000321   2.8977E+02 -2.8811E+00  2.6647E+02
0000322   4.8147E+01  1.3655E+02 -1.6004E+01
0000323   5.2100E+01 -1.2573E+02  3.3669E+01
0000324   8.7138E+00  9.8623E+01 -2.2751E+01
0000325   1.6224E+02  3.6422E+00 -1.6142E+02
0000326   7.6554E+01 -1.3953E+02  1.6232E+02
0000327   2.4597E+02 -2.1865E+02  6.9002E+01
0000328   2.9157E+02 -3.2106E+02 -1.4629E+01
0000329   2.8325E+02 -6.8675E+01 -4.6381E+01
0000330   1.3622E+02  2.8721E+01  5.6152E+01
0000331   1.5006E+02 -1.9968E+02 -1.0358E+02
0000332   2.9236E+02 -1.9423E+02 -1.2240E+02
0000333   1.6367E+02  1.2528E+02  1.9440E+02
0000334   3.7949E+01  3.2647E+02 -1.2402E+02
0000335   1.7181E+02 -4.7018E+01 -1.5306E+02
0000336   1.5481E+02 -1.1547E+02 -1.3033E+02
0000337   3.4999E+02  1.2886E+02 -1.6732E+01
0000338   3.2155E+02  1.0339E+02  2.1045E+02
0000339   8.0851E+01  7.7463E+01 -2.3783E+01
0000340   1.9813E+02  6.7185E+01  3.4320E+01
0000341   3.0921E+02 -1.0337E+02  1.4749E+02
0000342   1.6999E+02 -5.5200E+01 -1.1286E+01
0000343   1.4161E+02  1.2023E+02  1.3320E+01
0000344   1.7546E+02 -1.3393E+02 -1.2390E+01
0000345   1.7494E+02  2.3288E+02 -1.3789E+02
0000346   2.4321E+02  2.7409E+00 -5.9342E+01
0000347   3.4567E+02 -4.4284E+01 -5.9713E+01
0000348   3.5300E+02  2.6439E+01  1.0116E+02
0000349   2.3225E+02  6.0522E+01  1.8745E+02
0000350   1.1899E+02  1.1672E+02 -1.2768E+01
0000351   1.1765E+02 -3.3924E+00  1.8377E+01
0000352   3.9663E+02 -1.2490E+02  1.9239E+01
0000354   3.7181E+02 -1.0993E+02 -5.5175E+01
0000355   1.2950E+02 -1.0126E+02 -1.4860E+02
0000356   3.0451E+02  6.6670E+01 -1.4437E+02
0000357   4.0697E+02  1.4673E+01 -1.1633E+02
0000358   3.2270E+02 -1.2039E+01 -5.7833E+01
0000359   2.0430E+02  6.7822E+01  2.9653E+00
0000360   1.9785E+02  2.4371E+02  1.0560E+02
0000361   2.0941E+02  2.4939E+01  1.4714E+01
0000362   1.5071E+02  8.2240E+01 -3.2683E+00
0000363   2.9608E+02 -5.1426E+01  2.2131E+02
0000364   1.5457E+02  2.5133E+01  6.3403E+01
0000365   1.1540E+02 -2.0801E+02  2.2958E+02
0000366   4.2372E+02  2.5532E+01  3.7089E+01
0000367   3.5195E+02 -2.5596E+02 -1.3745E+01
0000368   2.2318E+02  5.7445E+01 -3.1766E+01
0000369   4.3169E+02 -1.5189E+02 -2.8512E+00
0000371   1.1703E+02  1.5869E+02 -5.8131E+00
0000372   1.3446E+02 -7.3690E+01 -5.7773E+01
0000373   1.9821E+02 -1.1320E+02  9.9495E+01
0000374   1.1914E+02  4.3761E+01 -9.8770E+01
0000375   3.4907E+02  3.3661E+01  1.3060E+02
0000376   3.7493E+01  6.0648E+01  4.6741E+01
0000377   3.8475E+02  8.4658E+01 -1.9853E+02
0000378   2.1562E+02  5.9677E+01 -2.3646E+01
0000379   3.2439E+02 -1.0821E+02  6.1952E+01
0000380   3.4629E+02  7.7361E+01  1.6690E+01
0000381   1.0951E+02  7.5721E+01 -1.6321E+02
0000382   5.9643E+01 -6.5050E+01 -2.2805E+01
0000383   2.2064E+02 -1.7742E+02  4.6735E+01
0000384   1.3291E+02  1.5365E+02  2.3833E+00
0000385   3.4945E+02 -4.9652E+01  1.0778E+02
0000386   1.4658E+02 -2.0540E+02  1.4973E+02
0000387   1.9331E+02 -9.8382E+01 -1.0808E+02
0000388   1.0485E+02 -1.0552E+02 -1.0993E+01
0000389   1.9362E+02  7.4093E+01 -3.9910E+01
0000390   2.1196E+02 -3.9876E-01  1.5669E+00
0000391   3.5510E+02 -6.1381E+01  1.9845E+02
0000392   2.4811E+02 -2.0077E+00  2.9944E+02
0000393   2.9544E+02 -9.0637E+01  8.3234E+01
0000394   2.0082E+02 -9.4514E+01  1.8967E+02
0000395   4.8566E+01  4.5745E+01  1.2658E+02
0000396   2.0653E+02 -3.3623E+01  1.0042E+02
0000397   1.5374E+02 -2.8743E+02 -1.9464E+02
0000398   1.1024E+02  4.1236E+01  1.4941E+01
0000399   2.0070E+02 -5.6354E+01 -2.3352E+02
0000401   1.3085E+02  1.2867E+02 -4.1999E+01
0000402   7.5490E+01 -4.8929E+02 -1.3745E+02
0000403   1.8955E+02  1.1233E+02  1.6149E+01
0000404   6.8995E+01 -8.0836E+01  1.1713E+02
0000405   4.2514E+02 -9.8456E+01  2.0231E+02
0000406   1.2049E+02 -1.4069E+02  1.3221E+02
0000407   2.5592E+02  2.5567E+01  9.6508E+01
0000408   1.8024E+02  3.2633E+01 -1.2153E+01
0000409   1.8523E+02 -7.2059E+01 -1.2067E+01
0000410   4.4232E+02  1.2484E+02  1.6962E+02
0000411   2.8961E+02  9.9898E+01  2.1280E+02
0000412   3.1395E+02  2.6077E+02 -2.6359E+01
0000413   2.7021E+02 -1.6501E+02  1.0623E+02
0000414   2.2636E+02  1.7747E+02  2.9941E+01
0000415   1.8089E+02 -1.6283E+02 -2.9983E+01
0000416   2.3485E+02 -4.4556E+01  3.7438E+01
0000417   2.2066E+02  3.2708E+02  1.5195E+01
0000418   3.3437E+02 -9.8891E+01  1.6256E+02
0000419   2.1298E+02  1.2515E+02  3.9538E+00
0000420   1.1783E+02  1.9979E+01  2.6130E+02
0000421   1.8811E+02 -9.4639E+01 -2.7111E+02
0000422   1.8939E+02  8.3902E+01  1.4233E+02
0000423   1.8678E+02  1.2955E+02 -3.0619E+01
0000424   3.1804E+01 -4.1653E+01 -8.4209E+01
0000425   2.3280E+02  1.0080E+02 -3.7399E+02
0000426   3.4741E+02  1.7128E+02 -4.1680E+01
0000428   1.4963E+02  3.4419E+01  1.2251E+01
0000429   3.1647E+02  1.0463E+02  8.0361E+01
0000430   1.6357E+02 -3.2396E+01 -8.9674E+01
0000431   2.4547E+02  1.0458E+02  4.1024E+02
0000432   3.6297E+01 -3.3045E+02 -1.7394E+01
0000433   1.2259E+02 -1.2977E+02 -7.8589E+01
0000434   2.5516E+02  5.9309E+01 -3.5970E+01
0000435   1.9262E+02  1.3000E+01  5.5304E+00
0000436   1.0979E+02  1.1109E+02 -1.0518E+01
0000437   5.4485E+02  1.5126E+02 -2.3735E-01
0000438   1.1648E+02 -5.9399E+01  2.3468E+02
0000439   2.0448E+02 -4.7169E+01  1.4592E+01
0000440   1.6889E+02  1.0419E+02 -1.1556E+02
0000441   2.3004E+02  1.9895E+01  2.1526E+01
0000442   1.4817E+02 -9.2311E+01 -3.7534E+01
0000444   2.9418E+02  1.4283E+02 -3.5656E+00
0000445   2.6211E+02 -1.1232E+02  2.4024E+01
0000446   1.2028E+02  4.1397E+01 -3.4016E+01
0000447   2.6490E+02  7.6376E+01  2.5865E+01
0000448   3.6121E+02  2.9462E+01  3.5807E+01
0000449   2.3709E+02  2.9844E+00 -1.2974E+02
0000450   2.5630E+02  2.2137E+02  5.6747E+01
0000451   6.9423E+01 -2.7725E+01 -1.3961E+02
0000452   3.5572E+02  1.8243E+02 -4.0289E+01
0000453   3.9637E+02 -9.3168E+01  1.5739E+02
0000454   1.6976E+02 -7.5039E+01 -1.7405E+02
0000455   6.8445E+01 -1.9329E+02 -6.7943E+01
0000456   3.5535E+02  3.4455E+01  1.3785E+02
0000457   2.0083E+02  2.1834E+01  1.0215E+02
0000458   1.8091E+02 -2.7379E+02  1.6400E+01
0000459   1.3321E+02 -3.4122E+01  1.4330E+02
0000460   1.2284E+02  5.0806E+01 -2.2447E+01
0000461   1.0483E+02  3.2577E+01  8.7121E+01
0000462   3.5157E+02 -3.6430E+00 -2.5544E+02
0000463   3.3123E+02 -2.6805E+01 -4.5621E+00
0000464   2.1074E+02  8.5687E+01  1.1814E+02
0000465   1.0502E+02 -7.9296E+01  5.9298E+01
0000466   2.1042E+02 -1.9264E+02  1.0418E+02
0000467   4.3757E+02  1.0386E+02  1.5868E+02
0000468   1.3642E+02  7.2288E+01  2.5035E+00
0000469   2.1950E+02 -1.2472E+01  5.9017E+01
0000470   2.9244E+02  1.1873E+02 -1.6338E+02
0000471   1.2309E+02 -8.8101E+00  1.1334E+01
0000472   2.1730E+02 -7.0413E+00 -1.5938E+02
0000473   2.6859E+02 -5.0151E+01  9.8838E+00
0000474   3.1525E+02  3.0263E+02  2.9106E+02
0000475   7.7961E+01  8.1879E+01 -1.0516E+02
0000476   3.7688E+02  9.9101E+01 -7.8983E+01
0000477   1.8397E+02  2.6077E+02  1.6461E+02
0000478   2.7361E+02 -1.9923E+02  2.2996E+02
0000479   1.7991E+02  1.4162E-01  4.3849E+01
0000480   8.7273E+01  5.2582E+01  1.2425E+02
0000481   1.1638E+02  4.0208E+00 -1.8891E+01
0000482   7.6115E+01 -3.0989E+00 -1.3670E+02
0000483   3.1640E+02  1.4664E+02  1.6261E+02
0000485   1.9606E+02 -1.9687E+02 -1.3368E+02
0000486   2.8548E+01  2.2994E+01 -1.2395E+02
0000487   9.0932E+01 -1.3753E+02  7.4503E+01
0000488   1.5809E+02 -8.3298E+01  9.5340E+01
0000489   2.0321E+02 -5.2167E+01  2.7291E+01
0000490   4.7759E+02  1.9630E+02  9.9055E+01
0000491   3.0007E+02 -1.8091E+02  1.7346E+02
0000492   1.8144E+02  2.2143E+01  3.6814E+01
0000493   2.2118E+02  5.6747E+01  5.9507E+01
0000494   4.2664E+02 -8.1751E+01 -1.4416E+02
0000496   1.0626E+02  1.0003E+02  9.4608E+00
0000497   1.4597E+02 -1.8711E+02 -5.2854E+01
0000498   2.0812E+02  1.5040E+02  1.7732E+01
0000499   9.5417E+01 -3.9197E+01 -1.0083E+02
0000500   1.9128E+02 -2.0715E+01  1.8582E+02
0000501   2.6581E+01  2.5585E+01 -1.0379E+02
0000502   3.6823E+02  8.6353E+01  8.0806E+01
0000503   2.2476E+02 -3.7224E+01 -2.3693E+01
0000504   1.3986E+02 -1.3792E+02 -3.9959E+01
0000505   9.8318E+01  1.5384E+02  1.9141E+02
0000506   1.6032E+02  1.1424E+01 -5.2753E+00
0000507   1.8470E+02 -1.1869E+02 -2.9018E+02
0000508   2.8319E+02 -4.5619E+01  6.7202E+01
0000509   3.1113E+02 -1.6123E+02 -6.7253E+01
0000510   1.7183E+02 -1.6891E+02  1.5068E+02
0000511   2.0322E+02 -1.9761E+02 -3.8562E+01
0000512   4.7897E+01 -3.2411E+01  2.1356E+02
0000513   8.1504E+01 -8.4920E+00 -3.6439E+01
0000514   6.7781E+01 -1.0010E+01 -6.9145E+01
0000515   2.0403E+02 -1.4722E+02  1.0050E+02
0000517   2.7189E+02  1.7419E+02  9.3444E+01
0000518   1.7018E+02  9.1288E+01 -1.9790E+02
0000519   3.6534E+01 -1.2214E+02  1.0050E+02
0000520   3.6724E+02  2.7174E+02 -4.0178E+02
0000521   4.1337E+02 -1.7574E+02 -1.5912E+02
0000523   1.5850E+02 -8.3956E+01  2.0440E+02
0000524   2.9089E+02  3.5006E+02 -1.2309E+02
0000525   2.4618E+02  1.8205E+02  3.4732E+01
0000526   6.2317E+01  8.1371E+01  1.3820E+02
0000527   1.9051E+02  6.5506E+01 -2.6696E+02
0000528   1.2556E+02 -2.0744E+01 -4.4310E+01
0000529   2.2509E+02  2.8362E+01  1.0527E+01
0000530   9.8656E+01 -1.7655E+02  2.3740E+01
0000531   4.1323E+02 -5.5145E+01  1.9382E+02
0000532   3.0009E+02 -3.7829E+01 -1.0518E+02
0000533   2.5474E+02  1.1412E+02  1.0323E+02
0000534   1.5503E+02 -1.2139E+02  2.5021E+02
0000535   1.0824E+02 -3.1067E+01  9.1690E+01
0000536   1.5004E+02 -4.4663E+01  1.5045E+01
0000537   1.7598E+02 -1.7103E+02 -2.3644E+02
0000538   2.6208E+02 -1.9650E+02 -5.1912E+01
0000539   3.5634E+02  1.7984E+02 -4.8764E+01
0000540   3.6671E+02 -1.5984E+01  1.5767E+02
0000541   2.6545E+02  9.2279E+01  3.0496E+00
0000542   4.1527E+02 -4.1762E+01  3.2508E+01
0000543   1.6241E+02 -3.7261E+01  1.4408E+02
0000544   2.1736E+02 -4.8546E+01  4.4373E+01
0000545   4.3533E+02  2.6000E+01  1.6228E+02
0000546   1.3208E+02 -1.5902E+01  3.8761E+01
0000547   4.2216E+02  1.5874E+02  2.9644E+01
0000548   1.4630E+02  2.0083E+01  9.5682E+01
0000549   1.5927E+02  5.0891E+01  6.7061E+01
0000550   1.5034E+02 -6.7838E+01 -7.7570E+01
0000551   2.4495E+02 -1.1788E+02 -1.7227E+02
0000552   3.1078E+02 -1.3308E+02 -2.5341E+02
0000553   2.7531E+02  5.3532E+01 -1.3435E+01
0000555   2.2003E+02  1.0550E+02 -2.9511E+01
0000556   2.4250E+02  9.4203E+01  2.3071E+01
0000557   1.4264E+02  1.8459E+02 -2.3317E+01
0000558   2.3618E+02  1.4540E+02 -2.4851E+02
0000559   4.7476E+02 -3.1873E+02 -9.2486E-02
0000560   2.2355E+02 -2.2534E+02 -7.5433E+01
0000561   1.8886E+02  6.2328E+01 -6.5999E+01
0000562   1.9300E+02 -1.3506E+02  2.4964E+02
0000563   3.6318E+01  1.7920E+01 -2.3397E+01
0000564   1.2649E+02  4.7392E+01  9.1751E+01
0000565   4.6767E+02  2.4910E+01 -5.3740E+01
0000566   2.8245E+02  6.9856E+01  5.2201E+01
0000567   1.1248E+02 -1.5844E+02 -1.5026E+01
0000568   1.8953E+02 -1.4035E+02 -1.5319E+02
0000569   8.0076E+01  1.1581E+01 -3.9804E+01
0000570   3.3419E+02  1.9221E+02  1.3049E+02
0000571   1.1221E+02  1.4124E+01  5.4550E+01
0000573   4.5833E+02 -9.8617E+01  4.2274E+01
0000574   3.0063E+02  2.0708E+01 -5.8057E+01
0000575   1.8971E+02  7.5429E+01 -7.4889E+01
0000576   2.2550E+02  8.6128E+01 -1.4150E+02
0000577   2.5394E+02 -1.7842E+01  8.0585E+01
0000578   2.7165E+02 -7.5298E+01 -1.5292E+02
0000579   1.7239E+02  9.3607E+01  1.9895E+01
0000580   1.1475E+02  7.3550E+00 -1.0413E+02
0000581   1.0520E+02  3.0708E+02 -2.1745E+02
0000582   3.2500E+02  1.2598E+02  1.0947E+01
0000583   2.8499E+02 -8.6934E+01 -9.5932E+01
0000584   1.1390E+02  1.0211E+02  5.9031E+01
0000585   1.7028E+02  1.0809E+02  1.1815E+02
0000586   2.0701E+02  3.9688E+01  1.1979E+02
0000587   1.1958E+02  5.1854E+00 -1.4249E+02
0000588   1.3652E+02 -1.4274E+02 -3.0432E+01
0000589   1.1362E+02  4.7294E+01 -7.3790E+01
0000590   2.8143E+02  3.2833E+01  1.3267E+02
0000591   1.2899E+02 -1.3561E+02 -8.2607E+01
0000592   1.7145E+02  7.2440E+01  1.1291E+02
0000593   3.8097E+02 -4.7306E+00  4.1894E+01
0000594   1.8949E+02  8.6106E+01  5.1706E+01
0000595   2.0866E+02  2.7449E+01 -1.0442E+02
0000596   1.0464E+02 -6.3930E+00 -6.0213E+01
0000597   2.4599E+02 -1.0693E+02 -7.1689E+01
0000598   2.1235E+02  9.4723E+01  2.9924E+02
0000599   1.3294E+02  4.5683E+01  1.1627E+02
0000601   1.7977E+02 -1.7111E+02 -8.9852E+00
0000602   2.7010E+02  1.7015E+02 -1.6979E+02
0000603   9.2731E+01  2.5079E+02  2.3348E+02
0000604   2.4405E+02 -1.9958E+01  2.2031E+02
0000605   3.0359E+02  4.2907E+01  1.3192E+02
0000606   2.4574E+02 -2.2065E+02 -4.0852E+01
0000607   1.2444E+02  3.2741E+02  9.7029E+01
0000609   3.7019E+02 -5.5336E+01 -4.8129E+01
0000610   2.6927E+02  2.0350E+02  6.9616E+01
0000611   1.2873E+02 -3.9257E+00 -2.3819E+00
0000612   1.4515E+02 -4.6879E+01 -1.4242E+02
0000613   1.8018E+02 -2.3996E+01 -1.5169E+02
0000614   2.3920E+02  9.5325E+00  1.5533E+01
0000615   2.6491E+02  1.2568E+02 -1.0577E+01
0000616   1.6680E+02  1.5293E+02  1.4741E+02
0000617   1.1182E+02  1.7071E+02 -2.4392E+02
0000618   3.1026E+02 -4.2063E+01  9.9514E+01
0000619   8.8436E+01  4.4236E+01 -3.6910E+01
0000620   1.2858E+02 -5.8792E+01  1.1441E+02
0000621   4.1665E+02  4.5001E+01 -7.6605E+00
0000622   3.6923E+02  3.7158E+01 -2.9528E+01
0000623   5.2842E+01 -2.0523E+01 -2.1806E+02
0000624   1.0301E+02 -3.6204E+01  2.7425E+02
0000625   2.8325E+02  1.2073E+02  1.8298E+02
0000626   3.0871E+02  1.3776E+02 -9.3741E+01
0000627   1.3450E+02 -3.6860E+01 -1.2931E+02
0000628   1.3208E+02  6.9541E+01 -4.0872E+00
0000629   1.0939E+02 -3.0442E+02 -4.7666E+01
0000630   8.6579E+01 -9.6246E+01  1.7348E+02
0000631   2.7959E+02 -4.4553E+01 -2.9643E+00
0000632   2.1351E+02  1.4234E+02  3.4142E+02
0000633   6.3507E+01 -6.2495E+01 -7.0435E+01
0000634   1.9911E+02 -1.1759E+02 -4.3681E+01
0000635   2.7740E+02  6.4251E+01  1.2417E+02
0000636   1.8821E+02 -1.4653E+02  1.3716E+02
0000637   3.0806E+02 -1.8386E+02 -4.1153E+01
0000638   4.4621E+02  4.5325E+01 -3.4779E+02
0000639   1.5004E+02 -1.1304E+01  1.3669E+00
0000640   3.1691E+02  2.6125E+01 -2.8609E+02
0000641   2.5125E+02 -1.9965E+02  1.3030E+02
0000642   3.2083E+02  8.5495E+01  1.3491E+02
0000644   4.7229E+02  1.0166E+02  1.5636E+02
0000645   3.2975E+01  1.6078E+01 -1.6565E+02
0000646   3.2290E+02 -2.4121E+01  3.3289E+01
0000647   2.8500E+02  2.0710E+01 -6.0394E+01
0000648   7.4835E+01 -5.0693E+01 -8.9913E+01
0000649   2.9536E+02  5.1806E+01  7.3285E+01
0000650   2.6695E+02  6.7773E+01 -2.4752E+01
0000651   1.3285E+02  1.4888E+02  2.5992E+02
0000652   8.8455E+01 -1.7157E+01  3.1436E+01
0000653   2.3403E+02  6.5649E+00 -8.3843E+01
0000654   1.3724E+02 -1.3817E+01  8.7539E+01
0000655   1.8891E+01 -2.1045E+02 -6.0880E+01
0000656   1.2349E+02 -2.3253E+01  4.6747E+01
0000657   1.6877E+02  2.6297E+02 -2.0974E+01
0000658   1.7896E+02 -6.5643E+01  1.1145E+02
0000659   1.8970E+02  8.3132E+01  1.3837E+01
0000660   2.8234E+02  2.7751E+02 -2.1021E+02
0000661   8.8468E+01 -9.7530E+01  1.4841E+02
0000662   3.2865E+02  1.6730E+02  1.0613E+02
0000663   1.4891E+02  4.0113E+01  2.4824E+01
0000664   2.1903E+02 -1.0642E+02  1.8125E+01
0000665   3.9669E+02  2.1595E+01 -2.8125E+01
0000666   2.5976E+02  4.4924E+01  2.0061E+02
0000667   3.7834E+02  6.4793E+01  1.6852E+02
0000669   1.7934E+02  1.4616E+02 -9.8127E+01
0000670   1.2287E+02  1.0235E+02 -1.8718E+02
0000671   1.4708E+02 -5.8809E+01 -6.1945E+01
0000672   4.9363E+01 -4.4385E+01  1.4171E+02
0000673   2.4536E+02  3.3146E+01  5.9571E+01
0000674   1.8539E+02 -1.0415E+02 -5.7777E+00
0000675   1.5714E+02 -1.0764E+02 -2.4583E+01
0000676   1.7050E+02  2.6485E+02 -4.9337E+01
0000677   2.1032E+02 -8.3639E+01  3.8231E+01
0000678   2.9702E+01  1.4922E+02  4.7548E+01
0000679   2.0634E+02 -4.2225E+01 -3.8787E+01
0000680   1.1325E+02  1.5617E+02  1.4901E+01
0000681   1.9915E+02 -9.3540E+01  1.4290E+02
0000682   2.2035E+02  1.2170E+02 -1.8844E+02
0000683   2.8432E+02  7.6538E+01  1.6713E+01
0000684   2.3106E+02 -3.1635E+00 -8.5975E+01
0000685   1.4936E+02  4.6982E+01  3.5075E+01
0000686   1.2558E+02 -1.4330E+02  6.7739E+00
0000687   1.6603E+02  3.4601E+01 -6.6224E+00
0000688   5.4878E+01 -2.5458E+00  2.5418E+01
0000689   1.7231E+02  9.0119E+01  5.4053E+01
0000690   2.9775E+02 -6.4456E+01  1.2880E+02
0000692   9.6088E+01 -2.3080E+01  1.1259E+02
0000693   1.4084E+02 -1.3383E+02 -2.2281E+02
0000694   1.9633E+02  2.1673E+02  5.8656E+01
0000695   3.8887E+02  3.3314E+01  6.2589E+01
0000696   3.5351E+02 -9.0423E+01 -1.5033E+01
0000697   1.3433E+01  1.5742E+01  4.1198E+02
0000698   1.3966E+02  3.3467E+01  1.8894E+02
0000699   2.6383E+02 -5.2494E+01 -1.4699E+02
0000700   3.0178E+02 -2.0763E+02 -7.6699E+01
0000701   1.5855E+02 -4.7782E+01 -1.4078E+02
0000702   2.1888E+02 -1.0499E+02  1.4356E+02
0000703   2.6802E+01  9.0439E+01 -6.6827E+01
0000704   1.7431E+02  9.4918E+01  8.9520E+01
0000705   4.2810E+01 -4.0838E+01 -1.6829E+02
0000706   2.2013E+02 -1.8250E+02  1.2465E+02
0000707   3.0845E+02 -2.3624E+01 -8.2047E+00
0000708   1.3498E+02 -2.1178E+02  8.6548E+01
0000709   4.1368E+02  1.0643E+02 -5.4853E+01
0000710   2.7181E+02 -4.5968E+01  1.3253E+02
0000711   1.7018E+02 -1.7525E+02 -5.5987E+01
0000712   9.9746E+01 -2.7285E+02  1.8931E+01
0000713   2.6108E+02  6.2282E+01 -1.8364E+02
0000714   1.7266E+01  1.0555E+02 -1.1244E+02
0000715   3.2569E+02  2.9860E+01 -1.6803E+02
0000716   3.2524E+02  9.0761E+01  1.0974E+02
0000717   3.3821E+02  2.5934E+02 -1.3909E+02
0000718   4.3466E+02  1.1702E-01 -6.2197E+01
0000719   3.4833E+02 -1.0682E+02 -7.4691E+01
0000720   2.1022E+02  2.5857E+01  2.0072E+02
0000721   2.9211E+02 -9.5956E+01  1.4442E+02
0000722   3.6186E+02 -2.3945E+02 -7.9191E+01
0000723   8.6116E+01 -2.5791E+02  6.7625E+01
0000724   1.8755E+02  1.1464E+02  1.1306E+01
0000725   1.8097E+02 -1.6632E+02  1.4231E+01
0000726   1.8514E+02  4.6568E+01  2.4362E+01
0000727   2.1815E+01 -6.9497E+01  3.6516E+01
0000729   1.7813E+02 -9.3820E+01  1.4975E+02
0000730   1.1722E+02 -3.5932E+02  1.9299E+02
0000731   9.6786E+01  1.1107E+01 -7.1963E+01
0000732   2.4040E+02  1.1771E+02 -6.6733E+01
0000733   6.4818E+01 -1.5738E+02  1.0536E+01
0000734   4.9857E+02  1.0869E+02  3.1288E+01
0000735   1.0416E+02 -2.8103E+01 -9.5618E+01
0000736   2.0971E+02  1.3753E+02 -3.9759E+01
0000737   1.7134E+02  1.6413E+02  2.9566E+02
0000738   1.6306E+02 -1.4141E+02  4.8173E+01
0000739   2.7248E+02  4.6031E+00 -2.3164E+01
0000740   3.7904E+02 -1.3241E+02  1.0380E+02
0000741   2.5245E+02  2.7652E+02 -8.8839E+00
0000742   2.8748E+02  9.6985E+01 -1.8347E+02
0000743   1.2319E+02  5.3492E+01  1.9394E+02
0000744   3.5503E+02  1.0545E+02 -2.8071E+00
0000746   1.8437E+01 -7.1369E+01 -9.0200E+00
0000747   3.8160E+02  1.3230E+02  1.1785E+02
0000748   1.0270E+02  4.5123E+01  7.2234E+01
0000749   3.4056E+02 -8.3729E+01 -5.8486E+01
0000750   2.6229E+02 -9.2774E+01  8.1804E+01
0000751   3.0521E+02  2.7786E+02  2.7249E+02
0000752   3.1839E+02  1.8813E+02 -2.8909E+02
0000753   1.9826E+02 -2.3701E+01 -1.3546E+02
0000754   1.5200E+02 -8.3918E+01  8.3205E+00
0000755   1.3112E+02  7.5926E+01  3.2510E+01
0000756   1.4017E+02 -2.4997E+01 -1.2284E+02
0000757   1.2242E+02 -6.6979E+01  1.5731E+02
0000758   2.3017E+02  8.4502E+01  6.3091E+00
0000759   2.0472E+02  8.6217E+01 -1.2207E+02
0000760   3.8698E+02  4.1254E+01 -9.9319E+00
0000761   6.1135E+01 -1.4696E+02 -6.7565E+01
0000762   3.5641E+02 -2.1085E+02  7.4935E+01
0000763   9.6088E+01  9.5247E+01 -4.4922E+01
0000764   5.4206E+01 -1.6600E+02  3.2864E+02
0000765   3.6840E+02  1.5118E+02 -6.2226E+01
0000766   7.7311E+00 -4.6455E+01  6.8270E+01
0000767   1.6812E+02  1.5597E+02 -8.1879E+01
0000768   2.3560E+02  1.6135E+02  7.5290E+01
0000770   4.0185E+02 -1.3599E+02  2.2582E+02
0000772   8.1110E+01 -3.0530E+01 -2.5550E+01
0000773   3.3491E+02 -1.0661E+02 -1.0875E+02
0000774   1.4423E+02  5.7163E+00  3.1844E+01
0000775   2.0546E+02  1.2434E+02 -1.5357E+01
0000776   1.9694E+02 -2.0270E+02 -1.8743E+02
0000777   1.7815E+02 -9.5194E+00  1.9263E+02
0000778   2.3428E+02 -1.5839E+01 -1.0424E+02
0000779   2.7947E+02 -1.8162E+02 -7.9134E+01
0000780   5.5584E+01  8.6643E+01  5.6693E+00
0000781   2.0027E+02 -7.2866E+01  1.2929E+01
0000782   1.6447E+02 -1.4539E+02 -3.6498E+02
0000783   1.6294E+02  2.2326E+02  1.1491E+01
0000784   1.9940E+02  2.6269E+01  1.2553E+02
0000785   7.6423E+01  2.3543E+01  1.1171E+02
0000786   2.6326E+02  2.1258E+01  2.9598E+01
0000787   1.5520E+02  5.1042E+01 -7.1948E+01
0000788   2.4800E+02  9.4372E+01 -3.7028E+01
0000789   3.4375E+02 -3.5613E+02 -6.0619E+00
0000790   1.1111E+02  1.2455E+00  3.3727E+01
0000791   3.9564E+02  9.7921E+01  2.2318E+02
0000792   2.9140E+02 -3.3281E+02  1.2653E+02
0000793   9.2589E+01  1.3881E+01 -6.4511E+01
0000794   1.0880E+02 -5.1891E+00 -1.0171E+02
0000795   3.1117E+02  1.1561E+02  1.6899E+02
0000796   1.5787E+02 -9.9359E+01 -9.5541E+01
0000797   4.3260E+02  7.2066E+01  1.2631E+02
0000798   1.8469E+02 -1.4060E+02  1.7950E+02
0000799   1.6860E+02  6.8688E+01  1.6462E+02
0000800   1.2172E+02  1.1025E+02  1.8292E+02
0000801   1.9339E+02  1.1985E+02 -3.0252E+01
0000802   2.9344E+02  2.3430E+02  1.7061E+02
0000803   2.0028E+02 -1.4871E+01 -1.1253E+02
0000804   1.9862E+02  1.9597E+02  1.1178E+02
0000805   3.1934E+02  7.7202E+01 -5.9430E+01
0000806   2.3744E+02 -1.2987E+02  2.0617E+01
0000807   1.7087E+02 -1.5905E+02 -1.6145E+02
0000809   2.7759E+02  5.8976E+01 -3.0465E+02
0000810   2.0000E+02  5.9954E+01  1.1189E+02
0000811   4.1894E+02  2.0209E+02  9.1352E+01
0000812   7.9898E+01 -4.1535E+01  3.1087E+01
0000813   1.5397E+02 -8.6375E+01  1.6449E+01
0000814   3.0711E+02  9.1950E+01  1.8907E+02
0000815   3.8132E+02  3.0265E+02 -9.5614E+01
0000816   1.3993E+02 -1.8882E+01 -8.7911E+01
0000817   1.5575E+02 -2.0812E+02  2.7387E+02
0000818   9.1398E+01 -2.2136E+01 -7.7112E+01
0000819   6.4619E+01 -2.2342E+02  6.2805E+01
0000820   5.0506E+01 -4.5805E+01  2.0192E+02
0000821   7.0592E+00 -1.4331E+02 -7.2622E+01
0000823   2.9690E+02 -1.0617E+02 -7.2751E+01
0000824   3.3050E+02 -6.5525E+01  2.1679E+02
0000825   1.3680E+02  1.3928E+02 -1.0966E+02
0000826   1.2791E+02  1.8297E+02  2.5571E+01
0000827   6.6739E+01  1.1258E+02  6.0230E+01
0000828   2.2716E+02  2.0199E+01 -1.5410E+01
0000829   1.1677E+02 -4.2518E+01 -9.5278E+01
0000830   1.1864E+02 -3.8698E+01 -6.3320E+01
0000831   2.6771E+02  1.1949E+02  6.1708E+01
0000832   6.7756E+01 -7.8906E+01 -2.9493E+01
0000833   1.5574E+02  3.6293E+00  3.9267E+01
0000834   2.1051E+02  4.0190E+01  6.8593E+01
0000835   2.0816E+02  1.3184E+02 -4.9306E+01
0000836   3.4143E+02  1.6343E+01  6.9966E+01
0000837   5.1473E+02 -9.7634E+01  1.9812E+01
0000838   1.9816E+02  9.1686E+00 -1.9667E+00
0000839   2.4741E+02  1.2725E+02 -1.9554E+01
0000840   1.3148E+02 -5.4833E+01  1.7760E+01
0000841   3.7513E+02  5.3386E+01  2.2697E+02
0000842   1.0536E+02  9.9149E+00 -1.0675E+02
0000843   3.3790E+02  9.9537E+01  1.0273E+02
0000844   1.6229E+02 -1.4377E+02 -1.0573E+02
0000845   1.5388E+01 -1.3943E+01 -1.7367E+02
0000846   1.2020E+02  3.2593E+01  1.8056E+02
0000847   1.6524E+02  1.3652E+02 -9.4313E+01
0000848   2.1308E+02 -5.3640E+01 -6.9436E+01
0000849   1.6689E+02  1.2643E+02 -5.1603E+01
0000850   3.5574E+02 -2.3250E+02 -6.9766E+01
0000851   1.1023E+02  3.4406E+01 -4.1986E+01
0000852   3.8339E+02 -7.7795E+01  1.5112E+02
0000853   1.1068E+02  3.3658E+02 -9.8793E+01
0000854   4.0099E+02  7.0983E+01 -7.6509E+00
0000855   2.1613E+02 -2.6249E+01 -2.0384E+02
0000856   1.9440E+02 -1.3766E+02  8.1304E+01
0000857   1.1142E+02 -2.9185E+01  6.0583E+01
0000858   8.0108E+01 -1.6722E+02 -5.6085E+01
0000859   2.1443E+02  1.0106E+02 -1.7909E+02
0000860   2.3121E+02 -8.8137E+01  1.1283E+02
0000861   2.0609E+02 -9.5867E+01  1.8383E+02
0000862   4.2243E+02  1.4975E-02 -5.7344E+01
0000864   1.1743E+02  2.0162E+02  2.5992E+02
0000865   7.2240E+01  5.6249E+01  1.7209E+01
0000866   1.6402E+02  2.3037E+02 -2.6417E+01
0000867   4.7408E+01 -1.7601E+01 -1.4028E+01
0000868   6.8673E+01 -1.5829E+01  1.1547E+01
0000869   3.2242E+02 -2.7384E+01  7.7720E+01
0000870   1.8357E+01 -9.2883E+01  8.7499E+00
0000871   2.9513E+02  4.3778E+01 -1.1717E+02
0000872   2.3888E+02 -2.0157E+01  5.9747E+01
0000873   2.7442E+02 -2.3599E+02  3.2207E+02
0000874   1.9792E+02  1.5424E+02 -5.5393E+00
0000875   2.3304E+02 -7.9594E+01 -2.6224E+02
0000876   3.2845E+02  7.7395E+00 -1.8846E+02
0000877   1.0607E+02  1.0138E+02  1.4843E+02
0000879   1.5499E+02 -2.2684E+02 -6.4262E+01
0000880   1.9232E+02  3.9695E+01  1.3421E+02
0000881   4.7155E+02 -1.2850E+02 -2.4195E+02
0000882   1.8568E+02  1.0741E+02 -4.1642E+01
0000883   1.8628E+02 -3.4522E+01 -1.2061E+02
0000884   3.4470E+02  1.0402E+02  1.2986E+01
0000885   3.1157E+02 -2.0335E+02  8.6964E+01
0000886   2.9932E+02  7.4326E+01 -6.6705E+00
0000888   2.0776E+02 -6.2883E+01 -1.0219E+01
0000889   2.3483E+02 -9.9865E+01  2.5102E+01
0000890   2.0270E+02  8.1718E+01 -1.1600E+02
0000891   3.3809E+02  8.0828E+01 -1.4262E+02
0000892   3.1015E+02 -8.5752E+01  2.2790E+02
0000893   1.8339E+02  5.3491E+01  7.8661E+00
0000894   1.5446E+02 -3.5110E+00 -3.7388E+01
0000895   2.9920E+02  1.1204E+02  1.3166E+02
0000896   2.1635E+02  3.2451E+02  9.7852E+01
0000897   2.5481E+02  1.8308E+02 -4.8570E+01
0000898   2.1018E+02  5.9365E+01 -1.5557E+01
0000899   1.4135E+02 -5.5039E+01 -5.7481E+01
0000900   2.4633E+02 -7.5012E+01 -4.7408E+01
0000901   2.4498E+02  5.7671E+01 -3.9833E+01
0000902   2.8098E+02 -1.0156E+02 -5.6461E+01
0000903   2.3159E+02  5.6255E+01  2.7769E+02
0000904   2.9259E+02  1.0697E+01  7.5730E+01
0000905   7.0401E+01 -8.3276E+01  1.2009E+02
0000906   1.2409E+02 -2.6824E+01 -6.5913E+01
0000907   1.8089E+02 -8.4744E+01  1.8383E+00
0000908   1.2311E+02 -4.6087E+01  6.1054E+00
0000909   6.8482E+01  8.2495E+00  1.7215E+02
0000910   1.3110E+02 -7.1684E+01  8.4494E+01
0000911   3.5518E+02 -1.9671E+02  2.2196E+00
0000912   4.8454E+02 -2.7177E+01 -2.9221E+02
0000913   9.8077E+01  2.9551E+01 -7.5711E+01
0000914   7.7945E+01  1.4576E+01 -7.1774E+01
0000915   1.8485E+02 -4.3743E+01 -2.4289E+02
0000916   2.7752E+02 -3.6387E+01  6.5753E+01
0000917   2.8989E+02  4.2455E+02 -1.5208E+01
0000918   1.2090E+02  1.8481E+01  4.5749E+01
0000919   2.8666E+02  1.1128E+02  2.0560E+02
0000920   1.2301E+02 -2.7040E+01 -1.1740E+02
0000921   3.1270E+02 -5.3614E+00 -7.6258E+01
0000922   2.0889E+02 -1.3485E+01  1.5403E+02
0000923   1.2551E+01 -7.1182E+01 -1.3236E+02
0000924   4.9490E+01  9.6665E+01  5.3660E+01
0000925   1.3295E+02 -1.0702E+02 -1.2567E+02
0000926   1.7624E+02 -7.6652E+01  2.2607E+02
0000927   2.6239E+02  2.3374E+02  1.5997E+02
0000929   2.8264E+02  7.6748E+01  4.3384E+01
0000930   2.3305E+02  2.7429E+01 -3.4865E+01
0000931   1.1227E+02 -2.6119E+02  1.3699E+02
0000932   1.4273E+02  9.5154E+01 -4.3286E+01
0000933   9.4902E+01 -3.5010E+01  1.1701E+02
0000934   1.7291E+02  4.3015E+01 -1.6668E+02
0000935   2.0109E+02 -4.1650E+01 -2.6930E+01
0000936   2.7487E+02  1.1261E+02 -2.7433E+02
0000937   1.9734E+02  6.7198E+01 -2.4428E+01
0000938   2.2989E+02  1.5325E+02  1.9250E+02
0000939   1.8905E+02  2.7508E+00 -5.3720E+01
0000940   2.5028E+02 -2.5603E+01  1.7913E+01
0000941   1.6905E+02  1.3285E+01  1.3018E+02
0000942   1.6659E+02 -1.6500E+02  1.5715E+02
0000943   1.9367E+02  1.3384E+01 -1.1439E+02
0000944   3.9712E+02  4.7755E+00 -1.3069E+02
0000945   3.0672E+02 -1.6842E+02 -1.6241E+01
0000946   1.3014E+02 -3.8430E+00  6.9607E+01
0000947   8.6187E+01  3.2082E+02  2.0596E+01
0000948   2.1531E+02 -1.2365E+02 -6.8992E+01
0000949   3.0908E+02 -1.1359E+02 -1.0897E+02
0000950   2.0171E+02 -2.3121E+00 -5.4211E+01
0000951   1.3284E+02 -4.5242E+00 -1.5676E+02
0000952   2.4845E+02 -1.7154E+02 -1.6483E+02
0000953   1.7993E+02 -1.7354E+01  5.8355E+01
0000954   2.0339E+02 -1.1550E-01 -1.7822E+01
0000955   1.4944E+02  1.5272E+02  3.0000E+01
0000956   1.2488E+02  3.6319E+01 -4.0692E+01
0000957   2.2558E+02 -1.1640E+01  9.3142E+01
0000958   3.4032E+02 -4.6202E-01 -2.0121E+02
0000960   2.7556E+02 -1.7247E+02  4.1966E+01
0000961   3.2005E+02  6.1250E+01 -1.1581E+02
0000962   2.1985E+02 -1.6498E+00 -9.9623E+01
0000963   2.0391E+02  4.1558E+01 -1.0071E+01
0000964   2.6332E+02  3.2190E+01  2.4083E+01
0000965   2.6237E+02 -4.3117E+01 -1.7439E+02
0000966   3.3896E+02  2.7993E+02 -4.9015E+01
0000967   3.0333E+02 -1.0720E+02  6.4151E+01
0000968   1.9700E+02 -6.2766E+01  2.1449E+02
0000969   1.0238E+02 -4.4971E+00  2.0108E+01
0000970   2.1822E+02 -2.3112E+00  1.0579E+02
0000971   1.5942E+02  1.8463E+02 -3.8198E+01
0000972   2.0784E+02  2.8146E+02 -1.4071E+01
0000973   1.0650E+02 -1.3834E+02 -6.9147E+00
0000974   2.0482E+02  1.8479E+02  1.0095E+02
0000976   4.0838E+02 -2.6380E+01  9.5621E+01
0000977   3.1376E+02 -1.9882E+02 -2.9807E+01
0000978   2.0265E+02  1.6358E+02 -1.7684E+02
0000980   3.0317E+01  1.7788E+02  1.8346E+02
0000981   2.0048E+02 -1.5546E+02  1.6760E+02
0000982   1.6248E+02  1.1524E+02 -9.9513E+01
0000983   2.4867E+02  4.1428E+01 -1.1309E+02
0000984   3.1520E+02  8.7490E+01 -4.6538E+01
0000985   2.7330E+02 -1.4954E+01 -2.1592E+01
0000986   7.4429E+01  2.7025E+02 -1.8258E+01
0000987   2.2222E+02  1.1445E+02 -1.6389E+02
0000988   1.1993E+01  1.4438E+02  7.2952E+01
0000989   3.7554E+01 -1.2438E+02  6.2410E+01
0000990   3.0093E+02  1.0873E+01 -6.9256E+01
0000991   1.0501E+02  1.7969E+01  8.3651E+01
0000992   1.2864E+02 -8.2702E+01 -8.4027E+01
0000993   1.9674E+02 -3.6767E+01 -8.0835E+01
0000994   2.4071E+02  1.4304E+02  1.6224E+02
0000995   3.4020E+02  1.5047E+02 -8.1695E+01
0000996   2.3555E+02  4.4894E+00  4.1660E+01
0000997   2.6000E+02  1.7271E+01  1.0226E+02
0000998   9.1936E+01 -1.6460E+02 -8.5456E+01
0000999   1.9651E+02 -1.5234E+02 -1.4453E+01
0001000   3.1699E+02  5.6198E+01  5.3047E+01
