============================== SRIM-2013.00 ==============================
==============================================================================
====== SRIM Outputs\RANGE_3D.txt : File of Final Ion Positions =====

Ion =  F (09)   Ion Mass= 018.9984
Energy  = 4000000.E-05 keV
Ion Angle to Surface = 00.0 degrees
==================== TARGET =======================
  Layer # 1 - None
  Layer # 1 - Bottom Depth=500000.E-01 A
  Layer # 1 - Density =0007.8700 g/cm3
  Layer # 1 -  100 % of Fe
様様様様様様様様様様様様様様様様様様様様様様様様様様
                                            
Ion       Depth  X   Lateral Y   Lateral Z  
Number    (Angstrom) (Angstrom)  (Angstrom) 
-------  ----------- ----------- -----------
0000001   9.4927E+02  1.9377E-01 -2.9966E+02
0000002   2.0949E+02  1.3953E+02 -6.7305E+01
0000003   3.6832E+02 -4.4006E+02  4.0087E+02
0000004   1.8293E+02 -2.5815E+02 -9.7159E+01
0000005   3.7131E+02  3.6159E+01 -1.6139E+02
0000006   2.4710E+02  2.1158E+02 -1.5825E+02
0000007   5.0395E+02  7.6831E+01 -7.7372E+01
0000008   1.4114E+02 -2.5001E+02 -9.3890E+01
0000009   4.3516E+02 -3.7723E+02  7.9484E+01
0000010   3.3595E+02 -3.3970E+01  1.7500E+02
0000011   3.1895E+02 -8.5358E+01  2.4355E+02
0000012   5.6563E+01  1.1315E+02  2.7542E+02
0000013   6.6222E+02  2.7811E+02 -2.7875E+02
0000014   2.1937E+02 -2.1894E+02 -6.8690E+01
0000015   2.8591E+02 -1.3715E+02 -8.3823E+01
0000016   1.8936E+02  6.5812E+01 -4.0436E+01
0000017   5.2976E+02 -2.2942E+02  2.5012E+01
0000018   5.8339E+02  9.5022E+01 -3.2171E+01
0000019   1.0531E+02 -1.7519E+02 -2.2825E+02
0000020   3.6745E+02 -1.8582E+02 -5.1286E+01
0000021   3.8025E+02  4.1768E+01  1.4271E+02
0000022   4.3840E+02  2.7105E+02  1.1950E+02
0000023   1.4896E+02 -2.3902E+02  8.5982E+01
0000024   5.2145E+02  6.5563E+01  2.0729E+02
0000026   4.2726E+02 -2.2910E+02 -1.4404E+02
0000027   3.6836E+01  3.7559E+02  1.3117E+02
0000028   4.9214E+02  2.3051E+02  1.0705E+01
0000029   4.6875E+02  1.5488E+02  2.2894E+02
0000030   4.4988E+02 -1.7359E+02  4.0385E+01
0000031   6.2230E+02 -3.6236E+02  1.7143E+02
0000032   3.2734E+02  8.6083E+01 -2.9071E+02
0000033   5.1999E+02 -9.8280E+01  9.6324E+01
0000035   1.8080E+02 -3.5243E+02  2.1090E+02
0000036   6.1443E+02  7.9349E+01 -1.8527E+02
0000037   3.7952E+02 -1.4699E+02  9.4306E+01
0000038   2.9734E+02 -4.0771E+02  3.7223E+00
0000039   4.8232E+02 -2.0450E+02 -3.6694E+02
0000040   3.7363E+02 -1.6280E+02  1.3980E+02
0000041   1.5375E+02 -1.2639E+02  7.5912E+01
0000042   4.4138E+02 -3.7271E+02  2.3792E+01
0000043   4.0164E+02 -1.8833E+01 -9.8837E+01
0000044   1.7774E+02 -5.5040E+01 -1.2292E+02
0000045   4.8718E+02 -2.1724E+02 -1.5134E+02
0000046   4.8019E+02 -4.7519E+01 -2.3519E+02
0000047   4.3201E+02  3.4434E+01 -2.0516E+02
0000048   5.3008E+02 -8.8791E+01 -7.8596E+01
0000049   5.4844E+02 -1.3088E+02  1.6236E+02
0000050   1.1995E+02 -1.5859E+02 -1.6340E+02
0000051   4.2533E+02  2.0131E+02  1.2345E+02
0000052   6.3310E+02 -4.5227E+02 -1.9562E+01
0000053   4.5096E+02  2.2869E+02  2.9568E+02
0000054   2.8055E+02 -1.4412E+00  8.8648E+01
0000055   2.3271E+01 -1.7846E+02  2.0642E+02
0000056   4.0944E+02  2.9044E+01 -2.6065E+02
0000057   6.4794E+02 -2.4471E+02  1.2234E+02
0000058   3.5609E+02 -1.5278E+02 -3.3921E+02
0000059   4.0489E+02 -3.6237E+02  9.6861E+01
0000061   4.4240E+02 -2.3845E+02  3.0097E+02
0000062   4.5743E+02  4.8440E+02  1.1537E+02
0000063   4.3607E+02  2.0919E+02  2.3452E+02
0000064   2.8823E+02  1.8966E+02 -9.5433E-01
0000065   2.8769E+02 -3.2279E+02 -4.1843E+01
0000066   1.5667E+02 -3.1079E+02 -1.0517E+02
0000067   3.6551E+02 -1.0112E+02 -1.0442E+02
0000068   3.1761E+02 -1.2342E+02 -6.7729E+01
0000069   2.4148E+02  2.6053E+02 -3.6541E+02
0000070   7.7023E+02  1.7567E+01 -1.6319E+02
0000071   4.7343E+02 -2.2871E+02 -1.7996E+02
0000072   4.4990E+02  8.3341E+01 -2.7989E+02
0000073   2.5442E+02 -3.3971E+02  1.6174E+00
0000074   1.6184E+02  1.5683E+01  2.2242E+02
0000076   7.5455E+01  9.6407E+01 -2.4568E+01
0000077   5.6440E+02 -2.5407E+02 -3.6729E+01
0000078   2.3251E+02 -7.0649E+01  1.2282E+02
0000079   3.9253E+02  2.1183E+02 -1.5036E+02
0000080   2.3548E+02 -1.0226E+02  8.3335E+01
0000081   5.3456E+02  1.6350E+02 -2.8794E+02
0000082   4.4602E+02  3.7245E+02  6.7258E+01
0000083   2.7923E+02 -2.7604E+01 -3.5986E+01
0000084   6.5991E+02 -6.9245E+01  2.8529E+02
0000085   1.7507E+02 -1.0619E+02 -1.6970E+01
0000086   2.2825E+01  1.4508E+01  4.7044E+02
0000087   3.0924E+02 -3.6030E+02  1.2259E+02
0000088   2.9691E+02  2.6407E+02 -1.8716E+02
0000089   3.3180E+02 -2.6611E+02  5.9594E+01
0000090   3.7814E+02 -2.8576E+02 -1.2050E+02
0000091   6.5115E+02 -3.5796E+01  1.8726E+02
0000092   4.0349E+02  7.5202E+01  1.7055E+01
0000093   3.3670E+02  3.7577E+02 -4.0787E+02
0000094   2.6445E+02 -1.0326E+02 -7.1581E+01
0000095   3.0613E+02  1.5226E+02  8.9754E+01
0000096   2.6734E+02 -1.8559E+02 -9.3992E+01
0000097   6.9918E+02 -1.9265E+02 -7.7683E+01
0000098   5.2988E+02 -7.2018E+01 -3.1806E+02
0000099   6.0383E+02  1.2432E+02  7.1272E+01
0000100   1.8916E+02  6.3669E+01 -9.8743E+01
0000101   3.5824E+02  3.2733E+01  2.5420E+02
0000102   4.2509E+02  8.3367E+01 -3.2166E+02
0000104   6.9296E+02 -3.6489E+01  8.5810E+01
0000105   9.2281E+01 -3.2074E+01  1.2871E+02
0000106   2.7644E+02 -3.3870E+02 -1.7375E+02
0000107   1.0136E+02 -1.0479E+02  8.7914E+01
0000108   2.5638E+02 -2.7468E+02  1.9008E+02
0000109   4.1335E+02  2.4909E+02  3.8671E+01
0000110   4.1897E+02  2.9244E+01 -3.8216E+02
0000111   8.5001E+02 -9.7934E+00 -2.1252E+02
0000112   4.3886E+02 -3.1203E+02 -2.4517E+02
0000113   4.7461E+02 -1.2291E+02 -4.0621E+02
0000114   2.7607E+02 -9.7944E+01 -9.5437E+01
0000115   3.3297E+02  1.3749E+02  1.6886E+02
0000116   5.0061E+02  1.8396E+02  1.8353E+02
0000117   2.7720E+02 -2.1463E+02  3.6273E+02
0000118   4.1752E+02 -1.4301E+02  3.5549E+02
0000119   4.4245E+02  1.4699E+02  3.9153E+01
0000120   3.0444E+02  3.1855E+01  2.7992E+02
0000121   3.2327E+02 -2.7250E+01 -6.7422E+01
0000122   3.2881E+02  4.5784E+01 -8.9964E+01
0000123   3.0916E+02  4.0006E+00 -2.1808E+02
0000124   4.7964E+02 -2.9879E+02  2.1258E+02
0000125   1.7119E+02  1.8592E+01 -2.6635E+02
0000126   2.6155E+02 -1.9173E+02 -2.0050E+02
0000127   2.6259E+02  8.7534E+01 -3.1384E+02
0000128   2.2797E+02  3.0971E+02 -2.2535E+02
0000129   4.5803E+02 -1.4451E+02 -2.2343E+02
0000130   2.1714E+02  2.7451E+02 -4.7214E+01
0000132   3.5251E+02  9.2748E+01  3.1870E+02
0000133   4.0341E+02 -1.7776E+02  4.1470E+02
0000134   1.0787E+02 -4.6832E+02 -2.5553E+02
0000135   8.3389E+01  9.6241E+00 -4.5830E+02
0000136   2.7985E+02 -3.6990E+01  3.8651E+01
0000137   2.7388E+02 -1.5948E+02  3.1009E+02
0000138   5.2335E+02 -2.2462E+02 -1.1056E+02
0000139   6.3655E+02 -4.6284E+01  1.7888E+02
0000140   4.5032E+02  2.1409E+02  1.7450E+02
0000141   2.2482E+02 -7.8268E+01  4.8309E-01
0000142   1.7157E+02  2.6146E+01  3.8875E+01
0000143   2.7754E+02  1.7202E+02 -2.1955E+02
0000144   7.9108E+01 -1.1830E+02 -4.4735E+01
0000145   7.1007E+02 -2.3991E+02  3.8024E+01
0000146   2.5850E+02  3.4438E+02  3.8320E+02
0000147   2.3804E+02 -4.6645E+01 -3.6583E+02
0000148   3.7852E+02 -9.1610E+01 -6.9779E+01
0000149   1.2789E+02 -1.3746E+01 -1.1941E+01
0000150   4.0733E+02 -6.6190E+01 -5.0515E+00
0000151   2.1593E+02  5.2813E+02  1.1971E+02
0000152   4.1954E+02  2.1276E+02 -2.2448E+01
0000153   2.6751E+02 -3.4604E+02 -3.1735E+00
0000154   5.7495E+02 -2.3845E+02  1.4283E+02
0000155   2.6188E+02  4.5043E+02  2.6875E+01
0000156   5.8822E+02  5.8486E+01 -1.8130E+02
0000157   3.5202E+02  5.5017E+02  1.3804E+02
0000158   7.6687E+02  1.4925E+02  2.6530E+02
0000159   6.0629E+02  2.2969E+02 -2.0555E+01
0000160   5.6392E+02 -4.8731E+02  2.9813E+02
0000161   5.0346E+02 -3.0041E+02  5.7962E+01
0000162   3.6452E+02  1.7632E+02 -3.9695E+02
0000163   2.5904E+02  1.6729E+02  1.3655E+02
0000164   4.4197E+02 -2.7668E+02  3.4687E+01
0000165   4.1194E+02  2.1314E+02 -3.1098E+02
0000166   6.7956E+02  1.0506E+02 -3.5666E+02
0000167   2.4585E+02  2.4870E+02 -1.6773E+02
0000168   5.1059E+02 -4.7850E+02  2.6278E+02
0000169   7.6823E+02  1.5681E+01 -4.7009E+02
0000170   2.8281E+02  2.2265E+02 -4.5287E+01
0000171   7.1978E+02 -7.3782E+01  3.4545E+01
0000172   3.1131E+02  1.9790E+02 -1.0997E+02
0000173   2.4917E+01 -2.4736E+01 -1.3409E+02
0000174   4.7814E+02 -1.1149E+02  3.1914E+02
0000175   3.5766E+02 -2.2711E+02 -1.5646E+02
0000176   4.0699E+02 -1.6191E+02  3.1097E+02
0000177   7.1362E+01 -1.2829E+02 -1.4194E+02
0000178   6.6107E+02 -9.5617E+01  3.1002E+01
0000179   6.5286E+02 -3.3789E+02  7.0958E+01
0000180   4.3242E+02 -2.7249E+02 -4.4889E+01
0000181   7.3336E+02  3.2824E+01  9.5486E+01
0000182   6.1249E+02 -3.0751E+02  2.7023E+02
0000183   2.8591E+02 -2.8689E+02  8.4864E+01
0000184   1.7061E+02 -1.9716E+00 -3.4761E+01
0000185   2.1422E+02 -3.4427E+02 -1.4824E+02
0000186   6.6852E+02 -4.5179E+02  5.3152E+01
0000187   3.5123E+02 -3.6959E+02 -2.5979E+02
0000188   2.8285E+02 -9.1426E+01  1.6098E+02
0000189   4.4856E+02 -2.3412E+02  1.2110E+02
0000190   4.0926E+02  2.0249E+02  1.2758E+02
0000191   8.1868E+01  1.7962E+02 -1.0303E+02
0000192   3.4151E+02 -9.9557E+01  1.2434E+02
0000193   3.8672E+02 -1.6418E+02 -1.0329E+02
0000194   5.2166E+02  1.8187E+02  2.0145E+02
0000195   9.2485E+02  2.0272E+02  1.9725E+01
0000196   8.5303E+01 -2.9458E+02 -3.1660E+02
0000197   5.5566E+02  2.3552E+02 -2.3317E+02
0000198   2.5713E+02  3.0431E+01 -4.8470E+01
0000199   5.7528E+02 -3.4886E+02  4.1001E+01
0000200   5.3602E+02  2.2809E+02 -1.0362E+02
0000201   3.9906E+02 -1.2441E+02  1.3050E+02
0000202   6.5626E+02  1.2130E+02 -7.1645E+01
0000203   6.1755E+02 -1.4008E+02  7.8127E+01
0000204   4.4261E+02 -2.4216E+02  7.5514E+01
0000205   4.6332E+02 -2.7564E+02 -3.4284E+02
0000206   3.1975E+01  1.1618E+02 -9.2620E+00
0000207   6.1262E+02  3.3755E+02  4.3891E+01
0000208   5.3592E+02  2.1270E+01 -1.3056E+02
0000209   1.6302E+02 -1.0146E+02  2.6754E+02
0000210   2.5363E+02  2.1679E+02  3.7661E+02
0000211   2.0462E+02  6.0639E+01  2.5327E+01
0000213   2.9989E+02  6.3755E+01 -5.7940E+02
0000214   1.6321E+02  2.0690E+02  2.9976E+02
0000215   2.7481E+02 -2.2026E+02  8.1506E+01
0000216   2.0054E+02 -1.6283E+02 -4.2235E+01
0000217   7.3815E+01  2.6643E+02  4.8096E+02
0000218   1.2683E+02 -5.1935E+02  4.8102E+01
0000219   3.4821E+02  5.3689E+01  1.2261E+02
0000220   3.7259E+02  1.0279E+02 -2.1826E+02
0000221   3.0309E+02  3.5312E+02 -3.1875E+01
0000223   3.8601E+02  4.0154E+02 -1.3477E+02
0000224   3.5856E+02 -2.0673E+02 -6.8644E+01
0000225   4.7242E+02  2.1350E+02 -4.8173E+01
0000226   4.6211E+02 -1.2276E+02 -8.7370E+01
0000227   2.2797E+02  6.3875E+01  3.0896E+02
0000228   6.0058E+02 -2.3786E+02  2.8050E+02
0000229   4.0055E+02 -3.0476E+02 -1.0426E+02
0000230   3.3687E+02  1.8956E+02 -2.2093E+02
0000231   5.4514E+02  4.0935E+02  1.8314E+02
0000232   5.5096E+02  2.3988E+02 -2.7014E+02
0000233   3.7241E+02  1.0841E+02  5.6145E+01
0000234   5.1196E+02 -2.4904E+02 -1.2278E+02
0000235   6.9041E+02  1.3057E+02  2.0706E+02
0000236   4.0037E+02 -5.0261E+01  9.3000E+01
0000237   4.8670E+02  1.6732E+02 -1.2044E+02
0000238   7.0914E+01 -8.4529E+01  1.2072E+02
0000239   5.8850E+02 -7.9086E+00  5.8008E+01
0000240   5.6932E+02 -2.0319E+02 -5.2764E+01
0000241   8.8350E+02 -9.5854E+01 -1.4096E+02
0000242   1.0424E+02 -1.2087E+02  1.8227E+02
0000243   1.2572E+02 -4.6747E+02  2.5273E+02
0000244   3.6277E+02 -1.4957E+02 -3.7029E+02
0000245   1.9587E+02 -1.0954E+01 -9.9503E+00
0000246   4.4188E+02  9.2302E+01  2.2347E+02
0000247   3.3551E+02 -2.2711E+01  3.0540E+02
0000248   7.5352E+02  3.2918E+02  1.5800E+01
0000249   6.0490E+02  6.2101E+01 -7.6948E+01
0000250   6.1969E+02  2.4241E+02 -3.8299E+02
0000251   3.3613E+02  1.0112E+02 -1.2560E+02
0000252   2.8091E+02 -1.8705E+02  1.3177E+02
0000253   3.4528E+02 -6.5560E+01  1.8038E+02
0000254   3.7855E+02  3.5215E+02  7.4985E+01
0000255   2.7235E+02  5.1661E+01 -5.7786E+01
0000256   6.0771E+02 -2.4947E+02 -7.4112E+01
0000257   2.8085E+02 -8.8578E+01  6.2841E+01
0000258   1.8546E+02 -8.3984E+01  2.3123E+02
0000259   3.0688E+02 -2.1246E+02 -2.2012E+02
0000260   2.7117E+02  2.2652E+02  1.8894E+02
0000261   5.7246E+02 -3.2450E+02  1.0752E+01
0000262   2.2596E+02  4.3238E+02  1.5440E+02
0000263   4.0985E+02  1.7431E+01 -1.4930E+02
0000264   5.8263E+01  4.9869E+01  3.6448E+02
0000265   3.2355E+02  4.0308E+01 -1.0219E+02
0000266   2.5638E+01  3.2391E+02  2.2118E+02
0000267   6.9554E+02 -7.6907E+01  2.7732E+02
0000268   1.8047E+02 -1.6176E+02 -1.6490E+02
0000269   3.9052E+02 -7.5293E+01  2.2101E+02
0000270   7.3215E+02 -2.4350E+02 -1.3737E+02
0000271   1.1235E+02  3.7629E+01 -1.2004E+00
0000272   1.0028E+02 -2.9116E+02  1.5494E+02
0000273   8.4212E+01  1.4029E+01  1.7941E+02
0000274   3.9710E+02  4.7981E+01 -2.3513E+02
0000275   2.9757E+02 -5.3441E+02 -2.8382E+01
0000276   3.1809E+02 -2.3719E+02 -2.7194E+01
0000278   1.1059E+02  7.0473E+01  4.9853E+01
0000279   3.0085E+02 -4.1031E+02  4.0913E+01
0000281   4.6118E+02  2.3252E+02 -2.1331E+02
0000282   5.6551E+02  5.6446E+02  2.8211E+01
0000283   6.0055E+02 -5.7981E+01 -2.7929E+02
0000284   7.8205E+02 -6.5364E+01 -2.7361E+02
0000285   9.0799E+02 -1.8581E+02 -6.0457E+01
0000286   4.4429E+02  1.6191E+02  7.8772E+01
0000287   5.4290E+02  8.2933E+01  1.9329E+02
0000288   1.8621E+02 -3.3521E+01 -3.8353E+02
0000289   5.0056E+02 -3.7616E+02 -3.4089E+02
0000290   3.7286E+02 -1.9821E+01 -1.7533E+02
0000291   4.7756E+02  1.9870E+02 -2.5718E+02
0000292   1.0778E+02  2.6411E+02 -1.7677E+02
0000293   4.1357E+02 -1.0240E+01  5.1562E+01
0000294   8.4956E+02  2.0604E+00 -1.7964E+02
0000295   4.3469E+02 -2.6615E+02 -5.2595E+01
0000296   1.2557E+02 -2.2762E+02  3.0608E+01
0000297   1.2444E+02 -2.6273E+02  3.9886E+01
0000298   3.7900E+02 -3.9256E+01  2.3353E+02
0000299   4.7436E+02  3.8527E+02  3.0935E+02
0000300   6.4559E+02  1.6248E+02  2.6670E+02
0000301   5.2102E+02 -1.3061E+02  3.5360E+02
0000302   4.2328E+02  1.6994E+02  7.9504E+01
0000303   1.2301E+02  6.5162E+01  4.2011E+01
0000304   5.0383E+02  1.2645E+02  5.6098E+01
0000305   1.2547E+02  8.7472E+00 -2.0269E+02
0000306   3.0151E+02  4.6804E+02 -6.2707E+01
0000307   4.2378E+02  2.0953E+02  3.0494E+01
0000308   2.6409E+02 -3.9537E+02  4.1169E+00
0000309   4.4434E+02 -1.3754E+02  7.8465E+01
0000310   2.5179E+02 -6.5441E+01 -1.7466E+02
0000312   6.4053E+02  1.7798E+01  3.9881E+01
0000313   3.0906E+02 -3.1898E+01  2.3750E+02
0000315   3.9753E+02 -1.2104E+02  3.2395E+02
0000316   4.9291E+02 -1.4803E+02  1.0738E+02
0000317   8.8665E+02 -1.2125E+02  2.4934E+02
0000318   7.1844E+02  4.5734E+01 -2.0847E+02
0000319   2.5340E+02 -3.9425E+02 -1.4560E+02
0000320   6.6031E+02  1.6590E+02  3.4839E+02
0000321   3.6513E+02 -2.1333E+01  4.1705E+02
0000322   1.8981E+02 -9.0200E+01 -1.4204E+02
0000323   1.8274E+02 -7.8928E+01 -2.4051E+02
0000324   6.3602E+02  4.5063E+00  3.1479E+01
0000325   3.3902E+02 -4.7288E+01  9.0182E+01
0000326   1.9332E+02 -1.9995E+02 -6.0676E+01
0000327   2.9617E+02 -7.6685E+01  6.2317E+01
0000328   4.6684E+02  1.4168E+02 -3.1283E+02
0000329   6.2466E+02 -5.7916E+01  5.3655E+02
0000330   1.8544E+02 -1.8935E+01 -9.2484E+01
0000331   4.0586E+02  3.2773E+02 -3.7079E+01
0000333   4.6014E+02 -6.5297E+01 -1.0914E+02
0000334   3.6559E+02  1.0947E+02  5.6564E+01
0000335   5.8327E+02  1.7419E+02 -1.4800E+02
0000336   3.1436E+02  1.6483E+02 -9.8361E+01
0000337   5.0318E+02  2.4993E+02 -2.5118E+02
0000338   5.8818E+02 -3.5605E+02 -2.1347E+02
0000339   5.7431E+02  3.2070E+01  3.6733E+02
0000340   5.7238E+02 -7.5877E+01  4.4800E+00
0000341   2.8363E+02 -1.5902E+02  2.2022E+02
0000343   4.0861E+02 -5.0181E+02  3.6455E+02
0000344   1.1729E+02  1.3693E+02  1.7149E+02
0000345   3.1472E+02  1.4957E+02 -3.5685E+02
0000346   5.0449E+02 -1.4448E+02  3.7617E+01
0000347   7.7140E+02 -1.8342E+02  5.4738E+02
0000348   6.0026E+02 -1.0829E+02  1.8440E+02
0000349   5.2683E+02  2.2782E+02 -2.3134E+02
0000350   5.4453E+02 -1.6949E+02 -1.6475E+02
0000351   4.5211E+02  1.7600E+02  3.5313E+01
0000352   3.3456E+02  1.3741E+02 -2.4305E+02
0000353   1.5066E+02  9.3065E+01  8.5029E+01
0000354   4.5450E+02  2.2664E+02  9.5948E+00
0000355   3.8620E+02 -2.3618E+02  3.2956E+02
0000356   9.2361E+01 -6.1428E+01 -8.7621E+01
0000357   4.8810E+02 -9.5481E+01 -1.6128E+02
0000358   4.1836E+02  1.8060E+02 -2.7592E+01
0000359   6.6837E+02 -1.9839E+02 -6.1884E+01
0000360   3.2806E+02  2.1245E+02  9.4191E+01
0000361   1.9066E+02  3.3815E+02 -3.3479E+02
0000362   1.1054E+02  1.5592E+02 -6.4644E+01
0000363   3.5859E+02 -7.1604E+01 -1.1691E+02
0000364   3.8788E+02 -1.9883E+02  1.6604E+02
0000365   6.0074E+02 -3.1483E+02 -1.2163E+02
0000366   7.4151E+02  1.4057E+02 -1.3765E+02
0000367   2.4143E+02 -2.2526E+02 -9.1843E+01
0000368   3.7574E+02 -3.1844E+02 -3.3200E+01
0000369   4.0864E+02  2.5351E+02 -6.8221E+01
0000370   7.2778E+02  1.9782E+02 -1.0236E+02
0000371   5.8474E+02 -1.3336E+02  2.5219E+02
0000372   6.8025E+01 -2.6771E+01  2.7961E+02
0000373   6.1981E+02  2.5474E+02 -3.1140E+01
0000374   4.1939E+02  1.6154E+01  1.1755E+02
0000375   5.8476E+02  8.5060E+01 -3.8005E+02
0000376   2.4271E+02 -2.9987E+02  4.6578E+00
0000377   2.6080E+02  1.8106E+02  1.5449E+02
0000378   2.3456E+02  8.4074E+02  2.2742E+02
0000379   6.1098E+02  6.0991E+02  3.6889E+02
0000380   4.0174E+02  5.1319E+02  5.9773E+01
0000381   4.3875E+02  3.1908E+02 -1.2249E+01
0000382   2.6930E+02  2.5913E+02 -1.9984E+02
0000383   3.5279E+02 -9.7161E+01 -3.3265E+02
0000384   2.9054E+02  4.8648E+00 -1.6354E+02
0000385   5.1835E+02  6.8372E+01 -4.0529E+01
0000386   3.6768E+02  2.3090E+02  1.7562E+02
0000388   6.1712E+02  2.0244E+02  4.0958E+02
0000389   4.0312E+02 -2.3734E+02  3.4627E+01
0000390   4.3124E+02  4.3489E+02 -1.3361E+02
0000391   3.4655E+02 -4.2256E+01  4.1209E+01
0000392   5.1846E+02 -3.6890E+02 -2.2595E+02
0000393   2.7204E+02  4.9676E+02 -8.3788E+01
0000394   5.1956E+02 -2.7001E+02 -2.0623E+02
0000395   7.9721E+01  5.8608E+01 -1.4589E+02
0000396   2.1809E+02  5.4205E+01  1.1834E+02
0000397   7.1273E+02  1.1218E+02 -1.3275E+01
0000398   3.1518E+02  2.8996E+02  2.5033E+02
0000399   2.0800E+02  1.8475E+02  2.5013E+02
0000400   7.3353E+01 -3.0552E+02  8.9796E+01
0000401   5.5928E+02  1.0115E+02 -2.1988E+02
0000402   1.1358E+02 -8.1390E+00  5.6568E+02
0000403   1.6985E+02 -7.9420E+01  5.1259E+01
0000404   4.0187E+02  7.1499E+01 -6.2564E+01
0000405   4.6490E+02 -3.8185E+02  8.5670E+01
0000406   5.1265E+02  3.6533E+01 -1.7720E+02
0000407   5.7661E+02 -3.5201E+02 -2.1182E+02
0000408   7.0534E+02 -9.5067E+01  3.5669E+01
0000409   8.1612E+01 -2.1266E+02 -9.8104E+00
0000410   9.2877E+01 -3.8676E+01 -1.7365E+02
0000411   3.4319E+02 -3.7126E+02 -1.5367E+02
0000412   3.3355E+02 -2.1756E+02  5.2716E+01
0000414   4.5780E+02 -2.5594E+01 -1.2303E+02
0000415   6.0567E+02  2.0707E+02 -3.0539E+02
0000416   2.6786E+02  2.4792E+02 -2.3303E+02
0000417   3.3819E+02 -1.1145E+02 -2.0101E+02
0000418   4.7009E+02  3.1602E+02 -1.6638E+02
0000419   6.1963E+02  6.6856E+01  1.6843E+02
0000420   4.9343E+02 -2.3480E+02 -5.1499E+01
0000421   1.4702E+02  4.3407E+01 -3.8448E+01
0000422   8.8493E+02 -2.7776E+02 -9.6196E+01
0000423   4.5429E+02  5.0462E+01 -8.7492E+01
0000424   2.0564E+02 -1.7691E+02 -2.7589E+01
0000425   7.5578E+02 -3.4153E+00 -3.5339E+02
0000427   6.0636E+02  1.9198E+02 -3.2512E+02
0000428   5.3361E+01 -1.5209E+02 -3.7071E+02
0000429   6.8445E+02  3.1057E+02 -3.0848E+02
0000430   4.1520E+02  2.3040E+02 -5.0877E+02
0000431   5.7396E+02 -2.1241E+01  2.8382E+02
0000432   2.5529E+02 -5.4109E+01  5.5761E+01
0000433   4.3777E+02  5.4969E+02  1.5730E+02
0000434   2.9208E+02  1.4837E+02  2.6917E+01
0000435   2.1021E+02 -1.5345E+02  3.3979E+01
0000436   7.7269E+02  7.7389E+01  2.2393E+02
0000437   2.9466E+02 -2.9913E+02  1.3354E+02
0000438   4.0103E+02 -8.4991E+01  2.9683E+01
0000439   1.5342E+02  7.8494E+01 -6.5717E+00
0000440   2.5715E+02 -1.2620E+02  4.2940E+02
0000441   7.2103E+02  1.5550E+02  2.2993E+02
0000442   3.3751E+02  1.0421E+02  1.6330E+02
0000443   4.6562E+02  9.5691E+01 -2.9746E+01
0000444   3.8877E+02  3.2205E+02  7.0614E+01
0000445   5.6725E+02  2.2458E+02  2.3828E+02
0000446   3.0445E+02  7.8358E+01 -7.4337E+01
0000447   4.7180E+02 -2.3480E+02 -3.3448E+02
0000448   2.4989E+02 -5.9959E+02 -1.5500E+02
0000449   3.0786E+02  4.2554E+02  5.1409E+02
0000450   2.1144E+02 -2.5236E+02  3.2501E+02
0000451   3.2311E+02 -2.8298E+01  1.2762E+02
0000452   2.5663E+02  4.3883E+01  3.9777E+02
0000453   3.6556E+02 -7.7923E+00 -1.3190E+02
0000454   3.4559E+02  4.7426E+01 -2.6190E+02
0000455   5.7488E+02  5.8196E+01 -1.4688E+02
0000456   6.5123E+02  4.4560E+01  5.5360E+01
0000457   1.6540E+02 -4.7870E+01  3.8071E+02
0000458   1.0495E+02 -9.9708E+00 -2.7480E+02
0000459   2.4620E+02 -1.0406E+02 -1.6091E+02
0000460   1.1213E+02 -3.0576E+01  1.1099E+02
0000461   3.4693E+02 -3.5043E+00 -2.8422E+02
0000462   3.9199E+02  9.1083E+01  3.6652E+02
0000463   6.8907E+02 -4.6883E+00  1.3981E+02
0000464   2.5215E+02  5.2101E+01 -3.8698E+01
0000465   3.7120E+02 -1.7952E+02  4.8476E+02
0000466   1.1414E+02 -3.7730E+02  1.3625E+01
0000467   7.4628E+02 -4.5076E+01  3.6596E+02
0000469   3.9132E+02  2.3106E+02 -1.1135E+02
0000470   6.0733E+02 -2.2667E+02 -1.9025E+02
0000471   2.1963E+02  3.7610E+02  1.7207E+02
0000472   1.6570E+02  2.9120E+02  2.2648E+02
0000473   3.3827E+02 -9.0049E+01  1.3269E+01
0000474   5.7822E+02  3.0023E+02  8.7498E+01
0000475   2.8433E+02  5.6009E+02 -1.4946E+02
0000476   4.1497E+02  7.8861E+01 -3.0702E+02
0000477   3.8494E+02 -2.7900E+02 -1.3303E+02
0000478   6.5006E+02 -2.5387E+02  7.6893E+01
0000479   5.2849E+02 -2.5995E+02 -1.6791E+02
0000480   2.0745E+02 -4.7736E+01 -1.8591E+02
0000481   7.8530E+02 -2.4208E+02 -1.9120E+02
0000482   4.6204E+02  4.5046E+01 -2.7667E+02
0000483   5.3243E+02 -4.1246E+02 -1.1989E+01
0000484   1.7701E+02 -4.9855E+02  1.5404E+02
0000485   1.5663E+02 -2.1095E+02 -4.2561E+00
0000486   7.5532E+02  1.9523E+01 -8.5364E+01
0000487   7.4744E+02 -3.2552E+01  3.3826E+01
0000488   5.2749E+02 -2.8278E+02 -2.8276E+02
0000489   4.7287E+02 -3.9137E+02  5.7807E+02
0000490   1.4889E+02 -1.5868E+02  1.4292E+02
0000491   2.9248E+02  2.4669E+02  1.9621E+02
0000493   1.9692E+02  9.6575E+00  1.6979E+02
0000494   7.6481E+02  2.4313E+02 -1.0869E+01
0000495   3.1970E+02  2.4364E+01  7.2860E+00
0000496   5.3085E+02  4.3825E+01  1.5658E+02
0000497   2.1561E+02  1.5046E+02 -1.5661E+02
0000498   2.9274E+02  2.1427E+02  1.4924E+02
0000499   4.7415E+02  1.4610E+02  1.2310E+01
0000500   5.4535E+02  7.2294E+01  7.7303E+00
0000501   3.9144E+02  1.0115E+02  5.1610E+01
0000503   3.1119E+02  2.4017E+01 -5.1045E+01
0000504   1.6950E+02 -5.1459E+02 -1.3525E+02
0000505   4.1654E+01  2.2463E+01  2.3614E+02
0000506   7.1600E+02  1.6604E+02  4.6418E+01
0000507   1.3651E+02 -1.5098E+01  3.4552E+02
0000508   5.9771E+02 -3.9774E+02  3.7213E+02
0000510   2.2222E+02  2.3789E+02 -4.1019E+02
0000511   4.8496E+02  3.2004E+02  5.1138E+01
0000512   8.7088E+01  2.2312E+02  1.6200E+02
0000513   5.2070E+02  2.9756E+01  7.8663E+01
0000514   2.1604E+02 -8.0847E+01 -3.2731E+01
0000515   5.0925E+02  6.6659E+01 -2.4492E+01
0000516   2.0629E+02 -1.4691E+02 -1.3988E+02
0000517   7.1666E+02  2.1005E+02 -1.3704E+02
0000518   2.5461E+02  8.4186E+00 -1.5229E+02
0000519   2.4602E+02 -1.6996E+00  1.5715E+02
0000520   2.1206E+02 -5.0815E+01 -1.8061E+02
0000521   5.4330E+02 -7.0510E+00 -5.3876E+01
0000522   8.0494E+02 -3.0278E+02  2.0945E+02
0000523   3.1721E+02 -5.0098E+01 -3.4570E+01
0000524   3.6754E+02 -1.1720E+01 -3.2529E+02
0000525   1.8693E+02 -8.8705E+01 -2.7681E+02
0000526   2.8265E+02 -1.7343E+02  2.0247E+01
0000527   4.9016E+02  3.0153E+02  1.5651E+01
0000528   2.9043E+02  1.2078E+02  2.2114E+02
0000529   3.5693E+02  1.0658E+02  3.2446E+02
0000530   9.0587E+01  1.5590E+02  4.3692E+02
0000531   7.8108E+01 -1.9366E+02 -1.5639E+02
0000532   4.3925E+02 -7.4203E+01  2.2288E+02
0000533   2.8212E+02  3.3593E+02 -2.2917E+02
0000534   4.1064E+02 -6.1711E+01  3.1031E+02
0000535   6.6726E+02 -2.2165E+01 -2.5613E+02
0000536   6.5982E+02  4.9882E+01  9.9532E+01
0000537   4.0119E+02 -2.9364E+02  1.9700E+02
0000538   2.2919E+02  1.0045E+02 -2.9068E+01
0000539   2.3905E+02 -3.9798E+00  5.7005E+02
0000540   7.4698E+02 -2.9308E+01 -1.5038E+02
0000541   3.6971E+02  2.1065E+02 -1.3933E+02
0000542   1.8841E+02  3.4357E+01  3.3856E+01
0000543   2.0813E+02  2.2242E+02 -9.5189E+01
0000544   5.1466E+02 -1.9260E+02  3.5300E+01
0000545   2.0216E+02 -1.9003E+01  2.9417E+01
0000546   6.7284E+02  2.0807E+02  4.5842E+02
0000547   4.6192E+02  7.2306E+01 -5.9748E+02
0000548   3.9422E+02  1.1732E+02 -3.8293E+02
0000549   5.1563E+02 -1.4095E+02  2.6981E+02
0000551   2.3163E+02 -1.2367E+02  3.7692E+02
0000552   2.9825E+02 -3.3155E+02  1.7918E+02
0000553   2.9157E+02  1.3778E+02 -3.0310E+02
0000554   2.4835E+02 -9.7599E+01  4.6364E+02
0000555   2.6102E+02  5.2625E+01 -2.4421E+02
0000556   7.7026E+01 -2.2475E+02 -6.5114E+01
0000557   6.3887E+02 -2.8979E+02  2.9895E+02
0000558   3.8357E+02  4.6716E+02  4.2840E+02
0000559   4.0347E+02  4.2641E+01 -3.5246E+01
0000560   7.5553E+02  4.1499E+01  1.3029E+01
0000561   1.0675E+02 -2.3104E+02  1.5722E+02
0000562   3.6562E+02  6.0293E+01 -8.3192E+01
0000563   3.1030E+01  8.4817E+01  2.4733E+02
0000564   2.9391E+02 -2.0221E+02 -2.1121E+02
0000565   2.0361E+02  1.0517E+02 -1.2410E+02
0000566   8.1042E+01  1.5727E+02  3.2626E+02
0000567   2.8217E+02  2.0972E+02 -2.6150E+01
0000568   1.1976E+02 -3.3441E+02 -2.8846E+01
0000569   2.5884E+02  1.1328E+02  2.9646E+02
0000570   4.7336E+02 -6.8933E+01 -1.0831E+02
0000571   2.8927E+02 -9.0228E+01  3.0686E+02
0000572   2.2128E+02  1.5083E+02 -2.3254E+01
0000573   1.4807E+02  1.7761E+01  9.8971E+00
0000574   7.0550E+02 -9.3892E+01 -8.1408E+01
0000575   6.1711E+02 -2.3052E+02  1.2010E+02
0000576   2.8176E+01 -3.2710E+02 -2.3663E+02
0000577   6.3079E+02 -1.0545E+02 -5.7658E+01
0000578   3.7570E+02  8.0934E+01  2.5418E+02
0000579   3.8736E+02  2.7749E+02 -2.6094E+02
0000580   2.9865E+02  2.1380E+02 -3.1294E+02
0000581   5.3965E+02  3.3127E+02  1.1839E+02
0000582   5.1355E+01 -2.4061E+02  1.5557E+02
0000583   4.0402E+02  4.6282E+02 -7.2410E+01
0000584   2.9545E+02 -1.3880E+02  1.3321E+02
0000585   2.3132E+02  3.7345E+02 -4.7264E+01
0000586   3.1300E+02  2.3706E+02  6.2116E+02
0000587   2.1766E+02 -1.7822E+02 -2.4197E+02
0000588   2.4033E+02  2.9170E+01  2.9594E+02
0000589   5.5748E+02  2.0230E+02  8.2859E+01
0000590   4.2962E+02 -1.4853E+02  2.8150E+02
0000591   7.0309E+02 -1.7858E+02  9.5587E+01
0000592   3.9620E+02  7.9365E+01 -1.6734E+02
0000593   4.2392E+02 -1.9297E+02 -2.6844E+02
0000594   4.7801E+02 -1.8905E+02 -3.1172E+02
0000595   4.5347E+02 -1.7576E+02  4.3890E+02
0000596   4.8107E+02 -8.8151E+01  3.5645E+02
0000597   4.9807E+02  2.5378E+02  2.1420E+02
0000598   6.1085E+02  2.3852E+01  7.8480E+01
0000599   5.9987E+02  4.8189E+01 -1.8168E+02
0000600   8.7131E+01  4.0407E+02 -2.4082E+02
0000602   3.8374E+02 -3.0587E+02 -7.7366E+01
0000603   5.8487E+02  2.7387E+02 -1.4999E+02
0000604   5.8758E+02  1.0315E+02 -1.3529E+02
0000605   2.6181E+02  3.3751E+02 -5.2192E+01
0000606   3.2193E+02  3.7914E+02 -3.2700E+01
0000607   1.9977E+02 -3.5781E+02  1.4049E+02
0000608   5.9206E+02 -4.6422E+02  2.9548E+02
0000609   4.4671E+02  3.8144E+02 -4.3621E+02
0000610   4.4961E+02  2.7931E+02 -1.5685E+02
0000611   1.5907E+02 -3.6087E+01  1.0772E+02
0000612   3.7407E+02 -8.6199E+01  1.3919E+02
0000613   1.9515E+02 -1.7703E+02  9.0350E+01
0000614   6.7639E+02  8.9670E+01  1.4994E+02
0000615   5.3038E+02  5.4586E+02  6.0362E+01
0000617   2.8593E+02  1.5505E+02  2.1880E+02
0000618   4.9685E+02  3.2331E+02 -9.7293E+01
0000619   5.6718E+02 -9.3630E+00 -2.4872E+02
0000620   5.6610E+02  3.8994E+02 -5.6272E+01
0000621   3.2694E+02  3.2850E+02  2.5719E+02
0000622   3.5247E+02 -1.8879E+02 -2.8655E+02
0000623   2.3616E+02 -1.6327E+02 -1.3374E+02
0000624   4.6993E+02 -5.7748E+00 -3.2360E+02
0000625   1.4939E+02  7.6204E+01 -7.9684E+01
0000627   4.9540E+01 -3.4052E+02 -1.2915E+01
0000628   2.1383E+02  7.2489E+01 -5.8960E+01
0000629   1.7546E+02 -3.1832E+02  3.7845E+02
0000630   7.5966E+02 -1.4321E+02 -1.1468E+02
0000631   4.5881E+02 -2.6212E+02 -1.3976E+01
0000632   4.6644E+02  1.3975E+02 -5.0312E+01
0000633   3.5521E+02  3.1153E+02  4.4165E+02
0000634   2.6328E+02  6.3812E+01 -2.0558E+02
0000635   1.7570E+02 -3.3214E+02 -1.5955E+02
0000636   3.8954E+02  1.4234E+02  1.6548E+02
0000637   1.1487E+02  1.0917E+02 -5.7531E+01
0000638   4.8614E+02  1.1675E+02  1.5050E+02
0000639   1.8026E+02 -4.5433E+02  1.7556E+02
0000640   4.8590E+02 -3.2634E+01  6.1971E+01
0000641   5.2960E+02 -1.2203E+02  4.9307E+01
0000642   9.7469E+01 -4.0589E+02 -3.9639E+02
0000644   3.0107E+02 -1.3377E+02  9.0175E+01
0000645   4.6909E+02  2.5280E+01  3.4266E+02
0000646   3.3828E+02  3.3754E+02  4.5285E+02
0000647   4.7060E+02 -1.8069E+02  8.5422E+01
0000648   4.9667E+02  4.8204E+02  1.2636E+02
0000649   5.8071E+02 -2.1917E+00  1.1828E+01
0000650   3.2181E+02 -1.6283E+02  1.5048E+02
0000651   2.9557E+02  3.7823E+02 -2.5074E+02
0000652   6.2629E+02 -1.9475E+02  3.7543E+01
0000653   4.9220E+02  2.3897E+02 -5.2953E+02
0000654   4.0449E+02 -1.9536E+02 -3.9206E+01
0000655   5.8928E+02 -9.5779E+01 -2.2524E+02
0000656   1.8801E+02  2.0411E+01 -4.0604E+01
0000657   4.0888E+02  1.2096E+02  5.0893E+01
0000658   4.6728E+02  1.8606E+02 -1.7897E+02
0000659   2.4920E+02  1.0065E+02 -1.7834E+00
0000660   3.9141E+02  2.5202E+02 -3.6123E+02
0000662   6.2184E+02  3.7750E+01 -3.2724E+01
0000663   4.0113E+02  1.8934E+01  7.9774E+01
0000665   1.4140E+02  1.1770E+02 -3.4582E+02
0000667   6.0013E+02  3.7468E+02 -5.1301E+02
0000668   8.0821E+01  1.3211E+02  7.1527E+01
0000669   1.1839E+02 -7.2489E+01 -7.2139E+01
0000670   5.5835E+02 -5.4365E+01  1.1737E+02
0000671   4.6388E+02  2.7193E+01  1.7535E+02
0000672   4.1964E+02  1.0640E+02  4.5163E+01
0000673   4.1856E+02 -8.6740E+01  3.6926E+01
0000674   7.4119E+02  7.3027E+01  9.9053E+00
0000675   5.1583E+02 -4.5277E+02 -1.5384E+02
0000676   4.6400E+02 -2.2809E+02 -5.2024E+02
0000677   4.4124E+02 -4.2511E+01  1.8094E+02
0000678   3.4060E+02 -1.6249E+02 -6.6110E+01
0000679   7.8862E+02  2.4388E+01 -1.9368E+02
0000680   5.6570E+02 -1.5142E+02  6.5123E+01
0000681   3.3284E+02 -9.9763E+01 -1.6692E+02
0000682   2.3152E+02 -2.4432E+02 -1.5721E+02
0000684   4.9838E+02 -1.2814E+02  4.7799E+02
0000685   4.6565E+02 -9.6178E+01 -1.2939E+02
0000686   3.7088E+02 -1.6972E+02 -2.2104E+02
0000687   1.9507E+02  9.7081E+01 -1.9376E+02
0000688   3.1025E+02  1.5861E+02  1.0138E+02
0000689   6.2573E+02  1.6212E+02  3.2961E+02
0000690   5.7840E+02  4.0770E+01  7.6583E+01
0000691   4.0446E+02  3.2959E+02  1.5232E+02
0000692   1.8199E+02 -2.6010E+02  7.7720E+01
0000693   9.5252E+01  3.2301E+01 -1.0354E+02
0000694   1.1671E+02  2.3517E+02  6.2306E+01
0000695   6.4796E+02 -2.7849E+02 -6.0023E+01
0000696   2.1830E+02 -1.0103E+02 -9.4872E+00
0000697   9.2877E+01 -2.4463E+02 -2.6284E+02
0000698   4.1443E+02  4.7618E+01 -9.2829E+01
0000701   4.9468E+02  1.7141E+02  1.7657E+02
0000702   9.5910E+01  2.3219E+01 -1.7326E+02
0000703   7.1988E+02  2.3735E+02 -1.7847E+02
0000704   1.2542E+02 -7.3068E+01 -1.6130E+02
0000705   4.8352E+02  5.7342E+01 -2.4852E+01
0000706   6.0359E+02 -1.4021E+02 -9.2410E+01
0000707   7.9851E+02  9.2509E+01 -1.8548E+02
0000708   3.8200E+01 -4.0914E+01  1.4696E+01
0000709   6.4723E+02  3.0640E+01  1.2238E+02
0000710   5.7943E+02 -8.5241E+01 -2.7635E+02
0000711   3.1946E+02  1.1272E+01  4.4855E+02
0000713   4.4569E+02  1.1152E+02 -6.2841E+01
0000714   3.2685E+02  4.1197E+02 -7.3638E+01
0000715   8.4170E+02  8.6820E+01  2.3961E+02
0000716   1.3713E+02 -1.4453E+01  2.2733E+02
0000717   2.6813E+02 -2.1283E+02  3.4964E+02
0000718   3.8786E+02 -8.1458E+01  1.5174E+02
0000719   2.1212E+02  1.8648E+02 -1.1999E+02
0000720   1.4036E+02  1.1572E+01 -3.8352E+01
0000721   5.8140E+02  8.5467E+01 -4.2368E+02
0000722   5.4921E+02 -3.4635E+01  1.7152E+02
0000723   4.2042E+02 -5.9464E+01  1.8937E+02
0000724   5.4078E+02 -1.6395E+02 -6.6739E+01
0000725   6.4093E+02  1.0112E+01  1.3540E+02
0000726   1.9586E+02 -2.5189E+02  3.0482E+01
0000727   4.1319E+02 -3.3828E+02  7.3340E+01
0000728   1.0055E+02  2.0654E+01  1.1820E+02
0000729   6.9183E+02  6.0295E+01 -2.1022E+02
0000730   6.3228E+02 -3.5877E+02  2.5157E+02
0000731   5.5555E+02  5.2050E+02 -2.6521E+01
0000732   4.2957E+02 -1.3357E+02 -1.4363E+00
0000733   6.3360E+02 -7.6832E+01  3.3700E+02
0000734   1.0290E+02  3.5625E+01  2.3056E+02
0000735   6.7875E+02 -3.0221E+02 -1.7841E+02
0000736   2.8071E+02 -1.5478E+02  1.3382E+02
0000737   8.4166E+02 -2.2751E+02  2.5966E+02
0000738   1.7705E+02  1.0733E+02  1.6028E+02
0000739   2.6260E+02  8.7447E+00  5.0444E+02
0000741   3.1013E+02  2.4320E+01  1.4908E+02
0000742   2.1657E+02 -3.6228E+02 -1.2978E+02
0000743   5.2862E+02  1.4337E+02 -8.7288E+01
0000744   3.0071E+02  2.2825E+02 -2.0258E+02
0000745   3.4177E+02  2.6500E+02 -1.3613E+01
0000747   1.8372E+02  2.0953E+02 -4.1023E+02
0000748   7.8608E+02  5.5715E+00 -2.0669E+01
0000749   5.7721E+02  3.0267E+02  4.8324E+01
0000751   7.3110E+02 -6.7749E+00  9.1141E+01
0000752   2.3892E+02 -9.0026E+01  1.9591E+01
0000753   4.7571E+02 -6.9453E+01  1.6426E+02
0000754   4.7152E+02 -2.7176E+02 -1.8763E+01
0000755   5.8587E+02 -3.4911E+02 -2.0211E+02
0000756   8.5661E+02 -5.1173E+01 -6.9495E+01
0000757   6.9231E+02 -2.6782E+02  3.4178E+02
0000758   6.0078E+01  1.0149E+02  5.3070E+01
0000759   3.0639E+02 -2.4900E+02  1.4511E+02
0000761   4.0588E+02 -7.1787E+00 -4.0098E+02
0000762   4.9647E+02 -2.5885E+02 -2.1174E+02
0000763   5.9272E+02 -1.8369E+01 -6.4068E+01
0000764   3.4578E+02  1.2877E+02 -2.8196E+02
0000765   1.5735E+02  7.5800E+01  1.6230E+02
0000766   3.3906E+02 -2.1811E+02  1.0218E+02
0000767   4.6146E+02 -1.6444E+02  3.7020E+02
0000768   4.1137E+02 -1.8771E+02  1.3185E+02
0000769   2.5688E+02  1.1928E+02 -2.0940E+02
0000770   3.4107E+02  2.7808E+02 -2.3492E+02
0000771   3.1990E+02 -1.5673E+01  1.2349E+02
0000772   3.0835E+02 -2.7227E+02 -4.1246E+02
0000773   4.3946E+02 -9.7450E+01  2.8523E+02
0000774   4.8042E+02  9.2250E+01  1.4829E+02
0000775   5.6055E+02  1.0365E+02  1.0671E+02
0000776   2.7118E+02  1.9340E+02 -1.5642E+01
0000777   5.5414E+02 -9.7277E+01  7.3847E+01
0000778   4.7128E+02 -1.0891E+02 -2.1207E+02
0000779   2.6885E+02  5.4110E+02 -3.1122E+02
0000780   6.8768E+02 -2.7393E+02 -1.8322E+02
0000782   2.9069E+02 -7.5436E+01  1.6681E+02
0000783   5.3966E+02  2.9894E+02 -4.9009E+01
0000784   4.7568E+02 -4.9149E+01 -1.1602E+02
0000785   4.0495E+02  7.8473E+01  1.8974E+02
0000786   2.4218E+02  1.3960E+02 -2.0184E+02
0000787   5.2621E+02  1.9462E+02  1.1484E+02
0000788   1.8275E+02  2.7675E+02 -9.6237E+01
0000789   2.9511E+02  4.3987E+02 -3.0497E+02
0000790   4.8467E+02  2.9119E+02  1.0165E+02
0000791   3.8994E+02 -1.3187E+02 -1.4824E+02
0000792   3.8721E+02  3.4254E+02  7.4995E+00
0000793   2.2714E+02 -4.4170E+02 -2.7246E+00
0000794   2.3259E+02 -1.3574E+02  4.0566E+00
0000795   2.3056E+02 -1.3720E+02  1.4014E+02
0000796   2.8690E+02 -1.6566E+01 -3.8247E+02
0000797   2.2839E+02 -1.3367E+02  1.0905E+02
0000798   3.2563E+02 -8.1779E+01 -2.1183E+02
0000799   7.5113E+01 -2.9986E+02 -1.5632E+02
0000800   8.1769E+01 -4.2551E+00 -2.7928E+02
0000802   2.8297E+02 -4.0345E+02 -5.5570E+02
0000803   4.9324E+02  7.6471E+01 -2.4936E+02
0000804   2.4426E+02 -1.1970E+02  1.7766E+02
0000805   1.8812E+02 -5.0695E+02  1.9041E+02
0000806   1.6535E+02 -2.2784E+02 -4.3074E+02
0000807   5.4737E+02  6.4277E+01 -3.0922E+02
0000808   3.1725E+02  7.1305E+01 -1.7788E+02
0000809   4.8978E+02 -8.1302E-03  3.3016E+02
0000810   8.3997E+00  6.8789E+01  6.3447E+01
0000811   4.6264E+02 -8.9487E+01  4.4605E+02
0000812   2.0066E+02  1.3640E+01 -1.1391E+02
0000813   1.7616E+02 -8.5593E+01  1.3270E+02
0000814   1.3079E+02 -1.6326E+02 -1.9205E+02
0000816   3.6700E+02 -1.4318E+02 -3.2044E+02
0000817   4.4786E+02 -2.8735E+02  5.4046E+02
0000818   7.3090E+01 -2.1605E+02 -3.3502E+01
0000819   1.1419E+02  3.7960E+02  1.5079E+02
0000820   3.8710E+02 -3.8545E+01  2.0803E+02
0000821   6.7574E+02 -1.7313E+02 -9.2754E+00
0000822   6.0774E+02  1.1346E+02  7.0992E+01
0000823   2.5332E+02 -1.0457E+02 -1.4411E+02
0000824   8.1580E+02  2.3046E+02  1.3414E+02
0000825   2.3223E+02 -3.1226E+02 -2.6941E+02
0000826   3.6817E+02 -1.2871E+02  7.1573E+01
0000827   2.2181E+02 -5.2149E+01 -1.6985E+02
0000828   5.1190E+02 -2.1771E+02 -1.0132E+02
0000829   1.6456E+02 -6.1216E+01 -1.1680E+02
0000830   2.6167E+01  4.9952E+00 -1.2805E+02
0000831   3.2372E+02 -1.6918E+02 -1.5929E+02
0000832   4.9928E+02 -1.5183E+01 -2.9080E+02
0000833   2.3233E+02 -2.7530E+02 -4.2884E+01
0000834   1.2682E+02  1.9078E+02  6.4002E+01
0000835   3.7448E+02 -2.7765E+01  5.8254E+01
0000836   5.9826E+02 -2.7570E+01  8.3997E+01
0000837   3.5349E+02  3.2785E+02  2.6509E+01
0000838   7.8691E+02 -6.8372E+01  9.7719E+00
0000839   2.9563E+02  4.7221E+02 -3.4095E+01
0000840   1.8845E+02  1.7697E+01 -2.2906E+01
0000841   4.2285E+02 -9.5128E+01  2.6236E+02
0000842   7.9625E+02  1.0897E+02  4.2259E+01
0000843   5.7651E+02 -1.9198E+02 -3.3500E+02
0000844   4.0851E+02 -3.3926E+01  6.4075E+02
0000845   7.6812E+02  4.9991E+02  6.7202E+02
0000846   6.3312E+02 -1.4160E+01 -9.2718E+01
0000848   1.8467E+02 -1.6039E+01 -3.1020E+01
0000849   4.9542E+02  6.8746E+02 -2.3811E+02
0000850   4.4523E+02  8.8490E+01  4.1879E+02
0000853   5.2062E+02  1.2552E+02  1.0500E+02
0000854   4.2683E+02  1.1584E+02 -1.1681E+02
0000855   2.8429E+02 -2.6241E+02 -1.4573E+02
0000857   6.8319E+02  3.5453E+02 -4.6174E+02
0000858   3.1671E+02 -3.9897E+02 -1.2208E+02
0000859   2.6824E+02 -3.6779E+01 -6.3177E+01
0000860   5.3613E+01  3.3270E+01  2.7924E+02
0000861   7.1958E+02  1.1232E+01 -1.2765E+01
0000862   6.9627E+02 -1.1699E+02  1.4344E+02
0000863   5.5437E+02  1.9692E+02  3.9787E+01
0000864   2.9078E+02 -3.4053E+02  1.4826E+02
0000865   5.2699E+02 -3.5005E+02  4.3832E+01
0000866   6.3029E+02  3.0563E+02  1.3748E+02
0000867   2.9947E+02 -7.6270E+01 -2.5344E+02
0000868   6.3978E+02  3.1545E+01 -2.2723E+02
0000869   5.0411E+02 -1.7084E+02 -2.8921E+02
0000870   4.7290E+02  7.6018E+01  6.4513E+01
0000871   7.4920E+02 -2.4042E+02  1.1147E+02
0000872   4.3329E+02  2.8788E+02 -3.1124E+02
0000873   3.8986E+02 -1.0997E+01 -4.7085E+00
0000874   2.2944E+02 -7.6585E+01  2.7492E+02
0000875   4.5801E+02 -1.4462E+02 -6.3460E+01
0000876   4.0557E+02 -6.3934E+01 -2.8373E+02
0000877   4.3696E+02 -3.8670E+01  1.7560E+02
0000878   2.3860E+02  3.6474E+02 -3.3006E+01
0000879   2.8762E+02 -1.9873E+02  3.1992E+02
0000880   3.2690E+02  1.8594E+02 -2.9179E+01
0000881   1.3934E+02  7.0060E+01 -5.8280E+01
0000882   2.4217E+02  1.9620E+02  7.3856E+01
0000883   7.4395E+02  2.8056E+02 -9.5074E+01
0000884   2.6297E+02  2.0047E+01 -4.0796E+02
0000885   4.4722E+02 -8.3985E+01  8.5789E+01
0000886   3.3460E+02 -1.0934E+02  3.5598E+02
0000887   5.4411E+02  2.5952E+01  3.0533E+01
0000888   6.8401E+02  1.6288E+01 -1.6129E+01
0000889   4.2820E+02 -3.0815E+02  1.1593E+02
0000890   1.5265E+02  3.8565E+02  2.4381E+02
0000891   1.3564E+02 -4.4590E+01 -1.1013E+02
0000892   2.5459E+02 -4.5553E+01 -4.9989E+01
0000893   5.3107E+02 -3.3655E+02  3.6729E+02
0000894   4.1734E+02 -4.1701E+02 -4.0988E+02
0000895   6.0243E+02  1.8447E+02  3.5453E+02
0000896   8.7284E+02 -2.7430E+02  3.3619E+02
0000897   4.5498E+02 -3.9719E+01 -2.5482E+02
0000898   6.1715E+02  2.2845E+02  2.6634E+02
0000899   1.3590E+02  1.1021E+02 -1.1745E+01
0000900   7.1708E+01  4.2422E+02  2.4983E+01
0000901   3.6227E+02 -5.9891E+00  1.6851E+02
0000902   1.3983E+02 -3.1045E+01 -5.9705E+01
0000903   4.6412E+02  3.9026E+02 -8.6530E+00
0000904   3.5889E+02 -6.5027E+02 -2.0020E+02
0000905   5.8243E+02 -7.2414E+01 -7.3022E+01
0000907   4.9325E+02  2.1587E+02  6.8420E+01
0000908   6.0506E+02 -1.8489E+02 -1.7945E+02
0000909   3.4623E+02  2.1706E+01  8.7905E+01
0000910   3.3777E+02  1.7479E+02  2.0420E+02
0000911   2.8910E+01  8.4555E+01  8.7953E+01
0000912   4.7076E+02  7.7763E+01  1.2653E+02
0000913   7.5549E+01  2.6402E+02  2.6858E+02
0000914   1.8738E+02  2.2843E+01  1.3696E+02
0000915   6.8470E+02 -1.3020E+02 -2.7092E+02
0000916   1.4961E+02 -1.3807E+02  2.2689E+02
0000917   7.2593E+02  8.4553E+01  8.1485E+01
0000918   4.6316E+02  1.8655E+02  2.8503E+02
0000919   3.9564E+02 -4.8892E+00 -3.8899E+01
0000920   7.6495E+02  3.4344E+02 -1.7171E+01
0000921   5.4067E+01  1.2157E+02 -3.5445E+01
0000922   7.7166E+02  1.9501E+02 -5.2875E+01
0000923   2.0928E+02 -2.2718E+02 -1.7335E+02
0000924   2.8277E+02 -1.0012E+02 -1.2411E+02
0000925   3.6809E+02 -3.0331E+02 -7.2487E+01
0000926   2.9046E+02  4.1585E+00  4.4148E+02
0000927   4.2012E+02  6.0465E+01  2.2511E+02
0000928   1.4907E+02 -1.1423E+02  5.1922E+01
0000929   6.3822E+02  2.7434E+02 -8.6990E+01
0000930   6.0895E+02 -8.0131E+01 -1.3649E+02
0000931   1.5034E+02 -1.0291E+02 -4.0673E+01
0000932   2.2454E+02 -2.2877E+01  6.1358E+01
0000933   5.3496E+02  1.6292E+02 -4.0779E+02
0000934   4.2438E+02 -9.4169E+01  5.8730E+01
0000935   3.9864E+02 -2.1542E+00  1.3814E+02
0000936   1.6114E+02  2.0465E+02 -4.4685E+02
0000937   4.0657E+02 -6.2846E+01  1.5048E+02
0000938   1.1585E+02 -2.2379E+02 -4.2918E+01
0000939   5.3157E+02 -1.4367E+02 -1.5776E+02
0000940   4.1026E+02  7.0158E+01  8.7510E+01
0000941   6.1893E+02  3.1373E+02 -1.3091E+02
0000942   5.2418E+01 -1.5286E+01  2.0856E+02
0000943   5.6833E+02  2.3287E+02 -2.9433E+02
0000945   5.5016E+02 -2.4639E+02  3.3902E+02
0000946   3.7721E+02  1.8323E+02 -2.2910E+02
0000947   2.7603E+02  8.2816E+01  8.8723E+01
0000948   3.4848E+02 -2.7965E+02 -1.4012E+02
0000949   3.9711E+02  2.9330E+02 -3.1997E+02
0000950   1.1518E+02 -6.0801E+01  5.2608E+02
0000951   6.0210E+02  3.2141E+02 -1.7680E+02
0000952   2.0896E+02  7.6908E+01 -1.1716E+00
0000953   3.2701E+02 -2.6912E+01 -1.8590E+02
0000954   5.9432E+02 -2.2425E+01 -4.4280E+01
0000955   3.6166E+02 -1.3862E+02 -2.0933E+01
0000957   3.2909E+02  1.7934E+02 -6.6077E+01
0000958   2.9964E+02 -7.9222E+01 -2.4362E+02
0000959   4.3457E+02  1.0806E+02 -1.5136E+02
0000960   1.3523E+02  4.0087E+02 -2.6700E+01
0000961   2.6199E+02  8.3063E+01  2.5272E+01
0000962   5.9865E+02 -4.9833E+01 -6.6670E+01
0000963   2.1776E+02 -2.0245E+02  3.5155E+02
0000964   3.2754E+02 -3.3665E+01 -2.5227E+02
0000965   3.6842E+02 -2.6468E+02 -3.8450E+02
0000966   4.7355E+02  1.1922E+02  1.9554E+02
0000967   3.1146E+02  3.7017E+02 -1.0329E+02
0000968   5.6025E+02  1.6040E+02 -3.1177E+02
0000969   3.7026E+02 -1.4763E+02  2.2988E+02
0000970   2.7645E+02 -5.4544E+01  3.6990E+01
0000971   4.0839E+02 -2.3094E+02  4.7547E+01
0000972   1.1432E+02  1.1442E+02 -2.1771E+02
0000973   7.8809E+02 -2.7010E+02  7.3435E+00
0000974   5.4962E+02 -7.5518E+01 -6.9034E+01
0000975   1.1415E+02  4.1666E+02  2.9747E+01
0000976   2.7064E+02 -6.1390E+01  7.1621E+01
0000977   4.6195E+01  2.1988E+02 -1.2226E+02
0000978   2.7632E+02  1.8270E+02 -4.9861E+02
0000979   5.4850E+02  8.8144E+01  9.1682E+01
0000980   5.1641E+02  1.1795E+02 -7.1258E+01
0000981   5.1676E+02 -1.8445E+02  2.7894E+02
0000982   5.7189E+02 -2.6922E+02  5.0880E+01
0000984   3.3520E+02  2.8654E+02  4.2839E+01
0000985   6.1529E+02 -1.8323E+01  3.9933E+01
0000986   2.7205E+02  1.7750E+02 -3.5403E+02
0000987   4.5095E+02  5.4538E+01  1.7861E+01
0000988   7.9454E+02 -1.9203E+02  9.4285E+01
0000989   1.3108E+02 -5.9670E+01  2.3756E+02
0000990   5.2869E+02  1.3428E+02 -9.4816E+01
0000991   2.7702E+02 -5.4924E+01  6.2073E+01
0000992   4.1296E+02  5.0252E+02 -1.4964E+02
0000993   2.3315E+02  1.1201E+02  3.4205E+01
0000994   8.5718E+02 -1.1726E+02  1.4027E+02
0000995   4.2373E+02 -7.4557E+00 -1.8221E+02
0000996   3.2689E+02 -2.1703E+02  3.1545E+02
0000997   4.9801E+02 -5.0866E+01 -1.4170E+02
0000998   2.2388E+02  2.6189E+02 -2.3732E+02
0000999   1.5153E+02 -3.5221E+01  1.6631E+02
0001000   7.2109E+02  3.0956E+02 -1.0348E+02
