============================== SRIM-2013.00 ==============================
==============================================================================
====== SRIM Outputs\RANGE_3D.txt : File of Final Ion Positions =====

Ion =  F (09)   Ion Mass= 018.9984
Energy  = 4000000.E-05 keV
Ion Angle to Surface = 00.0 degrees
==================== TARGET =======================
  Layer # 1 - None
  Layer # 1 - Bottom Depth=500000.E-01 A
  Layer # 1 - Density =0007.8700 g/cm3
  Layer # 1 -  100 % of Fe
様様様様様様様様様様様様様様様様様様様様様様様様様様
                                            
Ion       Depth  X   Lateral Y   Lateral Z  
Number    (Angstrom) (Angstrom)  (Angstrom) 
-------  ----------- ----------- -----------
0000001   3.3728E+02 -4.0126E+01 -2.7530E+02
0000002   3.0188E+02  2.0571E+02  2.7376E+02
0000003   5.8544E+02  1.2207E+02  6.2853E+01
0000004   4.2559E+02 -1.2517E+02 -4.0543E+01
0000005   6.8168E+02  1.9414E+00  5.4914E+01
0000006   5.9298E+02 -4.6229E+02  8.8512E+01
0000007   5.7301E+01  1.8908E+02  1.0547E+02
0000008   1.0977E+02  4.6891E+01 -2.2681E+02
0000009   6.6472E+02  8.3811E+01  5.5216E+01
0000010   1.8600E+02  8.3185E-01  1.2978E+02
0000011   6.9472E+02 -2.5106E+02 -2.9587E+02
0000012   3.0838E+02  5.3181E+02 -1.1796E+02
0000013   1.7522E+02  2.1502E+02 -1.8368E+02
0000014   4.1311E+02  2.8845E+02 -6.0627E+01
0000015   4.1449E+02 -5.7415E+01  8.9045E+01
0000016   9.7571E+01  1.7261E+02 -1.8328E+02
0000017   1.8193E+02  1.1636E+02 -7.0402E+01
0000018   5.6481E+02 -2.1897E+02 -2.0926E+01
0000019   5.4207E+02 -4.1408E+01 -8.8777E+01
0000020   3.3064E+02 -1.4290E+02 -1.2871E+01
0000021   7.8309E+02 -2.4212E+02 -1.3801E+02
0000022   6.6761E+02  5.3268E+01 -2.5405E+02
0000023   6.3480E+02 -2.1174E+02 -2.4552E+02
0000024   5.4053E+02 -5.3113E+01  3.2653E+02
0000025   1.4328E+02  5.4059E+01  1.1183E+02
0000026   5.4188E+02 -2.6781E+02 -1.0836E+01
0000027   4.5050E+02 -3.7128E+01 -3.9310E+02
0000028   5.6090E+02 -8.6019E+01  1.8200E+02
0000029   2.5819E+02 -3.5922E+01 -2.9582E+02
0000030   5.5153E+02  5.0638E+01  5.0490E+01
0000031   2.9486E+02  6.4293E+01  1.4667E+01
0000032   5.4129E+02  5.1833E+01 -3.5974E+02
0000033   4.9152E+02 -1.2891E+02 -2.9627E+02
0000034   3.1396E+02 -2.0941E+01  2.1291E+02
0000035   6.7560E+02  3.8187E+02  1.4691E+02
0000036   5.2717E+02 -2.0195E+02  3.7515E+01
0000038   5.8337E+02  4.0259E+01 -2.0249E+02
0000039   6.0616E+02  9.3662E+01  2.0476E+02
0000040   2.4819E+02 -8.2114E+00  1.4368E+02
0000041   2.9786E+02 -1.0493E+01  1.5938E+02
0000042   6.2097E+02 -2.9625E+02 -1.0422E+02
0000043   3.7316E+02 -2.3399E+02 -1.2225E+02
0000045   3.0980E+02 -3.1111E+01  2.9753E+01
0000046   1.2738E+02 -1.1291E+02  2.2421E+02
0000047   6.6452E+01 -1.0220E+02 -8.0253E+01
0000048   2.2573E+02  3.2316E+01 -2.0119E+02
0000049   3.3857E+02 -2.6362E+02  2.3021E+01
0000050   4.0856E+02 -2.9060E+01  2.2704E+02
0000051   5.5061E+02 -5.4989E+00 -1.5840E+02
0000052   8.0883E+02 -5.2946E+01 -1.2955E+02
0000053   5.3346E+02 -2.2817E+02 -1.3999E+01
0000054   3.7006E+02 -2.4211E+02 -6.3569E+01
0000055   1.7488E+02 -1.2722E+02 -1.0295E+02
0000056   1.7932E+02 -1.6232E+02  1.9286E+02
0000057   6.5842E+01  1.4115E+02  1.8891E+02
0000058   2.7427E+02 -1.1904E+02  2.3580E+02
0000059   3.4705E+02 -5.9636E+01  1.0084E+02
0000060   2.8557E+02 -2.5594E+01 -8.9023E+01
0000061   6.8748E+02  8.1255E+01 -2.6647E+02
0000062   6.1301E+02 -2.8695E+01  5.6640E+01
0000063   6.8279E+02 -5.6570E+01  1.8643E+02
0000065   4.5654E+02 -4.8743E+01 -1.8176E+02
0000066   5.2507E+02  4.9923E+02  2.0543E+02
0000067   6.5028E+02  2.9208E+02  1.5861E+02
0000068   1.4081E+02  5.1855E+01  2.6345E+02
0000069   2.9900E+02  2.3530E+02  6.8705E+01
0000070   2.6306E+01 -8.7881E+01 -2.5425E+01
0000071   3.2231E+02 -1.3537E+02 -1.5871E+02
0000072   4.3619E+02  1.3597E+02  1.3610E+02
0000073   1.6171E+02  6.8328E+01 -6.4605E+01
0000074   4.3548E+02 -3.2005E+01 -3.1875E+02
0000075   5.8492E+02 -1.9390E+02 -2.0530E+01
0000077   4.1360E+02  9.9661E+01 -1.7762E+02
0000078   2.1699E+02 -4.6575E+00  1.7956E+02
0000079   3.9276E+01 -3.5157E+01 -1.0458E+02
0000080   6.0566E+02 -3.8167E+02  6.0994E+01
0000081   1.8706E+02  6.8291E+01 -1.9479E+02
0000082   3.7838E+02  2.1372E+02  3.2600E+02
0000083   5.1072E+02 -6.3730E+01 -3.3297E+02
0000084   5.1581E+02  5.0429E+01 -1.6271E+02
0000085   4.4774E+02 -2.2172E+02  3.2830E+02
0000086   5.9834E+02 -3.3929E+02  5.9299E+00
0000087   4.4399E+02  1.2259E+01 -3.7144E+02
0000088   8.9280E+02 -1.8243E+02  2.4770E+02
0000089   5.0641E+02 -2.8394E+02  1.4080E+02
0000090   1.0566E+02  1.1289E+02 -1.5662E+02
0000091   4.1919E+02  3.9458E+02  1.7124E+02
0000092   6.1681E+02 -9.0169E+01  2.6153E+02
0000093   6.9248E+01 -5.0881E+01 -1.9414E+02
0000094   2.1491E+02 -2.5007E+02  3.9266E+01
0000095   6.3567E+02  5.0824E+01 -2.7120E+01
0000096   3.2590E+02 -5.8547E+01  5.3395E+01
0000097   5.9060E+02  2.0970E+02  1.5695E+02
0000099   3.0842E+02  9.2174E+01 -2.3498E+02
0000100   4.9924E+02  2.0784E+00 -1.2045E+02
0000101   2.6991E+02  1.6257E+02  1.9976E+02
0000102   6.6290E+02 -3.4880E+02  1.3211E+02
0000103   2.0684E+02  2.7019E+01  2.6863E+02
0000104   2.4360E+02  5.6347E+02 -7.0902E+01
0000105   4.2003E+02  1.6596E+02  1.4858E+02
0000106   6.4799E+02 -4.6571E+02  2.0186E+02
0000107   7.2611E+02 -5.1133E+02  4.4241E+01
0000108   4.2674E+02  3.8383E+01 -6.3694E+01
0000109   3.0253E+02  4.5354E+02  8.6189E+01
0000110   3.5293E+02 -6.0703E+01 -5.9282E+01
0000111   2.8944E+02  2.0044E+02 -7.1583E+01
0000112   3.3648E+02 -1.2708E+02  1.3183E+02
0000113   2.6211E+02 -7.8178E+01 -1.2739E+02
0000114   4.0752E+02  8.3919E+01 -2.3596E+02
0000115   4.7442E+02  2.7107E+01  9.8851E+01
0000116   4.4172E+02  1.9030E+02  2.4078E+02
0000117   6.4869E+02  4.4669E+02 -2.1308E+02
0000118   4.4325E+02 -2.4621E+02 -4.4878E+02
0000119   8.0768E+02  4.9984E+02  1.7778E+01
0000120   3.4462E+02  2.3554E+02 -1.7944E+02
0000121   5.2665E+02 -3.4423E+02  3.1331E+02
0000123   4.9449E+02 -3.2914E+02 -2.8697E+02
0000124   5.7487E+02 -1.8471E+02  3.2413E+01
0000125   7.3704E+02  8.8505E+01  5.2738E+01
0000126   4.5577E+01  2.7939E+02 -7.4845E+01
0000127   6.4044E+02  4.5899E+01 -3.8444E+02
0000128   8.2833E+02  1.6968E+02  7.5601E+01
0000129   4.4467E+02  1.8608E+02 -1.2185E+02
0000130   5.3838E+02 -2.1469E+02  2.2972E+02
0000131   7.6185E+01 -2.5970E+02 -1.3452E+02
0000132   5.1375E+02  1.9725E+01  1.1842E+02
0000134   1.5408E+02 -2.6896E+02  1.6387E+02
0000135   7.5799E+02 -2.8162E+02  1.1343E+02
0000136   7.2550E+01  2.8247E+02 -2.9736E+01
0000137   5.1929E+02  1.3145E+02 -4.3547E+01
0000138   4.4275E+02 -2.1346E+02 -7.5330E+01
0000139   3.7434E+02 -2.4194E+02 -1.7883E+01
0000141   3.3648E+02  2.9110E+02 -1.7270E+02
0000142   6.6884E+02  5.8376E+02 -3.3925E+02
0000143   2.6289E+02 -3.2630E+02 -2.0623E+01
0000145   1.1763E+02  1.2915E+02  1.4500E+02
0000146   8.3248E+02  2.7867E+02  3.0047E+02
0000148   1.8394E+02 -3.8611E+02  8.9553E+01
0000149   3.8258E+02  2.4699E+02 -1.3654E+02
0000150   5.7896E+02 -3.9944E+01 -1.6286E+02
0000151   2.3086E+02  3.2782E+02 -6.5682E+01
0000152   2.1380E+02 -7.1539E+01 -2.9556E+02
0000153   1.0295E+02  4.9796E+01 -1.8753E+02
0000154   3.9097E+02 -1.3878E+02 -2.5478E+02
0000155   3.2502E+02 -1.7937E+02  1.6365E+02
0000156   1.7913E+02 -1.5493E+02  6.6068E+01
0000157   3.5049E+02 -2.3644E+02  1.5333E+02
0000158   4.9765E+02  1.9781E+02 -2.6276E+02
0000159   6.0926E+02  6.9363E+01  5.3029E+02
0000160   3.7372E+02  1.9934E+01 -1.8286E+02
0000161   4.6523E+01 -2.9224E+02 -2.5064E+02
0000162   5.1620E+02  9.5690E+01 -1.6969E+01
0000163   2.0415E+02  4.4658E+01  2.2353E+02
0000164   6.2269E+02 -1.9730E+02  4.9301E+02
0000165   2.3191E+02  1.3518E+02  2.0413E+01
0000166   6.7387E+02  3.1674E+02  1.3306E+02
0000167   7.1335E+02 -3.4293E+02 -4.1638E+02
0000168   6.7015E+02 -3.6584E+02 -1.5240E+02
0000169   2.8876E+02  1.1126E+02 -1.5078E+01
0000170   5.8009E+02  4.0395E+02  1.1649E+02
0000171   6.5563E+02 -1.0804E+02  2.6717E+02
0000172   8.7540E+01  6.1280E+01  3.8459E+02
0000173   3.0022E+02 -2.5583E+02 -3.9170E+02
0000175   4.0428E+02 -7.4664E+01 -1.7565E+02
0000176   1.5603E+02 -2.4904E+02  4.2943E+02
0000177   4.1290E+02 -1.8385E+02  1.0917E+02
0000178   1.0470E+02  4.1111E+02  1.1598E+02
0000179   3.3723E+02 -1.8434E+01 -8.3588E+01
0000180   7.7308E+02 -6.5092E+01 -9.6757E+00
0000181   5.0493E+02  1.4695E+02  3.1699E+01
0000182   9.2690E+02 -3.2651E+01  2.4781E+02
0000183   3.6844E+02  1.2254E+02  3.0217E+02
0000184   2.6077E+02 -1.0059E+02  1.0722E+02
0000185   2.3060E+02  2.7812E+02 -2.2785E+02
0000186   5.7097E+02  2.3309E+02  1.0773E+02
0000187   4.0978E+02 -2.2276E+02 -4.9734E+01
0000188   4.9621E+02 -1.2595E+02  1.4461E+01
0000189   1.2163E+02  5.5389E+02  1.4360E+02
0000190   4.0435E+02 -1.3801E+01  4.0518E+02
0000191   4.5207E+02  3.1562E+01 -1.9350E+02
0000192   2.3387E+02  3.9189E+02 -3.5266E+02
0000193   3.8220E+02  4.7011E+01 -3.0361E+02
0000194   2.8232E+02 -2.9476E+01 -2.9145E+01
0000195   4.7924E+02 -3.8081E+02  3.6481E+02
0000196   5.7120E+02 -4.7475E+02 -7.9801E+01
0000197   5.5588E+02  1.5129E+02 -2.5256E+02
0000198   5.4435E+02 -3.1245E+02 -6.6726E+02
0000199   1.7633E+02 -8.8741E+01 -1.1986E+01
0000200   6.7082E+01  6.5559E+00  2.0130E+02
0000201   6.6396E+02  5.1195E+01  1.6759E+02
0000202   5.1783E+02 -2.5792E+02  1.0914E+02
0000203   5.8071E+02  1.7462E+02 -1.2592E+01
0000204   2.0197E+02  3.3767E+01  2.4513E+02
0000205   3.8320E+02 -7.3562E+00  3.0260E+02
0000206   7.6380E+02 -2.3996E+01 -1.4027E+02
0000207   6.6188E+01  3.7212E+01 -4.1542E+01
0000208   1.8861E+02 -3.7172E+02  1.4735E+02
0000209   1.5574E+02  1.8758E+02 -1.6948E+02
0000210   2.6339E+02 -3.0077E+01 -3.6111E+02
0000211   5.1770E+02 -6.4691E+01  1.1423E+02
0000212   6.3863E+02  2.4258E+01  2.3801E+01
0000213   5.6493E+02  2.2960E+02 -5.7886E+01
0000214   1.9954E+02  1.5516E+02  2.6211E+01
0000215   8.9940E+01  4.0771E+02  1.2039E+02
0000216   1.9033E+02 -2.6013E+02  2.4614E+02
0000217   3.1216E+02 -1.9568E+02  5.4807E+01
0000218   1.2547E+02  1.2477E+02 -1.1913E+02
0000219   2.7922E+02 -1.2828E+02  3.1741E+02
0000220   4.5390E+02  1.7728E+02  2.6272E+02
0000221   2.1762E+02  3.2656E+02  2.1159E+02
0000222   3.6562E+02 -1.1266E+01  3.3721E+02
0000223   6.3514E+02 -5.3936E+00  3.7177E+02
0000224   1.5700E+02  2.1875E+02  1.6565E+02
0000225   4.6268E+02  2.0248E+01 -4.9792E+02
0000226   4.4358E+02 -1.0169E+02  1.4519E+02
0000227   3.7461E+02 -2.3014E+02  1.0496E+02
0000228   3.2234E+02 -2.4123E+01  2.0502E+02
0000229   7.7571E+02  7.4655E+01  2.6005E+01
0000230   5.6454E+02 -1.2921E+02 -1.6858E+02
0000231   4.2864E+02  8.3907E+01 -3.1074E+02
0000232   3.0261E+02 -9.7562E+01 -2.9108E+02
0000233   4.7070E+02 -1.9084E+02 -3.0509E+02
0000234   2.9971E+02  8.7379E+01  3.0278E+02
0000235   4.1883E+02  9.8457E+01 -9.2025E+01
0000236   2.9388E+02  2.8752E+02 -3.3037E+01
0000237   5.7841E+02  7.9782E+01  1.3011E+02
0000238   3.6976E+02  7.5913E+01  1.8082E+02
0000239   3.3714E+02  1.0736E+02 -3.6575E+02
0000240   2.0363E+02 -2.7350E+02  1.6635E+02
0000241   2.1427E+02 -1.2325E+02 -2.7147E+02
0000242   3.6123E+02  9.6929E+01  3.3339E+02
0000243   5.7023E+00  1.1498E+02  3.5770E+02
0000244   5.9753E+02  1.6178E+02  4.3537E+02
0000245   4.3042E+02  1.5343E+02 -2.0623E+02
0000246   2.6754E+02 -3.8266E+02 -3.5018E+02
0000247   5.5394E+02  4.9187E+01  1.0590E+02
0000248   5.9490E+02  2.2220E+02  1.6992E+02
0000249   4.6912E+02  2.8986E+02 -2.1421E+02
0000250   2.9883E+02  3.8618E+01  2.6761E+02
0000251   7.3890E+02 -3.8670E+02  5.9222E+01
0000252   3.9741E+02 -2.4630E+02  1.2652E+02
0000253   2.4301E+02 -4.1973E+02 -7.5465E+01
0000254   1.0560E+03 -4.4255E+01  2.3098E+01
0000255   4.5824E+02 -3.7983E+02 -3.5865E+01
0000256   3.9629E+02 -9.8745E+01  2.6762E+02
0000257   7.9791E+02  1.8172E+01 -9.1921E+01
0000258   4.9769E+02  1.1606E+02 -2.3256E+02
0000259   4.3584E+02  2.0372E+01 -1.4968E+02
0000260   1.8782E+02  4.8404E+01 -7.4167E+01
0000261   5.3542E+02 -1.9856E+01  1.6367E+02
0000262   1.8658E+02 -6.0091E+02 -1.3313E+02
0000263   8.4519E+02  9.0565E+01  2.5159E+02
0000264   4.2681E+02  1.3321E+02 -1.0943E+01
0000265   5.6265E+01 -7.8276E+01  1.6069E+02
0000266   3.7062E+02  1.8903E+02 -1.8141E+02
0000267   9.2912E+02  3.6892E+02  5.6926E+01
0000268   4.8136E+02  1.3157E+02  3.5217E+01
0000269   5.4096E+02 -2.4896E+01 -5.1221E+01
0000270   6.5613E+02  1.1885E+01  9.4091E+01
0000271   5.0984E+02  3.2782E+01 -2.8775E+02
0000272   3.0181E+02  1.6359E+02  5.5094E+01
0000273   6.3209E+02 -1.9251E+02  1.3480E+02
0000274   7.4199E+02  9.5730E+01 -1.9855E+02
0000275   2.6154E+02  8.9230E+01 -6.5479E-01
0000276   2.6351E+02  4.7745E+02 -2.7762E+02
0000277   1.4043E+02 -3.8606E+01  9.6488E+01
0000278   4.9409E+02 -2.3573E+02 -3.5615E+02
0000279   2.7475E+02 -6.6941E+00  2.7778E+01
0000280   3.9480E+02 -2.2060E+02  3.6052E+01
0000281   6.6354E+02  2.4207E+02 -8.7075E+01
0000282   5.5251E+02  4.1715E+02 -2.8903E+02
0000283   4.2666E+02 -3.5523E+01 -3.4134E+02
0000284   4.7024E+02  5.9274E+01 -7.8247E+01
0000285   2.8827E+02  3.8994E+02  9.9471E+01
0000286   5.2891E+02 -5.1518E+01  8.6314E+01
0000287   3.3468E+02  1.5081E+02  9.9005E+01
0000288   6.7631E+02  1.7519E+02  1.1036E+02
0000289   4.2367E+02  1.1528E+01  9.5336E+01
0000290   2.5212E+02  2.6423E+01 -9.9550E+01
0000291   1.9363E+02 -1.0706E+01 -2.3998E+02
0000292   3.8276E+02  2.8611E+02  2.5734E+02
0000293   5.3084E+02 -1.9264E+00  2.4318E+02
0000294   2.3671E+02  2.5270E+02  5.2952E+01
0000295   3.3326E+02 -2.0719E+02  2.9977E+01
0000296   6.2589E+02  3.3426E+02 -1.7194E+02
0000297   4.3233E+02  1.1751E+02 -1.4997E+02
0000298   5.2470E+02 -9.2323E+00  3.7535E+01
0000299   4.0681E+02 -5.0279E+01 -4.2149E+01
0000300   1.5416E+02  2.5096E+02 -2.2065E+02
0000301   3.2111E+02 -9.7251E+01 -3.3668E+01
0000302   7.9635E+01 -2.2721E+02 -4.9712E+02
0000303   4.2870E+02 -2.1407E+02 -3.0141E+01
0000304   1.6877E+02  4.7127E+01 -1.8784E+02
0000305   5.7584E+02  1.1822E+02  1.3898E+02
0000306   2.1286E+02 -1.0645E+02 -1.4555E+02
0000307   5.6702E+01 -8.5731E+01  2.5334E+02
0000308   3.1100E+02 -7.2060E+01  8.8929E+01
0000309   5.0977E+02 -1.8224E+02 -1.6838E+02
0000310   2.4127E+02  2.5954E+02  1.7473E+01
0000311   2.6313E+02 -2.0421E+02 -4.2489E+02
0000312   1.5599E+02 -8.8640E+01 -3.3912E+02
0000313   4.0953E+02 -1.3327E+02  3.9744E+00
0000314   1.1071E+02  1.4059E+02 -6.9617E+01
0000315   6.7163E+02  2.1964E+02 -5.5879E+01
0000316   1.8233E+02 -5.6507E+01  5.3813E+02
0000317   3.8431E+02 -2.7856E+02  9.6297E+00
0000318   9.6526E+02  3.4598E+02  3.8234E+02
0000319   5.6869E+02  2.6426E+02  3.0934E+02
0000320   2.9648E+02  6.7369E+01  1.4820E+02
0000321   4.7715E+02  2.9502E+01 -4.1674E+02
0000322   3.4075E+02  1.1563E+02  7.2879E+01
0000323   2.6547E+02 -8.7140E+01  3.1093E+01
0000324   4.2530E+02  1.8939E+02  2.9125E+02
0000325   4.3355E+02  2.1417E+02  2.9954E+02
0000326   3.3488E+02  3.7052E+02  1.2100E+02
0000327   3.5617E+02 -1.4611E+02  1.3462E+02
0000328   4.4390E+02  6.1780E+01  1.5599E+02
0000329   3.4360E+02  4.6806E+02  8.3862E+01
0000330   6.0639E+02  1.0729E+02 -8.4192E+01
0000331   3.0109E+02 -2.5642E+02  3.3573E+02
0000332   5.0683E+02  1.9244E+02 -4.4120E+02
0000333   6.1398E+02  8.0165E+00  3.3690E+02
0000334   4.8767E+02  3.7702E+02 -3.8145E+02
0000335   5.2144E+02 -4.6885E+01  2.0388E+02
0000336   5.6319E+02  2.5118E+02  1.5732E+00
0000337   1.7088E+02  2.7409E+02  1.7379E+02
0000338   3.2702E+02  1.4578E+02 -8.3278E+01
0000339   3.8098E+02  5.1552E+01  1.5946E+02
0000340   6.9042E+02  4.7435E+02  3.2307E+01
0000341   3.4312E+02  2.4754E+02 -8.2685E+01
0000342   1.0740E+02  2.6644E+01  7.7464E+01
0000343   3.6482E+02  3.1040E+02  2.6097E+02
0000344   4.6344E+02  1.3490E+02  2.9628E+02
0000345   1.5023E+02  9.0095E+01 -2.6933E+02
0000347   1.3359E+02 -9.8593E+01 -4.0048E+02
0000348   1.1546E+02 -1.3948E+02  7.2936E+01
0000349   2.3500E+02 -1.3984E+02  2.0720E+02
0000350   8.2040E+02 -1.1013E+02  9.5779E+01
0000351   3.0293E+02 -4.8139E+01  4.1660E+02
0000352   4.0734E+02  1.2803E+01  4.1230E+01
0000353   4.6548E+02  3.6171E+02 -1.1049E+02
0000354   9.8410E+01 -1.0842E+02 -8.5089E+01
0000355   5.5986E+02  1.4443E+02 -2.2843E+02
0000356   6.2126E+02  5.0297E+02 -2.8284E+02
0000357   4.0650E+02  3.9844E+02 -3.9077E+02
0000358   5.2540E+02 -6.8975E+01 -1.4631E+01
0000359   2.7848E+02  2.1742E+02  4.2048E+01
0000360   3.2251E+01  9.5239E+01 -9.5524E+01
0000361   4.2560E+02 -3.2439E+01 -1.3351E+02
0000362   4.8863E+02 -2.1973E+02 -3.5179E+02
0000363   2.1231E+01 -1.3601E+02 -2.9700E+01
0000364   1.5935E+02  4.1478E+01 -4.2395E+02
0000365   8.5254E+01  1.7986E+02  9.9918E+01
0000366   5.2582E+02  4.1887E+02 -1.5216E+02
0000367   4.2701E+02 -6.2547E+02 -1.2866E+02
0000368   5.1174E+02 -7.6030E+01  1.2683E+02
0000369   8.6964E+01 -5.5230E+01 -1.7502E+02
0000370   6.1253E+02  1.3047E+02  1.1402E+02
0000371   1.4314E+02 -1.8427E+02  7.7730E+00
0000372   1.7273E+02 -8.2819E+01  9.1011E+00
0000373   2.5694E+02 -1.6026E+02 -1.0610E+02
0000374   8.7588E+01  9.8779E+01 -2.6641E+02
0000375   4.0617E+02 -9.5086E+01 -2.0196E+02
0000376   5.0444E+02  9.1071E+01 -3.6019E+01
0000377   6.2559E+02  1.9265E+02  2.4790E+01
0000378   3.0345E+02 -1.5733E+01 -2.4316E+02
0000379   2.3881E+02 -1.6257E+02  4.2779E+02
0000380   4.0601E+02  3.1814E+02  5.3266E+01
0000381   1.2605E+01 -9.4758E+00  3.0433E+01
0000382   6.4046E+01  2.3740E+02 -2.3146E+01
0000383   4.1393E+02  6.7669E+01 -3.7189E+02
0000384   2.5268E+02  4.9531E+02  1.9289E+01
0000385   5.6085E+02 -3.3614E+02 -4.1443E+02
0000386   4.6946E+02 -3.2151E+02 -3.9009E+02
0000387   1.2172E+02  1.9089E+02  5.5321E+02
0000388   3.8269E+02 -4.2083E+02  8.8597E+01
0000389   4.8844E+02 -5.8577E+02 -2.3380E+02
0000390   3.3198E+02 -1.2707E+02  1.3238E+02
0000391   5.5229E+02  3.3114E+02  1.1366E+02
0000392   3.3832E+02  3.4317E+01  3.3560E+02
0000393   6.0181E+02  2.2754E+02 -4.2723E+01
0000394   8.1831E+02 -2.9399E+02 -1.5818E+02
0000395   7.7272E+02  1.8502E+02  1.0321E+02
0000396   4.3140E+02  3.5159E-01  1.2627E+02
0000397   3.0902E+02 -3.4820E+02 -2.5876E+02
0000398   1.1085E+02  1.0995E+02 -3.5618E+02
0000399   3.8241E+02 -1.8419E+02 -1.8868E+02
0000400   3.2021E+02  3.9920E+01  3.7274E+02
0000401   7.2959E+02  3.3978E+01  5.6544E+01
0000402   5.8594E+02  3.8803E+01 -2.4463E+02
0000403   1.0767E+02  2.8521E+01 -1.0776E+02
0000404   6.6765E+02  3.0787E+02  8.5620E+01
0000405   2.4208E+02  1.2201E+02 -4.1648E+02
0000406   1.5706E+02 -4.7277E+01  2.7963E+02
0000407   4.9356E+02  2.6931E+01  2.2264E+02
0000408   9.8077E+01  1.0386E+02 -6.2687E+01
0000409   5.0665E+02 -1.1504E+02 -9.5775E+01
0000410   4.8126E+02 -2.2500E+02 -3.0245E+02
0000411   1.5884E+02 -1.5005E+02  1.0515E+02
0000412   1.0957E+02 -5.6344E+02 -1.3467E+02
0000413   1.4994E+02  6.7751E+01  8.3035E+01
0000414   4.1365E+02 -1.9442E+02 -1.1761E+02
0000415   6.3050E+02  1.4780E+02 -8.2218E+01
0000416   7.7678E+02  2.7621E+01 -3.3813E+02
0000417   3.7236E+02 -3.9786E+02  3.3250E+02
0000418   9.5699E+01  2.1621E+02  1.8750E+02
0000419   3.3297E+02 -8.1419E+00  7.0847E+01
0000420   4.5456E+02  1.8267E+02  7.1025E+00
0000421   5.3333E+02  1.7735E+02 -1.8123E+02
0000422   6.4190E+02  3.2551E+02  1.1181E+02
0000423   2.6119E+02 -1.5856E+02  1.4557E+02
0000425   2.4306E+02  8.8257E+01 -3.0839E+02
0000426   2.2605E+02  1.2941E+02  6.8976E+02
0000427   5.1200E+02  1.8612E+02  9.9613E+01
0000428   5.8629E+02 -8.2693E+01  3.1629E+01
0000429   2.0890E+02 -2.1788E+02 -8.3158E+01
0000430   2.9278E+02  2.3169E+02  2.2403E+02
0000431   4.4126E+02  7.6448E+00 -8.3667E+01
0000432   5.1547E+02 -1.8133E+02  1.7750E+02
0000433   6.9700E+02  1.4296E+02  9.2335E+01
0000434   8.3850E+02  1.6615E+01 -7.0769E+01
0000435   4.5652E+02  2.4616E+02 -3.3512E+02
0000436   5.5616E+02 -2.8500E+02  2.0414E+02
0000437   2.1211E+02 -2.1159E+02 -2.2165E+02
0000438   8.7846E+01 -2.5845E+02  1.5845E+02
0000439   2.9646E+02  8.5437E+00  1.2622E+02
0000440   4.3913E+02 -3.1876E+02 -9.4624E+01
0000441   2.7167E+02 -5.5694E+02 -5.1857E+02
0000442   2.4256E+02  3.8435E+02  3.5592E+02
0000444   2.8644E+02 -1.4733E+02 -2.8996E+02
0000445   5.8902E+02  2.4971E+02  8.1392E+01
0000446   6.9437E+02 -1.3127E+01  2.2803E+02
0000447   1.7368E+02  1.2766E+02 -3.5061E+01
0000448   4.6982E+02 -2.1397E+02  2.1035E+02
0000449   5.5817E+02  4.2151E+02  3.2558E+02
0000450   1.7428E+02  4.2468E+01  2.6722E+02
0000451   6.0319E+02  2.1416E+01 -1.9802E+02
0000452   6.0996E+02  1.6211E+02 -4.1915E+02
0000453   3.2768E+02 -2.9289E+02 -8.0760E+01
0000454   5.9114E+02 -2.6435E+02 -1.0452E+02
0000455   4.0542E+02  5.9229E+01 -1.4661E+02
0000457   4.8682E+02  1.0384E+02 -1.6522E+02
0000458   4.4418E+02  1.1156E+02 -3.1223E+01
0000459   4.2284E+02 -2.1099E+02  1.1259E+02
0000460   4.5323E+02  1.3117E+02  1.9573E+02
0000461   9.7760E+01 -5.3342E+01 -1.0248E+01
0000462   1.6547E+02  1.2804E+02 -1.1240E+02
0000464   4.7932E+02 -2.2852E+02 -4.3187E+02
0000465   9.7509E+01 -1.6621E+02 -1.5447E+02
0000466   4.7747E+02 -3.2875E+02 -1.2383E+01
0000467   3.6385E+02 -4.0222E+02  2.7378E+02
0000468   2.6407E+02 -1.3325E+02  7.2170E+01
0000469   7.0255E+02  1.8822E+02  2.2708E+02
0000470   5.7631E+02  1.4831E+02 -1.7847E+02
0000471   6.7501E+02  1.9406E+02  1.2234E+02
0000473   2.7693E+02 -2.4304E+01 -1.3940E+02
0000474   4.9825E+02 -2.5080E+02 -1.4334E+01
0000475   3.3313E+02  3.5265E+00 -1.2700E+02
0000477   1.2375E+02 -1.0925E+02  8.2993E+01
0000478   3.9681E+02 -1.4891E+02 -1.3112E+02
0000479   4.3829E+01  1.1458E+02 -1.2117E+02
0000480   4.8121E+02  1.9898E+02 -3.3617E+02
0000481   5.4605E+02 -1.8307E+02 -2.0151E+02
0000482   4.3489E+02  2.5973E+02 -1.2336E+02
0000483   4.0767E+02  2.2414E+02 -5.8277E+01
0000484   4.5314E+02 -7.4018E+01 -6.4715E+01
0000485   7.4332E+02  1.2918E+02 -3.5169E+02
0000486   4.7675E+02  1.3726E+02  3.2293E+02
0000487   5.0977E+02 -2.3274E+02  7.2451E+01
0000489   3.3333E+02 -1.6617E+02  3.1939E+02
0000490   4.6025E+02 -1.7390E+02 -5.2087E+01
0000491   2.3759E+02 -1.4420E+02  1.7695E+02
0000492   3.0835E+02 -2.1622E+02  6.7938E+01
0000493   2.5192E+02 -2.7353E+02  1.3874E+02
0000494   3.3597E+02  1.6952E+02  3.8563E+00
0000495   4.0912E+02 -8.4127E+01 -4.4789E+01
0000496   5.1364E+02 -1.6378E+02 -3.9135E+02
0000497   5.2573E+02  1.5621E+02  2.6345E+02
0000498   1.1593E+02 -1.7222E+02  2.3450E+02
0000499   3.8349E+02  2.5265E+02  1.6853E+02
0000500   4.6241E+02 -2.4803E+02 -1.3902E+02
0000501   4.5260E+02  1.0594E+02  2.2860E+02
0000502   1.5962E+02 -2.3905E+02  1.1638E+02
0000503   2.3454E+02 -8.1626E+00  1.9082E+02
0000504   5.6436E+02 -3.3968E+02 -2.0945E+02
0000505   1.9153E+02  1.1788E+02  1.0761E+02
0000506   2.9498E+02 -1.2925E+02  2.2460E+02
0000507   4.8816E+02 -8.3133E+01  1.7269E+02
0000508   1.5245E+02 -1.9335E+02  3.1669E+02
0000509   2.7489E+02 -3.3961E+02  2.0951E+02
0000510   4.4211E+02  1.0483E+02  1.2397E+02
0000511   3.0645E+02 -3.0273E+02  2.4441E+02
0000512   5.8903E+02 -5.3729E+01  2.7909E+02
0000513   2.7430E+02  1.1012E+02  3.3430E+02
0000514   1.9415E+02 -3.4864E+01  3.1230E+02
0000515   2.1112E+02  3.6493E+02  7.3720E+01
0000516   3.0286E+02  1.3591E+02  1.3200E+02
0000517   2.7320E+02 -7.6489E+01 -2.4482E+02
0000518   3.8229E+02 -3.8189E+02 -3.8427E+02
0000519   4.5224E+02 -1.0825E+02 -3.9068E+02
0000520   5.8358E+02  1.4165E+02 -6.8374E+01
0000521   2.6303E+02 -5.4721E+01  3.8199E+00
0000522   3.7827E+02 -2.0464E+00 -4.0612E+02
0000523   7.2821E+02 -6.4678E+01 -1.6852E+02
0000524   5.4960E+02 -2.6028E+02  3.3217E+02
0000525   5.1595E+02  2.0927E+01  1.2374E+02
0000526   2.2383E+02  2.9910E+02  1.6822E+02
0000527   2.6623E+02 -3.1940E+01  5.3853E+00
0000528   3.0068E+02  5.7726E+01 -1.4614E+02
0000529   8.0042E+02 -8.5196E+01 -2.2085E+02
0000530   3.4178E+02 -4.2505E+02  1.2038E+02
0000531   2.4186E+02 -9.6644E+00  1.8089E+02
0000532   2.9708E+02 -6.5301E+01  1.6604E+01
0000533   4.5905E+02  1.8370E+01  9.6321E+01
0000534   3.4688E+02  2.8260E+02 -2.8886E+02
0000535   1.7469E+02  9.1119E+01 -2.1537E+02
0000536   2.9488E+02  2.8427E+02  4.8694E+01
0000537   3.4228E+02 -9.1432E+01  4.6103E+02
0000538   1.7119E+02  3.5603E+02  1.8135E+01
0000539   4.6968E+02 -3.8443E+01 -7.0418E+01
0000540   7.6105E+01  1.4343E+02  1.8122E+02
0000541   5.9854E+02 -1.9963E+02 -6.2313E+01
0000542   2.9379E+02 -6.2590E+01  3.4581E+02
0000543   3.8099E+02  1.5634E+02 -1.1861E+01
0000545   1.5743E+02  2.6063E+02 -1.5203E+02
0000546   3.8584E+02 -4.2156E+01 -3.2466E+02
0000547   6.1322E+02 -7.1060E+01  1.1610E+01
0000548   5.9871E+02 -1.7613E+02  3.1863E+01
0000549   4.5655E+02  2.7746E+02 -1.1017E+02
0000550   4.9265E+02 -2.8198E+00  1.8827E+02
0000551   9.4702E+02 -9.9307E+01 -1.4569E+01
0000552   3.5673E+02  8.9503E+01 -1.4096E+01
0000553   1.5477E+02 -4.7250E+02 -1.9045E+02
0000554   2.2207E+02  2.3209E+02  3.2421E+02
0000555   5.2361E+02 -1.5484E+02 -1.8307E+01
0000556   5.4431E+02 -8.2453E+01 -5.6427E+02
0000557   7.3888E+02  1.9065E+02  1.9723E+02
0000558   6.2661E+02 -3.1274E+02 -2.8322E+02
0000559   5.6154E+02 -6.5236E+01  1.2722E+02
0000560   2.5991E+02 -3.6335E+02 -2.8577E+02
0000561   4.4046E+02  5.5958E+02  3.5524E+02
0000562   2.4138E+02 -9.7476E+01  3.4795E+01
0000563   4.7785E+02 -6.8176E+01 -2.5345E+01
0000564   5.8969E+02 -1.8156E+02 -8.3114E+01
0000565   6.9543E+02 -2.1503E+01  2.4638E+02
0000566   6.2238E+02  3.8066E+01 -1.1884E+02
0000567   2.0618E+02  8.2207E+01  1.5517E+02
0000568   2.7271E+02  5.6264E+02  1.7674E+02
0000569   1.5287E+02  1.1742E+02 -2.4744E+01
0000570   4.2844E+02 -1.0165E+02  1.6582E+01
0000571   1.2239E+02 -1.0035E+02 -2.6092E+02
0000572   1.0097E+02 -1.1182E+02 -1.4455E+02
0000573   2.0617E+02  2.6526E+02 -2.5370E+02
0000574   5.5588E+02 -1.6554E+02  7.0997E+01
0000575   2.2415E+02  1.5770E+02 -2.4483E+02
0000577   4.6504E+02 -2.7928E+01  6.1904E+01
0000578   4.6598E+02  3.5692E+02  1.1635E+02
0000579   2.9473E+02 -1.5436E+02  6.5486E+01
0000580   3.6556E+02  7.3734E+00  3.7413E+02
0000581   2.2015E+02  2.4174E+02 -1.3289E+02
0000582   3.6670E+02  3.0049E+01 -2.2067E+02
0000583   1.7924E+02 -4.0126E+02  4.9493E+01
0000584   7.2154E+02 -2.7632E+02 -4.3390E+02
0000585   5.7347E+02  2.4499E+02 -2.6592E+02
0000586   3.1194E+02 -8.0480E+01  1.5631E+02
0000587   6.6693E+02  1.1820E+01 -1.8545E+02
0000588   4.9598E+02  2.9528E+02  3.2248E+02
0000589   7.3472E+01 -5.9520E+01 -6.8501E+01
0000591   2.3416E+02 -2.8093E+02  3.1602E+02
0000592   4.6069E+02 -4.6562E+02 -3.3683E+02
0000593   6.1789E+02  1.6198E+02  3.2782E+02
0000594   4.8192E+02  1.0157E+02  2.5680E+02
0000595   3.9029E+02  4.0458E+01 -1.2224E+02
0000596   3.5445E+02 -1.4088E+02 -1.7515E+02
0000597   4.3637E+02  3.4758E+02 -1.4518E+02
0000598   3.9425E+02  1.5704E+02  8.1277E+01
0000599   1.4068E+02  2.5644E+02 -1.1897E+02
0000600   3.1685E+02  4.7497E+01 -1.4275E+02
0000601   2.1438E+02 -6.1269E+01  2.0058E+01
0000602   5.0812E+02 -3.5549E+02 -1.3070E+02
0000603   1.6738E+02  2.4870E+02  1.2104E+02
0000604   9.9602E+01 -8.3719E+01  5.5870E+01
0000605   6.7820E+02 -1.6653E+02  9.0271E+01
0000606   3.0368E+01 -9.7920E+01  4.5078E+02
0000607   2.3024E+02  1.8604E+02 -3.7815E+02
0000608   3.8021E+02  1.9245E+02 -1.9557E+02
0000609   3.5121E+02 -8.9198E+01 -7.1531E+01
0000610   2.3882E+02  3.1923E+02  2.9816E+02
0000611   4.4023E+02  3.1625E+02  6.3822E+01
0000612   8.0317E+02  1.3306E+02  9.2416E+01
0000613   3.3415E+02 -2.8271E+02  5.4562E+01
0000614   9.0056E+01  1.5810E+02  5.7129E+01
0000615   1.5826E+02 -5.3222E+02 -9.1185E+00
0000616   3.8562E+02 -2.3739E+01 -6.8309E+02
0000617   2.2308E+02  1.5615E+02 -1.2512E+02
0000618   3.4716E+02  1.7469E+02  2.0506E+01
0000619   3.6571E+02 -1.7239E+02  3.5831E+02
0000620   9.3552E+02 -5.4067E+01 -1.3135E+02
0000621   5.1611E+02 -1.1761E+02  4.3597E+02
0000622   1.5010E+02 -2.1233E+02  1.0589E+02
0000623   6.1121E+02 -2.1493E+02 -2.8240E+02
0000624   1.6837E+02 -1.6270E+02 -3.7561E+02
0000625   2.2319E+02 -2.5481E+02 -5.5792E+01
0000626   1.5234E+02  1.6904E+02  6.5573E+01
0000627   3.8566E+02 -3.4832E+02  4.3264E+02
0000628   4.5641E+02 -5.7841E+02  1.6737E+02
0000629   2.7103E+02 -8.8153E+01 -2.5175E+02
0000630   2.6536E+02 -2.6568E+01 -3.1547E+02
0000631   5.4332E+02 -1.2949E+02  1.3730E+02
0000632   7.9090E+02  8.9719E+00 -2.8262E+02
0000633   3.2009E+02  1.4976E+02 -6.7946E+01
0000634   2.1750E+02  8.7197E+01  1.9829E+02
0000636   6.3160E+02  9.3973E+01  2.0083E+02
0000637   1.4572E+02  2.8797E+01  1.7930E+02
0000638   6.0390E+02 -2.1801E+02  3.7846E+02
0000639   2.6236E+02 -9.8588E+01  1.8717E+02
0000640   3.1475E+02 -2.1044E+02  1.9314E+02
0000642   7.6406E+02  7.8559E+00 -2.6519E+02
0000643   3.5374E+02 -3.7554E+01  3.1833E+02
0000644   6.6760E+02 -2.8002E+02  4.6873E+02
0000645   4.1285E+01  2.5933E+01 -7.5515E+00
0000646   3.5423E+02 -3.3240E+02  7.4071E+01
0000647   2.1300E+02 -6.4574E+02  2.1010E+02
0000648   3.3301E+02 -8.1225E+01 -7.6798E+01
0000649   3.0069E+02  7.7913E+01 -7.7070E+02
0000650   3.9454E+02 -1.4180E+02 -4.4217E+01
0000651   1.0284E+02  2.2480E+01 -5.6084E+01
0000652   4.9709E+02  3.3765E+01 -6.3112E+01
0000653   4.2683E+02 -5.3534E+01  1.1122E+02
0000654   7.8104E+02  2.2337E+02  5.3955E+00
0000655   3.8842E+02 -2.7205E+02 -9.6577E+00
0000657   3.6756E+02 -2.3107E+02 -2.2588E+02
0000658   5.0783E+02  1.3411E+02 -1.0915E+02
0000659   3.8634E+02 -4.8007E+01 -9.9584E+01
0000660   4.0055E+02 -1.2590E+02  2.5798E+02
0000661   6.5180E+02  3.1325E+02 -5.6103E+01
0000662   5.5667E+02  2.0556E+02 -9.0630E+01
0000663   2.9565E+01 -2.2584E+02  2.2211E+02
0000664   7.7845E+02 -2.2576E+02 -3.4770E+02
0000665   2.7991E+02 -1.0629E+02 -2.8106E+02
0000666   1.0429E+02 -1.7253E+01 -4.5760E+00
0000667   5.3874E+02 -2.2991E+02 -1.5918E+02
0000668   4.6124E+02 -7.5094E+01 -2.1963E+02
0000669   1.2586E+02 -7.7378E+01 -4.0261E+01
0000670   5.6615E+02 -2.8846E+02 -7.2342E+01
0000672   2.9194E+02  4.7040E+01  1.1650E+02
0000673   8.9706E+02  2.1654E+01 -1.5352E+02
0000674   3.5322E+02 -4.6580E+01  2.0284E+02
0000675   2.9486E+02 -4.0060E+02 -5.2274E+01
0000676   1.9707E+02  5.5509E+02 -1.5999E+02
0000677   2.4922E+02 -6.7652E+01 -1.0936E+02
0000678   1.6305E+02 -1.5689E+02  2.9900E+01
0000679   6.2735E+02  2.0976E+02  6.5098E+01
0000680   2.2305E+02  3.3538E+02 -4.6925E+00
0000681   8.3150E+00 -9.4317E+01  2.3429E+02
0000682   6.5223E+02 -9.5222E+01 -2.3057E+02
0000683   1.1531E+02  1.0582E+02  2.0851E+02
0000684   1.2570E+02  8.7194E+01  1.2976E+02
0000685   2.0404E+02  1.2417E+02 -3.9907E+02
0000686   9.3518E+01 -1.4046E+02  5.3320E+02
0000688   2.0719E+02 -4.4709E+02 -9.1843E+01
0000690   2.7887E+02  1.7509E+02 -2.3001E+02
0000691   6.3569E+02  3.2496E+02 -8.8406E+01
0000692   3.5417E+02  1.2866E+02 -1.4472E+02
0000693   5.2913E+02 -4.4669E+02 -2.4224E+01
0000694   2.5983E+02 -2.0652E+02 -9.5798E+01
0000695   3.6148E+02 -1.8566E+02  2.5795E+00
0000696   6.9575E+02  2.6613E+02 -1.8951E+02
0000697   3.8683E+02  3.6353E+00 -1.9117E+02
0000698   8.8047E+02  1.1802E+02  1.0171E+02
0000700   6.3453E+02 -2.4694E+02 -4.8040E+01
0000701   5.9103E+02  1.5217E+02 -1.7815E+01
0000702   3.3070E+02  3.1929E+00  4.7434E+02
0000703   4.6860E+02  7.7135E+01 -3.3487E+01
0000704   6.4937E+02  5.2125E+01  8.3029E+01
0000705   6.8981E+02  2.5076E+02  4.1366E+01
0000706   5.7770E+02 -1.3929E+02 -5.8678E+01
0000707   2.6205E+02 -2.1135E+02  4.3962E+02
0000709   8.1161E+02 -2.1206E+02 -1.2588E+02
0000710   5.8896E+02  1.0482E+01 -8.7434E+01
0000712   6.2519E+02 -1.9730E+02  2.3988E+02
0000713   1.7611E+02  3.5290E+02  1.1863E+02
0000714   6.0630E+02 -1.1154E+02 -2.6532E+01
0000715   6.6812E+02 -2.8940E+02  3.4966E+01
0000716   6.4403E+02 -9.1169E+01  1.0139E+02
0000717   2.0810E+02 -4.9204E+01  2.8927E+01
0000718   2.3150E+02 -2.4088E+02 -7.7193E+01
0000719   2.6118E+02 -3.8333E+01  2.9165E+02
0000720   2.2948E+02 -7.5177E+00 -5.2313E+01
0000721   3.5972E+02  3.7039E+02  2.5080E+02
0000722   6.7012E+02 -1.7553E+02  1.4273E+02
0000723   6.1091E+02 -2.5481E+02  9.8907E+01
0000724   4.3314E+02 -1.5641E+02  9.9796E+01
0000725   2.5725E+02  2.1516E+02  2.5550E+02
0000726   1.8013E+02 -6.7976E+01 -2.2878E+02
0000727   3.6149E+02 -2.3692E+02  2.0899E+02
0000728   6.4161E+02 -2.1701E+02  2.3698E+02
0000729   7.6780E+02  2.0096E+02  2.3544E+02
0000730   8.1171E+02 -1.0646E+02  1.7088E+02
0000731   1.3159E+02  2.8937E+02 -7.5961E+01
0000732   5.0417E+02 -3.0567E+02  1.5984E+02
0000733   4.9984E+01 -5.0235E+02  8.5580E+01
0000734   3.8334E+02  3.6452E+02  3.9922E+02
0000736   3.3521E+02 -7.6952E+01 -3.5321E+01
0000737   6.9765E+01 -2.1757E+01 -1.9820E+02
0000738   4.9711E+02  1.1955E+02  3.1954E+02
0000739   4.9350E+02 -3.4213E+01  3.3147E+01
0000740   5.9306E+02 -6.3505E+02 -1.2186E+02
0000741   2.9912E+02 -2.4601E+02 -5.0038E+02
0000742   2.6243E+02 -1.6779E+01 -2.5266E+02
0000743   6.3568E+02 -2.6879E+02 -1.0178E+02
0000744   7.5035E+02 -2.6842E+01 -3.8958E+02
0000745   3.5071E+02 -1.8042E+01 -2.5719E+02
0000746   5.8861E+02  2.9881E+02  4.9495E+01
0000747   4.1730E+02 -2.1512E+02  1.9380E+02
0000748   1.7902E+02  1.4014E+02 -3.1789E+02
0000749   5.9029E+02 -1.1808E+02 -2.1232E+02
0000750   7.2636E+02  5.7829E+01 -5.4441E+01
0000751   3.8020E+02 -7.6958E+01  1.2411E+02
0000752   1.2395E+02 -5.3087E+02  2.9280E+02
0000753   4.7704E+02 -1.8185E+02  2.4524E+02
0000754   3.5650E+01  1.4476E+01 -3.4018E+02
0000755   5.6024E+02 -2.0458E+02 -1.1067E+01
0000756   4.9328E+02 -9.4112E+01 -1.2375E+02
0000758   3.6128E+02  1.2582E+02  1.3521E+02
0000759   4.6719E+02  1.6352E+02 -1.7678E+02
0000760   4.3009E+02 -2.1157E+01  2.2312E+02
0000761   1.7081E+02  7.8600E+01 -5.4290E+01
0000762   7.5782E+02 -3.5044E+02  3.3721E+02
0000763   1.2661E+02 -3.7088E+01 -9.6908E+01
0000764   6.2550E+02  2.7364E+02  1.6852E+02
0000766   4.2523E+02 -9.8366E+01  4.3962E+01
0000767   3.4015E+02 -2.6042E+02  7.7824E+01
0000768   2.3422E+02  1.4761E+02  5.8490E+01
0000769   3.3686E+02  4.4157E+01 -1.3667E+02
0000770   3.9080E+02 -1.1940E+02 -8.0374E+01
0000771   3.7372E+02  3.2307E+01  1.8611E+02
0000773   2.8946E+02 -9.9694E+01  2.0518E+02
0000774   5.4864E+02 -3.0637E+02 -1.6326E+02
0000776   5.0950E+02 -3.8256E+01 -7.1582E+01
0000777   6.9000E+02  1.5431E+01 -1.0539E+02
0000778   3.9117E+02 -4.6343E+02  5.7388E+02
0000779   2.8768E+02 -6.0956E+01 -1.5711E+02
0000780   5.2739E+02 -9.5404E+01  5.0155E+02
0000781   6.0374E+02 -9.7862E+01  2.3579E+02
0000782   4.8098E+02 -1.0052E+02  5.8532E+01
0000783   3.7037E+02 -2.0200E+02  9.5741E+01
0000784   6.0804E+02 -3.1252E+02 -3.3810E+02
0000785   2.5704E+02  1.5798E+02 -2.0692E+02
0000786   8.3456E+02  8.8745E+01 -1.6853E+01
0000787   6.4450E+02 -9.8029E+01  9.0199E+01
0000788   5.9230E+02 -2.5918E+01  1.0626E+02
0000789   4.6787E+01 -7.8913E+01 -2.5446E+02
0000790   2.9936E+02 -4.8443E+01  5.1661E+01
0000791   3.1516E+02 -7.8481E+01 -1.6529E+02
0000792   4.9324E+02 -1.6681E+02  1.7291E+02
0000793   1.1395E+02 -5.3274E+01  2.5788E+01
0000794   3.1857E+02 -1.0663E+02  6.1811E+00
0000795   1.2933E+02  2.5940E+00  6.7213E+01
0000796   1.0383E+03  6.1834E+01  1.3636E+02
0000797   2.7885E+02 -1.9943E+02  1.7958E+02
0000798   3.4117E+02  4.5821E+01  3.8097E+02
0000799   3.4495E+01  1.1254E+02 -1.6341E+02
0000800   5.4773E+02  4.1991E+01 -5.9769E+01
0000801   6.7209E+02  8.4404E+01 -1.7658E+02
0000802   5.6145E+01  4.6062E+02  1.1622E+02
0000803   5.1490E+02  3.2614E+02  1.2935E+02
0000804   3.5296E+02 -5.9506E+01  3.4921E+02
0000806   4.6985E+02  3.0364E+01  1.3851E+02
0000808   6.5045E+02  1.4427E+02  4.2716E+02
0000809   5.0301E+02  1.7409E+02  2.2213E+02
0000810   6.7613E+02 -1.5594E+02  1.0698E+02
0000811   2.0686E+02 -1.0546E+02  2.0098E+02
0000812   5.1727E+02 -1.3793E+02  1.6960E+01
0000813   1.5069E+02  5.4080E+01  3.7246E+02
0000814   4.4454E+02 -3.0320E+02  1.0822E+02
0000815   1.8479E+02  3.8017E+02 -4.2175E+01
0000816   3.9193E+02 -2.4569E+02 -2.6077E+02
0000817   5.6199E+02 -2.0663E+02  5.3520E+01
0000818   5.8533E+02 -3.5169E+02  1.7933E+02
0000819   5.9021E+02  7.2228E+01  1.1491E+01
0000820   6.8906E+01 -1.0946E+02 -6.5435E+01
0000821   3.3494E+02  7.2531E+01 -3.5425E+02
0000822   2.2068E+02  1.1257E+02  7.5075E+01
0000823   3.0918E+02 -1.6306E+02 -2.1790E+02
0000824   2.5442E+02  7.7986E+01  1.1471E+02
0000825   3.6016E+02 -1.3001E+02  4.5305E+01
0000826   7.1116E+02 -2.2446E+02 -2.2802E+01
0000827   4.0857E+02 -1.4052E+02  7.3325E+01
0000828   7.7171E+01  7.3834E+01 -2.4279E+02
0000829   5.9328E+02 -1.7979E+02  1.2354E+02
0000830   3.4547E+02  5.6691E+01  6.1632E+02
0000831   4.7963E+02  2.9398E+02  2.5059E+02
0000832   4.1024E+02 -4.5845E+01  9.1729E+01
0000833   4.5379E+02 -1.6140E+02  1.3109E+02
0000834   7.5722E+01  4.0773E+02  6.1655E+01
0000835   3.6982E+02  3.8273E+02  3.5984E+01
0000836   3.0621E+02 -3.8825E+02  3.0080E+00
0000837   5.0466E+02 -2.2061E+02 -8.4359E+01
0000838   5.0586E+02  2.0404E+02  2.2555E+02
0000839   2.4967E+02 -3.7995E+01  7.0014E+01
0000840   4.5938E+02 -1.7887E+02 -2.3576E+01
0000841   2.9163E+02  8.8861E+01  6.3494E+01
0000842   2.0662E+02  2.7435E+02 -8.2859E+01
0000843   5.2120E+02  5.2307E+01  3.3569E+02
0000844   2.6962E+02  1.3839E+01 -7.2269E+01
0000845   3.6496E+02  2.6099E+02 -1.9243E+02
0000846   2.8445E+02 -3.4428E+00 -2.3967E+01
0000848   2.4297E+02  4.4713E+01 -2.4045E+02
0000849   4.5904E+02 -4.3147E+02  1.8010E+02
0000850   4.2941E+02 -2.3845E+02 -2.6634E+02
0000851   7.7860E+02 -3.8250E+01 -3.5590E+01
0000852   6.2226E+02  1.6585E+02 -3.8435E+02
0000853   5.3939E+02 -6.7285E+01 -2.5647E+02
0000854   6.6684E+02  1.2902E+02  5.9853E+01
0000855   5.5745E+02  1.3668E+02 -3.4826E+02
0000856   2.6157E+02 -3.9606E+02 -4.8695E+01
0000858   1.8117E+02  7.2946E+01  9.3470E+01
0000859   1.2149E+02  3.2613E+02 -1.7502E+02
0000860   3.9334E+02  1.9134E+02 -1.1384E+02
0000861   3.7130E+02  1.4660E+02  1.1181E+02
0000862   6.6471E+02 -5.5443E+01 -2.7011E+02
0000863   3.5458E+02 -3.0075E+01  3.0982E+02
0000864   5.0828E+02  2.4425E+02  3.8739E+02
0000865   7.2355E+02 -2.2846E+02  1.5642E+02
0000867   6.6145E+02  6.9802E+02 -2.7953E+02
0000868   5.3452E+02  4.2829E+02  1.9705E+02
0000869   3.0459E+02 -9.3649E+01 -1.6982E+02
0000870   3.1064E+02 -1.1673E+02  4.7960E+01
0000871   3.5342E+02  8.2520E+01 -3.4605E+02
0000872   5.8178E+02 -7.0715E+01  3.1327E+01
0000873   1.6633E+02 -1.5150E+02 -6.2920E+02
0000874   3.7250E+02  4.5082E+02  4.1394E+01
0000875   7.3525E+02 -6.2048E+01  1.3906E+02
0000876   5.8774E+02 -3.1293E+02 -6.3782E+01
0000877   8.7441E+02 -4.3581E+01  1.1424E+02
0000878   3.7961E+02  2.6269E+02 -2.4468E+02
0000879   5.1160E+02 -1.6349E+02 -4.6727E+02
0000880   5.0280E+02 -2.5950E+01 -2.6957E+02
0000881   6.7290E+02 -2.6947E+02 -1.2818E+02
0000882   1.7911E+01  1.1907E+02  5.8981E+01
0000883   1.9371E+02 -2.1273E+02 -3.9782E+02
0000884   2.1211E+02 -4.0177E+01  3.3704E+02
0000885   3.6641E+02  5.6536E+02 -1.4659E+02
0000886   7.1000E+02 -1.6806E+02  2.4014E+01
0000887   2.8829E+02 -9.2246E+01  2.7303E+02
0000888   3.7042E+02  2.2923E+02 -2.2732E+02
0000889   3.5095E+02 -6.7674E+01  4.5650E+02
0000890   1.5301E+02  2.2313E+02 -7.7947E+01
0000891   3.6031E+02  6.3186E+01  3.6858E+01
0000892   2.3620E+02  1.3986E+02 -1.5333E+02
0000893   4.1008E+02  2.6027E+01 -1.0838E+02
0000894   3.6153E+02  1.2971E+02 -9.2343E+01
0000895   2.5247E+02  2.1333E+02 -2.3943E+02
0000896   6.1080E+02  8.5764E+01  1.2189E+02
0000897   4.6122E+02 -1.6102E+02  2.7021E+02
0000898   4.4261E+01  1.1655E+02  1.1300E+02
0000899   4.1645E+02 -1.0409E+02  2.9187E+02
0000901   5.7893E+02 -4.4814E+02  2.5438E+02
0000902   1.7058E+02  6.5607E+00 -9.7089E+01
0000903   3.9339E+02  3.1005E+02 -3.0029E+01
0000904   2.2421E+02 -3.8708E+01  3.9249E+02
0000905   5.1970E+02  2.5881E+01  1.0597E+02
0000906   5.6505E+02 -1.5729E+02 -4.9002E+02
0000907   3.7100E+02 -7.9883E+01 -4.1664E+01
0000908   4.9814E+02  6.8813E+01  2.8368E+02
0000909   4.7980E+02 -4.6221E+02  1.4609E+02
0000910   5.0266E+02  4.1882E+01 -9.1314E+01
0000911   5.2762E+02  1.1239E+02 -3.7302E+01
0000912   1.6680E+02 -2.1156E+01  1.7957E+02
0000913   3.3539E+02  6.2056E+01  4.4830E+00
0000914   3.1703E+02  3.1553E+02 -1.3304E+02
0000915   3.0924E+02 -9.8696E+01 -2.6200E+01
0000916   7.5783E+02  1.5023E+02  1.3267E+02
0000917   4.8417E+02 -2.8377E+01  2.8539E+02
0000918   1.6811E+02 -1.6333E+01 -1.7828E+02
0000919   6.8567E+02  1.1233E+02  1.2124E+02
0000920   3.2109E+02  9.4143E+01 -2.9836E+02
0000921   5.3460E+02  4.9474E+01  3.4785E+02
0000922   3.5088E+02 -4.1284E+02  1.2893E+02
0000923   2.2015E+02  2.7162E+02  4.7952E+02
0000924   1.6734E+02  2.8975E+02 -1.0839E+02
0000925   1.7971E+02  1.0332E+02 -1.1120E+02
0000926   7.3651E+02 -2.6420E+02  2.0761E+02
0000927   1.5666E+02 -1.6995E+02  9.5003E+01
0000929   4.8873E+02  1.1402E+02  2.5468E+02
0000930   4.1170E+02  3.6628E+02 -3.8605E+02
0000931   7.9099E+02  3.1887E+02 -1.7515E+02
0000932   6.7040E+02 -9.8026E-01  3.7917E+02
0000933   9.2711E+02 -1.6081E+01  9.4658E+01
0000934   2.3284E+02  4.7464E+01  2.1230E+02
0000935   4.2200E+02  2.8217E+02 -6.3350E+01
0000936   5.7252E+02  1.4125E+02  3.1561E+02
0000937   4.0510E+02 -5.8744E+01  2.5788E+02
0000938   3.8958E+02  2.1703E+02  2.5554E+02
0000939   2.9713E+02  2.1330E+02  2.5695E+01
0000940   3.3996E+02  7.5009E+01  4.8924E+02
0000941   4.0900E+02  4.1866E+01  5.9049E+01
0000943   3.0134E+02  6.2677E+01 -3.0270E+02
0000944   5.7308E+02 -1.7315E+02  3.3344E+01
0000945   2.4951E+02  1.3030E+02 -3.4049E+00
0000946   1.8509E+02  6.3498E+01  7.3154E+01
0000947   5.5285E+02  2.7276E+02 -3.9205E+02
0000948   2.9454E+02 -4.4436E+02 -3.3452E+02
0000950   3.2296E+02  8.3126E+01 -1.6741E+02
0000952   4.0183E+02 -6.5849E+01 -1.5003E+02
0000953   4.1738E+02  1.6704E+02 -1.6605E+02
0000954   5.6458E+02  1.5082E+02 -1.3979E+02
0000955   5.4478E+02  8.5416E+01  4.0087E+01
0000956   4.2890E+02  1.2828E+02  6.9454E+01
0000957   6.4661E+02 -2.1878E+02 -1.3666E+02
0000958   1.7571E+02 -1.5004E+02 -1.8872E+02
0000959   2.2914E+02  6.3841E+01  2.7794E+02
0000960   4.4384E+02  2.8893E+02 -3.1371E+01
0000961   4.6749E+02  3.9042E+02  2.0239E+02
0000962   3.7100E+02  4.4903E+02  3.7369E+01
0000963   2.8699E+02 -3.0184E+02 -2.8733E+01
0000964   3.6930E+02  2.0653E+02 -3.3728E+01
0000965   5.7826E+02  2.8893E+02  1.9049E+02
0000966   3.5508E+02  1.4243E+01  1.4339E+02
0000967   2.6560E+02  1.4895E+02  2.2265E+02
0000968   5.9483E+02  1.8615E+02 -2.2379E+02
0000969   4.0528E+02 -1.5545E+02 -8.8478E+01
0000970   3.2631E+02 -1.8878E+02 -1.0181E+02
0000971   1.2456E+02  3.1335E+02 -1.0021E+02
0000972   2.6168E+02  3.9823E+02  5.3036E+02
0000973   3.7942E+02 -3.1566E+01 -2.0621E+02
0000974   2.6355E+01 -1.2265E+02  5.8821E+01
0000975   4.6791E+02  3.1635E+02 -1.6774E+01
0000976   2.9314E+02  4.2947E+01 -2.8921E+02
0000977   6.1825E+02 -1.0562E+02  1.0952E+02
0000978   5.2117E+02 -1.1562E+02 -3.4755E+00
0000979   3.2220E+02 -9.6269E+01  1.7911E+02
0000980   4.0526E+02  1.0348E+02  1.2577E+02
0000981   4.0052E+02 -6.0732E+01  6.8439E+02
0000982   2.0730E+02  2.5529E+02 -4.6622E+01
0000983   6.6356E+02  2.2996E+02 -1.2134E+02
0000984   6.3221E+02  1.1128E+02 -1.8985E+00
0000985   2.2582E+02  1.9720E+02 -8.8460E+01
0000986   2.3013E+02  5.7176E+01  1.2517E+02
0000987   6.1989E+02 -7.1485E+01 -2.0739E+02
0000988   1.3637E+02  1.0208E+02  9.6779E+01
0000989   1.8841E+02 -3.2960E+02 -2.8643E+02
0000990   6.1548E+02 -8.0995E+01  1.0306E+02
0000991   5.3658E+02  2.4242E+02  4.9485E+02
0000992   4.8756E+02 -2.5808E+02 -1.9517E+02
0000993   3.3070E+02  1.2460E+02  1.4448E+02
0000994   4.5551E+02 -4.7854E+02 -6.7695E+01
0000995   2.9920E+02  7.4591E+01 -7.5212E+02
0000996   4.4959E+02 -3.9930E+02 -2.8188E+02
0000997   2.6415E+02 -1.8293E+01  1.3098E+01
0000998   4.9131E+02  4.1938E+00  1.7606E+02
0000999   5.0063E+02 -3.9239E+02  1.3605E+02
0001000   3.5523E+02  2.4521E+02  2.4616E+01
