============================== SRIM-2013.00 ==============================
==============================================================================
====== SRIM Outputs\RANGE_3D.txt : File of Final Ion Positions =====

Ion =  F (09)   Ion Mass= 018.9984
Energy  = 4000000.E-05 keV
Ion Angle to Surface = 00.0 degrees
==================== TARGET =======================
  Layer # 1 - None
  Layer # 1 - Bottom Depth=500000.E-01 A
  Layer # 1 - Density =0007.8700 g/cm3
  Layer # 1 -  100 % of Fe
様様様様様様様様様様様様様様様様様様様様様様様様様様
                                            
Ion       Depth  X   Lateral Y   Lateral Z  
Number    (Angstrom) (Angstrom)  (Angstrom) 
-------  ----------- ----------- -----------
0000001   5.8216E+02  1.2667E+02 -4.4813E+02
0000003   3.5282E+02  1.3411E+01 -3.1600E+02
0000004   5.5944E+02  4.5584E+02 -9.5325E+01
0000005   3.0815E+02 -1.8472E+01  8.9710E+01
0000006   5.8067E+02 -3.0083E+01  1.4886E+02
0000007   3.1033E+02  2.9856E+02 -1.6016E+02
0000008   2.1214E+02 -2.4574E+02 -3.7505E+02
0000009   4.4439E+02  9.5034E+01 -1.4929E+02
0000010   3.1296E+02 -3.3314E-01  1.4426E+02
0000011   6.8862E+02 -1.8098E+02 -1.2373E+02
0000012   4.6314E+02 -6.9603E+01 -6.4109E+01
0000013   3.8137E+02 -1.9172E+02  1.6062E+02
0000015   6.1002E+02  7.4263E+01  4.9295E+02
0000016   5.2598E+02 -1.9999E+01  3.8293E+01
0000017   4.6395E+02 -2.7179E+02 -1.4129E+00
0000018   4.7803E+02 -1.7384E+02 -8.8033E-01
0000019   6.2756E+02 -2.5565E+02 -7.1364E+01
0000020   6.7191E+02  1.2937E+02  9.1030E+01
0000021   2.0394E+02 -1.9319E+02  1.1683E+02
0000022   2.9060E+01  2.3636E+02 -5.5916E+01
0000023   3.9602E+02 -5.5619E+01 -5.0446E+01
0000024   2.7424E+02 -1.4189E+01 -4.9368E+02
0000025   4.0519E+02  5.2313E+02 -1.1819E+02
0000026   3.2033E+02  3.2237E+02  4.1499E+02
0000027   6.9301E+02  4.3810E+02 -4.7303E+01
0000028   5.8885E+02 -2.6973E+02  6.3720E+01
0000029   2.6739E+01 -1.9875E+02 -6.5218E+01
0000030   2.9285E+02 -5.2762E+01  3.8640E+02
0000031   7.5585E+02  3.7896E+02 -4.4719E+01
0000032   5.3082E+02  2.4153E+02 -2.6018E+00
0000034   5.3285E+02  2.2124E+02 -8.6543E+01
0000036   1.3256E+02  3.8059E+02 -1.2631E+02
0000037   7.8448E+02  3.3842E+01 -6.0117E+01
0000038   3.7061E+02  6.2049E+01 -2.0736E+02
0000039   1.6966E+02 -1.7713E+02 -7.0828E+01
0000040   2.7726E+02  1.0407E+02 -8.9387E+01
0000041   3.4908E+02 -1.5682E+02 -6.0021E+02
0000042   5.4502E+02 -3.3559E+01  3.6918E+02
0000043   3.4413E+02 -3.2149E+02  3.4673E+02
0000044   2.4089E+02  6.3783E+01 -3.1582E+02
0000045   3.2696E+02 -3.8881E+02  1.6486E+01
0000046   2.9779E+02 -1.8440E+02 -2.4090E+01
0000047   7.4686E+02 -2.2514E+02  1.7637E+02
0000048   4.4095E+02  1.2432E+02  1.9455E+02
0000049   4.6258E+02  1.8081E+02 -2.1551E+02
0000050   6.9791E+02 -9.3039E+01 -1.0017E+01
0000051   2.5313E+02  3.4276E+02  1.7241E+02
0000052   6.1761E+02 -4.5368E+01 -1.9318E+02
0000053   4.7164E+02  2.9823E+01  2.1489E+00
0000054   4.8029E+02 -4.7720E+02 -2.7403E+02
0000055   4.5506E+02 -1.9525E+02  7.6098E+01
0000056   5.4804E+02  1.7090E+02 -1.7634E+02
0000057   5.2251E+02  3.5867E+02 -5.9337E+01
0000058   7.0597E+02  5.0241E+01  5.6423E+01
0000059   5.4608E+02  2.0192E+02 -3.8170E+02
0000061   1.7930E+02 -3.8434E+02  1.1887E+02
0000062   1.7212E+02 -1.5105E+02  2.6561E+02
0000063   5.1958E+02  1.3770E+02 -9.1294E+01
0000064   3.7389E+02 -1.1328E+02 -9.4037E+00
0000065   4.6639E+02  9.8765E+01  2.4180E+02
0000066   2.3933E+02  4.1772E+02  4.1383E+01
0000067   9.5132E+02  1.8907E+01  2.9118E+01
0000068   2.8426E+02 -6.7835E+01  9.4246E+01
0000069   5.7345E+02  1.8872E+01  3.0884E+02
0000070   5.0001E+02 -5.3182E+02 -7.0956E+01
0000071   3.6204E+02 -6.7444E+00 -2.8746E+02
0000072   5.4230E+02 -2.7850E+02 -2.6997E+02
0000073   2.6299E+02 -1.8859E+02 -4.1288E+02
0000074   6.6859E+02  1.0830E+02 -4.0855E+02
0000075   1.6574E+02 -4.8919E+01  4.5262E+01
0000076   4.3412E+02 -3.5742E+02 -7.3570E+01
0000077   2.5334E+02 -1.3377E+02  5.1508E+01
0000078   1.4347E+02 -2.1857E+02 -1.9846E+02
0000079   4.0529E+02 -6.1490E+01  3.5892E+02
0000081   2.2350E+02 -1.3746E+01  9.8116E+00
0000082   2.8169E+02 -2.3455E+02  2.9993E+02
0000083   9.4768E+01  1.6130E+02 -1.3149E+02
0000084   2.6068E+02  5.9720E+01  5.2915E+02
0000085   7.1676E+02 -2.6394E+02  9.3481E+01
0000086   5.7425E+02  3.5026E+02  2.0339E+02
0000087   1.8244E+01 -3.9556E+02  3.5587E+02
0000088   2.2067E+01 -3.9085E+02 -1.1812E+02
0000089   6.5575E+02 -1.3904E+02 -2.2753E+01
0000090   4.1769E+02  1.2945E+01 -3.5689E+02
0000091   5.7100E+02  6.0414E+01  3.4211E+01
0000092   7.2504E+02  3.2325E+01  1.5206E+02
0000093   2.7780E+02  1.3120E+02  3.7765E+02
0000094   4.3970E+02  1.5704E+02 -3.5714E+01
0000095   1.5901E+02 -5.1061E+02  7.8342E+01
0000096   4.4234E+02 -3.3201E+02 -4.1663E+02
0000097   1.1001E+02 -1.8597E+02 -2.5070E+02
0000098   4.3553E+02  7.1104E+00  2.0998E+02
0000099   8.3384E+02  1.2800E+02  3.8949E+01
0000100   1.7094E+02  9.2647E+01 -1.5916E+02
0000101   3.1222E+02 -5.1942E+02  1.5332E+02
0000102   7.2131E+02 -3.0119E+01  2.1205E+02
0000103   1.6007E+02 -8.3750E+01 -1.0745E+02
0000104   1.5943E+02 -3.7943E+01 -3.2188E+02
0000105   4.0442E+02 -2.0998E+02  3.6875E+01
0000106   3.9779E+02 -7.4796E+00 -1.6168E+02
0000107   3.1840E+02  6.2317E+01 -3.4059E+02
0000108   3.4991E+02  1.5030E+02 -2.2437E+01
0000109   1.2811E+02 -1.3968E+02 -1.7974E+02
0000110   1.6242E+02 -1.3161E+02 -1.0701E+02
0000111   2.3080E+02 -1.2006E+02  7.4050E+01
0000112   5.1912E+02  2.4754E+02 -2.8333E+01
0000113   3.8795E+02 -3.6500E+02  1.2796E+02
0000114   1.7855E+02  3.7191E+02  1.7829E+02
0000115   3.7008E+02 -3.2107E+01  1.3696E+02
0000116   2.8815E+02  1.6372E+02 -1.4926E+02
0000117   1.9542E+02 -1.7554E+02  1.1971E+02
0000118   9.4576E+02  1.4343E+02 -2.5426E+02
0000119   3.8180E+02 -6.8806E+01 -3.9218E+01
0000120   4.4350E+02  4.8739E+01 -8.9208E+01
0000121   5.8451E+02  3.1068E+02  4.6303E+02
0000122   4.8017E+02 -1.1417E+02 -2.7541E+02
0000124   4.8409E+02  1.3034E+02  3.0472E+02
0000125   4.7915E+01  3.1460E+02  2.1127E+01
0000126   5.0442E+02  6.6958E+01 -2.3749E+02
0000127   2.8403E+02  9.8204E+01 -6.9731E+01
0000128   4.1332E+02 -1.1321E+02 -2.1379E+02
0000129   3.1656E+02  1.4928E+02 -1.6799E+02
0000130   3.2236E+02  2.3722E+02 -9.4399E+01
0000131   5.7495E+02  4.8627E+02 -4.4226E+02
0000132   4.8909E+02  8.9675E+01 -2.2284E+02
0000133   3.4024E+02  4.1956E+02  7.9683E+01
0000134   3.3665E+02 -1.6762E+02 -1.5001E+02
0000135   8.3519E+02  2.3566E+02  2.4542E+02
0000136   4.8523E+02 -1.4245E+02 -6.0215E+01
0000137   1.6017E+02  1.5443E+01  1.8496E+02
0000138   1.1638E+02  6.6888E+01 -2.6793E+02
0000139   3.9693E+02 -2.3822E+02  2.1641E+01
0000141   2.3512E+02 -1.9843E+02 -2.5601E+01
0000142   4.4973E+02 -2.6198E+02 -2.3514E+02
0000143   8.4107E+02 -1.0109E+02  1.6161E+02
0000145   2.6296E+02 -1.4946E+01  8.8413E+01
0000146   4.4202E+02  2.1160E+02  2.1013E+01
0000147   2.0108E+02 -2.9033E+01 -6.8529E+01
0000148   6.7494E+02  1.5175E+02  1.4137E+02
0000149   5.8744E+02 -2.6299E+02 -2.1957E+02
0000150   4.9749E+02  6.9220E+01  4.8778E+02
0000151   4.0917E+02  1.4963E+02  5.0497E+01
0000152   2.4709E+02  8.8268E+01  8.4911E+01
0000153   5.1911E+02 -2.5678E+02 -1.0115E+02
0000154   6.0577E+02  7.4179E+01  2.3336E+02
0000156   3.9056E+02 -4.3400E+02 -1.4274E+02
0000157   6.4938E+02  1.3915E+02  8.7280E+01
0000158   2.1209E+02 -1.1655E+02  3.2552E+02
0000159   2.7753E+02  2.9350E+02 -2.6154E+02
0000160   5.0489E+02 -3.2898E+02  2.5424E+02
0000161   2.9319E+02  3.2221E+02 -2.6326E+02
0000162   7.5466E+01 -1.2434E+02  1.2923E+02
0000163   4.0809E+01 -1.4800E+02 -5.3566E+01
0000164   4.4225E+02  3.0818E+02 -1.7541E+02
0000165   6.9237E+02 -4.0534E+01  1.3310E+02
0000166   3.7183E+02  4.8262E+01 -3.2202E+02
0000167   5.4928E+02  2.3962E+02  1.2015E+02
0000168   3.6757E+02 -1.9475E+01  4.5212E+02
0000169   1.5451E+02 -1.0415E+02  2.6190E+01
0000170   3.2988E+02  1.5881E+02 -3.0797E+02
0000171   4.5075E+02  7.3699E+01 -1.9025E+02
0000172   3.1189E+02  2.8092E+01 -1.5018E+02
0000173   1.5671E+02  3.0680E+02  9.0093E+01
0000174   4.0814E+02  1.7146E+02 -1.9276E+02
0000175   6.4751E+02 -1.6396E+02  1.3684E+02
0000176   4.2917E+02  7.4692E+01  3.8167E+02
0000177   5.3288E+02 -3.0504E+02  1.1111E+02
0000178   6.4002E+02  1.6545E+02 -3.4458E+02
0000179   3.8278E+02 -3.2641E+01  3.7587E+02
0000180   5.3356E+02 -2.7800E+02  2.5296E+02
0000181   4.8215E+02  2.6384E+02 -1.4424E+02
0000182   4.7984E+02 -3.2969E+01 -4.3664E+02
0000184   5.6385E+02  3.1624E+02 -5.8277E+01
0000186   1.9030E+02  6.3370E+01 -3.3349E+01
0000187   7.7370E+02  1.5714E+01 -5.2743E+01
0000188   2.1258E+02 -1.2570E+02 -1.4679E+02
0000189   3.9319E+02 -1.9055E+02  3.4131E+02
0000190   6.1568E+02  1.2014E+02 -1.8637E+02
0000191   7.0219E+02  2.2630E+02 -1.4567E+02
0000192   4.8178E+02  2.5855E+02 -9.3535E+01
0000193   4.5800E+02 -1.3971E+02  6.1710E+01
0000194   6.2995E+02  1.2802E+02  8.3708E+01
0000195   2.5556E+02 -1.4310E+02  1.6297E+02
0000196   7.4180E+02 -9.6597E+01 -3.4092E+02
0000199   2.7082E+02  3.9448E+02 -4.7994E+01
0000200   7.6290E+01  1.5886E+02  2.5267E+02
0000201   4.9368E+02 -1.0026E+02  4.9890E+01
0000202   3.3926E+02  5.4621E+01  5.5229E+01
0000203   1.5088E+02 -2.7908E+02  6.3175E+01
0000204   3.9720E+02  1.8498E+02 -5.4266E+01
0000205   3.9138E+02 -5.3018E+02  1.2067E+02
0000206   4.6978E+02 -1.8446E+02 -5.4893E+01
0000207   4.1303E+02  4.0313E+01  8.3337E+01
0000208   4.0680E+02  1.6927E+02  2.1628E+02
0000209   2.4898E+02  1.6522E+02 -5.2071E+02
0000210   1.3293E+02  1.4159E+02 -2.1173E+01
0000211   5.0252E+02  3.5498E+02  4.3273E+02
0000212   6.7771E+02  1.6248E+02  1.8474E+02
0000213   4.2397E+02  1.4826E+02  1.6657E+02
0000214   1.5970E+02  1.7246E+02 -1.7236E+02
0000215   3.8900E+02  9.5665E+01  4.1861E+02
0000216   3.0395E+02 -1.7710E+02 -6.8931E+01
0000217   5.7598E+02 -2.7378E+02  4.1464E+01
0000218   3.5328E+02  3.2605E+02  1.5900E+02
0000219   3.9990E+02  7.9217E+01 -2.6654E+01
0000220   3.8089E+02 -1.4936E+02 -3.0540E+01
0000222   7.0531E+02  4.0303E+02 -3.2533E+02
0000223   3.4156E+02  2.0302E+02  9.1177E+01
0000224   7.3525E+02 -2.5616E+02 -6.4826E+01
0000225   2.6871E+02  1.4388E+02  2.6986E+02
0000226   8.4884E+02  3.1971E+02 -9.7382E+01
0000227   4.1916E+02 -2.1748E+02  7.9423E+01
0000228   7.2467E+02 -2.8862E+02 -4.5476E+02
0000229   4.3687E+02 -1.9103E+02 -2.5201E+02
0000230   4.5414E+02  3.7066E+01  1.1417E+02
0000231   8.4552E+01 -2.0827E+02 -6.0113E+02
0000232   7.9026E+02 -4.3437E+02  1.0943E+02
0000233   5.3927E+02 -8.2807E+01 -2.4888E+02
0000234   4.1379E+02 -7.9784E+01  1.8346E+02
0000235   5.4544E+02  2.9843E+02  8.1834E+01
0000236   7.9606E+02  2.7150E+02  4.4884E-01
0000237   5.5671E+02  2.2501E+02  1.7125E+02
0000238   3.0848E+02 -2.8603E+02 -1.0312E+02
0000239   7.9584E+01 -4.1280E+01  4.3941E+02
0000240   2.6388E+02  6.7076E+00  3.3251E-01
0000242   6.0792E+02  4.6895E+02  2.2663E+02
0000243   5.5574E+01 -9.5453E+01  7.7487E+01
0000244   5.6076E+02 -4.7408E+02 -7.0332E+01
0000245   3.5062E+02 -2.9841E+02 -9.3459E+01
0000246   3.9949E+02  1.8988E+02  2.5062E+02
0000247   5.7947E+02  2.5190E+02  2.7351E+02
0000248   7.0274E+02  1.1414E+02 -2.2962E+02
0000249   1.6050E+02 -1.7592E+02  2.3304E+02
0000250   2.3512E+02 -1.7643E+01  4.8681E+01
0000251   5.9376E+00  1.3636E+02 -1.2819E+02
0000252   2.7673E+02  3.2476E+02 -9.2426E+01
0000253   6.3390E+01 -1.8749E+02  1.9970E+02
0000254   6.4431E+02 -1.6207E+02  2.2470E+02
0000255   2.0670E+02 -1.7348E+02  7.0610E+00
0000256   7.6852E+02  1.3624E+02  1.8971E+02
0000257   6.1023E+02  1.7713E+02 -6.6324E+01
0000258   6.3353E+02 -3.3914E+02 -1.3883E+01
0000259   5.7677E+02 -1.6822E+02  5.1005E+00
0000260   5.3289E+02  4.6272E+02  2.8106E+02
0000261   3.5559E+02 -1.1350E+02 -1.4456E+02
0000262   1.5691E+02 -2.8290E+02  1.7398E+01
0000263   6.3359E+02 -4.0721E+02 -2.0294E+02
0000264   3.6097E+02  1.5593E+00  4.7064E+01
0000265   4.6007E+02 -1.7731E+02 -1.3931E+02
0000266   1.3036E+02 -1.6388E+02  4.0815E+01
0000267   2.5632E+02 -7.2809E+01 -5.7841E+01
0000268   3.6330E+02  1.3080E+02 -2.9132E+02
0000269   8.7015E+02 -1.5824E+02  2.0901E+01
0000270   4.9694E+02 -1.2149E+01 -2.1326E+02
0000271   3.3768E+02  2.2594E+02  4.2497E+02
0000272   3.7069E+02 -1.9630E+02  9.3320E+01
0000273   1.6428E+02  2.7438E+01 -5.7278E+02
0000274   9.2160E+01  9.5786E+01 -2.5500E+00
0000275   5.4017E+02  2.9403E+02 -5.2096E+01
0000276   4.5889E+02  5.9401E+01 -9.2391E+00
0000277   8.1635E+02 -1.4617E+02 -1.9756E+02
0000278   4.5415E+02 -4.0248E+01 -1.2609E+02
0000279   9.1291E+01 -6.7312E+01 -7.9822E+01
0000280   5.9635E+02 -1.4736E+02  2.3234E+02
0000281   4.0493E+02 -1.1499E+02 -2.9604E+02
0000282   2.9013E+02  6.8485E+01  5.4559E+01
0000283   4.9694E+02 -6.7389E+01 -1.2285E+01
0000284   1.9391E+02 -3.3551E+02 -1.9418E+02
0000285   2.2859E+01 -4.2616E+02 -3.0001E+02
0000286   1.4445E+02 -7.9929E+01 -4.1289E+02
0000287   4.8883E+02  1.6944E+02 -2.0017E+01
0000288   5.5779E+02  1.2177E+02  7.1942E+01
0000289   3.8304E+02  2.8055E+02 -2.9743E+01
0000290   4.2985E+02  3.1878E+02 -4.4670E+01
0000291   3.8946E+02  5.4696E+02 -1.5409E+02
0000292   2.4419E+02 -1.0057E+02 -3.4952E+01
0000293   1.3746E+02 -1.3168E+02  1.9766E+02
0000294   4.5387E+02  1.3904E+02 -6.8518E+00
0000296   4.2254E+02  2.2863E+02  1.7996E+02
0000297   3.9302E+02  1.5586E+02  1.7289E+02
0000298   3.5950E+02 -7.4650E+01  5.0426E+02
0000299   3.6369E+02 -2.5986E+01  4.9418E+01
0000300   2.9377E+02  5.1922E+02 -1.4375E+02
0000301   2.1174E+02 -1.4982E+02  1.3652E+02
0000302   6.1101E+02  2.7614E+02  3.5772E+02
0000303   6.5400E+02 -3.4441E+02 -3.0743E+02
0000304   4.6645E+02  1.1355E+02 -1.0211E+02
0000305   6.3184E+02  9.1177E+01 -3.0116E+01
0000306   8.5279E+01 -2.0252E+02  2.6260E+02
0000307   3.0120E+02 -3.5577E+00  3.7096E+02
0000308   3.8948E+02 -1.8298E+02  6.8370E+01
0000309   4.5167E+02  9.6544E+01 -1.7415E+01
0000310   4.6790E+02 -1.1694E+02 -3.6181E+02
0000311   5.2379E+02  4.4893E+02  2.1735E+02
0000312   3.6219E+02 -7.6974E+01 -2.9177E+02
0000313   1.0614E+02 -5.1468E+01  4.7378E+01
0000314   2.9003E+02 -5.5403E+00  1.6641E+02
0000315   8.2068E+00 -2.5402E+02 -1.0035E+02
0000316   4.9102E+02  2.3700E+02  3.3308E+02
0000317   7.0684E+02 -3.1485E+02 -5.1327E+01
0000318   3.3619E+02  5.6174E+01 -1.2065E+02
0000319   6.1445E+02 -5.5315E+01 -7.5943E+01
0000320   4.8993E+02  3.6091E+02 -8.7513E+01
0000321   2.9185E+02  1.8060E+02 -3.2505E+02
0000322   3.2833E+02  2.8267E+02 -7.7391E+01
0000323   3.0036E+02 -3.6149E+01 -1.5381E+02
0000324   5.7028E+01 -2.5305E+02 -2.3549E+02
0000325   6.1860E+02 -1.5633E+01  3.6321E+02
0000326   1.5478E+02  2.9104E+01 -3.8508E+02
0000327   3.4303E+02 -2.8357E+01 -3.1848E+02
0000328   4.8925E+02 -3.1139E+01 -1.0225E+02
0000329   2.8854E+02  2.9720E+02  4.7727E+02
0000330   6.7960E+02  3.2002E+02 -2.5239E+02
0000331   1.6163E+02 -1.4555E+02 -3.6190E+01
0000332   6.4168E+02  2.3508E+02 -5.5939E+01
0000333   4.0491E+02  1.5142E+01 -2.0562E+02
0000334   3.8968E+02  5.0650E+01  2.3667E+02
0000335   3.4057E+02 -1.5316E+02  1.2045E+02
0000336   3.9327E+02 -1.7409E+01  1.0514E+02
0000337   5.0876E+02 -1.1954E+02  1.3347E+02
0000338   3.4108E+02 -1.9877E+02  2.7588E+01
0000339   5.2290E+02  2.7060E+02  3.1735E+02
0000340   6.2192E+02  9.4681E+01 -3.6044E+01
0000341   5.7713E+02 -2.8286E+01 -7.6714E+01
0000342   6.7430E+02  3.1728E+02 -4.2017E+02
0000343   9.0493E+02 -6.6063E+01 -2.5224E+02
0000344   5.3497E+02  5.3432E+01  5.1750E+01
0000345   5.4972E+02  4.2405E+02 -3.5099E+01
0000346   2.9984E+02  1.6482E+02 -2.0302E+02
0000347   4.4861E+01  9.2491E+01 -2.5784E+02
0000348   4.8974E+02 -9.7370E+01 -1.2153E+02
0000349   5.6936E+02  7.4076E+01 -5.9771E+01
0000350   5.3257E+02  6.0706E+01  3.3652E+02
0000351   7.8127E+02  1.8724E+02  1.7986E+00
0000352   2.9510E+02 -4.1454E+02 -1.6367E+02
0000353   2.3600E+02  1.5665E+02  1.5719E+02
0000354   3.1562E+02 -1.6604E+02  3.4808E+02
0000355   8.4553E+00  4.0795E+01  9.3018E+01
0000356   1.1838E+02 -1.7705E+02  3.8468E+02
0000357   5.8140E+02  4.6972E+02 -2.8301E+02
0000358   5.9141E+02  4.5802E+01 -1.5899E+02
0000359   6.1759E+01  3.0441E+01 -1.2373E+02
0000360   5.5718E+02 -7.1337E+01 -2.8156E+02
0000361   6.4636E+02 -3.2130E+02 -2.1616E+01
0000362   3.6217E+02 -2.8061E+02 -8.3395E+01
0000363   5.0911E+02 -2.9092E+02 -2.5466E+02
0000364   4.9248E+02 -2.3041E+02  7.9164E+01
0000365   4.2353E+02 -2.6185E+02 -3.2746E+02
0000366   1.8990E+02 -2.6321E+02 -3.6762E+02
0000367   4.9413E+02  1.2676E+02  5.6496E+01
0000368   3.4426E+02  1.5636E+02 -1.7649E+01
0000369   3.4860E+02  2.9531E+02  3.5350E+01
0000370   2.6638E+02 -2.7790E+02 -2.8575E+01
0000371   3.3716E+02  4.4877E+02  8.8463E+01
0000372   3.8341E+02  1.5279E+02 -2.9183E+02
0000373   1.8398E+02 -2.9906E+02  4.6063E+01
0000374   1.8230E+02 -1.8143E+02 -9.2103E+01
0000375   4.3906E+02  2.3432E+02  4.0757E+01
0000376   5.3850E+02 -4.5926E+02  1.6877E+02
0000377   6.7335E+02 -2.3371E+02 -1.3269E+02
0000378   2.0554E+02  2.3079E+02 -1.6413E+02
0000379   2.6057E+02  2.4046E+02  2.7601E+02
0000381   4.3479E+02  3.1489E+00  2.5823E+02
0000382   3.8833E+02 -1.3071E+02  1.0376E+02
0000383   4.5780E+02 -2.2095E+01 -7.1155E+01
0000384   6.3386E+02  2.6486E+02 -1.3897E+02
0000385   9.0887E+02 -2.4633E+02 -1.8733E+02
0000386   2.2461E+02  3.5751E+02  5.2354E+02
0000387   3.5166E+02 -2.9507E+02 -1.1155E+02
0000389   3.2814E+02 -1.3306E+02  6.5623E+01
0000390   8.0868E+02 -2.6317E+01 -1.1199E+01
0000391   3.2350E+02  5.1659E+00 -2.3291E+02
0000392   4.2297E+02 -1.1108E+02 -5.9870E+01
0000393   2.8415E+02  3.3994E+02 -2.1305E+01
0000394   2.5897E+02  3.1910E+02  1.0090E+02
0000395   3.8315E+02 -9.0059E+00  2.2238E+02
0000397   2.6130E+02  1.1154E+02  1.9339E+02
0000398   3.1609E+02 -2.8380E+02  1.9092E+02
0000399   7.0640E+02 -1.6462E+02 -3.8281E+02
0000400   2.7884E+02 -4.2463E+02  1.4528E+02
0000401   3.2992E+02 -1.9079E+02 -1.4907E+02
0000402   2.3993E+02  1.4004E+01  1.0528E+02
0000403   3.4329E+02  7.7052E+01 -2.2377E+02
0000404   6.1675E+02 -1.8772E+02 -3.7708E+02
0000405   1.8150E+02 -1.1036E+02 -9.4491E+01
0000406   7.3411E+02 -3.1194E+02 -4.8730E+01
0000407   4.4103E+02  1.3484E+02 -5.8205E+01
0000408   3.8151E+02 -1.4472E+02 -1.1274E+02
0000409   1.9953E+02  9.7247E+01 -2.4676E+02
0000410   3.5619E+02 -2.3344E+02  3.5301E+02
0000411   5.6450E+02 -4.2847E+02  1.3389E+02
0000412   3.7700E+02 -5.6356E+01  1.7590E+02
0000413   4.3479E+02  2.5801E+02  4.5683E+01
0000414   9.2773E+02  1.9724E+02  2.2989E+02
0000415   5.1045E+02  2.5045E+02  1.5488E+02
0000416   6.8609E+02 -1.7675E+02  1.3040E+02
0000417   7.0747E+00 -1.1870E+02 -1.7163E+02
0000418   2.7213E+02  3.6206E+00  2.5437E+02
0000419   1.9431E+02  1.8520E+02  1.1629E+02
0000420   1.7600E+02  1.0422E+02  2.8931E+02
0000422   6.9397E+02  4.5226E+02 -2.1980E+02
0000423   3.8894E+01  1.2446E+02 -2.3156E+02
0000424   4.6535E+02 -1.4456E+01 -9.6398E+00
0000425   3.3170E+02 -1.7017E+02  3.9280E+02
0000426   2.0176E+02 -1.8584E+02  1.8323E+02
0000427   4.4410E+02 -1.3871E+02 -4.4760E+02
0000428   1.3944E+02  1.0451E+02  1.7036E+02
0000429   2.6676E+02  2.4718E+02  4.0284E+01
0000430   5.1793E+02 -2.6258E+02 -6.9565E+00
0000431   1.9787E+02  3.6381E+02 -3.4537E+00
0000432   4.2656E+02  9.8948E+01  8.1730E+01
0000433   4.8545E+02 -2.6183E+02 -1.7890E+02
0000434   6.4171E+02  1.2013E+01 -4.3459E+01
0000435   2.0472E+02  2.7778E+01  6.8527E+01
0000436   2.9914E+01  6.1875E+01 -2.8174E+02
0000437   3.3611E+02 -1.5638E+02 -5.7040E+01
0000438   6.0925E+02 -1.5502E+02  1.5189E+02
0000439   4.0561E+02 -1.8538E+02  4.4262E+02
0000440   1.1182E+02 -1.4300E+01 -4.2722E+01
0000441   2.5106E+02  3.9100E+02 -1.6606E+02
0000442   2.1118E+02 -2.6985E+02  3.9950E+02
0000443   6.9063E+01 -2.8890E+02 -2.5481E+02
0000444   5.3902E+02  6.2461E+01  1.7917E+02
0000445   4.1005E+02  1.5567E+02  8.7086E+01
0000446   1.8368E+02 -1.9808E+02  8.1200E+01
0000447   7.4002E+02 -1.5443E+02 -1.3558E+02
0000448   6.4104E+02  6.9426E+00  2.7338E+02
0000449   7.0932E+02 -2.5536E+02  1.0258E+02
0000450   4.1922E+02 -2.3010E+02 -5.4645E+02
0000451   4.5319E+02 -5.0939E+02  5.5599E+01
0000452   2.4612E+02  2.4796E+02  4.5532E+02
0000453   6.3173E+02  2.5947E+01 -4.8002E+00
0000454   1.2304E+02 -1.2597E+01  2.8400E+01
0000455   1.1615E+02 -1.6760E+02 -9.5966E+01
0000456   5.5847E+02 -1.8376E+02 -3.6213E+02
0000457   7.4760E+02 -8.9112E+01 -9.4798E+01
0000458   2.0129E+02 -7.8177E+01 -2.5236E+02
0000459   4.4848E+02 -4.1603E+01 -4.9470E+01
0000460   4.5308E+01 -1.0140E+02 -6.9786E+01
0000461   3.4705E+02 -1.8560E+02 -1.7582E+02
0000462   4.4187E+02  8.6073E+01 -3.1212E+02
0000463   7.1641E+02 -2.2574E+02 -2.9348E+01
0000464   4.4727E+02 -4.4739E+02 -8.4990E+01
0000465   2.3952E+02  8.6403E+00  3.5232E+02
0000466   5.6605E+02  1.4476E+02 -2.5088E+02
0000467   6.0368E+02 -4.7388E+02 -1.4739E+02
0000468   5.0196E+02  2.9523E+02  1.4881E+02
0000469   3.6302E+02  1.1793E+02 -2.2911E+02
0000470   5.2977E+02 -2.8041E+02 -1.5014E+02
0000471   4.3807E+02  1.2661E+02 -3.2671E+01
0000472   3.7493E+02  4.1393E+02 -1.3646E+02
0000473   9.2210E+02 -6.1901E+01 -2.1488E+02
0000474   2.9253E+02  1.5911E+01  9.0747E+01
0000475   4.7103E+02 -1.2325E+02  1.4027E+01
0000476   6.4639E+02  1.5915E+02 -1.3751E+02
0000477   2.4474E+02 -1.5087E+02  3.9934E+01
0000478   5.1455E+02  4.2664E+02  2.0035E+02
0000479   6.0500E+02 -7.1464E+01  2.4056E+01
0000480   3.9539E+02  4.8453E+01 -2.7599E+02
0000481   5.6132E+02  3.8275E+02  2.3229E+01
0000482   3.5243E+02  3.3268E+02  5.5473E+01
0000483   4.0662E+02 -4.0432E+01  4.4369E+01
0000484   5.6698E+02  1.0419E+01  2.1538E+02
0000485   7.0523E+02 -6.9400E+01 -4.3787E+02
0000486   7.4773E+02 -1.9697E+02 -2.4075E+01
0000487   4.8682E+02 -1.1971E+02 -4.3495E+02
0000488   4.3389E+02  1.4755E+02 -8.2196E+01
0000489   3.2388E+02 -6.8174E+01 -3.5347E+01
0000490   3.6830E+02  1.6848E+02  2.6506E+02
0000491   4.2048E+02 -3.2511E+01  1.0834E+02
0000492   2.9855E+02  1.4636E+01 -2.8047E+00
0000493   3.7817E+02  1.5486E+01  8.8381E+01
0000494   4.8521E+02  2.9193E+02  3.3791E+02
0000495   6.1027E+02 -7.7018E+01 -4.0478E+01
0000496   1.8608E+01 -3.7390E+01 -2.2060E+02
0000497   1.6170E+02 -5.2690E+02  1.9888E+02
0000498   4.6224E+02  6.8155E+01 -2.9819E+01
0000499   2.6070E+02 -8.8245E+01  1.8358E+02
0000500   5.9535E+02 -1.4014E+02 -1.6085E+02
0000501   6.5923E+02  7.6882E+01 -2.4104E+02
0000502   2.9469E+02  4.0056E+02 -3.8455E+02
0000503   3.4460E+02 -2.2851E+02  4.4802E+02
0000504   5.6311E+02 -7.5471E+01 -3.8634E+02
0000505   3.3037E+02 -1.6847E+02 -1.8578E+01
0000506   1.8986E+02  1.7318E+02 -3.5638E+02
0000507   1.8018E+02  3.7660E+02  2.2526E+01
0000508   2.4839E+02 -3.4179E+02  9.7476E+01
0000509   3.7279E+02  2.2112E+02 -1.4782E+02
0000510   1.3985E+02 -2.3004E+02 -3.3867E+02
0000511   1.9374E+02  1.8871E+02 -1.1120E+02
0000513   4.9007E+02  5.2562E+01  1.0217E+02
0000514   2.9974E+02  1.0693E+02 -3.0544E+00
0000515   5.6759E+02 -3.9754E+02 -7.4580E+01
0000517   2.6869E+02  1.1795E+02 -1.6462E+02
0000518   3.4055E+02 -1.4954E+02  5.4084E+00
0000519   2.1645E+02  3.2866E+02  2.6357E+02
0000520   2.8987E+02  2.7552E+02 -3.6832E+02
0000521   6.8260E+02 -2.1944E+02 -3.6674E+02
0000522   2.3632E+02  6.1990E+01 -1.5168E+02
0000523   2.6283E+02 -2.2772E+02 -3.9830E+02
0000525   3.5469E+02  1.0884E+02  5.7260E+01
0000526   5.9189E+02  1.7078E+02 -1.3141E+02
0000527   4.5295E+02  3.0911E+01  4.6642E+02
0000528   6.9856E+02  6.4223E+01 -7.8810E+01
0000529   2.0874E+02  1.0996E+02 -5.9342E+01
0000530   3.8239E+02 -1.5377E+01 -2.4950E+02
0000531   2.6528E+02 -2.6175E+02 -1.7702E+02
0000532   4.6666E+02 -3.8773E+02 -7.6260E+01
0000533   4.6217E+02 -1.2829E+02 -1.2112E+01
0000534   9.2427E+02 -1.0235E+02  6.0994E+01
0000535   6.7704E+02 -2.5551E+02  1.4809E+02
0000536   3.0640E+02 -4.2856E+02  2.3993E+02
0000537   2.8559E+02  7.3586E+01  3.0918E+02
0000538   1.5357E+02 -2.5057E+01 -4.1189E+02
0000539   1.6834E+02 -5.5102E+01  1.7966E+02
0000540   3.3814E+02  1.5499E+02 -1.2127E+02
0000541   5.2043E+01  6.2263E+00 -1.2765E+02
0000542   5.3099E+02  2.7581E+02  3.4156E+02
0000543   3.7656E+02 -1.0171E+02 -1.6298E+02
0000544   5.8058E+02  4.0929E+02 -1.7602E+01
0000545   6.4903E+02  2.2474E+02  4.4319E+02
0000546   3.7769E+02  1.2144E+02 -1.2364E+02
0000547   1.2813E+02  1.4400E+02  5.3258E+01
0000548   7.3765E+02  6.3583E+02 -2.1282E+02
0000549   7.5135E+02  4.5898E+02 -1.6784E+02
0000550   1.7810E+02  1.2414E+02  3.4497E+02
0000551   3.6325E+02  1.1224E+02 -2.1377E+01
0000552   3.9631E+02  2.6286E+02  3.5860E+02
0000553   9.5082E+01  1.1711E+02 -2.2480E+02
0000554   6.5221E+02  1.0840E+02 -2.2258E+00
0000555   2.5650E+02  4.5532E+02 -5.8064E+01
0000556   1.4988E+01 -3.5832E+01 -7.3350E+01
0000557   9.0613E+02 -2.6735E+01 -3.4885E+02
0000558   1.1211E+02  2.4728E+02  2.7127E+01
0000559   4.3973E+02 -1.8801E+02 -3.8665E+02
0000560   1.0303E+02 -2.5655E+01  8.6392E+01
0000561   3.0940E+01  6.8594E+01 -4.0199E+02
0000562   2.3983E+02  6.9931E+01  2.3825E+02
0000563   3.9340E+02 -4.5597E+02 -1.1215E+02
0000564   1.4628E+02  1.9298E+02 -8.8240E+01
0000565   3.5471E+02 -2.4626E+02  1.4836E+02
0000566   3.4122E+02  1.5978E+01  1.9057E+02
0000567   2.8036E+02 -2.7653E+02  1.7184E+02
0000568   4.6544E+02  1.3070E+02 -3.4503E+02
0000569   5.3440E+02  2.5510E+02  4.7664E+00
0000570   4.0472E+02 -2.6942E+02  6.9249E+02
0000571   2.1766E+02  5.2994E+01  3.0125E+02
0000572   5.5363E+02 -7.6635E+00  1.4776E+02
0000573   5.0165E+02  1.4238E+01  3.1921E+02
0000574   3.1140E+02 -9.9752E+01  1.1617E+02
0000575   5.9006E+02  1.2888E+02 -1.5477E+02
0000576   2.9348E+02 -3.5725E+01  1.8865E+02
0000577   3.2164E+02  3.1464E+02 -1.7114E+02
0000578   3.8108E+02 -5.9366E+02  3.8340E+02
0000579   2.9535E+02  7.0687E+01  4.2175E+02
0000580   8.5090E+01 -6.9587E+01 -2.9624E+01
0000581   3.0080E+02 -2.1396E+01  1.6768E+02
0000582   1.5874E+02 -1.8830E+02 -1.3076E+02
0000583   5.2017E+02  2.8398E+02  1.1043E+02
0000584   5.1859E+02 -9.8456E-01 -1.6565E+01
0000585   8.1076E+02  7.1136E+01 -1.1897E+02
0000586   6.3601E+02  2.3775E+02  6.2169E+01
0000587   5.9504E+02 -2.9411E+01  9.0998E+01
0000588   5.2660E+02  1.6123E+02  1.2711E+02
0000589   5.4552E+02  1.0645E+02  9.3001E+01
0000590   7.1159E+02  2.0564E+01  3.9027E+02
0000591   6.3542E+02  2.4266E+02  2.0354E+02
0000592   5.8009E+02  2.7860E+02 -1.7393E+02
0000594   6.2402E+02  3.6709E+02 -2.2599E+02
0000595   6.9446E+02  1.4321E+01  7.1210E+01
0000596   3.4568E+02 -1.4666E+02  7.5281E+01
0000597   2.6877E+02 -1.3057E+02  1.3478E+02
0000599   3.5823E+02 -9.8831E+00  3.6336E+02
0000600   3.5036E+02  5.3660E+01  4.6852E+02
0000601   6.7695E+02 -2.3422E+02  4.6240E+01
0000602   5.2760E+02 -4.5912E+01  1.7784E+02
0000603   6.5903E+02  5.0974E+02  5.8045E+02
0000604   3.6475E+02  2.9649E+02 -1.4966E+02
0000605   4.9140E+02 -3.6561E+01  8.6092E+01
0000606   6.0786E+02  1.7348E+02 -1.6605E+02
0000607   3.3135E+02  4.0844E+02  5.1223E+02
0000608   6.2982E+02  8.7506E+01  1.2507E+02
0000609   1.6099E+02 -4.5501E+01 -1.0194E+02
0000610   6.2939E+02 -3.3210E+02 -2.2128E+02
0000611   4.3710E+02 -4.9810E+02 -2.9304E+02
0000612   3.0479E+02 -2.3174E+01 -3.1931E+02
0000613   5.9874E+01  2.4235E+02  1.4085E+02
0000614   3.6955E+02 -5.7418E+01  1.2823E+02
0000615   6.4606E+02 -1.1485E+02  2.5378E+02
0000616   4.8283E+02  5.9851E+01 -3.6068E+01
0000617   2.8168E+00  1.8621E+02  1.2556E+02
0000618   1.6679E+02  2.3204E+01  6.1228E+01
0000619   7.4115E+01  9.7711E+01  1.4059E+02
0000621   1.0897E+02  2.2719E+02  4.9475E+02
0000622   2.3412E+02  1.7568E+02 -9.0944E+01
0000623   5.8568E+02 -1.3388E+02 -9.8269E+01
0000624   3.1709E+02 -3.2597E+02  1.7814E+02
0000625   1.2738E+02  6.9288E+01  1.7927E+01
0000627   3.6983E+02 -6.0751E+01  1.7985E+02
0000628   6.7727E+02 -1.3125E+02  2.1588E+02
0000629   4.5226E+02 -4.8537E+01 -1.9341E+01
0000630   4.8089E+02  1.8245E+02 -8.0285E+01
0000631   1.3555E+02 -3.0204E+02  3.0617E+02
0000632   5.3842E+02  2.9187E+02 -1.8040E+02
0000633   7.9542E+02 -2.5071E+02  4.4204E+02
0000634   6.9471E+01  2.3779E+02 -3.2514E+02
0000635   4.4175E+02  3.1304E+02 -2.6500E+02
0000636   4.1373E+02 -9.4465E+01  1.9455E+02
0000637   5.0618E+02  1.3793E+02  6.3285E+01
0000638   3.3562E+02  2.2233E+02 -3.7555E+01
0000639   4.8874E+02  3.8151E+01  2.8571E+02
0000640   6.8588E+02  3.0876E+02  3.7254E+02
0000641   4.0084E+02  8.8302E+01 -1.5593E+02
0000642   3.1859E+02 -9.8332E+01 -2.8439E+02
0000643   2.9873E+02  4.4383E+02  2.0071E+02
0000644   5.0934E+02  3.1670E+02 -2.5746E+01
0000645   2.8121E+02 -1.8885E+02 -7.7680E+01
0000646   8.9250E+02  2.6009E+02  3.3879E+01
0000647   1.1373E+02  2.7742E+02 -1.7251E+02
0000648   5.1005E+02  3.1346E+02 -1.9027E+02
0000649   6.8306E+01 -2.2816E+02  1.2198E+01
0000650   2.6451E+02  1.0117E+02  2.0971E+02
0000652   2.3679E+02 -3.5174E+02  5.4402E+02
0000653   5.1082E+02 -1.2794E+02 -2.5242E+02
0000654   4.8481E+02 -8.5477E+01  3.0453E+02
0000656   1.2911E+02  2.1151E+02 -2.1481E+02
0000657   3.2017E+02  2.1414E+02 -7.6747E+01
0000658   5.8083E+02  3.5914E+02  1.2377E+01
0000659   2.4432E+02 -1.7690E+01 -3.7438E+02
0000660   2.6672E+02  9.3853E+01  3.6063E+01
0000661   5.1125E+01  5.1579E+01  2.2430E+02
0000662   3.3410E+02 -1.6960E+01 -9.2685E+01
0000663   2.7045E+02  8.3506E+01 -3.5010E+02
0000664   3.4212E+02 -1.1936E+02 -3.1817E+02
0000665   1.2864E+02  3.4004E+01  2.8301E+02
0000666   7.7374E+01  4.0783E+01  4.1560E+02
0000667   2.8803E+02 -1.2028E+02  1.1398E+02
0000668   3.9162E+02 -1.8998E+02  2.4441E+02
0000669   5.0828E+02 -1.3789E+02  7.2625E+01
0000670   6.3501E+02  3.6468E+02 -3.1592E+01
0000671   4.6444E+02  4.2244E+02 -7.7978E+01
0000672   6.0542E+02 -9.4014E+01  2.4874E+02
0000673   1.9129E+02 -2.3955E+02 -1.3210E+01
0000674   6.8952E+02 -9.7722E+01  1.9497E+02
0000675   3.8801E+02 -3.0085E+02 -6.2819E+01
0000676   3.5384E+02  8.1940E+01 -4.1114E+02
0000677   6.4439E+02 -3.4935E+01 -1.3610E+02
0000678   1.9581E+02 -3.4983E+01  1.2064E+02
0000679   6.0382E+02 -8.5218E+01  2.3908E+02
0000680   3.7165E+02 -3.7590E+02  1.1102E+02
0000681   3.4787E+02  2.3415E+01  6.8728E+00
0000682   3.3793E+02 -4.9382E+01 -4.3327E+02
0000683   2.1994E+02 -1.3178E+02 -1.1323E+02
0000684   2.4435E+02  2.4939E+02 -3.2381E+02
0000685   2.7799E+02  1.0228E+02  4.9039E+02
0000686   2.4154E+02  2.9758E+02 -6.1049E+01
0000687   4.6552E+02 -2.3869E+01  5.7527E+01
0000688   3.2117E+02  3.2610E+02 -6.3404E+01
0000689   1.7950E+02 -1.4307E+02 -3.7016E+02
0000690   3.2609E+02  7.0492E+01 -2.1847E+02
0000691   2.7696E+02 -2.5423E+01 -3.1877E+02
0000692   2.8194E+02 -1.7315E+01  2.2430E+02
0000693   5.8405E+02  4.5857E+02  2.9229E+02
0000694   2.3467E+02 -3.1615E+02 -7.4917E+01
0000695   3.2726E+02 -5.9852E+01 -3.9431E+02
0000696   5.5439E+02 -1.1240E+02  7.0852E+01
0000697   4.2961E+02  1.5229E+02  1.8535E+01
0000698   4.4533E+02 -1.9825E+02 -2.2209E+02
0000699   5.3892E+02  1.6874E+02  1.0512E+02
0000700   2.6012E+01  7.6370E+01  7.2993E+01
0000701   6.3873E+02 -3.2086E+02 -1.5593E+02
0000702   2.5836E+01  7.9631E+01 -3.0694E+02
0000703   4.9883E+02  4.3222E+02 -1.0511E+02
0000704   5.5343E+02  4.9346E+01 -1.3576E+02
0000705   7.2794E+02 -1.7244E+02  1.3045E+02
0000706   4.7890E+02 -4.2965E+02 -7.7071E+01
0000707   3.4666E+02 -1.1061E+02  2.7179E+02
0000709   2.2086E+02  3.2383E+02  2.3645E+02
0000710   6.0363E+02 -2.4273E+02 -1.1694E+01
0000711   6.8962E+02 -1.8271E+02 -3.7485E+01
0000712   4.9131E+02  5.3443E+01 -3.4134E+01
0000714   3.5226E+02  2.9012E+02 -2.5191E+02
0000715   4.2785E+02  5.7321E+02  4.7782E+01
0000716   1.4950E+02  3.3491E+02  1.1374E+02
0000717   6.7301E+02 -6.0225E+01  1.5494E+02
0000718   1.2148E+02 -2.2947E+02  8.3966E+01
0000719   6.0484E+02 -2.2000E+02 -2.4914E+02
0000720   5.0978E+02  6.6196E+01  1.2151E+02
0000721   3.6771E+02 -2.3501E+02  1.3781E+02
0000722   4.8313E+02 -1.8874E+02 -3.4895E+02
0000723   2.1232E+02  5.7933E+01  2.0604E+02
0000724   3.4229E+02  2.5319E+02 -7.5133E+01
0000725   4.1032E+02  3.7496E+02 -1.9170E+02
0000726   7.6580E+02 -3.1933E+02  6.4924E+01
0000727   4.5474E+02 -2.2290E+02  5.4264E+00
0000728   2.7942E+00  9.7133E+01  1.8473E+02
0000729   4.0255E+02  5.1073E+00  1.3171E+02
0000730   6.7357E+02 -1.6936E+02 -1.5529E+02
0000731   5.4012E+02 -2.4010E+02  3.2903E+02
0000732   3.9947E+01  1.4976E+02 -1.4799E+02
0000733   6.5031E+02  1.5401E+02 -2.7203E+02
0000734   4.2125E+02 -2.0522E+02 -6.9648E+01
0000735   4.1246E+02  3.2770E+02 -3.8985E+01
0000736   4.3912E+02 -2.5451E+02  2.3514E+02
0000737   7.7814E+02 -9.1204E+01  5.1602E+02
0000738   2.4974E+02 -1.0359E+02 -2.9644E+02
0000739   2.7492E+02  8.0127E+01 -1.6051E+02
0000740   4.5375E+02  2.0946E+01 -4.5120E+01
0000741   5.1509E+02 -1.0737E+02  1.7827E+02
0000742   3.8537E+02 -8.8601E+01  2.0131E+02
0000743   1.3006E+02 -1.2055E+02  4.4046E+01
0000744   2.1540E+02  4.4351E+01 -6.1509E+02
0000745   2.6061E+02 -3.2687E+02 -6.7232E+01
0000746   2.2212E+02  4.7458E+02 -7.0235E+01
0000747   4.5357E+02 -1.8152E+02 -3.6630E+02
0000748   3.0111E+02 -1.7684E+02 -4.1599E+02
0000749   8.1486E+01 -1.6864E+02 -2.5673E+02
0000750   1.2972E+02  7.0401E+01  9.6929E+01
0000752   2.2471E+02  8.6482E+01  3.2213E+02
0000753   5.8789E+02 -1.9969E+02  4.9050E+02
0000754   3.3084E+02 -4.0488E+01  2.6680E+02
0000755   7.9053E+01  1.4776E+02 -2.7331E+01
0000756   4.3897E+02 -4.9826E+02  3.2442E+02
0000757   3.6800E+02 -7.2698E+01  3.6522E+01
0000759   6.1733E+02 -3.9734E+02  1.0725E+02
0000760   3.3915E+02  1.4694E+02  3.0315E+02
0000761   1.0283E+02  1.8869E+02 -5.9209E+01
0000762   6.5035E+02 -3.4716E+02  1.4081E+01
0000763   2.0362E+02  1.9040E+02  2.7409E+02
0000764   4.2899E+02  1.0429E+02 -2.0667E+02
0000765   4.9295E+02 -2.1212E+02 -2.8226E+02
0000766   5.7468E+02 -9.9763E+01  9.7195E+01
0000767   2.2209E+02  1.1217E+02 -1.2103E+02
0000768   4.7115E+02  1.2563E+02 -4.2237E+02
0000769   5.5010E+02  2.7320E+02 -3.7522E+01
0000770   5.6514E+02 -1.6287E+02 -2.9822E+02
0000771   4.1525E+02  1.6758E+02  1.3754E+02
0000772   3.4559E+02 -2.5748E+02  3.3798E+02
0000773   5.4467E+02  1.9587E+02 -6.8750E+01
0000774   3.0400E+02 -6.2262E+01 -7.3135E+01
0000775   5.6127E+02 -5.5049E+01  2.8440E+02
0000776   4.2096E+02  4.3930E+02 -1.5641E+02
0000777   5.8293E+02 -7.4556E+01 -2.3573E+02
0000778   3.8391E+02  2.6312E+02  3.3490E+02
0000779   4.3060E+02 -7.8659E+01 -1.1884E+02
0000780   2.5828E+02  2.6271E+02  1.5161E+02
0000782   6.8038E+02  1.3843E+02  4.5873E+01
0000783   4.5740E+02  2.7292E+02 -2.8640E+02
0000784   4.6645E+02 -1.1310E+02  9.0745E+01
0000785   1.8608E+02 -7.3908E+01 -3.5696E+02
0000786   4.0161E+02 -9.5576E+01  1.8101E+02
0000787   1.7453E+02  1.1734E+02  2.0062E+02
0000788   6.4711E+02  1.7610E+02  4.1887E+01
0000789   1.6342E+02 -3.3397E+02 -8.9583E+01
0000790   3.2867E+02 -2.5676E+02  3.2042E+00
0000791   1.0707E+02  1.0064E+02  3.2482E+02
0000792   2.6177E+02 -1.2390E+02 -4.7690E+02
0000793   2.7022E+02 -3.2495E+02  7.5996E+00
0000794   2.0015E+02 -2.3061E+02 -5.9960E+01
0000795   1.5141E+02 -5.0555E+02  1.3523E+02
0000796   1.4643E+02  6.1697E+01  3.2293E+02
0000797   3.0510E+02  2.4246E+02 -1.3752E+02
0000798   4.3932E+01 -2.7588E+02 -4.8335E+01
0000799   4.1466E+02  2.0705E+01 -3.1539E+01
0000800   5.5778E+02  1.3954E+02 -1.5470E+02
0000801   8.0862E+02  6.2841E+01 -2.1447E+02
0000802   3.6280E+02 -2.1487E+02  1.1722E+02
0000803   3.9227E+02 -1.9595E+01  1.8031E+02
0000804   6.4515E+02  6.8523E+01 -2.3366E+02
0000805   7.5982E+02 -1.2749E+02  1.0398E+02
0000806   5.1622E+02  1.3977E+01 -2.7083E+02
0000807   4.2259E+02  1.0706E+02  2.6564E+02
0000808   3.5098E+02 -2.7446E+02 -1.8564E+02
0000809   5.5458E+02 -1.5882E+01 -9.4492E+01
0000810   4.9179E+02 -1.0829E+02  2.8556E+02
0000811   4.6265E+02 -3.0653E+02 -1.0263E+02
0000812   7.8762E+01 -4.0649E+01  9.6972E+00
0000813   2.7128E+02  5.0379E+01  2.9461E+01
0000814   1.6764E+02  1.4621E+02  3.8456E+02
0000815   5.6473E+02  2.5545E+02 -1.9787E+02
0000816   3.6329E+02 -1.1107E+02  3.6290E+02
0000817   4.5835E+02  1.5469E+01  1.6450E+02
0000818   1.9527E+02 -1.6877E+02 -1.1577E+01
0000819   6.5162E+02  6.5490E+01  1.2338E+01
0000820   5.5789E+02  5.2439E+01  1.5487E+02
0000821   1.1957E+02 -2.7927E+02 -1.4456E+02
0000823   2.6666E+02 -9.1908E+01 -2.6263E+01
0000824   8.0817E+02 -2.6224E+02 -2.1195E+02
0000825   5.0993E+02  1.6339E+02 -3.2923E+02
0000826   4.8269E+02 -9.4293E+00  3.8433E+02
0000827   3.4243E+02  6.8055E+00  2.9797E+02
0000828   6.6471E+01 -8.9613E+01  1.3113E+02
0000829   3.6419E+02  2.5433E+02 -3.5111E+00
0000830   4.4202E+02 -1.2591E+02  2.6719E+02
0000831   5.0124E+02  2.1872E+02 -4.1457E+02
0000832   2.5696E+02 -9.4721E+01 -2.5537E+02
0000833   5.0557E+02 -1.8580E+01 -2.4287E+02
0000834   2.8110E+02 -1.9243E+02  9.5173E+01
0000835   9.4643E+02 -7.0965E+01 -2.9930E+02
0000836   7.9458E+02 -9.8861E+01 -2.6413E+02
0000838   5.4150E+02  1.3015E+02  3.4908E+02
0000839   2.1892E+02 -2.2163E+02 -3.5763E+01
0000840   3.4889E+02 -1.2715E+02 -4.6389E+02
0000841   2.0808E+02 -9.1274E+00 -1.2009E+02
0000842   4.5471E+02 -3.2956E+01  1.0926E+02
0000843   5.2037E+02 -2.5334E+02  1.3387E+01
0000844   7.0482E+02  9.8994E+01  8.0035E+01
0000845   1.0973E+02 -3.4128E+02 -6.6171E+01
0000846   5.0596E+02 -7.0089E+01 -5.4624E+01
0000847   3.0258E+02  3.9872E+02 -1.8904E+02
0000848   7.2844E+02  6.1936E+01  4.2312E+01
0000849   1.3210E+02 -5.6873E+01 -1.9666E+02
0000850   6.7556E+02  6.5327E+00  6.8936E+01
0000851   3.7498E+02 -1.3272E+02 -1.5238E+02
0000852   1.4679E+02 -1.9577E+01 -1.3849E+02
0000853   4.2951E+02 -2.6534E+02 -3.2564E+01
0000854   5.6984E+02  9.1645E+01 -2.3463E+02
0000855   5.5901E+02 -1.9489E+02  1.1239E+02
0000856   1.9923E+02 -1.7751E+02  3.5497E+01
0000857   7.5556E+01  2.5418E+01  7.4098E+01
0000858   3.8015E+02 -1.4493E+02  2.1279E+01
0000859   1.5168E+02 -1.5077E+02 -4.5105E+01
0000860   3.4350E+02  2.6288E+02 -2.8474E+02
0000861   2.9247E+02  8.4177E+01  9.9456E+01
0000862   3.9752E+02  2.9649E+01 -7.8564E+01
0000863   4.4596E+02  1.0813E+02  4.0866E+01
0000864   7.9976E+02  3.4511E+02 -1.9975E+02
0000865   6.2574E+02  9.3209E+01  1.1486E+02
0000866   4.1412E+02 -1.7383E+02 -1.8134E+01
0000867   2.1358E+02  3.1516E+02  6.4006E+01
0000868   3.4039E+02  2.2811E+02 -9.3339E+01
0000869   4.1133E+02  5.2621E+02 -2.1221E+02
0000870   4.5133E+02  1.7453E+02 -2.0211E+02
0000871   1.7532E+02 -1.1992E+02  2.8527E+01
0000872   5.8095E+02 -1.3502E+02  5.3645E+01
0000873   5.3779E+02  3.3301E+02  1.7705E+02
0000875   3.6389E+02  2.7328E+02 -9.4986E+01
0000877   2.5595E+02 -6.1448E+01 -1.0299E+02
0000878   6.1836E+02 -3.0566E+02  3.0063E+01
0000879   3.4614E+02  1.2663E+02  2.0923E+02
0000881   9.0586E+02 -3.2929E+02  2.6492E+02
0000882   2.3701E+02 -9.7542E+01  5.6761E+01
0000883   5.4657E+02  3.0666E+02 -2.7229E+02
0000884   2.5985E+02 -7.8723E+01  1.8685E+02
0000885   3.6176E+02 -3.2355E+02 -2.3219E+02
0000886   3.2313E+02 -5.6004E+01 -3.6387E+02
0000887   3.8418E+02  8.4841E+01  1.4491E+02
0000888   4.4833E+02 -1.0375E+02 -8.7534E+01
0000889   5.5363E+02 -1.3686E+02 -5.0824E+01
0000890   8.6347E+02  2.7542E+02  3.4357E+02
0000891   3.3446E+02 -2.4436E+02 -1.8292E+02
0000892   4.0329E+02  2.7774E+02 -9.2556E+01
0000893   4.2818E+02  1.4608E+02 -6.3399E+00
0000894   6.1649E+02 -9.0342E+01  2.1897E+01
0000895   4.3808E+02  1.3517E+02 -1.6337E+02
0000896   5.1588E+02  4.1527E+02 -2.3934E+02
0000897   2.0966E+01  4.2860E+01  2.7595E+02
0000898   1.8951E+02 -3.6420E+02 -2.4162E+02
0000899   3.7709E+02 -8.2875E+01 -4.4660E+01
0000900   1.7369E+02  6.7716E+01 -1.1972E+02
0000901   4.3202E+02  2.8013E+01  1.2887E+02
0000902   7.7891E+02 -3.4585E+01 -5.8098E+01
0000903   2.7803E+02  1.1837E+02  2.6863E+02
0000904   5.7547E+01  1.0634E+02  7.8715E+01
0000905   4.8371E+02  1.7766E+02 -6.7785E+01
0000906   3.2544E+02 -3.8394E+01  1.1842E+02
0000907   1.6605E+02 -1.8937E+02 -1.9693E+02
0000908   2.1688E+02  1.5017E+02 -9.9162E+01
0000909   3.6237E+02  1.0759E+02  1.4471E+02
0000911   4.6255E+02  4.6678E+01  3.9105E+02
0000912   4.3879E+02  1.2941E+02 -2.3952E+00
0000913   4.5224E+02  2.9419E+02 -2.2358E+02
0000914   5.1042E+02 -3.0050E+02  1.5875E+02
0000915   1.9281E+02  2.1747E+01 -4.4316E+01
0000916   6.6105E+02 -4.0992E+02 -4.0949E+01
0000917   4.4089E+02  1.6699E+02  6.4378E+01
0000918   1.7370E+02  1.6206E+02 -3.5247E+02
0000919   2.3042E+02 -1.1341E+02  2.2288E+02
0000920   1.8274E+02 -1.2718E+02 -1.9838E+02
0000921   4.2567E+02  8.4918E+01 -1.4991E+01
0000922   6.3970E+02 -2.0852E+02  3.0592E+02
0000924   2.6387E+02  2.6183E+02  3.1536E+00
0000925   5.7972E+02 -2.7963E+02 -2.3683E+02
0000926   4.1228E+02  2.8078E+02 -1.2142E+02
0000927   5.5922E+02  2.7439E+02 -9.3169E+01
0000928   5.7483E+02  1.7395E+02 -2.5776E+02
0000929   5.9113E+02 -2.0597E+01 -1.6998E+01
0000930   4.4682E+02  2.5255E+02  8.3285E+01
0000931   3.2628E+02 -2.4933E+02  2.0436E+02
0000932   6.3416E+02  1.4126E+02 -1.8121E+02
0000933   6.7195E+02 -7.0110E+01  4.8251E+01
0000934   3.8116E+02 -1.2257E+02 -1.8818E+02
0000935   4.3667E+02 -1.4816E+02 -3.0006E+02
0000936   1.7413E+02 -1.3032E+02  2.4654E+02
0000937   4.7985E+02  3.6942E+02  3.6068E+02
0000938   3.3639E+02  2.8417E+02  9.3634E+01
0000939   5.2393E+02 -2.4700E+02  8.1765E+01
0000940   2.2295E+02  2.8143E+02  1.6744E+02
0000941   1.2719E+02  1.9738E+02 -1.8900E+02
0000942   6.4533E+02 -4.9927E+01  2.2460E+02
0000943   1.1846E+02  1.0731E+02 -2.8524E+02
0000944   6.0468E+02 -1.0615E+02  2.5623E+00
0000945   4.7041E+02 -1.5017E+02  9.9198E+01
0000946   5.6204E+02  1.1529E+02 -3.4616E+01
0000947   7.3957E+02  2.6271E+02 -9.4692E+01
0000948   5.5475E+02 -6.3156E+01  3.2951E+02
0000949   6.1364E+02 -1.5997E+02  3.9372E+02
0000950   2.3233E+02  2.2289E+02 -2.3935E+02
0000951   9.9561E+01 -2.1997E+02 -1.4558E+02
0000952   3.5248E+02  2.0421E+02  1.9697E+02
0000953   4.9317E+02 -6.6576E+01  2.8878E+02
0000954   2.3856E+02  1.9582E+02  3.1942E+01
0000955   4.0123E+02 -9.0460E+01 -1.4264E+02
0000956   5.6011E+02 -6.6329E+00  1.5174E+02
0000957   6.1343E+02 -3.8279E+02  9.9757E+01
0000958   5.2921E+02 -1.4286E+02  7.0518E+01
0000959   3.1081E+02  4.2519E+01  9.4739E+01
0000960   6.0778E+02 -3.4624E+02 -8.0313E+01
0000961   6.1918E+02  6.5941E+01 -3.7979E+02
0000962   3.1619E+02 -1.7645E+02  4.8036E+02
0000963   8.7538E+01 -1.4795E+02 -2.6141E+02
0000964   4.4191E+02 -1.2952E+02  9.3271E+01
0000965   1.5301E+02  2.8200E+00 -2.5325E+02
0000966   5.3512E+02  2.7246E+02  3.0956E+02
0000967   4.8991E+02  2.4434E+02  2.7851E+02
0000968   5.1046E+02 -1.4090E+02 -1.0202E+02
0000969   4.2202E+01  2.0354E+02 -5.5423E+01
0000970   2.4612E+02 -3.8030E+01  3.1804E+02
0000971   5.3104E+02 -2.6483E+02 -1.0061E+02
0000972   1.8504E+02 -2.3989E+02 -2.5205E+02
0000973   6.5535E+02 -3.4273E+02 -2.0221E+02
0000974   5.1510E+02 -2.6903E+02  9.0939E+01
0000975   7.4903E+01 -1.5735E+02 -8.3016E+01
0000976   1.3974E+02  2.7994E+01 -7.4598E+01
0000977   2.7064E+02  4.8378E+01 -7.5213E+01
0000978   2.9910E+02  1.6098E+02  4.7685E+01
0000979   6.1472E+02  1.6040E+02  3.4637E+02
0000980   4.7268E+02  1.3872E+01 -3.7690E+02
0000981   3.2200E+02  4.1712E+02  4.1462E+02
0000982   2.8607E+02  7.5917E+00 -1.4315E+02
0000983   4.7186E+02 -2.0683E+02 -3.0540E+02
0000984   6.2785E+02 -4.2451E+01  1.0256E+02
0000985   2.1764E+02 -2.9156E+02 -2.1423E+02
0000986   1.5429E+02  2.0589E+02 -2.9279E+02
0000987   4.7181E+02 -7.9797E+00 -6.5703E+01
0000988   7.3538E+02 -4.1781E+02  4.1231E+02
0000989   4.1225E+02  2.7407E+02 -3.9491E+02
0000990   7.8668E+02  6.1350E+01 -1.2335E+02
0000991   5.5331E+02 -3.6235E+02 -1.0315E+02
0000992   1.5315E+02  5.7964E+01 -2.4476E+01
0000993   2.7619E+02  8.5478E+00  4.7473E+01
0000994   3.3627E+02 -3.1335E+01  2.5182E+02
0000995   1.2247E+02 -1.8755E+02  1.0743E+02
0000996   8.6932E+02 -1.2291E+02 -4.0208E+02
0000997   6.0562E+02  3.6036E+02  1.6754E+01
0000998   2.7101E+02 -2.7654E+01 -4.5293E+02
0000999   5.1627E+02  6.4048E+01  8.0801E+01
