============================== SRIM-2013.00 ==============================
==============================================================================
====== SRIM Outputs\RANGE_3D.txt : File of Final Ion Positions =====

Ion =  F (09)   Ion Mass= 018.9984
Energy  = 2000000.E-05 keV
Ion Angle to Surface = 00.0 degrees
==================== TARGET =======================
  Layer # 1 - None
  Layer # 1 - Bottom Depth=500000.E-01 A
  Layer # 1 - Density =0007.8700 g/cm3
  Layer # 1 -  100 % of Fe
様様様様様様様様様様様様様様様様様様様様様様様様様様
                                            
Ion       Depth  X   Lateral Y   Lateral Z  
Number    (Angstrom) (Angstrom)  (Angstrom) 
-------  ----------- ----------- -----------
0000001   1.5382E+02  1.8306E+02  2.6396E+02
0000002   2.1693E+02 -8.8244E+01  1.0583E+02
0000003   1.1871E+02 -1.1276E+02 -2.9751E+01
0000004   3.9686E+02  2.6613E+01 -4.8575E+01
0000005   4.2720E+02 -2.1846E+01 -1.5023E+02
0000006   5.3245E+01  9.4876E+01 -1.2364E+01
0000007   1.9313E+02  8.3343E+01  6.5042E+01
0000009   5.8903E+01  4.0950E+01  6.9264E+00
0000010   1.6702E+02 -9.2398E+01 -1.2600E+02
0000011   2.9467E+02 -4.9040E+01  7.3202E+00
0000012   3.7501E+02  1.0454E+02 -1.7895E+01
0000013   3.2584E+01 -7.5603E+01  2.5712E+01
0000014   3.6324E+02  3.1833E+01 -1.1401E+02
0000015   9.2017E+01 -1.3805E+01  2.8110E+01
0000017   2.6649E+02  8.5096E+00 -1.1313E+02
0000018   9.4551E+01  6.2177E+01 -4.1027E+01
0000019   3.6052E+02  8.4161E+01  6.4245E+01
0000020   4.3822E+01  9.2041E+01 -3.0999E+01
0000021   1.2993E+02 -5.7646E+00 -2.2395E+02
0000022   3.5738E+02 -6.4769E+01 -1.2330E+01
0000023   1.2957E+02 -1.0051E+02 -5.0757E+01
0000024   2.3029E+02  1.7661E+01  2.0586E+02
0000025   1.8970E+02 -7.5359E+01  1.1277E+02
0000026   4.4142E+02  4.4084E+01 -9.2134E+00
0000027   2.2754E+02  1.3320E+01 -2.4303E+01
0000028   2.1064E+02 -1.5606E+02 -1.7369E+02
0000029   2.6018E+02 -1.0372E+02 -1.0054E+01
0000030   3.0270E+02  1.2521E+02  1.6107E+02
0000031   1.8211E+02  1.5634E+02  9.1522E+01
0000032   1.1115E+02  1.8379E+02 -1.6882E+02
0000033   2.1509E+02 -1.3009E+02 -1.4908E+02
0000034   7.4666E+01  4.0384E+00  3.3261E+01
0000035   2.0940E+02  7.2472E+01 -7.9263E+01
0000036   1.7779E+02  3.5601E+01 -1.2184E+02
0000037   1.9253E+02  2.8186E+01  1.1659E+02
0000038   3.5114E+01 -2.7619E+02  2.2869E+01
0000039   8.1737E+01 -1.7707E+01  1.0141E+01
0000040   1.4004E+02 -4.2459E+01  8.2979E+01
0000041   2.2177E+02 -1.5064E+02 -1.4852E+02
0000042   1.2352E+02 -1.3944E+02 -6.1322E+01
0000043   2.7520E+02 -9.5536E+01  7.3610E+01
0000044   1.8675E+02  1.5468E+02 -2.7543E+02
0000045   1.7884E+02  7.6799E+01  2.7116E+02
0000046   3.8128E+02  9.6069E+01  1.0468E+02
0000048   9.9031E+01  3.4646E+01 -4.5076E+01
0000049   1.8709E+02  8.6181E+01  9.6782E+01
0000050   1.9191E+02 -1.4782E+02 -1.1513E+02
0000051   6.8787E+01 -1.7164E+01 -1.3775E+02
0000052   1.9844E+02  1.8050E+01 -2.3970E+02
0000053   2.1461E+02 -5.3405E+01  9.3569E+01
0000054   3.4391E+02 -2.8070E+01  2.0097E+02
0000055   9.9769E+01  6.4764E+01 -6.6619E+01
0000057   2.6200E+02 -2.1578E+02  1.2302E+02
0000058   1.3299E+02  1.1341E+02 -6.6308E+01
0000059   1.2832E+02 -1.3656E+02  1.2297E+02
0000060   1.8017E+02 -1.0640E+02 -8.8536E+01
0000061   2.1982E+02 -8.4290E+00 -1.3040E+02
0000062   1.5115E+02 -1.8878E+02 -1.5872E+01
0000064   6.0989E+01 -7.4856E-01 -8.8181E+01
0000065   2.3073E+02 -2.0794E+02  1.2026E+01
0000066   1.4793E+02  7.3300E+01 -1.0149E+01
0000067   1.9690E+02  2.7041E+02 -1.3131E+00
0000069   2.5655E+02  2.3122E+02  1.2586E+02
0000070   5.1326E+02 -9.5102E+01 -4.8520E+01
0000071   6.3184E+01  8.4192E+01  2.4777E+02
0000072   3.8042E+02 -9.3135E+01 -1.5564E+02
0000073   3.0998E+02  1.7083E+02  6.4045E+01
0000074   2.3573E+02 -1.0630E+02  1.5265E+01
0000075   5.7758E+01 -2.6517E+01 -2.1902E+01
0000076   8.5340E+01  5.0853E+00 -7.4406E+01
0000077   8.1676E+01  8.0271E+01 -2.1741E+02
0000078   4.4586E+02  4.3152E+01 -1.0252E+02
0000079   2.1733E+02 -5.0400E+01 -1.7609E+02
0000080   3.5280E+01  3.3969E+01  2.4087E+00
0000081   2.9828E+02  2.8304E+01 -3.4424E+01
0000083   2.2526E+02  7.4509E+01  8.7893E+01
0000084   1.3296E+02  7.8859E+01 -7.1675E+01
0000085   2.4407E+01  5.3227E+01 -6.1660E+01
0000086   2.9409E+02 -4.6900E+01  1.0879E+02
0000087   3.5767E+02 -5.1319E+01 -2.2830E+01
0000088   2.3799E+02  6.7996E+01  4.5582E+01
0000089   3.8547E+02  1.5185E+00 -1.1498E+01
0000090   9.6397E+01  7.9159E+01  1.5118E+02
0000091   1.4056E+02  1.4397E+02  1.9293E+02
0000092   2.1758E+02 -2.7586E+02  2.2630E+02
0000093   4.9453E+01 -8.9957E+01  1.1635E+02
0000094   4.0152E+02  9.4409E+01  1.2347E+02
0000095   1.5637E+02  1.4069E+01 -1.3959E+02
0000096   2.0448E+02 -7.4080E+01  1.2264E+02
0000097   4.8485E+02  9.0483E+01  5.9331E+01
0000098   2.5877E+02  7.1519E+00  5.9021E+01
0000099   2.2454E+02  1.5588E+01 -1.7595E+02
0000100   2.0711E+02  1.9927E+02  7.0866E+01
0000101   2.4971E+02  8.8654E+01  1.2482E+02
0000103   5.1675E+01  6.6538E+01 -4.0550E+01
0000104   3.0146E+02 -9.9684E+01 -7.0360E+01
0000105   1.3528E+02  5.2785E+01  9.2345E+01
0000106   3.3301E+02  1.0032E+02 -3.5285E+02
0000107   3.2835E+02 -1.9249E+02  2.5380E+02
0000108   1.1192E+02  1.7969E+02  7.3833E+01
0000109   1.5022E+02  8.4647E+01 -4.0737E+01
0000110   3.0580E+02 -9.6987E+01  2.3673E+01
0000111   1.5141E+02  3.6043E+01 -1.2050E+01
0000112   2.3629E+02  1.8464E+02 -1.0771E+02
0000113   1.3969E+02  1.2316E+02 -1.0788E+02
0000114   6.7067E+01  4.1161E+01  3.8465E+01
0000115   5.7955E+01  7.4011E+01 -3.8401E+01
0000116   2.3153E+02 -9.5641E+00  1.6562E+02
0000117   2.1696E+02  6.0010E+01  1.8721E+02
0000118   3.7342E+02 -1.3155E+01 -1.0355E+02
0000119   8.7266E+01 -6.9484E+01 -1.7380E+02
0000120   8.6525E+01 -8.0323E+01  5.2485E+00
0000121   1.9826E+02  2.3893E+02 -7.1436E+01
0000122   1.0637E+02 -1.1411E+02  5.6751E+01
0000123   2.5126E+02 -1.1207E+02  4.8362E+01
0000124   1.1922E+02  3.3576E+01  7.3154E+01
0000125   2.6323E+02 -5.6578E+01  3.5203E+02
0000126   2.7720E+02 -1.0811E+02  2.2206E+02
0000127   3.8650E+02 -4.5458E+01 -1.5333E+02
0000128   3.2532E+02  6.6144E+01  1.0274E+01
0000129   1.9031E+02  7.4571E+01  1.2900E+02
0000130   2.7038E+02  1.8264E+02 -1.9814E+02
0000131   2.8808E+02  2.3729E+02  1.0289E+02
0000132   9.9868E+01  5.4367E+01 -2.0089E+02
0000134   4.7539E+01  6.6366E+01 -2.1017E+01
0000135   2.2858E+02 -8.8894E+00  9.9095E+01
0000136   1.5181E+02  3.8990E+01  5.1852E+01
0000137   2.3492E+02 -7.4291E+01  2.9428E+01
0000138   4.4014E+02  1.7469E+01  7.0879E+01
0000139   2.4436E+02  1.8307E+02  2.3561E+01
0000140   2.3105E+02  1.3829E+02  1.6422E+02
0000141   2.7038E+02 -8.9342E+01  1.0531E+02
0000143   2.2396E+02  2.0939E+02 -9.5840E+01
0000144   1.7482E+02 -1.5484E+02 -1.7987E+02
0000145   9.5403E+01  3.0745E+01  1.6771E+01
0000146   3.3222E+02  3.7618E+02  1.2008E+02
0000147   3.5127E+02 -4.2940E+01  8.1978E+01
0000148   2.3706E+02 -1.4042E+02  7.8523E+01
0000149   1.3932E+02 -5.6570E+01  7.9041E+01
0000150   2.0382E+02  1.8127E+02  5.1539E+01
0000151   1.1426E+02 -2.2630E+02 -1.3460E+02
0000152   8.5970E+01  1.5258E+02 -1.3130E+02
0000153   2.6510E+02 -8.7425E+01  6.1958E+01
0000154   1.8631E+02 -4.5189E+01  3.3518E+01
0000156   1.6334E+02 -4.9399E+01 -1.9360E+02
0000158   1.9498E+02  3.1880E+01  2.3223E+02
0000159   1.2701E+02 -1.5182E+02 -1.5997E+02
0000160   3.1805E+02  1.2919E+02 -1.0942E+02
0000161   3.0429E+02 -5.4028E+01  1.1965E+02
0000162   1.9759E+02  7.3391E+01 -7.3946E+01
0000163   2.7001E+02 -7.6816E+01 -1.3160E+02
0000165   1.3978E+02 -1.9121E+02  2.4322E+01
0000166   1.2631E+02 -6.0862E+01  1.9085E+02
0000167   1.5998E+02 -1.6560E+02  8.9442E+01
0000168   3.0094E+02  2.2218E+02 -7.0149E+01
0000169   2.5664E+02 -1.2466E+02  8.7192E+01
0000170   5.8978E+01  4.9050E+01 -2.1409E+01
0000171   3.5075E+02  1.0669E+02 -1.1925E+02
0000172   2.7390E+02  5.3044E+01 -1.0902E+02
0000173   3.2152E+01 -2.1518E+02 -7.0540E+01
0000174   3.7372E+02 -9.4029E+01  7.5753E+01
0000175   2.6423E+02  2.4824E+02  3.7209E+01
0000176   4.5844E+01 -2.0153E+01 -3.0013E+02
0000177   2.4157E+02  8.0302E+01  4.8326E+01
0000178   8.2159E+01  1.6331E+02  1.1583E+02
0000179   1.4088E+02 -2.6513E+01  3.4999E-01
0000180   3.9919E+01 -1.4942E+02  8.8705E+01
0000181   2.3406E+02  1.3201E+02  3.2631E+01
0000182   3.7228E+02  1.5460E+02  3.2742E+01
0000183   1.3051E+01  6.6167E+01 -3.2667E+01
0000184   3.0657E+02 -9.2792E+01  2.8089E+01
0000185   1.0107E+01 -1.9398E+02  7.3653E+01
0000186   1.6878E+02  5.6658E+01  2.0580E+02
0000187   1.9196E+02  2.2446E+02 -8.1534E+01
0000189   2.0290E+02 -4.6852E+00  8.7210E+01
0000190   3.0329E+02 -2.5173E+01 -2.5141E+02
0000191   1.5038E+02  2.6602E+02 -9.1253E+01
0000192   3.7303E+02 -1.8233E+02 -3.1133E+01
0000193   2.6650E+02  5.5384E+01  1.6365E+02
0000194   4.4557E+02  2.2166E+01  1.2158E+02
0000195   1.2840E+02  4.6778E+01 -2.0796E+01
0000196   1.0188E+02 -3.9369E+01 -9.0404E+01
0000197   2.6502E+02  7.9081E+01 -3.2658E+02
0000198   1.7798E+02  6.4155E+01 -4.9272E+01
0000199   8.2560E+01 -1.9863E+01  1.2374E+02
0000201   1.4710E+02 -7.2155E+01  1.1946E+02
0000202   1.6607E+01  9.5274E+01  1.6826E+01
0000203   1.0860E+02 -6.6531E+01  7.1872E+01
0000204   2.6421E+02  2.2594E+01 -1.7329E+01
0000205   2.2770E+02  3.9284E+00  3.2368E+01
0000206   2.3206E+02  2.2106E+02  4.8931E+01
0000208   2.9544E+02 -1.3965E+02 -2.0230E+01
0000210   1.2543E+02  1.4069E+02  1.4226E+02
0000211   1.4805E+02 -1.1945E+02 -2.6370E+01
0000212   4.9680E+01 -1.3980E+02  6.2117E+01
0000213   2.7350E+02  1.8571E+02 -1.0248E+02
0000214   2.9305E+02  2.3971E+02  3.8826E+01
0000215   1.4908E+02  1.4502E+02 -1.9808E+02
0000216   3.2407E+02 -1.5294E+02  5.0188E+01
0000217   2.9927E+02  1.2784E+01 -1.4412E+02
0000218   3.7274E+02 -2.2144E+02  8.3548E+01
0000219   4.5780E+02 -6.3779E+01 -1.0811E+02
0000220   3.3570E+02  2.3967E+02  1.0414E+02
0000221   2.8513E+02 -8.1422E+01  1.0076E+02
0000222   1.1240E+02 -3.1856E+01  1.3897E+02
0000223   1.9063E+02 -6.2103E+01  2.9506E+02
0000224   1.1975E+02 -1.0640E+02  8.8148E+01
0000225   4.5494E+02 -1.3276E+02 -3.1895E+01
0000227   3.2859E+02  7.1058E+01  1.4009E+02
0000228   3.6666E+02 -2.3114E+02 -5.3217E+01
0000229   3.0429E+02  7.9798E+01  3.9198E+01
0000230   3.0751E+02  6.0462E+01  9.2381E+01
0000231   2.8499E+02 -1.6989E+01 -1.1115E+02
0000232   2.6041E+02 -1.1855E+02  1.0227E+02
0000233   1.2027E+02 -3.8951E+01 -9.2030E+01
0000234   2.0565E+02  6.7367E+01 -1.2098E+02
0000235   2.0345E+01 -5.0268E+01 -3.1490E+01
0000236   7.5361E+01 -1.2653E+02  8.8446E+01
0000238   2.6272E+02 -1.9792E+02  2.4064E+01
0000239   1.3713E+02  2.9901E+02 -1.2743E+02
0000240   5.4097E+02 -6.8342E+01 -2.6121E+01
0000241   2.8536E+02 -2.3284E+02 -8.2875E+01
0000242   2.4326E+02  3.5624E+01  2.6316E+01
0000243   3.0081E+02  1.2617E+00  1.0064E+02
0000244   1.5086E+02 -2.3710E+02  1.4017E+02
0000245   4.0976E+02  9.5869E+01  3.4515E+01
0000246   2.0328E+02  3.2002E+01  5.1641E+01
0000247   2.3770E+01  3.2103E+01  2.0306E+02
0000248   3.6852E+02  1.7427E+02 -1.0386E+02
0000249   6.8904E+01  1.8520E+01 -3.0413E+01
0000250   2.0043E+02  2.1691E+02 -1.9581E+00
0000251   3.8661E+02  2.3487E+02 -8.9949E+01
0000252   2.1169E+01 -1.7245E+02  6.7863E+01
0000253   1.9921E+02  8.5724E+01 -6.4318E+01
0000255   2.0654E+02 -9.3605E+01  8.4879E+00
0000256   8.5287E+01  1.0378E+02 -7.0727E+01
0000257   1.6465E+02 -6.2988E+00 -1.0311E+02
0000259   2.0183E+02 -1.3206E+02  1.0131E+02
0000260   1.4190E+02 -1.3591E+02 -1.7733E+02
0000261   5.0281E+02 -1.0990E+02  1.1998E+02
0000262   6.6029E+01  8.5746E+00  4.9736E+01
0000263   2.2311E+02  1.6090E+02  2.2693E+02
0000264   3.5774E+02 -1.2135E+01  5.2177E+01
0000266   3.4287E+02  1.8749E+02 -1.8380E+02
0000269   5.2247E+01 -8.3550E+01  6.4127E+01
0000270   1.6491E+02 -6.3053E+01 -3.6268E+01
0000271   1.5522E+02  1.5792E+02 -2.9445E+02
0000273   2.6299E+02  7.7915E+01  3.7795E+01
0000274   1.7763E+02  1.8805E+02 -7.5388E+01
0000275   3.1719E+01  8.7780E+01  3.4392E+01
0000276   2.8084E+02 -3.3239E+01  1.2157E+02
0000277   1.2351E+02 -1.9206E+01 -8.1403E+01
0000278   7.3884E+01 -3.8903E+01 -5.5647E+01
0000279   7.2159E+01 -4.4289E+01  9.5487E+00
0000281   2.0643E+02  7.8970E+01  1.0753E+02
0000282   1.6947E+02  7.2663E+01  2.5762E+01
0000283   1.7818E+02  5.8949E+01  5.6911E+01
0000284   8.7259E+01 -3.3882E+01 -5.4561E+01
0000285   2.6659E+02 -6.4314E+01  2.8234E+01
0000286   5.4568E+02  1.7352E+02  1.2264E+01
0000287   2.3769E+02 -1.6621E+02 -4.2805E+01
0000288   3.6714E+02 -1.4231E+02  1.6842E+02
0000289   4.0862E+02  8.5458E+01 -5.5201E+01
0000290   4.2933E+02  7.2031E+01  1.2609E+02
0000291   4.7077E+02 -1.4544E+02 -1.4504E+00
0000292   9.8886E+01  7.8460E+01 -2.6063E+01
0000293   1.4238E+02  3.4264E+01  4.8710E+01
0000294   3.3905E+02  4.0664E+01  2.8540E+01
0000295   1.7738E+02 -1.3689E+02  4.9975E+01
0000296   2.1227E+02  6.9899E+01 -4.8258E+01
0000297   1.4759E+02 -1.7918E+02  3.6772E+01
0000298   1.6034E+02 -2.6066E+02 -8.8889E+00
0000299   2.9460E+02  6.2490E+01 -8.7416E+01
0000300   1.5693E+02 -8.4956E+00  5.3718E+01
0000301   2.4563E+02 -1.7909E+01  2.6024E+02
0000302   2.9122E+02  2.8339E+02 -2.0837E+02
0000303   5.3177E+01 -2.0614E+02 -1.9257E+02
0000305   1.5446E+02 -1.0229E+02 -5.6216E+01
0000306   1.7990E+02 -7.5812E+01 -4.0125E+01
0000307   5.4570E+01  1.7015E+02  2.6592E+01
0000308   2.5607E+02  1.1541E+02 -4.2942E+01
0000309   1.0839E+02 -2.4459E+00  5.9784E+01
0000310   1.2214E+02  3.3745E+01 -1.1131E+00
0000311   2.4291E+02  1.5485E+01 -9.9823E+01
0000312   1.5007E+02  1.5405E+02 -2.0413E+02
0000313   1.8904E+02  3.0583E+02 -1.4319E+02
0000314   3.3463E+02 -2.0645E+01 -2.9137E+02
0000315   6.6775E+01 -6.7475E+01  7.2289E+01
0000316   4.4054E+02 -3.0429E+02 -9.4880E+01
0000318   1.8060E+02 -2.2379E+02  1.9533E+01
0000319   1.3975E+02 -7.7064E+01 -5.3542E+01
0000320   2.0483E+02  1.3088E+02  3.2397E+02
0000321   3.3179E+02  7.0320E+00 -3.9478E+01
0000322   1.9255E+02  1.5649E+02 -7.7643E+01
0000323   2.6339E+02 -2.3450E+01 -3.5700E+00
0000324   2.4526E+02  1.6195E+02 -2.8653E+01
0000325   1.9119E+02 -1.1889E+01  1.1293E+02
0000326   2.2065E+02  4.3350E+01 -7.6493E+01
0000327   2.4393E+02 -2.2576E+02 -1.6428E+00
0000328   1.4322E+02  1.0145E+00 -8.1835E+01
0000329   2.0410E+00  1.1333E+02  5.3029E+01
0000330   2.5882E+02  1.7833E+02 -2.8239E+02
0000331   1.2064E+02 -1.4430E+02 -5.7494E+01
0000332   1.3057E+02 -3.1391E+01  6.7326E+01
0000333   5.3140E+02 -1.2320E+02  4.8066E+01
0000334   4.3292E+02 -2.0464E+02  1.9646E+02
0000336   2.1561E+02  5.7707E+01 -2.3777E+02
0000337   6.7956E+01 -4.3311E+01 -1.6484E+02
0000338   2.8691E+02 -9.3934E+01 -1.6305E+02
0000339   3.7874E+02 -1.2786E+02 -1.8591E+02
0000340   1.0561E+02 -3.4467E+01  4.8305E+01
0000341   1.6496E+02  3.0932E+01 -2.8669E+01
0000342   1.8255E+02  8.7590E+01 -2.1029E+02
0000343   3.2086E+02  2.4892E+01 -6.6891E+01
0000344   2.8541E+02  8.2221E+01 -2.5718E+01
0000346   4.6717E+01 -1.3333E+02 -8.7288E+01
0000347   1.6727E+02  5.7093E+01 -1.0027E+02
0000348   1.1510E+02  9.7616E+00  9.7472E+01
0000349   2.2799E+02  4.8736E+01  4.9368E+01
0000350   1.2200E+02 -2.3382E+01  3.7659E+01
0000351   5.3312E+01  2.3666E+02  1.6222E+02
0000352   1.0512E+02 -4.9734E+01 -5.2994E+01
0000353   3.6724E+02  1.6400E+01 -1.1139E+02
0000354   1.8190E+02  7.8627E-03  4.1645E+01
0000356   8.7345E+01  2.3732E+02 -1.1807E+02
0000357   5.9688E+01  7.7233E+01  1.5555E+02
0000358   4.4990E+01  1.1222E+01  3.3140E+02
0000359   2.6757E+02  1.6158E+00  2.3850E+02
0000360   6.4334E+01  5.8134E+01  1.0881E+01
0000361   2.5249E+02  1.6786E+01 -1.2443E+02
0000362   1.0439E+02  1.9092E+02  7.3389E+01
0000363   2.3361E+02 -5.0380E+01 -1.5781E+02
0000364   1.8354E+02 -1.4405E+01 -1.6559E+02
0000365   3.5350E+02 -2.5466E+01  6.4536E+00
0000366   1.2139E+02 -1.3191E+02 -3.6237E+01
0000367   3.5146E+02 -1.3645E+02 -1.0963E+02
0000368   4.6273E+02  2.0778E+01 -2.2922E+02
0000369   1.6342E+02  1.6415E+02 -1.0041E+02
0000370   2.5274E+02 -1.7620E+02  3.0526E+01
0000371   3.7278E+02  7.7021E+01 -1.2163E+02
0000372   6.4271E+01 -5.5015E+01  5.3849E+01
0000373   1.1365E+02  2.0364E+02 -1.6348E+01
0000374   2.9637E+02 -1.5856E+02 -1.1464E+02
0000375   2.4633E+02 -1.4558E+02 -2.6834E+01
0000376   8.2596E+01 -1.8673E+02 -2.0323E+02
0000377   1.9815E+02  1.3807E+02 -1.2056E+02
0000378   1.8870E+02  6.0711E+01  3.8891E+01
0000379   1.9872E+01 -2.6397E+02 -6.9997E+01
0000380   1.1606E+02  6.5849E+01 -1.0643E+02
0000381   5.1741E+01  4.4677E+01  3.0550E+02
0000382   9.1817E+01  2.6037E+01  5.8319E+01
0000383   2.9643E+02  1.3588E+02  2.0169E+02
0000384   2.5842E+01  2.1736E+02  1.2071E+02
0000385   1.2566E+02  6.4287E+01 -1.4389E+01
0000386   1.7575E+02 -9.7758E+01 -2.2190E+01
0000387   1.8992E+02  1.8579E+02 -2.7948E+01
0000388   3.4117E+02 -1.3508E+02  4.6655E+01
0000389   1.4078E+02 -1.9821E+02 -7.7107E+01
0000390   3.0927E+02  1.6142E+02  1.7185E+01
0000391   2.1380E+02  1.4346E+02  3.4061E+01
0000392   2.0129E+02  3.4220E+01  9.9267E+00
0000393   7.0583E+01 -1.9535E+01  1.8474E+02
0000394   1.1872E+02  2.9278E+01  6.0771E+01
0000395   2.5377E+02 -2.1617E+02 -4.5167E+01
0000396   2.6346E+02 -4.1429E+01  4.3456E+01
0000397   3.0439E+02  1.3351E+02  1.3673E+02
0000398   1.1101E+02  8.2124E+01 -2.0532E+02
0000399   2.1565E+02  2.4949E+01  1.8761E+00
0000400   1.3737E+02  7.7129E+01  8.1363E+01
0000401   2.2186E+02  1.3975E+02 -1.5647E+02
0000402   1.9319E+02 -1.7311E+02 -7.3244E+01
0000404   5.2104E+01  1.9710E+02 -2.5123E+02
0000405   2.1429E+02  9.4789E+01 -2.0438E+02
0000406   2.7437E+02  1.4019E+02  9.7251E+01
0000407   1.7629E+02 -4.8789E+01  1.3487E+02
0000408   3.8857E+02  1.6587E+02 -7.4497E+01
0000409   5.1891E+01 -3.0728E+01  8.7292E+01
0000410   2.1288E+02 -2.6601E+02  1.5936E+01
0000411   2.2013E+02  4.0073E+02  2.8135E+01
0000412   1.1944E+02  2.3093E+02 -4.3383E+01
0000413   3.8868E+02  2.9258E+02  2.6091E+02
0000414   1.6073E+02  1.4675E+02  1.6271E+02
0000415   2.2393E+02 -7.6222E+01  2.0383E+02
0000416   2.1936E+02  7.6215E+01 -1.0987E+02
0000417   2.9958E+02 -7.4103E+01 -1.2009E+01
0000418   1.8748E+02  1.5196E+02 -6.2179E+01
0000419   2.2971E+02  6.3635E+01  1.2328E+02
0000420   2.9685E+02  3.5286E+01 -2.2448E+02
0000421   2.0998E+02  3.5940E+01  2.1170E+02
0000422   1.8684E+02  1.8261E+02  1.1809E+02
0000423   2.9714E+02 -2.2196E+02 -1.3396E+02
0000424   2.7628E+02  1.0544E+02  7.2134E+01
0000425   1.5840E+02  3.8141E+01 -7.3188E+01
0000426   1.1845E+02 -6.3503E+01 -2.8627E+02
0000427   2.3219E+02 -9.8998E+01 -4.1582E+01
0000428   4.1649E+02  2.4846E+02  6.0508E+01
0000429   3.4779E+02 -1.0461E+02 -3.9154E+01
0000430   1.9419E+02  1.4609E+02 -1.4525E+02
0000431   2.5768E+02 -5.1124E+00  9.9386E+01
0000432   7.6273E+01  1.3727E+02  8.2059E+01
0000433   2.9363E+02 -2.3130E+01  1.0413E+02
0000434   4.2166E+02 -2.0265E-01 -5.9310E+01
0000435   2.7807E+02  6.5087E+01 -2.4548E+02
0000436   1.1592E+02  1.1552E+02  3.5764E+00
0000437   8.6020E+01 -9.1919E+01 -1.0510E+02
0000438   4.3942E+02  1.7496E+02  4.4219E+01
0000439   1.9495E+01 -7.9316E+01 -4.0389E+01
0000440   2.4298E+02 -7.9564E+01 -1.9334E+02
0000441   1.3073E+02  7.0353E-01 -2.2247E+02
0000442   9.6400E+01  5.6485E+01  2.9617E+01
0000443   9.0561E+01  9.6570E+01  2.1344E+02
0000445   5.2877E+01  8.0312E+01  3.9695E+01
0000446   8.9335E+01 -2.3218E+02  1.3061E+02
0000447   4.9949E+02 -6.2449E+01 -4.0180E+01
0000448   3.1259E+02  1.8940E+02 -4.8675E+01
0000449   2.8474E+02  6.3907E+01  8.6193E-01
0000450   4.2591E+02  3.0505E+02  3.1853E+01
0000452   3.2949E+02 -1.1560E+01 -2.0716E+02
0000453   1.4311E+02  9.7461E+01  1.1487E+02
0000455   1.0790E+02 -4.6576E+01  3.5310E+00
0000456   1.7094E+02  8.7756E+01  2.9543E+02
0000457   2.2065E+02  1.6893E+02 -3.7758E+01
0000458   2.6280E+01  5.9115E+01  1.4329E+02
0000459   3.0275E+02 -9.2784E+01  2.6250E+01
0000460   1.2786E+02  1.4124E+02  9.4118E+01
0000461   1.1284E+02  1.4339E+01 -9.3253E+01
0000462   4.5503E+02 -7.3372E+01  1.6212E+01
0000463   2.8861E+02  1.5660E+02 -2.2549E+02
0000464   5.2676E+01  4.7131E+01 -1.3511E+01
0000465   1.7479E+02 -2.4029E+01 -2.9285E+02
0000466   1.5128E+02  1.7446E+02 -1.0722E+02
0000467   4.2370E+02 -8.3051E+01 -7.1718E+00
0000468   1.6846E+02  2.3746E+02 -2.9155E-01
0000469   2.6030E+02  1.4477E+02  9.2223E+01
0000470   3.8065E+01  1.3190E+02 -1.9157E+02
0000471   1.4073E+02  9.1966E+01  1.3317E+02
0000472   1.2936E+01  2.4843E+01 -5.1901E+01
0000473   1.3361E+02 -1.2704E+02 -1.0104E+01
0000474   1.3527E+02  6.2469E+01  9.1218E+01
0000475   1.0307E+02 -4.1568E+01  7.6867E+00
0000476   2.7412E+02 -3.5377E+01 -9.3345E+01
0000477   2.9290E+02  8.7617E+01 -1.0352E+02
0000478   2.6739E+02  6.9660E+01 -1.9358E+02
0000479   2.9577E+02  1.7194E+00  1.3320E+02
0000480   1.7930E+02  4.9852E+01 -5.6668E+01
0000481   8.2609E+01 -2.5344E+02 -2.5732E+01
0000482   3.7736E+02  8.3383E+01 -1.0208E+02
0000483   2.1068E+02  2.5142E+01 -9.3526E+01
0000484   5.2767E+01  6.0833E+01  2.7572E+01
0000485   1.2899E+01 -2.6137E+01  1.7210E+01
0000486   2.3854E+02 -1.0503E+02 -8.2807E+01
0000487   5.2674E+01  3.5665E+01 -1.0324E+02
0000488   3.6796E+02 -2.5241E+02  2.4994E+01
0000489   2.2879E+02 -6.1794E+01 -1.4704E+02
0000490   6.8520E+01 -5.0905E+01  2.7196E+01
0000491   2.5032E+02  1.9241E+02 -1.5263E+02
0000493   2.6714E+02 -2.4099E+02 -1.7640E+01
0000494   1.7295E+02 -1.5386E+02 -6.0223E+01
0000495   2.2150E+02 -8.7173E+01 -1.4944E+02
0000496   1.9357E+02 -6.8734E+01  2.2241E+02
0000497   4.5536E+02 -7.2220E+01  1.5895E+01
0000498   8.4034E+01  4.7089E+01  3.6756E+01
0000499   8.3437E+01 -2.9445E+00 -1.8491E+01
0000500   2.0982E+02  1.0367E+02 -7.4395E+01
0000501   1.0734E+02 -1.0804E+02 -2.1643E+01
0000502   2.3521E+02  1.0078E+02  1.5883E+02
0000503   8.1782E+01 -1.5974E+02  2.3427E+02
0000504   8.3485E+01 -8.9694E+01 -2.1419E+01
0000506   4.8701E+02  3.8900E+01 -1.9074E+02
0000507   2.3472E+02  6.5245E+01 -1.4556E+02
0000508   2.3657E+02  3.3136E+02 -2.1069E+01
0000509   1.6204E+02 -1.9606E+02 -1.2178E+02
0000510   1.6583E+02 -2.6500E+02 -1.4227E+02
0000511   3.0365E+02 -1.2756E+02 -1.0638E+01
0000512   2.6564E+02 -9.2715E+01 -1.6648E+02
0000513   2.1327E+02  1.0103E+02  6.3368E+01
0000514   7.5138E+01 -2.3487E+01  2.3358E+02
0000515   2.0263E+02 -2.0949E+02  1.5543E+02
0000517   2.1528E+02 -6.0453E+01 -2.2258E+02
0000518   1.1209E+02  9.6627E+01 -2.2754E+02
0000519   1.3342E+02  7.6253E+01 -3.1526E-01
0000520   3.7482E+02 -2.0011E+02  2.9619E+02
0000521   2.3019E+02  3.7040E+01 -1.1019E+02
0000522   1.8080E+02 -1.4996E+02  1.4212E+02
0000523   4.9275E+01 -2.5594E+02  8.3807E+01
0000524   7.2683E+01  1.7545E+01  7.2784E+01
0000525   2.9457E+02 -9.0910E+01 -4.7212E+01
0000526   8.0493E+01 -1.4778E+02 -1.4357E+02
0000527   1.5746E+02 -1.8511E+02 -7.3807E+01
0000528   2.0888E+02 -6.5712E+00 -1.6358E+02
0000529   3.4022E+02  4.1607E+01 -1.0987E+02
0000530   2.9043E+02 -7.3865E+01 -8.2759E+01
0000531   2.9223E+02  1.8234E+01  3.7086E+01
0000532   3.6589E+02  5.3158E+01  1.4493E+02
0000533   1.2465E+02  1.7392E+02 -6.8650E+01
0000535   1.5444E+02 -5.2658E+01  3.1917E+01
0000536   1.5855E+02 -2.9951E+01 -3.2640E+01
0000537   1.8245E+02  1.1809E+02  2.5004E+01
0000538   2.1345E+02  4.4921E+01 -5.1849E+01
0000539   4.0524E+02 -1.7775E+02 -3.3680E+01
0000540   6.3288E+01 -1.0227E+02  1.2894E+02
0000541   4.3505E+02  8.2117E+01 -4.7866E+01
0000542   2.9411E+02 -9.9047E-01  1.6372E+02
0000543   1.6142E+02 -1.1693E+02  1.9760E+01
0000544   1.9868E+02 -5.8213E+01  6.7810E+01
0000545   3.8928E+02  1.2461E+01  4.6702E+01
0000546   2.6249E+02  1.2611E+02  7.0601E+00
0000547   2.2594E+02 -5.0014E+01 -7.3396E+01
0000548   2.9801E+02 -6.0981E+01 -3.3767E+01
0000549   2.0859E+02 -1.4413E+02  1.4095E+02
0000550   2.1143E+02  5.1149E+01 -1.3355E+01
0000551   9.9264E+01 -1.9113E+02  1.7513E+02
0000552   4.1448E+01  5.0637E+01  6.5379E+01
0000553   2.6159E+02  3.9652E+01  1.1124E+02
0000554   2.1843E+02 -3.6954E+01 -2.2445E+01
0000555   1.6730E+02 -1.9410E+02  9.0856E+01
0000556   1.8326E+02 -7.8641E+01  1.3519E+02
0000557   1.6103E+02 -1.5573E+02 -1.7154E+02
0000558   1.1108E+02  1.7123E+02  1.8809E+01
0000559   3.1029E+02 -2.3279E+02  4.3951E+01
0000560   2.0379E+02 -1.2914E+02 -9.4762E+01
0000561   2.2390E+02  1.6481E+02 -1.2877E+02
0000562   1.5486E+02 -1.5447E+01  8.5903E+01
0000563   2.5038E+02  8.4943E+01  2.9892E+01
0000564   2.4731E+02  3.9963E+01  2.2033E+02
0000565   8.0623E+01  4.9799E+01  3.0579E+02
0000566   2.2928E+02 -4.5429E+01  2.3584E+01
0000567   1.8777E+02  1.7088E+02 -1.3824E+02
0000568   2.7223E+02  2.0058E+02  2.3536E+02
0000569   1.6182E+02 -4.9786E+01  1.3823E+02
0000570   1.3216E+02 -8.3528E+01 -2.1161E+01
0000571   9.7822E+01  1.0521E+02 -5.4673E+01
0000572   2.9336E+02 -1.0923E+02  1.6111E+01
0000573   9.2498E+01 -1.9887E+02  1.9190E+02
0000574   1.7436E+02  2.7495E+02  1.2739E+02
0000575   3.5051E+02 -1.2440E+02 -9.5202E+01
0000576   1.9684E+02 -8.6792E+01 -2.5608E+02
0000577   2.5339E+02 -1.9560E+02  3.1761E+01
0000578   4.0483E+02  1.1311E+02  1.1711E+02
0000579   5.8424E+01 -8.7375E+01  8.1547E+01
0000580   2.2833E+02  1.8848E+01  5.5147E+01
0000581   1.0993E+02  1.2681E+02  2.5761E+02
0000582   3.1048E+02  1.0506E+02  1.0768E+02
0000583   9.7246E+01  9.3812E+01  3.0165E+02
0000584   2.4530E+02  1.3742E+02 -2.4381E+02
0000586   1.6132E+02  1.7287E+01  1.4456E+01
0000587   1.5555E+02 -1.4315E+02  8.6854E+01
0000588   4.2950E+02  6.8211E+01  6.3131E+01
0000589   2.0752E+02 -1.0034E+02  3.6476E+01
0000590   2.7909E+02  3.8192E+01  2.0084E+02
0000591   3.6128E+02 -7.4302E+01  2.9964E+01
0000592   3.5835E+02  9.8948E+01  1.4964E+02
0000593   2.4315E+02  2.0773E+02 -1.5506E+02
0000594   2.8820E+02  4.2632E+01 -1.0122E+02
0000595   2.9993E+02 -5.1435E+01 -7.1644E+00
0000596   3.5199E+02  4.7037E+01  2.2260E+02
0000597   3.4571E+02  6.8347E+01  1.0889E+02
0000598   1.8049E+02 -1.4242E+02 -1.1766E+02
0000599   2.7969E+02  8.1344E+01 -8.0473E+01
0000600   1.6081E+02 -1.3626E+02 -1.8709E+01
0000601   2.4008E+02  1.8110E+01  2.6408E+01
0000602   2.4911E+02  1.6362E+02 -9.9079E+01
0000603   5.6641E+01 -1.4797E+02  7.2171E+01
0000605   1.8003E+02  1.2439E+02 -1.4570E+02
0000606   3.2462E+02  9.8870E+01 -1.3262E+02
0000607   3.0422E+02 -9.0707E+01 -2.3970E+02
0000608   1.1245E+02 -8.6224E+01  8.5116E+01
0000609   1.2972E+02 -1.5757E+02 -1.4869E+01
0000610   1.7748E+02 -5.4439E+01  1.5889E+02
0000611   5.2503E+02  2.8448E+01 -4.5191E+01
0000612   1.5644E+02 -6.6449E+01 -5.7010E+01
0000613   1.6632E+02  2.8333E+02 -9.3018E+01
0000614   3.1097E+02 -1.8035E+02 -9.6707E+01
0000615   2.9704E+02  5.0347E+01 -1.4567E+02
0000616   1.9333E+02  4.7837E+00 -1.0030E+02
0000618   7.0217E+01 -1.3442E+02  2.0722E+01
0000619   1.1951E+02  1.1158E+02  6.0062E+00
0000620   2.1539E+02 -1.4445E+02  4.0878E+00
0000621   2.8284E+02 -5.2758E+01  8.7786E+01
0000622   1.9201E+02 -2.9139E+02 -1.9045E+02
0000624   3.2422E+02 -1.6577E+01 -1.0182E+02
0000625   3.6952E+02 -2.5357E+02 -1.4308E+02
0000626   2.2739E+02 -2.8875E+02  1.3512E+02
0000627   1.6891E+02  1.3861E+02 -1.7352E+02
0000628   3.0886E+02  2.1877E+02 -7.4789E+01
0000629   2.1216E+02 -3.8645E+01  6.2197E+01
0000630   4.9183E+01 -1.6055E+02 -1.7969E+02
0000631   8.7345E+01  1.1269E+02 -1.0224E+02
0000633   4.0079E+01  2.8886E+01 -7.6240E+01
0000634   2.9894E+02  1.9207E+02 -3.6026E+01
0000635   3.0922E+02  9.1710E+01 -1.1834E+02
0000636   3.3233E+02  9.2113E+01  4.4065E+01
0000637   8.5283E+01 -2.7878E+01 -1.7955E+02
0000638   3.1390E+02 -2.2580E+02  1.3850E+02
0000639   2.2260E+02 -3.1188E+02  1.1930E+02
0000640   2.2089E+02 -8.3546E+01 -5.2447E+01
0000641   2.0432E+01 -1.3393E+02 -1.3059E+01
0000642   1.6865E+02 -7.1818E+01  2.0478E+02
0000643   2.6698E+02 -2.4020E+02  2.4092E+01
0000644   5.0881E+02  3.4669E+02  5.6214E+01
0000645   2.3468E+02  1.4153E+02 -1.4462E+02
0000646   2.9805E+02 -1.2081E+02 -9.9566E+01
0000647   2.7954E+02  2.6599E+00 -1.5226E+02
0000648   2.6534E+02  7.0082E+01  1.5823E+02
0000649   5.7311E+01 -1.5375E+02 -1.3720E+02
0000650   3.4875E+02  1.7439E+02 -2.0481E+02
0000651   2.2182E+02  1.6972E+02  1.5083E+02
0000652   2.3329E+02 -4.1215E+00  4.2599E+01
0000653   3.9053E+02 -3.9004E+01  2.1356E+02
0000655   1.5889E+02 -2.8491E+01  1.2381E+02
0000656   2.2622E+02  1.1814E+02 -1.8026E+01
0000657   2.5262E+02  7.1080E+01  1.1216E+02
0000659   5.6835E+01 -2.8528E+01  1.4453E+01
0000660   2.2263E+02  1.5377E+02  1.1900E+02
0000661   3.9273E+02 -2.3734E+01  7.9225E+01
0000662   1.7770E+00 -6.4677E+01  9.2715E+01
0000663   4.7227E+01  5.8556E+01 -1.9840E+02
0000664   2.6418E+02 -1.1300E+00 -1.1885E+02
0000665   1.4511E+02 -7.3375E+01 -4.0397E+01
0000666   5.4895E+01  1.3035E+02 -4.4698E+01
0000667   4.2133E+02  4.5428E+01  5.3117E+01
0000668   1.5530E+02  1.5962E+02 -1.4764E+02
0000669   4.0493E+02 -9.2077E+01  1.0473E+02
0000670   3.0581E+02  2.4192E+02  2.3555E+02
0000671   2.2200E+02  2.5278E+01 -2.8656E+02
0000673   1.4988E+02  4.6450E+01 -8.7129E+00
0000674   1.5236E+02  7.8536E+01  1.9338E+02
0000675   2.1596E+02 -8.6648E+01  1.0245E+02
0000676   4.5492E+02  1.5844E+02  1.1423E+02
0000677   2.8186E+02 -6.4826E+01  2.5260E+02
0000678   1.4997E+02  8.0774E+01 -3.1588E+01
0000679   1.5233E+02  3.5607E+01  1.5840E+02
0000680   2.3988E+02  4.1339E+01  5.5533E+00
0000681   2.6448E+02  5.5254E+01 -8.1929E+01
0000682   1.6543E+02  3.2421E+01  7.5236E+01
0000683   1.7044E+02 -1.2066E+01  1.1737E+02
0000684   7.0204E+01 -2.5916E+02 -8.3745E+01
0000685   2.8116E+02 -1.4091E+01 -3.1829E+02
0000686   3.8178E+02 -2.7737E+02 -1.3420E+01
0000687   2.4948E+02 -1.6554E+02 -7.6222E+01
0000688   1.7372E+02 -2.5665E+01 -6.6975E+01
0000689   2.1396E+02 -1.4525E+02 -2.8508E+02
0000690   1.2769E+02 -3.3548E+01 -1.2948E+01
0000691   1.5533E+02  1.7768E+02  1.3975E+02
0000692   1.4572E+02 -1.8405E+02  1.1821E+02
0000693   2.8795E+02  1.2931E+02 -3.0982E+01
0000694   2.3436E+02  4.7011E+01  1.2293E+02
0000695   2.9945E+02  4.2447E+01 -7.6928E+01
0000696   7.3175E+01 -2.0214E+02 -5.6635E+00
0000697   3.4423E+02  1.6023E+02 -2.1680E+02
0000698   4.6902E+01  1.6781E+02  7.9238E+01
0000699   3.6937E+02 -1.2927E+02 -8.4147E+01
0000700   1.5882E+02  8.0970E+01 -4.1650E+01
0000701   3.8459E+02 -2.5159E+02 -2.5183E+02
0000702   1.8233E+02 -4.4911E+01  1.6885E+02
0000703   1.6031E+02  1.3471E+01 -8.4273E+01
0000704   2.1095E+02 -3.8161E+01 -1.2720E+01
0000705   2.1408E+02  1.4395E+02 -9.4979E+01
0000707   2.5344E+02  2.0844E+01  1.5936E+02
0000708   1.6104E+02 -1.6979E+02 -1.0185E+02
0000709   2.5555E+02 -2.9571E+01  1.1265E+02
0000710   9.1306E+01 -1.4008E+02  1.8819E+02
0000711   2.8605E+02  2.6433E+01  2.2456E+02
0000713   2.0968E+02  1.0389E+02  3.4779E+01
0000714   1.5540E+02  1.4770E+02 -4.9685E+01
0000715   1.0883E+02 -1.3755E+00 -5.4550E+01
0000716   8.7610E+01  6.0765E+01 -7.1525E+01
0000717   3.1258E+02  5.2474E+01 -4.4739E+00
0000718   1.4134E+02 -1.6233E+02  2.8122E+01
0000720   3.2458E+02  5.1331E+01 -4.3003E+01
0000721   2.7910E+02 -1.9242E+02  4.0213E+01
0000723   2.7456E+02  7.6977E+01  6.8690E+01
0000724   2.4605E+02 -7.1465E+01  3.8276E+01
0000725   2.5588E+02  1.6225E+02 -2.3307E+01
0000726   1.6808E+02 -9.4021E+01  9.4124E+01
0000727   2.6699E+02 -1.7788E+02 -2.8167E+02
0000728   4.2310E+01 -1.7299E+01 -1.0651E+02
0000729   2.1220E+02 -1.1169E+02 -2.4192E+01
0000730   1.8359E+02  5.3453E+01 -2.2787E+02
0000731   1.5076E+02  1.1962E+01  9.6829E+00
0000732   3.8383E+02  5.9228E+01  1.5215E+01
0000733   3.4386E+02 -1.1245E+02  7.7110E+01
0000734   5.7163E+01  6.0052E+01  2.0571E+01
0000735   3.5306E+02 -8.3053E+01 -1.0814E+02
0000736   3.5825E+02 -4.1850E+01  1.9963E+02
0000737   1.7080E+02  2.8943E+01 -1.0365E+02
0000738   2.4904E+02  1.1142E+01 -1.0779E+02
0000739   2.0436E+02  1.0124E+02 -1.9279E+02
0000740   1.5322E+02  1.2054E+02  3.0986E+01
0000741   2.5911E+01  1.1719E+01  6.1053E+01
0000742   8.2920E+01  1.4809E+02  2.4496E+02
0000743   3.3032E+02  1.3370E+02  2.3732E+01
0000744   3.7465E+02 -1.3959E+02  3.5729E+01
0000746   3.2044E+02  8.1549E+01 -2.7768E+01
0000747   3.3857E+02 -4.2850E+01  5.6572E+01
0000748   3.3834E+02  1.9697E+02 -9.6127E+00
0000749   2.6491E+01  5.8318E+01  2.3413E+01
0000750   3.1797E+02  2.4398E+02 -2.0841E+02
0000751   6.0836E+01  2.8612E+01 -1.9536E+01
0000752   9.9545E+01  3.0693E+01 -1.4371E+02
0000753   2.3549E+02 -6.1035E+01  7.0576E+01
0000754   1.3812E+02  9.3141E+01  2.7274E+01
0000755   2.6570E+02  4.6037E+01 -1.7837E+02
0000756   3.4349E+02 -3.2116E+00 -1.9027E+01
0000758   3.0038E+02  2.0502E+02 -8.7138E+01
0000759   1.5997E+02 -2.0319E+02  1.2948E+02
0000760   2.1756E+01  1.2861E+01  3.3381E+01
0000761   1.3767E+02 -1.1730E+02 -1.6502E+01
0000762   3.3916E+02 -7.1286E+01  9.7553E+01
0000763   2.1785E+02 -1.3381E+01 -1.9127E+02
0000764   9.0730E+01  6.9926E+01  4.0034E+01
0000765   4.5296E+02  6.3357E+01  3.1932E+00
0000766   2.5236E+02  5.4632E+01  8.4240E+01
0000767   2.0248E+02  1.3666E+02  2.1472E+02
0000768   1.2097E+02 -7.0937E+00 -1.8698E+02
0000769   2.2646E+02 -1.3272E+02 -4.3584E-01
0000770   1.6409E+01 -6.1107E+00  5.0993E+01
0000771   1.1994E+02  1.6719E+02  1.3598E+02
0000773   1.2991E+02  1.2126E+01  2.5434E+01
0000775   2.6871E+02  3.8310E+00 -9.5587E+01
0000776   1.4836E+02 -9.3092E+01 -4.2816E+00
0000777   1.0689E+02  1.8057E+01  3.8929E+01
0000778   2.9829E+02 -9.5959E+01  2.4352E+01
0000779   3.5850E+02  1.5131E+02  1.1796E+02
0000780   9.0153E+01  1.7248E+01  1.5908E+02
0000781   9.6457E+01  8.7283E+01  7.7788E+01
0000783   2.6610E+02 -9.8349E+01 -5.8199E+00
0000784   1.9252E+02 -7.3597E+01 -4.0893E+01
0000785   1.6637E+01  1.0215E+02  4.6682E+01
0000786   2.2875E+02 -4.7189E+00 -6.4812E+00
0000788   4.4673E+01  9.0184E+01  4.7533E+01
0000789   1.5045E+02  1.4293E+02  2.9537E+01
0000790   3.6085E+02  5.6557E+01 -9.9336E+00
0000791   2.6521E+02 -1.0276E+02 -6.0028E+01
0000792   2.2179E+02 -4.2862E+01  1.2642E+02
0000793   3.6350E+02 -2.0230E+02  1.4946E+02
0000794   2.5884E+02 -9.1112E+01  7.2036E+01
0000795   3.1991E+02  1.9339E+02  6.4706E+01
0000796   6.2712E+01 -2.3973E+01 -1.7458E+01
0000797   3.4655E+01  4.0342E+01  1.6170E+01
0000798   1.1372E+02  8.6052E+01  1.7422E+02
0000801   2.9019E+02 -1.2018E+01  2.2145E+01
0000802   5.7640E+01 -1.9724E+02 -4.7201E+01
0000803   9.6919E+01 -5.9469E+00  5.5534E+00
0000804   6.7222E+01  1.0319E+02 -3.2459E+01
0000805   3.6359E+02 -3.8265E-01  1.1262E+02
0000806   9.1900E+01 -1.8155E+00 -5.6821E+00
0000807   5.1504E+01  2.5470E+02 -2.8290E+02
0000808   1.7644E+02 -9.1754E+01 -1.2896E+02
0000809   4.5646E+02  8.4780E+01 -6.9114E+01
0000810   2.1440E+02  5.6366E+01  1.1988E+02
0000811   3.8921E+02  6.4193E+01 -1.7108E+02
0000812   1.5671E+02  2.5153E+02 -7.9474E+00
0000813   3.8803E+02 -1.5256E+02 -7.5788E+01
0000814   2.7413E+02 -5.2409E+01  1.0896E+02
0000816   3.4318E+02  2.5131E+02  6.6501E+01
0000817   3.1463E+02 -1.7616E+01 -1.3917E+02
0000818   7.0401E+01 -7.3317E+01 -1.2046E+02
0000819   2.7755E+02  5.2480E-01  4.7916E+01
0000822   2.7877E+02 -1.3826E+02 -2.2028E+01
0000823   1.1864E+02 -2.6032E+01  1.4741E+01
0000824   1.1792E+02 -1.3350E+02  5.6913E+01
0000825   2.4686E+02  3.5953E+01 -6.3688E+01
0000826   1.6478E+02 -1.9207E+02 -1.4999E+02
0000827   1.0411E+02 -1.4092E+02  2.1744E+02
0000828   2.0140E+02  5.4399E+01  2.7005E+01
0000829   1.7955E+01 -4.2861E+01 -1.5419E+02
0000830   1.7770E+02  2.6638E+01  6.5603E+01
0000831   2.1444E+02  5.9087E+01 -1.2714E+02
0000832   1.8411E+02  6.8654E+01 -9.1953E+01
0000833   4.4614E+01  1.2202E+01 -5.0242E+00
0000834   9.7090E+01 -7.0607E+01  1.1348E+02
0000835   2.9403E+02  2.5212E+01  3.1498E+02
0000836   1.4108E+02 -1.5797E+01 -7.9734E+01
0000837   2.4515E+02 -2.8862E+01  3.4338E+01
0000839   3.3755E+02 -5.1233E+01  2.1105E+02
0000840   9.7147E+01  1.4481E+02 -1.4758E+02
0000841   5.0337E+01 -2.1784E+01  3.0117E+01
0000842   8.7977E+01 -1.0356E+02 -5.3878E+01
0000843   5.0352E+01  3.0844E+01  8.5091E+01
0000844   4.1072E+02  1.1677E+02  1.0949E+02
0000845   9.5806E+01 -1.3121E+02 -1.4508E+01
0000846   3.5190E+02 -2.0284E+02  3.8423E+01
0000847   1.5120E+02  5.9524E+01 -1.2155E+02
0000848   2.0441E+02  1.4657E+02  1.3212E+02
0000849   1.1813E+02 -1.0980E+02  1.8367E+01
0000850   3.0051E+02 -7.2900E+01  9.5790E+01
0000851   2.4293E+02 -1.4650E+01 -8.0467E+01
0000852   1.0672E+02 -2.6703E+02 -9.1952E+01
0000854   3.7629E+02  1.1534E+02 -1.8284E+02
0000855   2.9871E+02 -8.5065E+01 -1.4763E+02
0000856   3.2919E+02 -1.9979E+02  5.2452E+01
0000857   1.5145E+02 -1.5493E+02 -2.3694E+02
0000858   3.5351E+02  3.3692E+02  8.9279E+01
0000859   1.9981E+02  8.5085E+01  7.6872E+01
0000860   3.6750E+02 -4.9207E+01 -8.4686E+01
0000862   1.7303E+02  2.3946E+02 -6.3591E+01
0000863   8.1045E+01 -2.5748E+01  3.9258E+01
0000864   4.0707E+02 -2.7950E+01 -1.5978E+02
0000865   4.0044E+02  6.8109E+01 -2.8975E+01
0000866   2.1279E+02  1.7730E+01  5.9997E+01
0000867   4.4887E+01  2.0524E+02  1.2149E+02
0000868   3.5528E+02  1.3158E+02  5.2560E+01
0000869   2.1711E+02  1.7276E+02 -3.9917E+01
0000870   3.2763E+02  1.6299E+02  3.4777E-01
0000871   1.4397E+02 -1.4878E+02  2.9815E+02
0000872   3.5349E+02 -1.4146E+02 -4.2160E+01
0000873   9.9572E+01  1.2273E+02 -1.0415E+02
0000874   1.9161E+01  9.1536E+01 -7.4163E+01
0000875   1.2472E+02 -5.1531E+01  1.4952E+02
0000876   2.2308E+02 -9.4849E+00  9.5252E+00
0000877   3.0540E+02  4.5860E+01  8.2037E+01
0000878   3.6532E+01 -3.4363E+01 -4.4704E+01
0000879   3.2658E+02  1.1341E+02 -2.0059E+01
0000880   3.5453E+02 -3.9500E+00  4.5677E+01
0000881   1.6624E+02  1.3815E+02  1.7872E+02
0000882   2.5481E+02  1.9857E+01  1.6526E+02
0000883   2.6235E+02  5.1227E+01 -5.7275E+01
0000884   3.0520E+02  4.3938E+02  1.1608E+01
0000885   1.5435E+02  6.2297E+01 -3.4229E+01
0000886   3.4421E+02  2.0915E+01 -2.5064E+02
0000887   2.0733E+02  1.3793E+02  4.1527E+01
0000888   1.1875E+02  2.7049E+01  3.9713E+01
0000889   3.6215E+02 -7.5007E+01 -1.0456E+01
0000890   4.3155E+01 -3.8075E+01 -3.8067E+01
0000891   2.9225E+02  4.8277E+01 -5.1743E+01
0000892   1.2902E+02  1.7330E+02 -5.9394E+01
0000893   3.0172E+02  1.1245E+02  4.8056E+01
0000894   2.1486E+02  4.2485E+01 -2.1216E+02
0000895   2.7307E+02 -2.8662E+01 -1.5295E+01
0000896   4.3548E+02 -2.1674E+02 -4.9344E+01
0000898   1.0841E+02  8.8037E+01  7.8853E+01
0000899   9.1098E+01 -2.3442E+01 -1.3557E+01
0000900   2.9722E+02 -2.0934E+02 -2.0941E+02
0000901   1.2513E+02  8.5690E+01 -4.9856E+01
0000902   2.2096E+02  1.4902E+02 -4.1079E+01
0000903   1.6314E+02  1.4660E+02 -7.6996E+01
0000904   3.4106E+01  1.7102E+02 -5.8699E+01
0000905   2.3133E+02 -2.1778E+01  1.5298E+02
0000906   6.0268E+01  2.0632E+02  2.1602E+02
0000907   1.9587E+02  1.5772E+02 -1.7975E+02
0000908   1.6269E+02 -7.0225E+01 -4.4549E+01
0000909   4.7690E+02 -1.7425E+01  1.3182E+02
0000910   1.0857E+02  6.9549E+01  3.5594E+01
0000911   2.7210E+02  8.7779E+01 -2.8953E+02
0000912   2.3175E+02 -3.1924E+01  1.9330E+02
0000913   2.8812E+02  1.4137E+02 -2.8611E+02
0000914   6.9845E+01 -9.5219E+00  1.0422E+02
0000915   3.4381E+02  2.6075E+02 -1.1185E+02
0000916   1.4039E+02  2.2868E+02  2.1580E+02
0000917   2.2987E+02  1.1780E+02  9.6950E+01
0000918   3.8194E+02  1.7567E+02  1.7991E+02
0000919   4.0585E+01  3.2516E+00 -4.5435E+01
0000920   9.0039E+01 -8.5037E+01 -1.3923E+01
0000921   1.5052E+02 -2.7117E+01 -2.0163E+02
0000922   3.7261E+02 -3.9312E+00  2.3043E+01
0000923   2.3373E+02 -2.0318E+02  4.4249E+01
0000924   2.7482E+02 -1.5438E+02  4.7287E+01
0000925   2.9674E+02  1.6827E+02 -2.5980E+01
0000926   9.8687E+01 -1.8278E+02  7.4809E+01
0000927   1.1904E+02  3.6170E+01  7.0574E+01
0000928   2.4759E+02  1.0803E+02  8.3274E+01
0000929   8.8146E+01  2.7155E+01  2.7032E+01
0000930   3.2671E+02 -2.2755E+02 -5.7812E+01
0000931   2.8577E+02  8.9174E+00 -1.5562E+02
0000932   1.8720E+02 -1.7498E+02 -1.0774E+02
0000933   3.6985E+02 -6.0597E+01  8.7097E+01
0000934   3.6256E+02  3.9355E+01 -8.6090E+01
0000935   2.2757E+02 -1.1364E+01  4.3023E+01
0000936   1.4838E+02  3.3142E+01  2.1043E+02
0000937   1.8867E+02 -4.6973E+01 -6.2098E+01
0000938   2.7489E+02  1.2509E+02 -1.3167E+02
0000939   2.9756E+02 -6.9431E-01  3.2158E+01
0000940   4.9828E+02  2.2796E+01  2.3545E+02
0000942   1.8157E+02 -1.0798E+02  1.6778E+02
0000943   9.9526E+01 -2.0832E+02 -5.1404E+01
0000944   1.1684E+02 -6.4358E+01 -1.5757E+02
0000945   2.5464E+02 -2.4752E+00 -1.1970E+02
0000946   2.1301E+02  3.5767E+01 -5.0329E+00
0000947   9.9271E+01  8.8504E+01 -8.7089E+01
0000949   2.0698E+02  7.4777E+01 -1.2444E+02
0000950   1.2437E+02  3.2142E+01  1.9812E+02
0000951   5.4619E+01  3.8848E+01 -7.0244E+01
0000952   2.4833E+02 -8.3382E+01 -2.9959E+00
0000953   9.4816E+01 -1.4058E+02 -3.7511E+01
0000954   2.0550E+02 -7.0928E+01 -1.2270E+01
0000955   2.5869E+02 -1.4190E+01 -9.8147E+01
0000956   1.1518E+02  4.1803E+00  1.7540E+02
0000957   1.4211E+02  2.7884E+02 -1.8906E+01
0000958   1.7128E+02  1.2620E+02 -8.6626E+01
0000959   5.2393E+01  3.5440E+01  2.7465E+01
0000960   2.3075E+02 -1.9226E+01  2.7787E+01
0000962   2.7840E+02 -4.9390E+00  6.5222E+01
0000963   3.6731E+02  6.0485E+01  2.6297E+01
0000964   3.5228E+02 -4.6635E+01  1.7557E+02
0000965   4.0030E+02  1.2084E+02  2.1668E+01
0000966   2.6537E+02  1.9130E+01  5.7172E+01
0000967   2.2578E+02 -8.7075E+01 -6.9266E+00
0000968   2.7915E+02  7.5257E+01 -4.5682E+01
0000969   4.0953E+02  1.1119E+02  1.2459E+02
0000970   2.6417E+02  1.9880E+01  1.5899E+02
0000971   3.9891E+01 -2.9854E+01 -9.9012E+01
0000972   3.2429E+02 -3.8738E+01  5.6065E+01
0000973   3.0171E+02 -3.4496E+01 -1.8497E+02
0000974   6.2093E+01  5.1173E+01  1.0093E+02
0000976   2.6561E+02 -1.4981E+02  2.8178E+01
0000977   5.1778E+02 -1.1305E+02  1.1186E+02
0000978   1.7143E+02  2.1413E+01  2.7693E+02
0000979   3.9937E+02  1.0393E+02 -9.7931E+01
0000980   2.4400E+02  1.1779E+01 -2.1722E+02
0000981   1.9132E+02  4.5007E+01 -4.0030E+01
0000982   1.9626E+02 -1.5137E+00 -1.8781E+02
0000983   2.0951E+02 -1.0782E+02 -1.2525E+01
0000984   1.4129E+02 -1.2573E+02  1.2850E+02
0000985   1.0296E+02  4.2250E+01 -2.0405E+02
0000986   1.8756E+02  5.4726E+01  2.0920E+02
0000987   2.2655E+01  9.1402E+01 -1.0314E+01
0000988   1.6311E+01 -2.5428E+01 -1.1396E+02
0000989   2.2141E+02 -1.6453E+01  8.6148E+01
0000990   3.7212E+02 -2.5619E+02 -4.0611E+01
0000991   2.4061E+02 -1.9917E+01  2.5505E+00
0000992   8.5836E+01  1.0354E+01 -2.3688E+01
0000993   1.8933E+02 -1.0077E+01  2.4418E+02
0000995   1.8223E+02  8.3889E+01 -1.5576E+02
0000996   5.1076E+02 -5.9641E+01  5.8010E+01
0000998   1.5621E+02 -7.6181E+00  1.5710E+02
0000999   2.0906E+02  3.0027E+02  4.3858E+01
0001000   1.7702E+02 -7.2642E+01  9.6029E+01
