============================== SRIM-2013.00 ==============================
==============================================================================
====== SRIM Outputs\RANGE_3D.txt : File of Final Ion Positions =====

Ion =  F (09)   Ion Mass= 018.9984
Energy  = 2000000.E-05 keV
Ion Angle to Surface = 00.0 degrees
==================== TARGET =======================
  Layer # 1 - None
  Layer # 1 - Bottom Depth=500000.E-01 A
  Layer # 1 - Density =0007.8700 g/cm3
  Layer # 1 -  100 % of Fe
様様様様様様様様様様様様様様様様様様様様様様様様様様
                                            
Ion       Depth  X   Lateral Y   Lateral Z  
Number    (Angstrom) (Angstrom)  (Angstrom) 
-------  ----------- ----------- -----------
0000001   3.2962E+02 -1.2643E+02 -3.2343E+01
0000002   3.7953E+01  8.4717E+01 -4.3259E+01
0000003   3.6700E+02  1.8113E+02  2.9253E+02
0000004   2.4261E+02  8.3056E+01 -1.4389E+02
0000005   2.8352E+02  4.1434E+01  3.1378E+02
0000006   6.9988E+01  1.1650E+01 -2.4271E+01
0000007   2.3601E+02  3.8612E+02 -2.0075E+02
0000008   3.1442E+02  1.4457E+02  8.6637E+01
0000009   1.2630E+02  5.8331E+01 -3.2798E+01
0000010   8.2749E+01  1.4079E+02 -1.7976E+01
0000011   2.5475E+01 -2.6185E+02 -2.0558E+02
0000012   6.4792E+01  1.2426E+01  3.0285E+01
0000013   5.0781E+02 -3.0062E+01 -9.7784E+00
0000014   1.5753E+02 -1.6263E+02  1.0952E+02
0000015   8.1642E+01 -1.7582E+02  3.6377E+01
0000016   1.0394E+02 -4.0745E+01  3.1990E+00
0000017   1.1280E+02  1.3147E+02  1.1922E+02
0000018   2.8039E+02  3.8663E+01 -8.7907E+01
0000019   3.7786E+02  6.5517E+01  2.8270E+01
0000021   2.2972E+02  3.1715E+01 -1.0126E+02
0000022   1.6521E+02  6.7582E+01 -6.3684E+01
0000024   1.8928E+02 -2.5979E+02 -5.6935E+00
0000025   3.6695E+02 -3.8100E+01  9.9013E+01
0000026   6.8344E+01  1.8996E+01 -7.8242E+01
0000027   2.6788E+02  2.3575E+02 -4.8790E+01
0000028   9.3273E+01  2.3831E+02 -9.9166E+01
0000029   2.1761E+02  2.3964E+02  1.6126E+01
0000030   2.3681E+02 -3.0824E+02  4.7053E+01
0000031   1.7495E+02 -1.6477E+02 -8.4847E+01
0000032   3.0834E+02  2.0727E+02 -4.0227E+00
0000033   2.1085E+02  6.3961E+01  1.0871E+02
0000034   9.2434E+01 -3.6091E+01  1.4086E+02
0000035   1.9913E+02  2.1032E+01  6.6161E+01
0000036   1.8294E+02  1.7577E+02 -5.7207E+01
0000037   2.3554E+02  3.1666E+01 -3.1543E+02
0000038   2.4757E+02  1.2426E+02 -1.3039E+02
0000039   1.2072E+02 -3.2859E+02  1.7904E+02
0000040   2.6897E+02 -4.0910E+00 -3.1294E+01
0000041   3.4048E+02  1.5562E+01 -1.2113E+02
0000042   3.1849E+02 -1.6236E+02 -1.8520E+02
0000043   3.4909E+01  4.3546E+01  2.8864E+02
0000044   1.8075E+02  2.1535E+01  4.3964E+01
0000045   1.4126E+02 -4.7545E+01  2.0915E+02
0000046   1.0105E+02 -1.6519E+02 -1.9409E+02
0000047   3.5310E+02 -1.7315E+02 -2.2321E+02
0000048   3.2604E+02 -9.9321E+01  1.3942E+02
0000049   6.9147E+01  1.5808E+02 -7.4905E+01
0000050   3.8805E+02 -2.7041E+00 -1.7737E+02
0000051   2.0653E+02 -1.9542E+02  2.6199E+02
0000052   8.4529E+01 -2.0513E+01 -8.3928E-01
0000053   3.7684E+01 -1.0125E+02  1.2496E+02
0000054   1.3959E+02 -3.0567E+02  4.3775E+01
0000055   2.5260E+02  7.5501E+01  1.2361E+01
0000056   2.8977E+02 -1.2777E+02  2.1231E+01
0000057   9.0265E+01 -2.8653E+01  9.3136E+01
0000058   3.2931E+01 -2.5650E+02 -5.0311E+01
0000059   9.8233E+01  8.3599E+00 -3.4431E+01
0000060   1.5898E+02 -2.0937E+02  3.3147E+01
0000061   3.6625E+02  3.4997E+02 -2.5088E+01
0000062   1.9794E+02  1.7780E+02  8.0845E+01
0000063   1.9430E+02  5.6056E+01  1.3267E+02
0000064   2.8387E+01 -4.5436E+01  1.2345E+02
0000065   1.6039E+02 -1.8305E+02 -6.8150E+01
0000066   3.4665E+02 -7.6319E+01 -7.1480E+01
0000067   1.6780E+02  2.3540E+01  5.2058E+01
0000068   5.4194E+01  9.4846E+01  1.2305E+02
0000069   2.6228E+02  5.1056E+01 -3.8295E+01
0000070   2.4284E+02 -1.3847E+02 -1.4147E+02
0000071   2.8767E+02 -2.4767E+02 -1.4928E+02
0000072   3.0030E+02 -1.0318E+02 -4.2316E+01
0000073   1.2797E+02  7.9191E+01 -1.0228E+02
0000074   2.7314E+02 -4.9147E+01  2.0997E+01
0000075   1.8343E+02 -1.2671E+02  1.3206E+01
0000076   4.8986E+02 -1.3742E+01  7.2719E+01
0000078   1.0008E+02  1.4803E+02  1.0968E+02
0000079   5.0194E+02  2.6158E+01 -1.1524E+02
0000080   3.3601E+02 -4.1413E+00  1.7381E+02
0000081   7.1911E+01 -3.2399E+01 -1.3336E+02
0000082   3.0447E+02 -3.4727E+01 -8.1925E+01
0000083   2.3693E+02 -1.9573E+02  1.3810E+02
0000084   2.5123E+02  1.4683E+02  2.0570E+02
0000085   2.6565E+02 -4.9553E+01 -3.9754E+01
0000086   7.8418E+01  6.2986E+01  2.8332E+02
0000087   1.6558E+02 -1.5743E+01  1.6912E+02
0000088   3.0290E+02  5.0601E+01  1.2392E+02
0000089   1.6489E+02 -4.4428E+01  3.9854E+01
0000090   3.4204E+01  2.1002E+01  3.0136E+01
0000091   2.4134E+02  8.1932E+00 -5.1792E+01
0000092   2.5707E+02  3.1195E+02 -1.0997E+02
0000093   3.8221E+02  1.1377E+02  1.0310E+02
0000094   3.7684E+02  3.0281E+01  2.3142E+01
0000095   3.3981E+02  4.1009E+01  1.1748E+02
0000096   2.6580E+02 -1.1785E+01  9.0194E+01
0000097   3.0989E+02  7.6390E+01 -7.9102E+01
0000098   3.8968E+02  9.1210E+01  1.6736E+02
0000099   1.9959E+02  2.6615E+02  6.9226E+01
0000100   1.5501E+02  5.1374E+01  7.1798E+00
0000101   1.6089E+02  5.1726E+01 -3.9025E+01
0000102   6.0620E+01  7.7467E+01  1.2434E+02
0000103   3.1092E+02 -6.5969E+01 -4.8787E+01
0000104   7.8791E+01 -1.0500E+02  7.7184E+01
0000105   1.7426E+02  2.0035E+01 -1.5429E+00
0000106   2.4460E+02  2.0057E+02  1.1928E+02
0000107   8.7631E+01 -4.4635E+01  3.8172E+01
0000108   6.2142E+01  1.8772E+02 -5.1736E+01
0000109   2.0774E+02 -2.4195E+02  2.8827E+01
0000110   1.7035E+02  2.1965E+02  1.7020E+00
0000111   1.3175E+02  2.6346E+01 -7.8720E+01
0000112   2.6449E+01  3.6179E+01 -9.5790E+00
0000113   1.4499E+02  8.1656E+01 -8.6719E+01
0000114   8.7997E+01  1.2078E+02  2.7874E+01
0000115   7.1459E+01  3.8934E+01 -1.6045E+02
0000116   2.2063E+02 -2.6349E+01  8.1922E+01
0000117   1.7472E+02 -7.6005E+01  2.8929E+01
0000118   1.4094E+02 -6.8814E+01  3.4172E+01
0000119   3.4400E+02  1.1764E+01  2.2265E+02
0000120   5.1600E+01 -4.7936E+01 -1.6129E+02
0000121   1.2709E+02 -6.4943E+01  8.1975E-01
0000122   2.6373E+02 -1.7933E+01 -9.3744E+01
0000123   1.0123E+02  1.2522E+01 -1.8434E+02
0000124   2.1583E+02 -3.7681E+01  2.1658E+01
0000125   1.3638E+02 -6.0998E+01  8.0424E+01
0000128   3.3119E+02 -1.4405E+02 -1.1590E+02
0000129   1.2409E+02  1.3150E+02 -7.2632E+01
0000130   1.6268E+02 -4.8822E+01 -1.2675E+02
0000132   1.5117E+02  4.5551E+02 -1.1830E+02
0000133   2.4114E+02  1.0918E+02 -4.5367E+01
0000134   3.1046E+02  3.4817E+00  1.4120E+02
0000135   2.0213E+02  3.7155E+01  7.2499E+01
0000136   2.0697E+02 -9.3459E+00 -4.3353E+00
0000137   1.8736E+02 -1.8420E+02  1.4303E+01
0000138   3.1653E+02 -2.3637E+02  5.7146E+01
0000139   2.4769E+02  2.6117E+02  6.4310E+01
0000140   3.6671E+01 -7.3864E+01  6.3183E+01
0000141   3.1768E+02 -1.3727E+02  3.3048E+01
0000142   1.3504E+02  9.6249E+01  5.5133E+01
0000143   3.9812E+02  1.3285E+02 -1.8403E+02
0000144   3.8761E+01  8.0703E+01 -4.3994E+01
0000145   4.1372E+02 -1.7079E+02 -3.0804E+00
0000146   1.9260E+02 -1.9357E+02  8.3844E+01
0000147   1.3208E+02 -1.8753E+01 -4.7582E+01
0000148   7.3622E+01 -1.0471E+02 -2.4555E+02
0000149   2.0290E+02 -1.2646E+02 -2.0421E+02
0000150   2.5763E+02 -6.1016E+01  2.3698E+01
0000152   1.3792E+02 -9.1270E+01 -1.0527E+01
0000153   3.7040E+02 -4.4189E+01  6.2666E+01
0000154   3.7955E+02  1.8647E+02 -9.9975E+01
0000155   2.4794E+02 -7.7966E+01  3.0026E+02
0000156   3.2975E+02 -1.7949E+02 -2.5039E+02
0000157   5.8388E+01  1.4950E+02  4.0751E+01
0000158   3.0882E+02  7.1153E+01  4.2590E+01
0000159   1.3082E+02 -2.9238E+01 -7.4749E+01
0000160   4.6749E+02  1.2865E+02 -9.6920E+01
0000161   1.1578E+02 -6.3625E+01  8.9858E+01
0000162   1.0460E+01 -1.3369E+02  6.8338E+01
0000163   2.0607E+02 -3.7590E+01  1.2990E+02
0000164   2.0252E+02  1.5750E+02 -8.6716E+01
0000165   1.9555E+02  8.5708E+01 -1.6052E+02
0000166   3.7117E+02 -1.0198E+02  8.5694E+01
0000167   2.1520E+02  6.1632E+01  2.3978E-02
0000168   3.6066E+02  1.4296E+02  4.2004E+01
0000169   1.7808E+02 -1.9187E+01  3.6543E+01
0000171   2.7823E+02 -7.2934E+00 -1.1773E+02
0000172   4.6374E+01 -5.8284E+00  1.0975E+02
0000173   4.0358E+02 -4.4399E-01  1.2222E+02
0000174   3.9914E+02 -1.1855E+02 -1.5317E+02
0000175   3.3436E+02 -1.6512E+02  2.6868E+01
0000176   2.0846E+02  1.4389E+02  3.1404E+02
0000178   2.9548E+02 -1.9643E+01  1.3747E+02
0000179   1.7635E+02 -1.4561E+02  3.3257E+00
0000180   6.2696E+01 -1.9650E+01  1.9220E+02
0000181   5.1337E+01 -3.5944E+02  1.0987E+02
0000182   3.5038E+02  6.4044E+01 -7.4336E+01
0000183   2.1077E+02  4.4454E+00 -1.5863E+02
0000184   4.2597E+02  1.1456E+02 -2.6660E+01
0000185   3.9801E+02  3.8340E+02 -1.3983E+02
0000187   1.7665E+02  2.6990E+02 -5.4698E+01
0000188   2.4340E+02 -1.3564E+02  1.4785E+02
0000189   2.8600E+02 -3.2814E+01 -1.5067E+02
0000190   1.6887E+02 -8.6292E+00  5.0203E+01
0000191   3.2041E+02 -1.0631E+02 -4.0096E+01
0000192   2.4871E+02  1.3471E+01 -1.4763E+02
0000193   2.2445E+01  3.0198E+01  1.4101E+01
0000194   3.2426E+02  1.3101E+02  2.1168E+01
0000195   1.2094E+02 -2.4020E+01 -4.5421E+01
0000196   2.7827E+02 -1.0833E+01 -2.1488E+02
0000198   1.8952E+02 -1.8463E+02  3.1075E+01
0000199   4.5443E+02 -1.3064E+02  2.8828E+02
0000200   1.8573E+02 -1.7061E+02 -1.9054E+02
0000201   1.9637E+02 -1.1943E+02  3.5202E+01
0000202   3.1572E+02 -3.5185E+01  1.4513E+02
0000203   2.3442E+02 -6.4523E+01  7.3757E+01
0000204   7.9050E+01  1.3874E+02  4.1297E+01
0000205   1.2821E+02  5.2512E+01  1.2364E+02
0000206   3.8249E+02 -6.9309E+00  1.4525E+02
0000207   8.4604E+01  1.6464E+02  2.0789E+01
0000208   1.8070E+02  1.9582E+01 -6.8856E+01
0000209   1.1328E+02 -3.0207E+01 -2.1560E+02
0000210   2.2750E+02 -3.2827E+01  2.2706E+02
0000211   7.8328E+01  1.5934E+02  1.7686E+02
0000212   2.8050E+02  5.9272E+01  8.6763E+01
0000213   1.7967E+02  1.0072E+01 -1.4958E+01
0000214   1.4949E+02  9.6501E+01  1.5770E+02
0000215   3.1299E+02 -2.6963E+02 -1.8980E+01
0000216   1.5244E+02  6.0332E+01 -4.8749E+01
0000217   9.4817E+01  3.1663E+01  1.2077E+02
0000218   3.7875E+01  2.8799E+01  9.9678E+01
0000219   1.7131E+02 -4.1264E+01  1.3017E+02
0000220   6.1771E+01 -1.1034E+02 -7.5448E+01
0000221   3.8976E+02 -1.0361E+01 -1.9784E+02
0000222   2.9369E+02 -1.3026E+02  2.2275E+01
0000223   3.3176E+02  9.4866E+01  9.5204E+01
0000224   1.4686E+02 -1.3250E+02  1.6406E+02
0000225   2.6020E+02 -2.3215E+02  9.3495E+01
0000226   6.4215E+01  3.3648E+01  1.1110E+02
0000227   1.1682E+02  1.2820E+02  1.5143E+02
0000228   5.5086E+01 -3.7166E+01 -1.4912E+02
0000229   2.1027E+02 -1.9307E+02  2.0398E+02
0000230   2.4648E+02 -2.6543E+01  1.1215E+02
0000231   1.0159E+02  5.9226E+01 -1.6444E+02
0000232   9.3324E+01  2.7438E+02  7.5539E+00
0000233   2.9556E+01  3.9828E+01  3.6675E+00
0000235   5.8712E+01  3.4218E+01 -1.5303E+02
0000236   1.0994E+02 -6.1291E+01 -2.8923E+02
0000237   1.7334E+02  1.0590E+02 -7.4717E+01
0000238   2.0582E+02 -1.0516E+02  1.2387E+02
0000239   1.8256E+02 -1.7152E+02  1.4666E+02
0000240   3.5091E+02 -1.1815E+02 -6.3644E+01
0000242   1.6159E+02  1.0973E+02  3.5078E+01
0000243   8.9411E+01 -1.0867E+02  1.0927E+02
0000244   4.2142E+02 -2.9214E+02 -1.3189E+02
0000245   1.0014E+01  2.0407E+02  1.1126E+02
0000246   3.4254E+02 -2.1191E+01 -2.5386E+01
0000249   1.6844E+02 -1.2087E+01  7.4032E+01
0000250   2.3753E+02  8.0810E+01  2.5055E+02
0000251   3.1249E+02 -5.6017E+01 -1.1061E+02
0000252   1.8538E+02  4.6141E+01 -2.7698E+01
0000253   3.6011E+02 -4.8509E+01 -2.1694E+02
0000254   2.8801E+02 -4.8402E+01  8.2333E+01
0000255   5.0102E+02 -1.4065E+01  1.7055E+02
0000256   2.6515E+02  8.1121E+01 -1.3563E+02
0000257   2.2747E+02  2.5892E+02  1.3600E+02
0000258   2.6458E+02 -1.0659E+01 -1.0653E+02
0000259   2.7893E+02  1.3965E+02  6.9653E+01
0000260   2.5596E+02 -1.3826E+01 -1.1653E+02
0000261   7.0155E+01 -6.7165E+01  1.7212E+02
0000262   3.7699E+02 -2.0417E+02  4.6680E+01
0000263   2.5589E+02  1.8797E+02 -1.2016E+02
0000264   2.0462E+02 -2.5177E+01  4.6753E+01
0000266   4.8637E+01 -9.5541E+01 -1.0971E+02
0000267   2.4038E+02 -5.2897E+01 -1.0492E+02
0000268   1.2045E+02 -1.9508E+01 -2.9604E+02
0000269   1.7295E+02  1.8319E+02  1.9581E+02
0000270   1.1920E+02  1.8568E+01  7.7920E+00
0000271   1.8927E+02  2.5675E+02  5.9903E+01
0000272   2.7078E+02 -4.6073E+01 -1.1696E+02
0000273   3.9346E+02  7.6447E+01 -1.9082E+02
0000274   4.1457E+02 -8.0684E+00 -3.5949E+00
0000275   2.8472E+02 -1.8290E+02 -4.6342E+01
0000276   3.8856E+02  9.3845E+00 -2.8976E+02
0000277   3.2060E+02 -7.3348E+01 -1.2795E+02
0000278   1.2889E+02 -8.1948E+01 -1.9032E+02
0000281   1.0703E+02  6.8858E+00 -2.0940E+02
0000282   1.7609E+02  2.6472E+01  1.0058E+02
0000283   1.8216E+02 -6.5294E+01  5.0100E+01
0000284   4.1659E+02 -6.0034E+00 -8.4342E+01
0000285   1.7222E+02 -1.0919E+02 -2.1641E+02
0000286   2.6846E+02 -1.4550E+02 -5.2771E+01
0000287   1.2841E+02 -1.1168E+01  2.0347E+02
0000288   2.8481E+02 -1.9259E+02  2.4748E+01
0000289   3.5940E+02 -1.6921E+00  2.1694E+02
0000291   9.6624E+01  4.4963E+01 -1.4231E+02
0000292   2.2006E+02 -4.4145E+01  1.5803E+02
0000293   5.0584E+01  7.9039E+01  3.3248E+01
0000294   2.5584E+02 -8.9527E+01  8.8076E+01
0000295   6.5005E+01 -4.8232E+01 -5.4967E+01
0000297   1.7408E+02  4.1044E+01  4.2595E+01
0000298   9.4722E+01 -2.7682E+02  1.0022E+02
0000299   7.8746E+01 -2.6400E+01 -3.0568E+00
0000301   2.6432E+02  1.5929E+02 -9.7468E+01
0000302   1.8824E+02 -2.4822E+01  7.0496E+01
0000303   2.6947E+02 -9.7866E+01  5.3029E+01
0000304   7.6668E+01  5.7586E+01 -1.2355E+02
0000305   1.3858E+01  3.2698E+01  7.6336E+01
0000306   1.3089E+02  1.3018E+02 -1.8302E+02
0000307   2.8014E+02 -2.1646E+02  1.9439E+02
0000309   9.2648E+01 -1.3216E+01 -2.2434E+01
0000310   1.8574E+02 -3.8782E+01  2.3916E+01
0000311   2.0839E+02 -8.9248E+01 -1.5935E+02
0000312   3.2535E+02  4.4867E+01  2.5812E+01
0000313   1.4615E+02 -1.7518E+01  9.6114E+01
0000314   1.5819E+02 -6.2353E+01  1.1784E+01
0000315   1.5485E+02  3.7165E+00 -9.3809E+01
0000316   3.6822E+02  9.5358E+01  1.8756E+00
0000317   8.9071E+01 -5.6903E+01  1.3751E+02
0000318   3.3203E+02 -5.2673E+01 -6.6601E+01
0000319   3.1789E+02 -5.3684E+01  1.3984E+02
0000320   2.5355E+02 -2.0439E+01  7.5329E+01
0000321   1.8610E+02  4.4218E+01 -3.8436E+00
0000322   3.1158E+01  2.5517E+02  2.4992E+02
0000323   8.6032E+01  3.4191E+02  1.6377E+02
0000324   1.2838E+02  1.2546E+02 -8.6232E+01
0000325   1.6995E+02  7.5719E+01  2.5784E+02
0000326   1.2430E+02 -1.6033E+02  8.6016E+01
0000327   1.6608E+02 -2.2232E+00  1.7819E+02
0000328   2.5643E+02  7.6874E+01 -1.9391E+02
0000329   1.2154E+02 -1.6886E+01  8.7431E+01
0000330   9.5356E+01 -3.6339E+01 -1.2605E+02
0000331   3.0663E+02 -3.1954E+01 -5.8744E+01
0000332   3.6826E+01 -1.0026E+02 -5.6942E+01
0000333   1.1629E+02 -2.5125E+01 -1.0851E+02
0000334   3.1850E+02 -7.7462E+01 -9.2439E+01
0000335   2.0284E+02 -2.0124E+02  1.0030E+02
0000336   6.5120E+01 -5.8860E+01 -8.9075E+01
0000337   2.5240E+02 -1.5815E+02 -1.2760E+02
0000338   1.9245E+02 -9.2038E+01 -5.3637E+01
0000339   3.5812E+02 -4.6470E+01 -2.3879E+01
0000340   8.6881E+01  9.1367E+01 -1.5568E+02
0000341   2.5054E+02 -1.2931E+02  4.6591E+01
0000342   4.4164E+01  3.0210E+02 -9.6741E+01
0000343   9.5084E+01  8.9837E+01  3.1021E+02
0000344   3.5161E+02 -9.3866E+01  9.5255E+01
0000345   8.2954E+01 -2.0043E+01 -1.3176E+02
0000346   1.6609E+01 -2.6806E+01  1.7403E+01
0000347   2.5680E+02  3.0127E+01 -1.1104E+02
0000348   6.8688E+01  1.3300E+00  1.1195E+02
0000349   1.2956E+02 -8.2401E+01 -5.0740E+01
0000350   5.5369E+02  2.9644E+01  6.4703E+01
0000351   2.2841E+02  2.8241E+02  1.9653E+02
0000352   4.8394E+02  3.1149E+01  2.9606E+01
0000353   1.9033E+02 -4.7677E+01 -8.9996E+00
0000354   1.9756E+02 -3.3494E+00  1.9541E+01
0000355   1.8407E+01 -2.6212E+01 -1.5835E+02
0000356   4.3849E+01  7.0442E+00  8.9543E+01
0000357   3.4858E+02 -9.5236E+01 -1.4271E+01
0000358   8.2673E+01 -1.1449E+01 -2.5570E+02
0000359   3.2774E+02  1.3626E+02 -7.0243E-01
0000360   4.1756E+02 -1.2632E+02 -1.0214E+02
0000361   4.4187E+02 -2.5445E+02  8.2200E+01
0000362   1.0135E+02 -8.8497E+01 -6.4097E+01
0000363   3.1700E+02  5.3708E+01 -1.6050E+02
0000364   3.6255E+02 -6.8054E+01  3.9855E+01
0000365   1.0038E+02 -5.3359E+01 -2.7779E+01
0000366   2.5375E+02 -7.9230E+01  2.5703E+02
0000367   1.8493E+02 -3.1728E+01 -5.5195E+01
0000368   2.9371E+02 -8.9003E+01  3.2412E+02
0000369   2.2359E+02 -2.6212E+01  2.2280E+02
0000370   4.8896E+01 -1.0395E+02 -7.8310E+01
0000371   3.3152E+02 -7.8384E+01  3.0674E+01
0000372   1.3230E+02 -7.5867E+01 -9.8313E+01
0000373   1.0053E+02  3.5753E+01 -1.5677E+02
0000374   3.4384E+02  1.3719E+00  1.6254E+02
0000375   2.6754E+02  5.0153E+01 -4.9819E+01
0000376   4.2379E+02 -2.4452E+01 -8.2844E+01
0000377   3.8046E+01 -7.5455E+01  7.3367E+01
0000378   2.7198E+02 -4.8938E+01 -7.4530E+01
0000379   1.5374E+02 -1.8979E+02  1.4961E+02
0000380   2.0592E+02  2.8065E+02  6.3018E+01
0000381   1.9608E+02  4.2704E+01  3.3292E+01
0000382   1.4405E+02 -3.1515E+01  1.4726E+02
0000383   5.2121E+00  6.6399E+00 -2.9108E+00
0000385   2.0149E+01 -9.1222E+01  1.7781E+02
0000386   2.5024E+02 -9.6469E+01  1.0658E+02
0000388   5.8856E+01 -1.0463E+00  2.2493E+01
0000389   3.4215E+02 -2.7658E+01  9.7853E+01
0000390   1.4867E+02 -7.7687E+01  2.9488E+01
0000391   1.1172E+02  1.9356E+02 -5.9911E+00
0000392   1.7781E+02  4.4459E+01 -1.5892E+02
0000393   1.7131E+02 -2.0430E+02 -6.0949E+00
0000394   7.0592E+01  1.3424E+02 -2.2821E+02
0000395   2.4789E+02 -2.0994E+01  9.1664E+01
0000396   8.9635E+01  2.5966E+01  8.6977E+01
0000397   3.9385E+01 -9.1487E+01  3.2210E+01
0000398   2.5836E+02 -1.5174E+02  1.8074E+02
0000399   2.8319E+02  1.1132E+02 -5.5515E+01
0000400   3.2259E+02 -1.1355E+02  6.9131E+01
0000401   1.3545E+02 -1.7967E+02  1.3772E+02
0000402   6.6730E+01  6.8141E+01  1.4168E+02
0000403   9.6338E+01  1.0422E+02 -7.3029E+01
0000404   1.2481E+02 -6.9565E+01  3.1907E+02
0000405   3.1271E+02  1.2484E+01  2.0678E+02
0000406   2.9496E+02  2.0988E+02  2.0310E+02
0000407   2.9844E+02  3.0039E+02 -5.9457E+01
0000410   1.8589E+02 -4.1067E+01 -5.9494E+01
0000411   2.8070E+02  4.7586E+01  1.1860E+02
0000412   2.8467E+02 -1.8595E+02 -1.2639E+02
0000413   2.2734E+02  6.4402E+01 -1.1843E+02
0000414   3.4750E+02  5.6267E+01  6.5333E+01
0000415   1.4880E+02  1.8371E+02 -6.2970E+01
0000416   1.1230E+02 -9.9298E+00 -3.7268E+01
0000417   2.3417E+02  7.9384E+01 -6.9089E+01
0000418   4.9953E+01 -3.0324E+01  2.6848E+01
0000419   9.6841E+01 -1.8516E+01 -7.9279E+01
0000420   1.0306E+02 -1.6047E+01  1.2149E+02
0000421   1.8111E+02  1.4722E+02 -1.7820E+01
0000422   2.5552E+02 -2.1082E+02 -2.7696E+02
0000423   1.0605E+02 -8.0810E+00 -6.5688E+01
0000424   2.2147E+02  1.6223E+02  1.2567E+01
0000425   7.2523E+01 -8.6208E+01 -3.8257E+01
0000426   1.9930E+02 -2.2966E+02 -3.8283E+01
0000427   1.9209E+02  1.7428E+02  6.8342E+01
0000428   2.2331E+02  1.2623E+02 -2.5873E+01
0000429   3.8546E+02  3.2465E+02 -2.5808E+02
0000430   2.3667E+02  9.4450E+01 -4.0238E+01
0000431   2.6206E+02  8.6909E+01  2.6351E+02
0000433   2.3154E+02 -1.0520E+02  2.8972E+01
0000434   1.2827E+02 -5.2171E+01 -5.9674E+01
0000435   1.2295E+02  9.5000E+01 -2.1948E+02
0000436   2.9190E+02  2.6357E+02  3.9072E+01
0000437   1.4180E+02 -9.5419E+01  1.4783E+01
0000438   1.9326E+02  8.8423E+01  1.7525E+02
0000439   1.7134E+02  2.2708E+02 -2.0863E+02
0000440   7.1716E+01 -7.0864E+01  2.1779E+00
0000441   2.3468E+02  2.2553E+02 -3.1277E+01
0000442   2.4219E+02  1.3291E+02 -8.8784E+01
0000443   2.9831E+02  4.8687E+00 -1.1406E+01
0000444   1.3179E+02  1.1347E+02 -2.8108E+00
0000445   1.3278E+02 -3.4531E+01  3.3145E+01
0000446   1.9921E+02 -1.9469E+02  3.1673E+01
0000447   3.8608E+02 -9.3439E+00 -6.4323E+01
0000448   2.4922E+02  2.4579E+02 -1.4069E+02
0000449   6.7855E+01  5.0749E+01  3.6439E+01
0000450   1.2670E+02 -1.4824E+01 -1.8289E+02
0000451   1.1578E+02  1.9492E+02 -7.8780E+01
0000452   4.5858E+01  9.3143E+01 -5.5970E+01
0000453   1.9019E+02  1.3820E+01 -2.1561E+02
0000454   1.9841E+02 -6.8280E+01 -2.6689E+02
0000455   1.6502E+02  5.3192E+00  6.8668E+01
0000456   2.8400E+02 -5.7205E+01  7.7106E+01
0000457   2.3015E+02 -4.6142E+01 -1.2848E+00
0000458   2.4824E+02  1.8807E+00  1.5439E+02
0000459   4.4504E+02  1.0663E+02 -1.2717E+02
0000460   4.1848E+02  8.1379E+01 -1.1640E+02
0000461   1.4720E+02 -2.7271E+01 -1.9842E+00
0000462   3.4669E+02  1.1684E+02 -1.2513E+02
0000463   1.7036E+02  1.8556E+01 -6.9069E+01
0000465   1.1003E+02 -9.5359E+01  3.2131E+01
0000466   1.4500E+02  1.3655E+02 -2.6246E+01
0000467   2.0391E+02 -3.9446E+01 -5.8111E+01
0000468   3.3923E+01 -3.8798E+01 -1.1789E+01
0000469   4.2589E+02 -4.7222E+01 -4.7951E+01
0000471   1.9763E+02 -2.1180E+02  8.1725E+01
0000472   2.4360E+02 -1.0498E+02 -1.1693E+01
0000473   1.1783E+02 -2.8675E+01  2.6644E+01
0000474   2.8334E+02  2.5602E+02 -1.0678E+02
0000475   1.6431E+02  4.7594E+01 -4.9463E+01
0000476   1.1235E+02  1.3242E+02  1.4050E+02
0000477   4.8504E+02 -9.3840E+01  3.7246E+02
0000478   2.8832E+02  1.2783E+02 -1.4593E+02
0000479   2.2779E+02  1.8261E+02 -3.7250E+01
0000480   2.6478E+02  1.5052E+01  1.2099E+02
0000481   1.3268E+02  2.2325E+01  5.6694E+01
0000482   2.2468E+02 -3.3751E+01 -1.4376E+02
0000483   4.3013E+02 -6.1265E+01 -9.4049E+01
0000485   9.0542E+01  1.5537E+02  7.4355E+00
0000486   8.5738E+01 -7.4570E+01 -1.3542E+02
0000487   3.8842E+02 -2.4422E+02  1.9298E+00
0000488   1.1066E+02 -1.8596E+02 -8.5045E+01
0000489   3.5603E+01 -1.0095E+02  1.0582E+02
0000490   1.8411E+02  4.9447E+01 -1.8956E+01
0000491   1.4266E+02  6.8439E+01  5.3535E+01
0000493   2.2608E+02 -1.2332E+02 -1.9451E+01
0000494   1.6128E+02 -5.0236E+01  9.2661E+01
0000495   1.0338E+02  4.7818E+01  3.6112E+01
0000496   1.4156E+02  1.7124E+01  7.5727E+01
0000497   2.8692E+02 -1.3068E+02  5.4688E+01
0000498   5.4184E+01  1.0572E+02 -1.1169E+02
0000499   2.0240E+02  4.1273E+01  8.6489E+01
0000500   5.1110E+02 -2.9104E+02  9.8134E+01
0000501   5.2445E+02 -6.0833E+01 -2.3529E+02
0000502   1.6426E+02 -6.0847E+01  6.9488E+01
0000503   1.4564E+02  2.0731E+02 -3.5238E+01
0000504   4.6534E+02  3.1838E+01 -8.1666E+01
0000505   2.0785E+02 -1.3896E+02 -1.3143E+02
0000506   3.3792E+02 -9.3309E+01  1.0329E+02
0000507   1.4280E+02 -7.4764E+01 -2.4531E+02
0000508   3.3180E+02  4.7425E+01  2.0809E+02
0000509   1.1197E+02  1.4478E+02  2.3662E+02
0000510   1.7374E+02 -1.1638E+02 -5.3802E+01
0000511   1.6756E+02 -1.3280E+02 -1.3205E+01
0000512   1.4245E+02  2.1251E+01  5.4137E+01
0000513   1.6219E+02  1.8590E+02  1.2818E+02
0000514   2.2800E+02 -7.3590E+01 -1.3406E+01
0000515   1.0266E+02 -3.3707E+01 -8.5948E+01
0000516   1.1627E+02 -5.9407E+01 -4.7826E+01
0000517   2.4408E+02  8.9857E+01 -3.3448E+01
0000518   1.7469E+02 -4.6458E+01  2.4142E+01
0000519   1.4398E+02 -5.5418E+01  2.4569E+02
0000520   2.6278E+02 -1.7713E+02 -5.1978E+01
0000521   2.3719E+02  5.8542E+00  1.0682E+02
0000522   1.0948E+02 -1.1192E+01 -6.5058E-01
0000523   3.3826E+02 -1.0070E+02 -3.0439E+01
0000524   2.2392E+02 -3.8126E+01  2.7249E+01
0000525   1.9565E+02 -3.8990E+00 -8.0521E+01
0000527   1.2502E+02  2.1561E+02  1.0275E+02
0000528   2.9840E+02 -1.3831E+02  2.9868E+01
0000529   2.9234E+02  1.0492E+02  2.6070E+02
0000530   2.1279E+02  1.2188E+02  3.1175E+01
0000531   1.6349E+02  1.2547E+02  1.1355E+02
0000532   2.4858E+02 -3.5657E+01 -1.3190E+02
0000533   5.9622E+01  8.3323E+01 -6.3279E+01
0000534   3.1811E+01  2.2126E+01  1.2891E+02
0000535   1.8181E+02  6.6995E+01  2.4222E+01
0000536   2.1906E+02  5.5531E+01  8.1944E+01
0000537   5.3733E+02  9.9544E+01  1.0445E+02
0000538   6.9316E+01 -1.0927E+02 -5.3952E+01
0000539   7.6184E+01  2.7591E+00 -9.4539E+00
0000540   2.8758E+02 -9.9155E+01 -1.9290E+02
0000541   1.5180E+02  1.9295E+01  2.4273E+02
0000542   1.8532E+02  4.3505E+01  1.3250E+02
0000543   9.7157E+01 -2.3852E+02 -2.5663E+02
0000544   3.4006E+02  1.4240E+02 -8.9811E+01
0000545   2.3865E+02 -6.6121E+01 -5.9331E+01
0000546   1.5587E+02  4.8205E+01 -7.6775E+01
0000547   2.0845E+02 -4.6826E+00 -1.8866E+02
0000548   2.6145E+02 -5.6838E+01  2.9540E+01
0000549   1.5205E+02 -1.4986E+02 -7.8646E+01
0000550   2.3745E+02  1.2507E+02  2.4945E+01
0000551   1.8158E+02 -2.1762E+01  8.4584E+01
0000552   3.8628E+02  1.2552E+02 -2.1974E+01
0000553   2.0224E+02 -3.1204E+02  1.8692E+02
0000554   3.6868E+02 -1.6751E+02  1.7563E+02
0000555   1.7987E+02 -5.6312E+01 -2.3038E+02
0000556   1.0703E+02 -9.3781E+01 -4.9774E+00
0000557   2.8487E+02 -4.2077E+01 -1.4895E+02
0000558   1.5336E+02  5.1555E+00  6.3791E+01
0000559   2.7301E+02  8.9626E+01 -5.0221E+01
0000560   1.0475E+02 -1.2831E+02 -2.7445E+01
0000561   1.5017E+02 -5.4305E+01 -1.7187E+02
0000562   4.3794E+01 -1.3428E+01  8.4294E+01
0000563   7.6569E+01 -1.7104E+02 -4.3103E+01
0000564   2.7384E+02  2.8279E+02 -1.5372E+02
0000566   3.7208E+02  8.0041E+01  2.1462E+02
0000567   3.2340E+02 -1.0279E+02  1.5977E+02
0000568   2.1445E+02 -2.0442E+02  9.9769E+01
0000569   2.5526E+02 -5.6496E+01 -5.1425E+01
0000570   2.1395E+02  9.3718E+01  8.3969E+01
0000571   2.7674E+02  1.8736E+02 -1.8464E+02
0000572   1.8957E+02  1.4699E+00 -1.1007E+02
0000573   4.7936E+02  1.6333E+01 -3.2538E+02
0000574   2.5771E+02 -9.7637E+01 -1.1033E+02
0000575   1.0328E+02  1.8317E+02 -1.8691E+02
0000576   2.3661E+02 -6.5129E+01 -7.5731E+01
0000580   8.6045E+01 -8.5644E+01  1.6420E+02
0000581   2.6106E+01 -1.1463E+02 -4.9934E+00
0000582   2.6281E+02 -9.2770E+01  9.3282E+01
0000583   2.5123E+02  2.6528E+02  4.0704E+01
0000584   4.9910E+02  5.9224E+01 -2.5235E+01
0000585   7.1125E+01 -4.0308E+00  1.0203E+01
0000586   2.8606E+02 -5.3336E+00 -1.7284E+02
0000587   1.3440E+02  1.1298E+02  7.6335E+01
0000588   3.4854E+02 -4.2432E+01  2.1317E+02
0000589   3.6322E+02 -2.0927E+02 -2.4094E+01
0000590   2.7238E+02  4.1353E+01 -2.7755E+00
0000591   6.8083E+01 -6.7270E+01  9.7435E+01
0000592   7.6456E+01 -9.3200E+01 -2.8767E+00
0000593   3.4643E+02 -9.4731E+01  1.4359E+02
0000594   3.4193E+02 -1.8910E+02  4.4277E+01
0000595   1.5040E+02  2.1871E+02 -3.6462E+01
0000597   5.3203E+01 -4.4538E+01 -3.7084E+01
0000598   1.0842E+02  1.0566E+02 -6.3541E+01
0000599   2.9210E+02 -4.2591E+00 -1.8781E+02
0000600   2.2516E+01 -3.0790E+01  1.3509E+02
0000601   6.9528E+01 -8.6557E+01 -1.4093E+02
0000602   1.8879E+02 -3.0718E+01  3.2937E+02
0000603   2.4336E-01 -2.1039E+01 -1.2985E+02
0000604   5.0008E+02 -6.6972E+01 -1.3074E+01
0000605   1.5570E+02  4.9833E+01 -8.8387E+01
0000607   2.3143E+02 -2.9888E+01 -1.4317E+02
0000608   3.0331E+02  1.6569E+02 -1.0822E+02
0000609   2.0126E+02 -1.8020E+02  2.3335E+01
0000610   2.7822E+02 -7.4178E+01 -1.2250E+01
0000611   3.3839E+02  1.7341E+02  3.6731E+01
0000612   4.2222E+02 -3.0931E+00  1.0757E+02
0000613   2.4073E+02 -1.2749E+02 -9.0062E-01
0000615   3.2591E+02  7.0595E+01  1.9577E+02
0000616   2.1200E+02 -3.3361E+01 -1.2442E+01
0000617   2.5485E+02 -2.9891E+01 -1.2776E+02
0000618   6.9232E+01  8.6255E+01 -1.2879E+02
0000619   4.0803E+02 -6.9686E+01  2.8196E+01
0000620   8.3621E+01  1.6581E+02 -1.5965E+02
0000621   1.7006E+02  1.4636E+02  5.4453E+01
0000622   9.2275E+01  3.7059E+01 -1.1415E+02
0000623   3.2728E+02 -1.1426E+01  3.0168E+01
0000624   1.7468E+02 -3.4062E+02 -1.2742E+01
0000625   2.5795E+02 -1.6530E+02 -8.9827E+00
0000626   7.9572E+01  1.8098E+01  6.3640E+01
0000627   9.7494E+01 -3.7708E+01 -4.0812E+01
0000628   3.3351E+02  5.3102E+01  2.4758E+02
0000629   1.9246E+02  2.4202E+02  2.0599E+01
0000630   4.4220E+02 -9.8186E+01  1.2518E+02
0000631   2.1109E+02 -5.2415E+01 -3.8509E+01
0000632   3.1582E+02 -3.9456E+01 -2.5914E+02
0000633   4.4907E+02 -2.3629E+02 -1.5999E+02
0000634   1.9490E+02 -3.1563E+01  6.3802E+01
0000635   4.3101E+02  2.9253E+01  5.6116E+01
0000636   2.2232E+02 -2.8493E+01 -1.3354E+02
0000637   2.6176E+02 -7.3618E+01  1.1182E+02
0000638   1.3777E+02  2.3767E+01  6.5743E+01
0000639   1.9994E+02 -6.4835E+01 -1.2827E+02
0000640   2.1795E+02 -2.2927E+00 -2.2330E+02
0000641   4.3151E+02  1.9622E+01 -4.2648E+01
0000642   1.2363E+02  1.3672E+02 -5.2821E+00
0000643   1.4735E+02  1.5179E+02  2.1001E+02
0000644   1.0184E+02 -1.1587E+02  1.6770E+02
0000645   1.7856E+02 -9.2011E+01 -7.0995E+01
0000646   1.3486E+02 -1.9694E+02 -1.2994E+02
0000647   1.5700E+02  3.4634E+01 -1.9943E+01
0000648   1.5885E+02 -2.9857E+02  8.0922E+01
0000649   2.6812E+02  1.9559E+02  6.1560E+01
0000650   6.1229E+01  2.5685E+01 -6.7538E+01
0000651   3.5705E+02 -1.0660E+02  2.1164E+02
0000652   6.0853E+01 -1.5624E+01 -5.7154E+01
0000653   9.2246E+01  1.3172E+02 -9.2488E+01
0000654   4.1469E+02 -1.9927E+02 -1.5720E+02
0000655   5.1053E+01  1.3520E+02  2.8839E+01
0000656   1.4586E+02  9.8970E+01 -1.6060E+02
0000657   3.6905E+02 -2.4676E+02  2.4221E+01
0000658   2.1384E+02  6.2917E+00 -1.6631E+02
0000659   9.4756E+01 -1.1657E+01 -2.3660E+02
0000660   3.3488E+02 -2.1138E+02 -2.8129E+01
0000661   6.0206E+01  1.9463E+02  6.9978E+01
0000662   1.1737E+02 -7.2221E+01  9.9069E+00
0000663   2.9940E+02 -7.2665E+01  1.7016E+01
0000664   2.3467E+02  1.4341E+02 -2.4192E+02
0000665   3.4097E+02  2.6875E+01  8.4520E+01
0000666   7.4728E+01  1.6742E+02 -1.6558E+02
0000667   1.6035E+02  2.9497E+02  1.7316E+02
0000668   1.3482E+01  3.8022E+01  6.8433E+01
0000669   1.7015E+02 -2.0282E+02  6.3812E+00
0000670   3.3830E+02  1.3895E+01 -2.6963E+02
0000671   1.3575E+02  7.4429E+01 -4.0629E+01
0000672   1.3650E+02  1.8858E+02  1.5708E+02
0000673   4.0436E+02  1.0210E+02  1.1847E+02
0000674   2.2010E+02  1.2347E+02 -4.3919E+01
0000675   7.9057E+01 -1.9572E+02 -3.9692E+01
0000676   3.9321E+02  8.8180E+01  3.6358E+01
0000677   3.7076E+02  1.4592E+02  1.2827E+02
0000678   3.9916E+02  2.2216E+02 -2.5524E+01
0000679   2.1899E+02  4.2054E+00 -8.6690E+01
0000681   1.2095E+02  3.3841E+01  5.8597E+01
0000682   1.5022E+02 -1.3666E+02  3.9921E+00
0000683   2.9120E+02  3.5668E+02  2.3854E+01
0000684   3.8886E+02  3.3337E+01 -1.1021E+02
0000685   1.0301E+02  1.5190E+02 -1.4034E+02
0000686   2.3647E+01  7.1082E+01 -1.5082E+02
0000687   9.0336E+01 -5.5573E+00  8.6061E+01
0000688   1.3975E+02 -5.2352E+01 -7.4519E+01
0000690   1.8085E+02 -6.7677E+01  1.6385E+02
0000691   1.4064E+02 -9.3764E+01 -5.1690E+01
0000692   1.8162E+02 -6.4597E+01 -8.3052E+01
0000693   1.3427E+02  1.3615E+01 -5.7848E+01
0000694   2.7321E+02 -8.5540E+01 -2.5022E+02
0000695   8.0931E+01  2.4477E+01 -9.3569E+00
0000696   1.8469E+02 -2.2545E+02 -3.8067E+01
0000697   2.9453E+02  2.7200E+02  9.5056E+01
0000698   2.1368E+02 -1.8489E+02 -5.3534E+00
0000699   1.7812E+02 -4.7129E+01  1.8047E+02
0000700   5.2530E+01 -1.2765E+01 -4.1186E+01
0000701   2.0337E+02  1.0199E+01  2.1481E+01
0000702   3.8233E+02  3.7081E+01 -2.3959E+02
0000703   1.4065E+02  1.8759E+02 -1.2094E+02
0000704   1.9796E+02  1.3725E+02 -1.5878E+02
0000705   1.8289E+02  5.8744E+01  1.5439E+02
0000706   9.2068E+01 -3.8636E+01  3.8044E+01
0000707   1.1731E+02  1.0812E+02 -3.0101E+01
0000708   3.3302E+02  6.2333E+01 -1.1171E+02
0000709   1.5626E+02 -5.9474E+01 -1.3302E+02
0000710   2.3431E+02 -9.7902E-01  2.3471E+01
0000711   3.4691E+02 -2.9042E+01 -2.2810E+01
0000712   3.2589E+02 -1.3432E+02 -1.1531E+02
0000713   2.5562E+02  1.7200E+02  9.2195E+01
0000714   2.7941E+02  9.7479E+01 -8.9820E+01
0000715   2.7739E+02 -1.8805E+02 -2.0626E+02
0000716   1.7222E+02  7.4318E+01 -1.9216E+00
0000718   1.2805E+02 -1.0781E+02  9.6366E+01
0000719   1.6574E+02 -3.9201E+01  2.5766E+02
0000720   1.8572E+02 -3.5918E+01 -1.8951E+02
0000721   2.2851E+02  1.9358E+01 -4.2568E+01
0000723   5.0745E+01 -9.5481E+01 -5.8820E+01
0000724   2.0575E+02 -1.0978E+01 -2.3238E+02
0000725   2.7143E+02  2.7228E+01 -2.9488E+02
0000726   4.9100E+02 -6.3369E+01  1.4424E+02
0000727   5.3309E+01  4.2100E+01  1.2951E+02
0000728   1.5118E+02 -1.8545E+02 -3.7670E+01
0000729   3.8474E+02  7.9796E+01 -1.9940E+02
0000731   1.9645E+02  1.9930E+02  1.1862E+02
0000732   3.8876E+02 -1.5332E+02 -4.3077E-01
0000733   2.5839E+02 -6.1482E+01  8.4669E+01
0000734   3.6857E+02 -4.6208E+01  1.1206E+02
0000735   2.1618E+02 -5.9592E+01 -5.2486E+01
0000736   2.5470E+02 -2.9282E+01 -1.5700E+02
0000737   3.3647E+02  4.6672E+01 -1.8307E+02
0000738   1.6367E+02 -1.8349E+02  3.5744E+01
0000739   2.1816E+02 -1.3024E+02  3.9184E+01
0000740   2.9215E+02 -1.5090E+02  7.3597E+01
0000741   1.5566E+02 -4.5653E+01 -1.0752E+02
0000742   2.4520E+02  7.5067E+01 -2.3912E+02
0000743   1.6155E+02 -1.8563E+02  1.2459E+02
0000744   4.3296E+02 -1.6991E+02  2.6827E+02
0000746   1.7495E+02 -2.8557E+01 -1.6391E+02
0000747   1.7908E+02  9.9964E+00  8.5774E+01
0000748   1.1598E+02  8.5021E+01  1.3151E+02
0000749   1.3192E+02 -1.6724E+02  1.3867E+02
0000750   3.4592E+02  5.4238E+01  1.1419E+02
0000751   1.0800E+02  1.5178E+00 -1.4941E+02
0000752   1.2745E+02 -1.8651E+01  1.8439E+01
0000753   2.8876E+02 -2.0489E+02  1.0223E+02
0000754   1.9548E+02 -1.1325E+02 -2.5915E+02
0000755   1.2078E+02 -9.3928E+01  1.8703E+01
0000757   3.6293E+02  4.7990E+01  7.2959E+00
0000758   1.2223E+02 -4.4817E+01  1.0612E+02
0000759   1.6755E+02  1.4356E+02 -4.7755E+01
0000760   1.7171E+02  1.9548E+02  2.6589E+01
0000761   3.3088E+02 -8.5886E+01 -2.4208E+02
0000762   4.2777E+02 -1.1133E+02  1.0454E+01
0000763   2.9423E+02 -1.9371E+02  1.1700E+02
0000764   3.3357E+02 -1.1626E+02 -3.6885E+01
0000765   1.9470E+02 -8.4053E+01 -1.1759E+01
0000766   1.6177E+02 -3.2139E+01 -1.2810E+02
0000767   2.1670E+02 -2.5189E+02 -7.6454E+01
0000768   2.2973E+02  6.1662E+01 -8.5088E+01
0000769   1.2200E+02 -5.3976E+01  8.0951E+01
0000770   2.3300E+02 -1.5399E+02  1.1871E+02
0000772   5.2741E+02  1.2464E+02 -8.8145E-01
0000773   4.6598E+02 -6.1019E+01 -1.4873E+02
0000774   1.9310E+02  1.1720E+02 -2.1940E+02
0000775   1.0125E+02  5.5305E+01 -6.9453E+01
0000776   4.3291E+02 -1.6513E+02 -3.8820E+01
0000777   4.5765E+01  4.5755E+01 -2.2136E+02
0000778   1.8253E+02 -6.6493E+01 -4.7478E+01
0000779   1.3171E+02 -1.2376E+01 -9.0299E+01
0000780   5.7406E+01 -2.3375E+01  8.2598E+01
0000781   3.0972E+02  7.9562E+01 -1.0449E+02
0000782   5.4856E+02 -3.8497E+00  1.3561E+01
0000783   3.8253E+02  1.2398E+02 -5.5317E+00
0000784   4.9344E+02 -1.1838E+02 -2.6748E+01
0000786   1.7906E+02 -1.0139E+02 -1.0205E+02
0000787   5.0299E+02  2.2377E+01  9.2544E+01
0000788   9.0297E+01  5.5111E+01  8.1008E+01
0000789   1.6730E+02  1.0992E+02 -6.7705E+01
0000790   1.5923E+02 -6.8664E+01 -1.3121E+02
0000791   1.5318E+02  5.8007E+01  1.3686E+02
0000793   3.5941E+02 -1.8880E+02 -4.9191E+01
0000794   1.4184E+02  3.0836E+01  1.1050E+02
0000795   4.0383E+02 -1.0191E+02 -2.1159E+02
0000796   4.5519E+02  2.1760E+02 -1.4949E+02
0000797   3.3722E+02  8.4114E+01 -1.9451E+02
0000798   3.3534E+02  1.9024E+01  1.1793E+02
0000799   4.5012E+01 -8.4499E+01 -1.5576E+01
0000800   1.8305E+02  1.9897E+02  1.7988E+02
0000801   1.0670E+02  1.4392E+02  4.5036E+01
0000802   3.4891E+02  8.0380E+01 -1.0137E+02
0000803   2.2588E+02 -1.5813E+02  1.3278E+01
0000804   3.8509E+01  6.0916E+01  7.1979E+01
0000805   3.3243E+02 -1.3103E+02 -4.8395E+01
0000806   1.9609E+02 -1.4236E+02 -6.7591E+01
0000807   2.9453E+02  1.2829E+02  6.0491E+01
0000808   8.5542E+01 -3.8272E+01 -1.0566E+01
0000809   4.3321E+02  1.1071E+02 -6.9440E+01
0000810   3.3989E+02 -2.5288E+02  9.8556E-01
0000811   2.7810E+02 -2.4154E+02  1.2213E+02
0000812   3.5024E+02  8.2302E+01  4.5902E+01
0000813   2.8991E+02 -2.1181E+01 -5.7489E+01
0000814   4.3887E+02  1.6717E+02  3.6149E+00
0000815   2.0700E+01  3.3952E+01  5.6771E+01
0000816   1.5108E+02  5.7471E+01 -4.7006E+01
0000817   4.8821E+02 -1.1554E+02 -1.8775E+02
0000818   2.3029E+02  2.5390E+01  8.1018E+01
0000819   3.4296E+02 -2.4919E+01 -1.4576E+02
0000820   4.0657E+01 -5.5471E+00 -2.5897E+01
0000821   2.0714E+02 -3.5273E+01  3.0698E+01
0000822   2.5633E+02  1.7024E+02 -4.6751E+01
0000823   1.9940E+02  2.4854E+02 -1.7042E+02
0000824   2.0573E+02 -1.7749E+01 -1.2262E+02
0000826   2.0343E+02  7.5207E+01  1.9716E+02
0000827   3.2077E+02  3.1577E+00  3.8754E+01
0000828   1.2593E+02 -2.2570E+02 -3.4727E+01
0000829   2.5754E+02  2.5408E+01  2.6286E+02
0000830   4.2065E+02  2.5651E+02  1.9313E+02
0000831   5.0157E+01  2.1242E+00 -5.9726E+01
0000832   3.3567E+02 -5.4879E+01  8.6041E+00
0000833   1.7335E+02  2.5253E+01  1.2839E+02
0000834   9.3091E+01  1.2723E+02  7.1938E+01
0000835   6.1684E+01  6.9232E+01  6.4640E+01
0000836   1.2152E+02 -3.5960E+01  7.4711E+00
0000837   2.3963E+02 -1.1898E+02  1.8530E+02
0000838   1.4513E+02  1.3035E+02  1.3350E+02
0000839   1.5578E+02  2.3645E+01 -5.1611E+01
0000840   3.2631E+02 -8.0184E+01  8.3180E+00
0000841   1.4547E+02  1.5615E+02 -1.1122E+02
0000843   3.6142E+02  1.5083E+02 -1.4520E+02
0000844   1.1780E+02 -4.6735E+01 -1.2164E+02
0000845   4.8871E+02 -2.7593E+01  6.0087E+01
0000847   1.5475E+02 -1.2265E+02 -2.8051E+02
0000848   1.1021E+02  6.9627E+01 -1.5317E+01
0000849   2.3746E+02  3.9499E+01  8.9136E+00
0000850   2.3694E+02 -2.1471E+01  6.6811E+01
0000851   3.8421E+02 -1.5510E+02 -2.6006E+02
0000854   4.4049E+02  1.1071E+02  1.2976E+02
0000855   1.5203E+02 -6.8281E+01  2.1162E+02
0000856   1.5699E+02  5.1733E+01 -1.4063E+02
0000857   1.1605E+02 -3.9667E+01 -1.6157E+02
0000858   2.3340E+02 -2.1767E+02  1.1433E+01
0000859   2.1705E+02  2.1891E+02  2.3661E+02
0000860   3.0320E+02 -1.5779E+02 -1.4726E+02
0000861   2.2253E+01 -4.7441E+01  5.9681E-01
0000862   4.6481E+01 -5.9140E+01 -6.2529E+01
0000864   2.5117E+02  2.2728E+02  1.1667E+02
0000865   1.8513E+02 -1.5961E+01  2.8466E+00
0000866   2.6086E+02  1.4562E+01 -2.8821E+01
0000867   3.4449E+02 -7.4854E+00 -2.1996E+02
0000868   6.0829E+01 -1.2301E+02 -4.2347E+01
0000870   2.3527E+02 -7.3300E+01  3.3976E+02
0000871   2.3518E+02  5.6411E+01 -1.6700E+01
0000872   1.6786E+02 -1.6861E+02 -1.3641E+02
0000873   4.1287E+02  3.0824E+01 -8.3967E+01
0000875   9.1540E+01 -2.4004E+02  8.6625E+01
0000876   1.7247E+02  9.9841E+01  5.8108E+01
0000878   3.2138E+02  4.6896E+01 -2.6786E+02
0000879   5.0238E+02 -1.0546E+02 -2.8686E+01
0000880   2.1535E+02  1.1830E+01 -1.8731E+02
0000881   2.3000E+02  7.7597E+01 -2.8238E+02
0000882   2.1217E+02  8.9517E+01  8.0328E+01
0000883   1.9651E+02 -4.3315E+01 -2.3609E+02
0000884   8.4671E+01  1.7080E+02 -7.2078E+01
0000885   1.5944E+02  1.2092E+02 -2.2327E+00
0000886   6.5229E+01 -2.5502E+02 -7.6428E+01
0000887   1.2430E+02 -1.1918E+01 -3.4332E+01
0000888   3.4693E+02 -8.2647E+01  1.6323E+02
0000889   2.0930E+02  8.3523E+01 -6.8599E+01
0000890   1.1275E+02 -2.5707E+01  7.2924E+01
0000891   1.1069E+02  1.7730E+02  4.6782E+01
0000892   4.6832E+02 -9.7119E+00 -2.2881E+02
0000893   4.2253E+01 -4.0055E+01  2.6536E+02
0000894   2.5523E+02 -1.0480E+02  4.0179E+01
0000895   2.3731E+02 -7.8145E-01  2.0535E+02
0000896   1.1691E+02 -4.6972E+01 -2.5865E+02
0000897   9.5558E+00  7.4181E+01  2.5496E+02
0000898   2.9597E+02  1.1103E+02  1.8384E+02
0000899   1.6896E+02  1.7975E+02  1.4100E+02
0000900   2.3637E+02 -2.7357E+02  1.2222E+02
0000901   1.1094E+02  1.6391E+02 -4.7189E+01
0000902   2.5830E+02 -1.2817E+01  1.8175E+02
0000903   1.0393E+02 -1.0659E+01  1.1056E+02
0000904   2.8727E+02  9.1673E+01  2.0403E+02
0000905   2.5476E+02 -1.8422E+01  4.1970E+01
0000906   1.7190E+02 -2.9353E+02 -1.1524E+02
0000907   1.8243E+02 -4.4642E+01  1.5324E+01
0000908   4.0452E+02  2.4388E+02 -1.4365E+01
0000909   6.4314E+01 -1.3545E+01  5.2118E+01
0000910   2.3494E+01 -8.3188E+00  7.6240E+01
0000911   1.7190E+02  1.0810E+02 -4.8633E+01
0000912   2.9316E+02 -3.1861E+01 -8.0484E+01
0000913   2.6081E+02  1.9951E+02 -2.3722E+02
0000914   3.1940E+02  1.5305E+02  4.1914E+01
0000915   2.8406E+02  2.5967E+01  9.6935E+00
0000916   2.9340E+02 -8.7943E+01  2.2897E+01
0000917   1.2165E+02 -5.8553E+01  5.7528E+01
0000918   3.8436E+02 -1.1396E+01  6.6529E+01
0000919   2.8164E+01  1.3967E+02  1.1102E+01
0000920   2.5294E+02 -1.3268E+02  2.3438E+01
0000921   2.5957E+02 -4.1509E+00  5.2775E+01
0000922   2.9989E+02 -4.5136E+01  1.3804E+02
0000923   3.9973E+02  1.1471E+02 -1.1318E+02
0000924   7.9512E+01 -8.6111E+01  3.0532E+01
0000925   3.6794E+02  2.2615E+02  4.7182E+01
0000926   4.1751E+02  2.2725E+02  7.9529E+01
0000927   1.7106E+02 -1.6019E+02 -5.0195E+01
0000928   1.3848E+02  1.8820E+02  4.8005E+01
0000929   2.7609E+02  1.6663E+01  1.2496E+02
0000930   2.5659E+01 -1.9369E+02  9.9030E+01
0000931   1.7581E+02  6.8740E+00 -1.0622E+02
0000932   1.3535E+02 -1.2945E+01 -3.8713E+01
0000933   3.6673E+02  2.7066E+02 -1.7032E+02
0000934   2.5009E+02 -8.0193E+01  1.4138E+02
0000935   2.4731E+02 -5.1600E+01  2.9631E+00
0000936   1.1457E+02 -6.4097E+01  1.0457E+02
0000937   1.2043E+02  2.1975E+02 -5.8098E+01
0000938   1.2560E+02  1.3411E+02 -1.9421E+01
0000939   1.3908E+02 -1.3755E+02  1.3031E+02
0000940   6.6916E+01 -7.1950E+01  8.8902E+01
0000941   2.0357E+02  1.0770E+02  3.2018E+01
0000942   1.6556E+01  3.7678E+01 -7.2981E+01
0000943   1.9172E+02  1.7685E+02 -1.8579E+02
0000944   1.3127E+02 -8.2528E+01 -1.7994E+02
0000946   6.7125E+01  8.1068E+01 -6.1363E+00
0000947   2.3030E+02 -1.2402E+01 -6.0618E+01
0000948   1.8633E+02  4.6949E+00 -1.7405E+01
0000949   1.7527E+02  1.4126E+02  8.7373E+01
0000950   1.8616E+02 -1.1079E+02 -1.0289E+02
0000951   2.4888E+02 -3.2970E+01 -5.8613E+01
0000952   1.3073E+02  1.6099E+02  1.4889E+01
0000953   1.9962E+02  1.1421E+02 -9.5395E+01
0000954   5.9351E+01 -4.9346E+01  1.8469E+00
0000955   5.2657E+01  1.5406E+01 -4.1463E+00
0000956   1.1269E+02 -1.5116E+02  3.2709E+01
0000957   2.9053E+02 -5.4960E+01  1.2288E+02
0000958   3.0787E+02 -1.5075E+01  2.0170E+01
0000959   4.5808E+02  1.6031E+01 -4.7555E+01
0000960   1.8212E+02 -3.5087E+01 -2.3025E+02
0000962   2.7391E+02  1.1803E+02 -1.7546E+02
0000963   2.6756E+01  1.7642E+02 -1.4605E+02
0000964   2.0381E+02  5.8147E+01 -7.0887E+01
0000965   3.3048E+01  2.9493E+01  9.6453E+01
0000966   2.0191E+02  4.7441E+01  8.3930E+01
0000967   1.0532E+01 -2.0272E+01  2.1686E+00
0000968   2.2793E+02 -9.4194E+01 -5.5076E+01
0000969   4.0309E+01  6.4122E+01  9.1627E+01
0000970   2.1075E+02 -2.2825E+02  3.4828E+02
0000971   1.7879E+02 -2.2599E+02  1.0999E+02
0000972   3.8151E+02 -2.3382E+02  1.5800E+02
0000973   4.2708E+02  2.6855E+02  1.4245E+00
0000974   2.2981E+02  5.3067E+01  4.3912E+02
0000975   2.1587E+02 -4.8463E+00  2.1850E+02
0000976   2.4375E+02 -1.0874E+02 -6.2194E+01
0000977   1.7004E+02  2.2524E+01 -9.9396E+00
0000978   8.7154E+01  4.0217E+01  1.3921E+01
0000979   5.9999E+01  1.6636E+02  1.3505E+02
0000980   5.9213E+02  1.6904E+02 -1.3238E+02
0000981   4.6247E+02 -1.7359E+01  1.7609E+02
0000983   1.8806E+01 -4.8570E+01  2.6328E+02
0000984   4.9401E+02  2.1869E+02 -2.5983E+02
0000985   2.7325E+02  1.6674E+02  5.0186E+01
0000986   8.8131E+01 -2.7008E+01 -4.3198E+01
0000987   2.6147E+02 -4.3588E+01 -1.1799E+01
0000988   1.7775E+02 -1.3108E+02 -2.8592E+01
0000990   5.4656E+01  2.8689E+01 -1.5037E+02
0000991   2.6632E+02  8.8138E-01 -6.7805E+01
0000992   8.7926E+01  3.0996E+01 -9.4673E+01
0000993   5.2657E+01  1.6342E+02 -3.0440E+02
0000994   1.1394E+02 -1.7736E+01  2.8283E+01
0000995   3.6996E+02 -2.3284E+02 -1.3742E+01
0000996   2.6616E+02  5.1231E+01 -3.5926E+01
0000997   2.6077E+02 -4.1600E+01 -8.7549E+01
0000998   3.2553E+02  1.4753E+02  5.3916E+01
0000999   4.1687E+01 -3.2612E+01  1.4621E+02
0001000   1.8671E+02  8.2012E+01 -2.9911E+02
