============================== SRIM-2013.00 ==============================
==============================================================================
====== SRIM Outputs\RANGE_3D.txt : File of Final Ion Positions =====

Ion =  F (09)   Ion Mass= 018.9984
Energy  = 4000000.E-05 keV
Ion Angle to Surface = 00.0 degrees
==================== TARGET =======================
  Layer # 1 - None
  Layer # 1 - Bottom Depth=500000.E-01 A
  Layer # 1 - Density =0007.8700 g/cm3
  Layer # 1 -  100 % of Fe
様様様様様様様様様様様様様様様様様様様様様様様様様様
                                            
Ion       Depth  X   Lateral Y   Lateral Z  
Number    (Angstrom) (Angstrom)  (Angstrom) 
-------  ----------- ----------- -----------
0000001   5.7721E+02 -8.5758E+01  1.9806E+01
0000002   9.2498E+01  3.8821E+02  3.7702E+02
0000003   4.0000E+02 -4.1308E+02 -4.5582E+01
0000005   1.7812E+02  1.6968E+02  6.0964E+01
0000006   2.9974E+02  3.5846E+02  4.9660E+01
0000007   6.2336E+02 -4.6069E+02  5.8914E+01
0000008   3.8882E+02 -2.1373E+02 -5.5020E+02
0000009   4.2672E+02 -1.4600E+02 -2.2336E+02
0000010   6.2373E+02  3.3844E+02  8.4195E+01
0000011   3.9821E+02  7.1961E+01 -1.9485E+02
0000012   6.8650E+02  7.8308E+01 -4.9249E+01
0000013   8.3185E+01  2.6002E+02  6.4497E+01
0000014   6.3436E+02 -2.8325E+02 -5.7863E+01
0000015   1.7374E+02  4.1921E+01  9.3335E+01
0000016   4.9662E+01  3.2829E+02  1.6224E+02
0000017   4.9664E+02  6.7180E+01  3.6151E+01
0000018   4.5435E+02  1.6741E+02  1.3101E+02
0000019   3.3108E+02  2.3704E+02 -1.6475E+02
0000020   7.2217E+01 -1.0409E+02 -1.0728E+02
0000021   5.6605E+02 -1.8235E+02  3.5740E+02
0000022   7.2304E+01 -2.6442E+02 -2.6262E+02
0000023   6.1198E+02  1.9897E+02  1.3187E+02
0000024   5.8256E+02  4.2177E+02  1.6826E+02
0000025   4.0789E+02  2.5729E+02 -8.8874E+01
0000026   2.9490E+02 -2.0416E+02  2.5461E+02
0000027   3.9397E+02  1.0699E+01  1.6370E+01
0000029   5.0108E+02 -2.6620E+02  1.6427E+01
0000030   6.3133E+02 -1.7680E+02  1.4936E+02
0000031   6.9027E+02  1.2158E+02 -4.2317E+01
0000032   4.3735E+02 -2.8552E+02  2.0784E+02
0000033   1.5176E+02 -5.0883E+01  3.1117E+02
0000034   5.6976E+02  3.2059E+01  1.3572E+02
0000036   6.7324E+02  1.4226E+02  1.1257E+02
0000037   8.2510E+02  2.6120E+02  3.9232E+02
0000038   6.3573E+02 -2.1118E+02  5.1645E+02
0000039   2.3951E+02 -8.0972E+00 -8.0863E+01
0000040   1.8802E+02  2.1829E+02  1.1670E+02
0000041   5.2713E+02 -2.4587E+02 -3.8675E+02
0000042   3.5816E+02  3.4223E+02 -4.3917E+02
0000043   5.4129E+02 -4.4104E+02 -1.1254E+02
0000044   4.4451E+02 -2.1937E+02  1.8200E+02
0000045   3.7112E+02 -3.1313E+01  2.7686E+02
0000046   6.6997E+02 -2.2939E+02 -1.3796E+02
0000047   1.1722E+02  1.3359E+01 -4.3236E+02
0000048   9.0954E+02 -1.4804E+01  2.3191E+02
0000049   5.1280E+02  1.8010E+02  3.1280E+02
0000050   3.8828E+02 -1.4403E+02  1.4285E+02
0000051   3.5988E+02  2.9978E+02 -6.4581E+01
0000052   3.6599E+02 -8.0919E+01  3.2809E+02
0000053   3.5721E+02 -2.0500E+02 -2.7099E+02
0000054   6.1204E+02  1.4354E+02 -3.4158E+02
0000055   8.5518E+02 -2.3401E+00 -2.2887E+02
0000056   5.2953E+02  2.8651E+01  1.8138E+02
0000057   5.9168E+02 -2.6613E+02 -2.6075E+01
0000058   2.2747E+02  1.2896E+00  1.0705E+02
0000059   8.9843E+01 -1.3003E+02 -4.0466E+02
0000060   4.0507E+02  1.9147E+02  1.4562E+02
0000061   2.7348E+02  1.0265E+02  2.1433E+02
0000062   1.6284E+02 -2.9982E+02 -8.7677E+01
0000063   4.1653E+02  2.5707E+01  1.0623E+02
0000064   3.3769E+02 -9.5271E+01 -2.5892E+02
0000065   3.5474E+02 -3.6503E+02 -1.0341E+02
0000066   1.9532E+02  2.4298E+02  3.8127E+02
0000067   2.7218E+02  8.1114E+01 -2.2222E+02
0000068   4.0749E+02  1.5232E+02 -4.2044E+02
0000069   5.3264E+02  3.0582E+01  2.1291E+02
0000070   7.6471E+02  1.5294E+02  1.0620E+02
0000071   1.9334E+02 -3.4117E+02  1.2768E+02
0000072   2.9834E+02 -3.1183E+02 -1.9003E+02
0000073   2.2703E+02  3.1200E+02 -1.9302E+02
0000074   7.0180E+02  1.1997E+02  3.4938E+02
0000075   1.1161E+02  1.7129E+00  9.2029E+01
0000076   8.0623E+02  1.1160E+02 -1.8225E+01
0000077   6.3932E+02 -1.6002E+02  1.0321E+02
0000078   2.8097E+02  3.6669E+01 -1.7071E+02
0000079   8.9129E+02  6.3972E+01 -2.7777E+02
0000080   1.9082E+02  3.1730E+01 -4.1809E+02
0000081   4.1856E+02 -1.1966E+02 -2.5584E+02
0000082   2.5760E+02  1.9352E+01  9.2540E+01
0000083   3.8679E+02  1.4396E+02  1.3701E+02
0000084   2.5509E+02  2.6891E+01  2.1891E+01
0000085   8.1865E+02 -2.4866E+02  2.1698E+02
0000086   3.2117E+02  1.9672E+02  9.6274E+01
0000087   4.5833E+02  9.3266E+01  2.6161E+02
0000088   2.0256E+02  1.0180E+02 -6.8316E+01
0000089   7.0731E+01  1.5190E+00 -1.5912E+02
0000090   5.9470E+02  2.3341E+02  5.4549E+01
0000091   7.0501E+02 -5.2843E+01  2.0452E+02
0000092   3.6690E+02 -4.6362E+02  1.4003E+02
0000093   6.5360E+02  3.2743E+01  1.9274E+02
0000094   2.0868E+02 -4.3450E+01  4.9237E+01
0000095   1.7749E+02 -1.5036E+02 -3.5270E+01
0000096   4.6470E+02 -1.0859E+02 -1.9978E+02
0000097   4.4343E+02 -2.6555E+02 -2.6329E+02
0000098   2.9319E+02  2.5668E+02  5.6195E+02
0000099   4.1871E+02 -1.6335E+02 -3.8418E+02
0000100   4.9441E+02  3.3772E+02 -2.1603E+02
0000101   4.0967E+02  1.8695E+02 -4.8884E+01
0000102   2.8348E+02  1.7765E+01 -3.5667E+02
0000103   3.2200E+02 -7.9468E+01 -1.3102E+02
0000104   1.7000E+02  1.7707E+02 -1.1865E+02
0000105   4.1511E+02 -2.5846E+02  1.2189E+02
0000106   1.6794E+02  3.4928E+02 -2.0020E+02
0000107   5.1742E+02  3.5289E+02 -6.3133E+00
0000108   4.1790E+02 -3.6580E+02  2.8902E+02
0000111   7.3623E+02  3.4358E+02  4.6841E+02
0000112   4.7083E+02  1.7769E+02  1.3315E+00
0000113   4.0191E+02  3.3572E+00  2.0976E+02
0000114   1.7586E+02 -9.1633E+01  1.2187E+02
0000115   1.9295E+02 -8.4751E-01  2.0553E+02
0000116   5.0520E+02 -1.0407E+02 -5.1907E+00
0000117   2.5806E+02  1.9866E+01 -1.0135E+02
0000119   7.3554E+02 -1.0770E+02 -1.6967E+02
0000120   3.5491E+02 -1.1064E+02 -2.6617E+02
0000121   4.5629E+02  2.0114E+02 -1.5200E+01
0000122   3.1013E+02  1.4381E+01 -1.0972E+02
0000123   2.9592E+02  2.2879E+02 -4.1541E+02
0000124   5.6934E+02  4.3343E+02  1.1373E+02
0000125   2.4544E+02  9.6242E+00 -2.0658E+01
0000126   4.4084E+02 -3.5327E+01  5.0771E+02
0000127   4.5473E+02 -2.4602E+02  2.2242E+01
0000128   2.7788E+02  3.3656E+02  3.1938E+02
0000129   5.8014E+01 -2.3422E+02 -1.3161E+02
0000130   5.2625E+02 -1.6780E+02 -2.1719E+02
0000131   6.4215E+02  1.1596E+02  7.4327E+01
0000132   2.0474E+02  1.4755E+02  1.0928E+02
0000133   5.8103E+02  2.5350E+02 -4.8225E+01
0000134   4.8660E+02 -4.0078E+02  2.0585E+02
0000135   3.6165E+02  3.2355E+01 -2.2486E+02
0000136   5.0869E+02  2.3801E+02  2.4627E+02
0000137   3.0489E+02 -3.5789E+01 -9.2080E+01
0000138   2.8416E+02  9.3184E+01  3.1172E+02
0000139   2.0289E+02  1.2515E+02 -2.0657E+02
0000140   1.8426E+02 -5.5980E+02  1.9444E+02
0000141   6.2102E+02  3.7304E+02 -9.1844E+01
0000142   1.0826E+02 -7.7493E+01  1.3269E+02
0000143   2.8533E+02  2.0812E+02  1.5359E+02
0000144   6.0761E+02 -7.9905E+01 -1.0700E+02
0000145   3.8752E+02  3.0488E+02 -2.6679E+02
0000146   6.6187E+02 -4.3699E+02 -1.2205E+00
0000147   2.4775E+02 -2.0012E+02 -1.2753E+02
0000148   2.9523E+02 -2.3784E+02 -3.1605E+01
0000149   3.9198E+02 -1.9119E+00 -1.7970E+02
0000150   5.2873E+02 -2.3015E+02  8.1091E+01
0000151   2.0063E+02 -1.2894E+01 -8.9421E+01
0000152   3.8380E+02 -2.4754E+02 -3.3711E+02
0000153   5.8856E+02 -1.4541E+02  3.2967E+02
0000154   8.3107E+01 -1.0913E+02  2.3582E+02
0000155   5.4378E+02 -1.2586E+02 -3.8678E+01
0000156   7.4252E+02 -1.0289E+02 -3.0156E+02
0000157   6.2444E+02 -6.1182E+02  8.9894E+00
0000158   1.8289E+02 -1.8025E+00  1.4278E+02
0000159   1.5842E+02 -3.3381E+02  1.8829E+00
0000161   5.3470E+02  8.8864E+01 -1.1731E+02
0000162   3.4010E+02  3.2979E+01 -1.6317E+02
0000163   2.6841E+02 -4.1159E+02  3.8389E+02
0000164   2.1330E+02  1.4670E+02  4.5937E+02
0000165   6.1982E+02 -2.4447E+02  1.3029E+02
0000166   5.6119E+02 -1.6457E+02 -2.6110E+02
0000167   2.9223E+02 -3.8862E+02  6.3073E+02
0000168   3.2790E+02  2.4506E+02 -1.8881E+01
0000169   6.5351E+02  3.7310E+01 -3.9639E+01
0000170   3.9730E+02 -9.8448E+01  1.9034E+02
0000171   6.5762E+02  8.0085E+01 -1.5381E+02
0000172   3.2062E+02 -3.6701E+02  5.5346E+02
0000173   3.4137E+02 -1.3782E+02  1.0607E+02
0000174   3.0550E+02  6.7658E+01 -2.2151E+00
0000175   5.8723E+01  2.4491E+02  2.3337E+01
0000176   5.7427E+02  2.9707E+02  1.3632E+02
0000177   5.9798E+02 -9.1731E+01  1.5707E+02
0000178   9.5405E+01  5.5628E+01  6.9793E+01
0000179   3.6175E+02  3.7939E+02  3.1299E+02
0000180   1.7852E+02  1.6887E+02  1.0534E+02
0000181   2.3158E+02  1.7020E+02 -1.3823E+02
0000183   4.4559E+02 -1.1793E+02  3.5839E+02
0000184   4.9608E+02 -3.3851E+02  1.7264E+02
0000185   1.3066E+02 -2.0794E+01 -2.8992E+02
0000186   3.7980E+01  3.7667E+01 -2.9702E+02
0000187   4.8583E+02 -2.2315E+02 -1.7445E+02
0000188   3.3144E+02  1.0935E+02  1.9591E+02
0000189   4.5273E+02 -2.9014E+02  1.7636E+01
0000190   5.8054E+02 -1.5212E+02 -1.4459E+02
0000192   5.5360E+02  4.4932E+02  7.6474E+01
0000193   3.5390E+02 -8.5472E+00 -1.5290E+02
0000194   1.9168E+02  1.9649E+02 -1.9861E+02
0000195   5.2628E+02 -3.3917E+02 -2.5829E+02
0000196   4.8116E+02 -2.8683E+02  8.7287E+01
0000197   5.5030E+02  3.3491E+02  5.7781E+02
0000198   2.8783E+02 -4.8038E+01  1.1858E+02
0000199   6.0280E+01 -2.6819E+02 -2.2004E+02
0000200   5.3035E+02 -7.4606E+01 -1.5886E+02
0000202   4.9649E+02 -9.0861E+01 -6.4678E+01
0000203   7.1614E+02 -1.4628E+02  1.9332E+02
0000204   6.4101E+02 -2.0242E+02  1.1172E+02
0000205   6.8057E+02  3.0339E+02  6.2595E+00
0000206   2.1703E+02  4.3348E+01 -3.1934E+02
0000207   1.0643E+02 -3.8681E+01  2.8951E+02
0000208   8.9451E+01  3.2149E+01  2.8814E+01
0000209   5.0636E+02 -1.8720E+02  2.8540E+02
0000210   5.8387E+02  1.6726E+02 -1.1429E+02
0000211   7.5894E+02 -8.5912E+01  3.0348E+02
0000213   1.3565E+02  2.0114E+01 -2.7029E+00
0000214   5.7446E+02  1.9255E+02 -5.1956E+02
0000215   6.2794E+02  3.4476E+02 -1.3925E+02
0000216   4.5189E+01  1.2806E+02  2.5006E+02
0000217   3.4174E+02 -4.1013E+01  9.6550E+01
0000218   6.7384E+02  9.4160E+01 -8.8886E+01
0000219   5.7191E+02  2.5782E+02  2.1475E+02
0000220   3.9343E+02 -1.7907E+02  2.3456E+01
0000221   3.3292E+02 -9.9782E+01  1.2010E+02
0000222   1.9886E+02  3.0058E+01 -9.9513E+01
0000223   2.0410E+02 -4.5924E+01  1.3041E+01
0000224   6.4273E+02 -2.4177E+02 -2.5658E+02
0000225   7.6588E+02  5.0263E+01  2.8411E+02
0000226   3.6002E+02 -5.4980E+01 -1.1653E+02
0000227   3.7192E+02 -3.1230E+02  2.0181E+01
0000228   4.5453E+02 -2.5550E+02 -2.9790E+02
0000229   2.1827E+01  2.3768E+01 -3.1351E+02
0000230   2.5356E+02 -3.5538E+01  1.0680E+02
0000231   6.2724E+01 -1.5776E+02 -6.4515E+01
0000232   5.4956E+02 -1.3870E+02  6.0388E+00
0000233   4.8914E+02 -5.3005E+01  1.9268E+02
0000234   2.1555E+02 -4.0055E+02  2.4534E+02
0000235   4.8979E+02 -8.6628E+01  2.6382E+02
0000236   3.1821E+02 -5.2753E+01 -4.8642E+01
0000237   4.1800E+02  1.0054E+02 -3.4146E+02
0000238   4.0622E+02 -1.0343E+02  4.0741E+02
0000239   4.9980E+02 -6.8568E+01 -1.3240E+02
0000240   4.5556E+02 -5.1036E+02  1.6708E+02
0000241   5.8741E+02  4.4591E+02  5.0844E+01
0000242   2.3851E+02 -4.8622E+01 -5.3003E+02
0000243   2.0085E+02 -1.4535E+01 -1.8554E+02
0000244   5.9575E+02 -1.1082E+02  2.4051E+01
0000245   5.0645E+02  2.6279E+02 -3.3391E+01
0000246   3.9627E+02  1.6460E+02 -7.3892E+01
0000247   5.9390E+02 -8.3795E+00  1.3206E+02
0000248   2.0619E+02 -3.0319E+00  3.3278E+01
0000249   6.9921E+02 -4.1545E+02  1.9608E+02
0000250   6.3556E+02 -4.5836E+02 -6.0336E+01
0000251   5.3300E+02  1.2395E+02 -3.5162E+02
0000252   4.3244E+02 -3.5553E+02  2.4947E+02
0000253   5.5548E+02 -2.0094E+02 -5.7556E+01
0000254   4.4794E+02 -4.1251E+02  7.0092E+01
0000255   4.1119E+02  1.2997E+02 -9.6230E+01
0000256   2.8390E+02 -1.2906E+02  2.5481E+02
0000257   1.0803E+02  1.8554E+02  8.6246E+01
0000258   3.7670E+01  4.7413E+00 -1.9226E+02
0000259   6.1687E+02  3.9149E+00 -1.7156E+02
0000260   5.7437E+02 -6.0554E+02  1.3073E+02
0000261   6.8726E+02  1.1182E+02  1.6478E+02
0000262   5.5428E+02 -3.4654E+02 -1.1766E+02
0000263   5.1223E+02 -9.6175E+00 -2.7152E+00
0000264   5.3245E+02  1.5337E+02  2.4051E+02
0000265   4.6014E+02  4.5756E+01  2.4829E+02
0000266   4.1190E+02  2.5336E+02 -2.4528E+02
0000267   1.3819E+01 -1.2918E+02  2.6285E+02
0000269   5.8054E+02 -8.0867E+01 -2.7763E+02
0000270   7.6813E+02  2.2119E+02  2.8954E+02
0000271   3.6082E+02 -3.1657E+02  2.7764E+02
0000272   4.8555E+02 -1.0935E+02  5.4777E+01
0000273   1.4432E+02 -8.5218E+01  1.5712E+02
0000274   3.7402E+02 -4.0090E+01 -1.4005E+02
0000275   2.8036E+02 -2.7767E+02  3.7063E+02
0000276   3.2587E+02 -8.7298E+01 -2.4573E+02
0000277   2.0191E+02 -2.0970E+02 -1.3290E+02
0000278   6.7020E+02  2.0113E+02  1.2967E+02
0000279   6.8846E+02  3.0486E+01  3.2040E+02
0000280   6.1972E+02  1.0398E+02  3.7497E+02
0000281   4.4973E+02 -1.4308E+02  1.0086E+02
0000283   4.6888E+02  1.7292E+02  2.3321E+01
0000284   5.1056E+02  3.9421E+01  1.2249E+02
0000285   5.2371E+02  3.6157E+02  9.5779E+01
0000286   2.0925E+01  2.4177E+02  1.6951E+02
0000287   1.5687E+02 -3.9263E+02 -7.9926E+01
0000288   2.9944E+02  1.6209E+02 -3.1965E+02
0000289   7.5588E+02 -9.7057E+01  2.4629E+02
0000290   3.7963E+02  2.0517E+02 -7.4875E+01
0000291   4.0142E+02  8.1027E+01  4.7751E+02
0000292   4.5552E+02 -7.2172E+01 -1.5014E+02
0000293   4.6231E+02 -1.7042E+02 -1.3738E+02
0000294   4.2158E+02  1.2507E+02  1.6256E+02
0000295   3.6545E+02 -1.3618E+01  6.8090E+01
0000296   5.0878E+02 -3.0863E+02 -2.4644E+02
0000297   3.1684E+02  1.8086E+02 -2.3086E+02
0000298   3.5830E+02  6.5771E+02  2.7159E+02
0000299   6.0849E+02 -1.9662E+02  4.7631E+02
0000300   4.8037E+02 -2.6797E+01  2.7842E+02
0000301   4.7025E+02 -5.6840E+00 -2.3965E+02
0000302   4.8521E+01  6.1685E+01  1.1980E+02
0000303   1.0221E+03 -1.4925E+02  1.5428E+01
0000305   3.2190E+02 -2.4105E+02 -5.7921E+01
0000306   3.1428E+02  2.2243E+02 -6.2239E+01
0000307   3.9620E+02  4.9247E+02 -1.4646E+02
0000308   3.8124E+02  1.8609E+02  4.4807E+01
0000309   1.8145E+02 -2.4492E+02 -1.9426E+01
0000310   2.0829E+02  2.2822E+02 -2.7351E+02
0000311   7.3727E+02 -1.6650E+02 -4.7198E+01
0000312   2.7685E+02  3.8015E+02 -1.2993E+02
0000313   5.2182E+02 -1.2415E+02 -3.6152E+02
0000315   5.0747E+02  2.1849E+02  1.7342E+02
0000316   2.0611E+02  2.6088E+02  2.5215E+02
0000317   3.9245E+02 -7.5438E+01 -1.9704E+02
0000318   1.2804E+02  1.5146E+02  8.2505E+01
0000319   6.3587E+02 -1.5762E+02 -1.7307E+02
0000320   5.0000E+02 -2.1941E+01  5.2437E+00
0000322   9.0578E+01  2.9609E+02  2.0966E+02
0000323   2.4302E+02  4.6440E+01  3.5876E+00
0000324   5.4149E+01  7.0251E+01  1.7736E+02
0000325   6.2319E+02 -7.0412E+01 -4.4818E+02
0000326   5.2274E+02  2.5523E+02  1.3900E+02
0000327   5.0806E+02  7.6256E+01 -9.4237E+01
0000328   7.1275E+02  2.4277E+02  2.8620E+02
0000329   1.5061E+02  2.5600E+02  2.8776E+02
0000330   5.8275E+02  1.0983E+02  2.4221E+02
0000331   6.6358E+02  3.1087E+02 -1.0902E+02
0000332   2.4167E+02  6.6795E+01 -2.8918E+02
0000333   7.1509E+02  5.8837E+01  3.6258E+02
0000335   3.7678E+02 -4.1562E+02  6.6690E+01
0000336   1.1519E+02  4.1823E+02 -2.9130E+02
0000337   5.2893E+02 -1.7553E+02 -1.5915E+01
0000338   2.1738E+02  2.8358E+02 -6.8567E+01
0000339   6.3212E+02 -2.4046E+02  3.0524E+02
0000340   4.1185E+02 -1.8698E+01 -2.3889E+02
0000341   9.7328E+01 -1.4975E+02 -7.4072E+01
0000342   8.0296E+02 -4.9871E+02  5.8586E+02
0000343   4.5967E+02 -2.3075E+02 -1.1778E+02
0000344   7.1044E+02  1.9711E+02  2.8220E+02
0000345   3.9173E+02  1.7065E+00 -3.6519E+02
0000346   3.1743E+02 -8.4134E+01  6.6354E+01
0000347   4.6099E+02 -2.0726E+02  8.1912E+01
0000348   5.6346E+02 -3.0811E+02 -2.3004E+01
0000349   1.9037E+02 -1.9778E+01 -3.9590E+02
0000350   6.6696E+02  3.5319E+02 -1.6917E+02
0000351   2.7166E+02 -1.7325E+02  2.7565E+02
0000352   2.8906E+02 -7.9144E+01 -1.3752E+02
0000354   4.9392E+02 -2.6351E+01  2.6829E+02
0000355   5.6686E+02 -9.2175E+01 -2.2563E+02
0000356   1.4462E+02 -1.0157E+02  2.2074E+01
0000357   2.2949E+02 -2.4513E+02  9.0702E+01
0000358   5.9747E+02 -2.2800E+02  1.0901E+02
0000359   8.8735E+01  4.3094E+02  2.8113E+02
0000360   4.2233E+02  9.9139E+01 -1.5877E+02
0000361   4.6982E+02  1.7720E+01 -2.2426E+01
0000362   3.5341E+02 -9.2112E+01  2.5195E+02
0000363   6.7105E+02 -1.8787E+02 -3.3997E+02
0000364   5.7271E+02 -1.4136E+02 -1.2780E+02
0000365   4.2234E+02 -1.3551E+02  1.9141E+02
0000366   4.4290E+02  2.7163E+02 -6.4769E+00
0000367   7.1776E+02  1.6276E+02  7.4559E+01
0000368   3.5845E+02 -1.1972E+01  1.8289E+02
0000369   4.4661E+02 -3.3512E+02  1.2636E+00
0000370   3.9152E+02  1.8391E+02  1.3215E+02
0000371   2.5222E+02  2.9055E+02  3.4574E+02
0000372   2.7946E+02  9.5962E+01  1.9962E+02
0000373   1.8781E+02  1.5985E+02  1.0545E+02
0000375   1.6643E+02  2.6533E+02  9.8412E+00
0000376   6.6034E+02 -3.6790E+02 -2.4289E+02
0000377   1.2977E+02  6.5321E+01 -5.5544E+01
0000378   3.3014E+02  8.8746E+01 -1.8725E+02
0000379   4.2941E+02 -2.6304E+02  1.8708E+02
0000380   5.3828E+02 -1.0002E+02  2.7988E+02
0000381   5.8154E+02 -7.8407E+01 -2.1650E+02
0000382   4.7270E+02  2.9469E+02 -2.0158E+02
0000384   4.5425E+02 -8.9918E+01  4.6945E+00
0000385   1.1989E+02  1.5029E+02  5.7492E+02
0000386   3.4061E+02  2.3188E+01 -5.4572E+00
0000387   3.6271E+02 -2.9469E+02  3.5894E+01
0000388   1.1206E+02  1.4069E+01  1.1339E+02
0000389   3.8196E+02 -4.2118E-01  4.9565E+00
0000390   1.7038E+02 -3.1338E+01 -3.5101E+01
0000391   4.3380E+02 -3.2661E+02  1.5476E+02
0000392   3.4568E+02  5.6562E+01  1.7592E+02
0000393   3.7356E+02  8.6090E+01  3.7977E+02
0000394   6.7635E+02  1.8396E+01  2.4079E+01
0000395   6.9840E+02  1.8144E+02  2.6823E+02
0000396   2.8153E+02  5.0330E+02 -2.3431E+02
0000397   1.7334E+02  1.7430E+02  1.6199E+01
0000398   6.5433E+02 -5.6487E+01  4.4284E+02
0000399   3.7243E+02 -5.9661E+02  8.7749E+01
0000400   3.1335E+02  2.7028E+00 -3.0212E+02
0000401   3.2392E+02 -1.6397E+02  5.8282E+01
0000402   4.1121E+01  1.5798E+02  5.1145E+01
0000403   3.7244E+02 -7.3855E+01  1.6665E+02
0000404   3.8172E+02  1.0371E+02 -2.3584E+01
0000406   3.5330E+02 -2.5617E+02 -1.1708E+01
0000407   3.2201E+02 -1.4103E+02 -1.8487E+01
0000408   5.9173E+01  2.3987E+02 -5.7267E+01
0000409   4.7560E+02 -5.5239E+01 -2.6937E+02
0000410   2.4580E+02 -6.0477E+01  1.2730E+02
0000411   2.2623E+02 -1.2887E+02  1.1121E+02
0000412   2.0015E+02  2.3898E+02 -1.5588E+02
0000413   2.8703E+02 -1.5697E+02  5.4904E+01
0000414   1.5432E+02  1.2260E+00 -2.6256E+02
0000415   6.1642E+02  1.6634E+02  6.5816E+00
0000416   4.3510E+02  7.8511E-01 -1.0518E+02
0000417   1.5312E+02 -1.4164E+02  8.0163E+01
0000418   4.2928E+02  2.4462E+02 -1.4029E+02
0000419   7.4288E+02  7.6850E+01 -3.2846E+02
0000420   5.8342E+02  1.2460E+02 -4.8720E+00
0000421   4.7328E+02  2.1376E+02  2.7691E+02
0000422   3.8865E+02  3.5954E+02  4.7666E+02
0000423   5.0259E+02  2.7923E+01  4.7087E+02
0000424   4.7477E+02 -4.5404E+02 -4.5443E+02
0000425   5.8486E+02  1.1934E+02  2.6068E+02
0000426   2.6979E+02  1.9482E+02  3.4434E+02
0000427   2.2944E+02  1.9207E+02 -2.6514E+02
0000428   6.0694E+02 -3.7934E+02  1.0566E+02
0000430   4.4739E+02 -5.1527E+01  9.9090E+01
0000431   4.2024E+02  4.0520E+02  1.8123E+01
0000432   4.5940E+02 -4.6424E+02  6.9809E+01
0000433   7.3227E+02 -9.4759E+01 -5.5923E+01
0000434   3.5586E+02  1.2621E+02  1.0870E+02
0000435   4.1513E+02 -3.6180E+01 -4.7444E+00
0000436   4.9636E+02 -1.0959E+02 -2.4172E+02
0000437   5.3466E+02  4.0353E+02  3.2988E+02
0000438   4.9800E+02  1.1363E+02  2.0875E+02
0000439   3.4134E+02 -3.0011E+02  4.5487E+02
0000440   6.9117E+02  2.2880E+01 -8.7564E+01
0000441   6.0470E+02 -1.2264E+02 -5.7761E+01
0000442   1.4705E+02  1.9525E+02 -2.1450E+02
0000444   3.6431E+02  1.6567E+02  1.9357E+02
0000445   4.2918E+02 -3.7425E+02 -2.3766E+02
0000446   4.3221E+02  5.0132E+02  1.3752E+02
0000447   1.3143E+02  3.4110E+02  1.1704E+02
0000448   2.4649E+02 -1.8878E+02 -2.0324E+02
0000449   2.1792E+02 -1.1904E+02 -3.6751E+02
0000450   4.4791E+02 -1.7444E+02 -2.4861E+02
0000451   6.6279E+02 -1.4814E+02  3.0546E+02
0000452   3.8777E+02 -7.4843E+00  1.5287E+02
0000453   2.3479E+02 -1.8251E+02  1.6258E+02
0000454   3.0010E+02  2.8794E+02  3.3178E+01
0000455   3.2585E+02 -1.2368E+02 -2.2487E+02
0000456   2.5256E+02  1.7834E+02  5.4067E+02
0000457   2.9987E+02  1.2696E+02 -5.3506E+01
0000458   3.3600E+02 -1.3667E+02  1.6998E+02
0000459   5.9835E+02 -8.1522E+01  3.5791E+02
0000460   2.3118E+02  1.2751E+02  5.3048E+01
0000461   5.7435E+02  1.5488E+02 -4.0037E+01
0000462   2.9223E+02 -1.3793E+02  8.2959E+01
0000463   3.8760E+02  3.5045E+02  6.5539E+01
0000464   4.1000E+02 -9.3341E+01 -2.0478E+02
0000465   2.9636E+02  3.0693E+01 -1.6611E+01
0000466   1.0802E+02 -5.6046E+01 -8.0333E+01
0000467   8.8663E+01  1.0994E+02  7.7878E+00
0000468   3.4159E+02 -5.6206E+01  2.6444E+02
0000470   4.2941E+02  2.7320E+02 -7.0932E+01
0000471   7.2836E+02  1.8721E+02  1.9613E+00
0000472   4.4681E+02 -2.0923E+01 -3.2673E+02
0000473   4.4415E+02 -7.0772E+01  1.9209E+02
0000474   3.9501E+02 -4.4324E+02  1.2248E+02
0000475   4.4860E+02 -3.3735E+02  6.5449E+01
0000476   3.2436E+02  2.5699E+02  5.4417E+01
0000477   2.3432E+02  1.4191E+01 -6.4038E+01
0000478   6.9294E+02  1.5281E+02  3.8668E-01
0000479   4.0365E+02  2.4645E+02 -5.3700E+02
0000480   3.2478E+02  6.6435E+00  2.2408E+02
0000481   3.3427E+02 -9.4992E+01  1.3235E+02
0000482   4.6498E+02  3.8790E+01 -5.0380E+00
0000483   2.2306E+02 -4.6913E+02 -3.3725E+02
0000484   4.4883E+02  2.4815E+02  7.4191E+01
0000485   1.7738E+02 -3.3158E+01 -1.5793E+02
0000486   2.8222E+02  1.5030E+02  6.3029E+01
0000487   4.7518E+02  1.6862E+02 -1.4295E+02
0000488   2.3004E+02 -8.4163E+01 -2.5812E+02
0000489   3.4474E+02  2.5981E+02 -1.2787E+02
0000490   2.5360E+02  2.4341E+02 -8.7726E+01
0000491   7.0408E+02 -3.4672E+02  2.5159E+02
0000492   4.7283E+02  1.4309E+02 -2.1739E+02
0000493   3.2724E+02  5.6601E+02 -4.2954E+01
0000494   3.5036E+02 -6.9830E+01  2.4924E+02
0000495   5.9032E+02  9.1172E+01 -1.9321E+02
0000496   4.7191E+02  2.7473E+02 -2.2150E+02
0000497   6.7411E+02  4.6007E+01  2.1070E+02
0000498   2.6562E+02 -1.2971E+02  2.7584E+02
0000499   8.7526E+01 -1.8389E+02 -5.8531E+01
0000500   3.5711E+02 -2.4400E+02 -8.1044E+01
0000501   4.9880E+02 -1.5428E+02 -1.0644E+02
0000502   5.8580E+02 -5.2876E+01 -2.8520E+00
0000503   5.8504E+02 -2.7414E+02 -2.5237E+02
0000504   5.4967E+02 -1.6438E+02  2.5046E+02
0000505   5.1739E+02  6.7788E+00 -5.1715E+01
0000506   2.4146E+02  7.4205E+01  1.2612E+02
0000507   2.9558E+02 -1.2960E+02  3.0809E+02
0000508   2.8733E+02 -5.3216E+01  3.4544E+02
0000509   5.7327E+02  1.2186E+02  9.3812E+01
0000510   4.4283E+02  2.3495E+02 -8.0223E+01
0000511   6.2194E+02 -4.3463E+00 -4.2901E+02
0000512   4.4890E+02  3.5252E+02 -2.3052E+02
0000513   3.7835E+02  7.3268E+01  2.8421E+02
0000514   3.4784E+02  2.0133E+02  2.1370E+02
0000515   3.4574E+02 -6.4591E+01 -2.3260E+02
0000516   5.4637E+02 -1.6031E+01 -1.5632E+02
0000517   5.7196E+02  2.9918E+02 -1.3834E+02
0000518   5.0534E+02  1.1822E+02 -2.9821E+02
0000519   8.8188E+02 -3.9213E+00 -1.8995E+02
0000520   3.6039E+02 -1.6434E+02 -9.7110E+01
0000521   5.4564E+02 -9.9922E+01  1.6254E+02
0000522   2.4998E+02 -1.1776E+02 -1.9512E+01
0000523   3.2485E+02  2.2781E+01  9.9731E+01
0000524   1.5562E+02 -1.3766E+02 -2.2475E+02
0000525   7.3695E+02  2.4776E+02  1.2884E+02
0000526   6.2309E+02  2.9299E+01 -1.1482E+02
0000527   1.3072E+02  4.2660E+02  9.1091E-01
0000528   4.0190E+02 -4.2903E+02 -2.9288E+02
0000529   4.7303E+02  1.1252E+02  3.2648E+02
0000530   4.7236E+02 -9.9680E+01 -1.3882E+02
0000531   4.1368E+02  6.0513E+01 -1.9050E+02
0000532   5.6702E+02  1.1315E+02  4.7582E+02
0000533   2.1524E+02 -7.3103E+01 -3.2108E+01
0000534   4.2998E+02 -1.6802E+02  1.9447E+02
0000535   2.0220E+02 -4.8657E+02 -2.2821E+02
0000536   6.0276E+02 -1.2357E+02 -4.2716E+01
0000538   1.1084E+02  3.2198E+02 -2.0333E+02
0000539   3.8643E+01  4.5477E+01  1.6494E+02
0000540   4.2299E+02 -1.0198E+02 -6.5084E+02
0000541   3.5116E+02 -3.3785E+02 -2.2177E+02
0000542   6.1901E+02  1.0083E+02  1.0463E+02
0000543   2.4734E+02 -9.0014E+01 -2.3517E+02
0000544   4.5526E+02  3.0067E+02 -2.2351E+02
0000545   9.5271E+01 -1.3242E+02  1.9068E+02
0000546   2.7019E+02  7.0015E+01  3.9004E+02
0000547   2.7398E+02 -1.4681E+02  1.9890E+01
0000548   6.5966E+02 -3.3549E+01  1.9048E+02
0000549   3.9924E+02 -1.5721E+02 -1.6626E+02
0000550   1.7470E+02 -3.8061E+01  1.5169E+02
0000551   5.2236E+02  4.0252E+02  2.2102E+02
0000553   3.2058E+02  2.5461E+02  3.4318E+02
0000554   3.9472E+02 -2.1195E+02  8.1787E+01
0000555   2.2051E+02  9.1195E+01  2.6434E+02
0000556   4.7420E+02 -3.1131E+01  1.4328E+02
0000557   2.2923E+02  2.8140E+02  3.0156E+02
0000558   2.4331E+02 -8.3413E+01  2.0459E+02
0000559   3.6852E+02  7.6699E+01  3.8890E+01
0000560   1.9055E+02 -1.9767E+02  2.1812E+02
0000561   4.6958E+02 -2.7114E+02 -1.8702E+02
0000562   5.2398E+02  3.6405E+01  2.9630E+02
0000563   3.4287E+02 -1.3680E+01 -2.6483E+02
0000564   9.7249E+01 -2.5816E+02 -2.7571E+02
0000565   4.1816E+02 -1.4608E+02  1.2057E+02
0000566   3.3023E+02  2.0654E+02 -3.2701E+02
0000567   2.4127E+02  1.9261E+02  1.4771E+02
0000568   4.0103E+02  6.0935E+01  8.3142E+00
0000569   4.5020E+02 -2.5276E+02  3.7953E+01
0000571   6.2128E+02 -1.8589E+02  6.6514E+01
0000573   6.8171E+02 -7.0177E+01  1.5983E+02
0000574   4.6829E+02 -8.9495E+01 -2.5081E+02
0000575   6.1436E+02 -2.3281E+02  1.3171E+02
0000576   5.2344E+02  1.1035E+01 -2.0553E+02
0000577   4.6722E+01  9.4820E+01 -5.3984E+01
0000578   3.3025E+02 -1.7869E+02  1.0252E+02
0000579   5.4771E+02  1.1260E+02  2.0600E+02
0000580   5.2613E+02 -7.8874E+01 -1.1514E+02
0000581   1.1676E+02  8.4660E+01 -4.4526E+02
0000582   4.8413E+02  2.2806E+02 -4.8207E+01
0000583   1.2369E+01  2.4719E+02  2.3206E+02
0000584   4.8621E+02  9.5403E+01  1.1768E+01
0000585   5.0315E+02 -1.3195E+02  1.9374E+02
0000586   4.9248E+02  2.1917E+02 -3.8382E+02
0000587   6.8059E+02 -3.8151E+02  2.2481E+02
0000588   7.1216E+01  2.6173E+02 -2.4612E+02
0000589   4.2069E+02 -2.5643E+01 -5.6323E+01
0000590   4.9778E+02 -2.4582E+02 -2.1978E+02
0000591   4.7064E+02  2.6398E+01  2.9037E+02
0000592   6.0211E+02  8.5591E+01 -7.7003E+01
0000593   5.7833E+02  3.7773E+02 -8.7038E+01
0000594   6.3100E+02  8.6976E+01  2.3734E+01
0000595   6.0771E+02 -1.3443E+02  3.0464E+02
0000596   8.5556E+02 -8.1514E+01 -5.8676E+01
0000597   6.4692E+02 -2.3328E+02  2.0063E+02
0000598   1.1968E+02 -1.2438E+02  7.4608E+01
0000599   3.9141E+02  5.1713E+01  1.4370E+02
0000600   4.3113E+02  8.5963E+01  1.0943E+02
0000601   5.2112E+02  6.7498E+01  3.9857E+02
0000602   4.2582E+01 -6.4272E+01  2.9314E+02
0000603   2.4546E+02  4.0706E+02 -2.0518E+02
0000604   4.4092E+02 -3.6679E+02 -3.3267E+02
0000605   4.1344E+02  6.1213E+02  1.9479E+02
0000606   3.7142E+02 -1.0889E+02 -4.0293E+02
0000607   6.1522E+02 -8.4888E+01  3.3607E+02
0000608   6.7145E+02  8.7148E+01  2.8436E+02
0000609   6.1632E+02  1.8473E+02  1.0822E+01
0000610   3.1022E+02  1.7341E+02 -8.8350E+01
0000611   3.2024E+02  1.1763E+02 -2.6092E+02
0000613   1.0913E+02  1.5019E+02  1.0409E+01
0000614   3.1015E+02  1.9709E+02  1.6425E+01
0000615   4.3156E+02 -2.7471E+02  3.4342E+02
0000616   3.7712E+02  2.8003E+01  3.5393E+02
0000617   5.1563E+02  4.1086E+01 -1.7560E+02
0000618   5.9444E+02  4.5669E+02  8.5963E+01
0000619   2.9608E+02  1.4047E+02 -5.2837E+02
0000620   6.0941E+02 -2.9772E+02  2.2080E+02
0000621   2.7618E+02 -1.4288E+02 -1.3128E+02
0000622   5.1381E+02  2.5557E+02 -9.8402E+01
0000623   3.5946E+02  1.1528E+01 -8.8062E+01
0000625   4.9364E+02  8.3337E+01  1.7991E+02
0000626   4.1173E+02 -1.9669E+02 -3.0060E+02
0000627   4.7492E+02 -8.4776E+01  1.9197E+02
0000628   2.3098E+02  3.4242E+02  2.2683E+02
0000629   2.3375E+02  4.7216E+01  8.8945E+01
0000630   1.5326E+02  2.3141E+02 -2.1041E+02
0000631   3.9282E+02 -4.6434E+01  3.1723E+01
0000632   3.5796E+02  2.7034E+02  1.7142E+02
0000633   4.5205E+02 -1.6047E+02 -2.2504E+02
0000634   4.3607E+02  4.8747E+02  7.7613E+01
0000635   4.2832E+02 -2.1174E+02  3.0468E+02
0000636   2.9742E+02 -1.6390E+02 -1.2666E+02
0000637   3.2294E+02  1.6843E+02  1.1242E+02
0000638   1.7637E+02  8.0761E+01  1.6791E+02
0000639   1.2007E+02  1.1557E+02 -5.2155E+01
0000640   6.3904E+02 -2.2623E+02 -2.6633E+01
0000641   3.8270E+02 -1.8862E+02 -7.8108E+01
0000642   3.1333E+02 -3.7869E+02 -1.3535E+02
0000643   6.8983E+02  6.8955E+01 -1.3359E+02
0000644   3.6985E+02  3.4724E+02  2.1883E+02
0000645   1.8068E+02  3.1816E+02 -1.2827E+02
0000646   4.7042E+02 -1.0633E+02  3.9147E+01
0000647   5.1233E+01 -7.2185E+01  1.4039E+01
0000648   4.3513E+02  2.8330E+02  3.8886E+01
0000649   4.7094E+02  1.3633E+02 -3.9483E+01
0000650   2.1200E+02  1.4262E+02  4.7397E+01
0000652   6.6527E+02 -2.3493E+01 -3.7839E+02
0000653   4.7278E+02  9.4052E+01  3.5718E+01
0000654   6.4975E+02 -2.3040E+02 -1.7048E+02
0000656   1.0424E+02 -1.6497E+02 -2.9539E+02
0000657   5.0252E+02  2.2083E+02  4.5690E+02
0000658   6.4830E+02 -4.0620E+01  1.6925E+02
0000659   2.5725E+02 -1.9216E+02 -9.1985E+01
0000660   4.1172E+01  2.6274E+02  2.5976E+01
0000661   3.6139E+02 -9.3476E+01 -4.8896E+01
0000663   3.5830E+02 -1.4295E+01 -7.8077E+01
0000664   1.6725E+02  1.3846E+02  9.5503E+01
0000665   5.9876E+02  5.4779E+01 -1.2830E+02
0000666   3.7625E+02  1.8821E+02 -1.1058E+02
0000667   2.3985E+02  2.4816E+02  4.0377E+01
0000668   3.3226E+02  3.4577E+02 -5.0334E+02
0000669   1.2146E+02  1.2919E+02 -6.3610E+01
0000670   1.7909E+02  4.0842E+00 -1.0811E+02
0000671   4.2160E+02 -9.2392E+01 -4.1215E+02
0000672   4.8431E+02  7.7193E+01  3.4803E+02
0000673   4.2826E+02  5.0497E+02  1.2771E+02
0000674   6.4201E+02  5.0688E+01 -1.4781E+02
0000675   3.0724E+02 -1.3698E+02 -1.5454E+02
0000676   1.5392E+02  1.3964E+02 -2.3738E+01
0000677   5.4304E+02  2.8231E+02 -1.1707E+01
0000678   3.6813E+02 -2.2958E+02 -3.1465E+02
0000679   4.7559E+02  1.4533E+02  4.1522E+01
0000680   1.8825E+02 -3.9993E+01 -1.9552E+02
0000681   3.3320E+02  1.4477E+02 -1.5529E+02
0000682   6.6796E+02  4.6323E+01  3.1619E+02
0000683   2.9752E+02 -2.3392E+02  2.2735E+02
0000684   6.6553E+01  4.0393E+02 -7.9333E+01
0000685   6.0366E+02  6.7259E+01  2.2823E+02
0000686   1.4801E+02  4.3988E+02  8.8873E+01
0000687   2.1251E+02 -4.0118E+02  3.7424E+02
0000688   4.0089E+02  1.0036E+01  1.2298E+02
0000689   2.6162E+02  4.5041E+02 -1.7589E+02
0000690   3.2168E+02  3.2419E+02  4.0954E+02
0000691   2.1026E+02  8.7511E+01 -6.2648E+02
0000692   7.7031E+02  2.2887E+02 -3.2846E+02
0000693   3.9512E+02  8.8054E-01 -4.1849E+02
0000694   1.2278E+02 -4.0812E+01  1.9129E+02
0000695   6.3239E+02 -1.8714E+02 -1.6057E+02
0000696   1.0355E+02  2.6218E+02  6.8894E+01
0000697   3.9931E+02 -1.2822E+02  4.2814E+01
0000698   4.5221E+02 -8.3960E+01 -3.6309E+01
0000699   8.4247E+02  7.6789E+01  3.1718E+02
0000700   3.0777E+02 -1.5066E+02 -6.9217E+01
0000701   2.5200E+02  4.5378E+01 -2.3756E+02
0000702   2.3031E+02 -2.7885E+02  2.7036E+02
0000703   2.4080E+02  6.0091E+01  5.7623E+01
0000704   5.6743E+02  2.6719E+01 -1.1366E+02
0000705   5.3282E+02  3.6754E+02  1.0551E+02
0000707   3.4293E+02 -5.2195E+02 -3.0355E+02
0000710   6.4801E+02 -2.4525E+02 -9.9411E+01
0000711   5.4948E+02 -6.9361E+01 -3.9250E+02
0000712   3.9462E+02 -1.4535E+02 -1.6457E+02
0000713   5.7898E+02  6.3492E+00 -7.8966E+01
0000714   3.4264E+02  2.5864E+02 -4.2369E+01
0000715   3.4698E+02 -3.3432E+02  1.3867E+02
0000716   4.6158E+02 -2.6583E+01 -1.3016E+02
0000717   7.5813E+02 -1.9309E+02 -8.3434E+01
0000718   5.2964E+02  3.1539E+01  1.7079E+02
0000719   5.0998E+02 -1.3199E+02  2.6884E+02
0000720   3.5905E+02  1.1723E+02 -2.1036E+02
0000721   5.5869E+02  2.3090E+02  2.6667E+02
0000722   7.5160E+02  8.1707E+01  1.1293E+02
0000724   2.5177E+02 -7.6599E+01  3.1962E+02
0000725   3.8488E+02 -2.8531E+02  3.8087E+02
0000726   6.5223E+02  1.4755E+02  7.7798E+01
0000727   2.3991E+02 -1.6534E+02 -8.0635E+01
0000728   3.4428E+02  5.7329E+01  1.1059E+02
0000729   3.6162E+02  8.6653E+01  7.5905E+01
0000730   2.6414E+02  1.2600E+02 -1.4815E+02
0000731   5.3984E+02 -6.8961E+01  9.4395E+01
0000732   4.5580E+02 -1.7048E+02  2.4354E+02
0000733   4.9395E+02 -1.3557E+02  5.1234E+01
0000734   1.2348E+02  1.8618E+02 -4.7964E+02
0000735   2.0690E+02 -2.5938E+02 -1.8131E+02
0000736   4.8276E+02 -3.2634E+02 -4.2157E+02
0000737   4.3555E+02 -3.5262E+02  2.0628E+02
0000738   2.6882E+02  9.8767E+01 -1.7242E+02
0000739   1.6791E+02 -1.0230E+02 -6.6072E+01
0000740   5.0383E+02 -3.1568E+01 -2.9160E+02
0000741   1.9261E+02  5.1886E+01 -2.2782E+02
0000742   3.6381E+02  3.3340E+01  3.1463E+02
0000743   4.6673E+02  7.8512E+01  6.5546E+01
0000744   5.3744E+02  1.9401E+02 -5.0523E+02
0000745   2.3613E+02 -3.1731E+02 -3.8240E+02
0000746   4.0781E+02 -1.4868E+02  4.3434E+02
0000747   1.3976E+02 -2.0853E+02 -1.0422E+02
0000748   7.0287E+02  5.8962E+00  2.1218E+02
0000749   3.6037E+02 -2.1386E+02  1.5571E+02
0000751   5.7270E+01  2.8393E+01  1.4443E+02
0000752   6.3754E+02  2.6698E+01 -1.9132E+02
0000753   2.1852E+02 -1.7217E+02  2.3618E+02
0000754   5.8952E+01  1.0037E+02 -1.0761E+02
0000755   1.9781E+01 -6.0057E+01 -4.2205E+00
0000756   2.4932E+02  2.9281E+02 -8.1581E+01
0000757   5.7206E+02  1.3231E+02  5.0625E+01
0000758   4.5815E+02  7.2901E-01  3.7518E+02
0000759   2.6518E+02  2.5536E+02  1.2258E+02
0000760   1.8650E+02 -2.3721E+02 -3.5200E+02
0000761   4.1498E+02  7.7646E+01 -1.8040E+02
0000762   2.9968E+02  1.0476E+01 -1.1330E+02
0000763   2.9635E+02  3.3586E+02  3.5473E+00
0000764   2.0445E+02  2.4361E+02  3.2300E+02
0000765   1.7300E+02  3.7516E+02  2.7689E+01
0000766   1.8184E+02  1.1230E+02 -4.2067E+02
0000769   6.3921E+02 -1.0746E+02 -1.0110E+02
0000770   5.8236E+02 -2.0346E+02  4.7685E+02
0000771   3.9247E+02  1.0502E+00  2.8881E+02
0000773   3.0349E+02  2.2839E+02  8.6405E+00
0000774   2.8155E+02  2.2013E+02 -3.5123E+02
0000776   3.5840E+02 -3.0306E+02  9.1164E+01
0000777   3.4711E+02  4.2619E+01  5.0806E+01
0000778   2.7033E+02  6.5803E+01 -1.0518E+02
0000779   2.9424E+02  3.8145E+02 -3.2635E+02
0000780   4.3138E+02 -2.0698E+02 -8.2594E+01
0000781   5.8570E+02 -3.6431E+02 -1.5674E+02
0000782   4.7784E+02 -1.2381E+02 -9.3676E+01
0000783   5.6225E+02  1.5710E+02 -2.3157E+02
0000785   3.8166E+02 -2.1313E+02  4.0743E+01
0000786   5.3039E+02  1.1134E+02 -3.2206E+02
0000787   7.4738E+02  1.9848E+02 -2.5726E+02
0000788   3.6349E+02 -2.4977E+02  3.6215E+02
0000789   1.6831E+02 -6.7972E+01  6.2814E+01
0000790   4.8877E+02 -1.8273E+02  2.7064E+02
0000791   1.2148E+02  3.6522E+01 -2.6807E+01
0000792   4.2823E+02 -4.1529E+02 -4.4709E+01
0000793   1.1805E+02 -2.7994E+01 -3.5792E+02
0000794   3.9667E+02 -1.5141E+02 -8.7163E+01
0000795   5.3305E+02 -1.4491E+02 -2.2348E+02
0000796   4.1879E+02  2.2134E+02 -1.5305E+02
0000797   7.0129E+02 -4.3914E+01  1.6170E+02
0000798   3.4523E+02 -6.0544E+01  1.4463E+02
0000799   3.5489E+02  5.7218E+01  3.1772E+02
0000800   3.3968E+02 -4.1428E+02  2.0913E+02
0000801   4.5294E+02  9.9996E+00  1.7313E+02
0000802   2.0639E+02  1.2444E+01 -2.8702E+01
0000803   5.1031E+02  1.6351E+01  2.0855E+02
0000804   4.0588E+02  2.1413E+02 -1.9161E+02
0000805   4.6320E+02 -2.0766E+02  2.7935E+01
0000806   3.9390E+02  2.3578E+02  1.6958E+02
0000807   2.3965E+02  3.2845E+01  4.1476E+02
0000808   5.7366E+02  1.5790E+02 -1.2380E+02
0000809   3.8974E+02  1.1698E+02  6.6396E+01
0000810   5.4826E+02  9.2713E+01  1.5258E+02
0000811   6.0364E+02  3.4636E+01  2.2042E+02
0000812   1.1618E+02  2.1401E+02  5.2064E+02
0000813   1.7980E+02  2.5547E+02  8.1558E+01
0000814   5.8511E+02 -2.1777E+02 -2.0132E+02
0000815   3.3781E+02 -4.5410E+01  6.6131E+01
0000816   2.4654E+02 -2.7801E+02 -1.3473E+01
0000817   2.7529E+02 -1.1563E+02 -1.2746E+02
0000818   2.8622E+02  3.3165E+01  7.0698E+01
0000819   5.7108E+02 -3.2594E+02  1.3501E+02
0000820   6.4022E+02  2.5050E+02  1.2379E+02
0000821   3.7041E+02  2.8268E+02  1.4879E+02
0000822   5.7275E+02 -1.4102E+02  4.4180E+01
0000823   5.1376E+02  1.6689E+02 -3.4778E+01
0000824   6.3314E+02  2.2114E+02  2.2928E+02
0000825   3.9832E+02  3.0138E+02  1.6534E+02
0000826   1.5378E+02  4.2298E+01  1.7839E+02
0000827   4.1832E+01 -2.9022E+02  5.7923E+00
0000828   2.2859E+02 -1.1119E+02  5.9716E+01
0000829   5.7932E+02  2.5732E+02  3.0377E+02
0000830   3.8388E+02 -1.1437E+02 -1.9567E+02
0000831   4.8791E+02  3.8249E+02  4.2154E+02
0000832   5.6834E+02  1.2633E+02  7.3018E+01
0000833   4.1161E+02  2.9532E+01  1.9775E+02
0000834   3.1033E+02 -4.8970E+02 -2.4414E+02
0000835   7.1202E+02 -3.0520E+02  5.5439E+01
0000836   4.4429E+02  2.8728E+02 -4.2778E+02
0000837   4.9819E+02  2.1408E+02 -1.1714E+02
0000839   5.4174E+02 -3.3774E+02  2.9624E+02
0000840   1.4400E+02 -1.2837E+01  3.3486E+01
0000841   4.3337E+02  2.5813E+01 -4.7889E+00
0000842   1.3322E+02 -3.7914E+02 -3.6392E+02
0000843   4.5803E+02  1.0669E+02 -3.3892E+02
0000844   2.4571E+02  4.6109E+02 -8.1753E+01
0000845   6.0298E+02  3.1854E+02 -1.5061E+02
0000846   6.2672E+02 -1.7311E+02  2.6046E+02
0000847   5.9462E+02 -2.5204E+02 -1.7291E+02
0000848   3.9326E+02  9.6097E+01 -2.1479E+02
0000850   4.0783E+02  8.0375E+01  2.4302E+02
0000851   4.7335E+02 -7.8160E+01  9.0213E+01
0000852   4.4927E+02  1.9880E+02 -3.2768E+01
0000853   4.5783E+02 -4.8144E+02  4.4804E+01
0000854   2.8724E+02 -2.3713E+01 -7.9847E+01
0000855   2.4014E+02  6.0354E+01  3.4671E+01
0000856   1.7848E+02  2.0093E+01  1.4470E+02
0000857   6.9721E+02  3.2679E+02  3.0377E+02
0000858   3.0641E+02  3.5801E+02  1.5039E+02
0000859   7.5665E+02  2.2842E+00  1.4158E+02
0000860   4.3001E+02 -5.3332E+01 -4.6306E+02
0000861   6.6867E+02 -1.6290E+02  7.3025E+00
0000862   2.0530E+02 -1.5465E+02  2.9901E+02
0000863   1.6740E+02  2.9761E+02 -1.3308E+02
0000864   3.0333E+02  8.4235E+01 -3.4405E+02
0000865   9.2132E+01 -1.7340E+02  1.4862E+02
0000866   2.4170E+02  1.4291E+02  4.0793E+02
0000867   4.8438E+01 -4.5135E+01 -1.3469E+02
0000868   4.2778E+02 -1.2976E+02  1.1102E+02
0000869   4.0434E+02 -1.2057E+02 -7.5844E+01
0000870   6.8685E+02  2.1318E+02  3.0500E+02
0000871   4.7287E+02  7.8926E+01 -4.1592E+01
0000872   1.9789E+02  6.5832E+01  1.2496E+02
0000873   5.2058E+02 -2.3056E+02 -1.3620E+01
0000874   2.0184E+02 -4.5769E+02 -3.2052E+02
0000875   3.8300E+02 -4.7512E+02 -2.1193E+02
0000876   1.2508E+02 -2.3919E+01 -2.9832E+02
0000877   3.1217E+02  5.8419E+02 -1.7115E+02
0000878   5.4664E+02  4.0487E+02 -2.4916E+02
0000879   2.7823E+02  1.6066E+02 -2.5762E+01
0000880   6.8473E+02  2.4833E+01 -5.0381E+01
0000881   3.2930E+02  5.7724E+01  4.4080E+01
0000882   4.4535E+02 -2.6670E+02  5.9361E+01
0000883   2.2205E+02 -1.1920E+02  1.8025E+02
0000884   3.5332E+02 -3.2752E+02  3.6507E+02
0000885   4.5767E+02 -1.5903E+02 -3.5922E+02
0000886   4.4603E+02  6.1250E+01 -1.4802E+02
0000887   2.9855E+02  1.1248E+02  2.3735E+02
0000888   5.0293E+02  1.1345E+02 -2.7488E+01
0000889   2.8722E+02  1.6482E+01  8.3783E+01
0000890   5.0223E+02 -4.7347E+01  4.3022E+01
0000891   1.6585E+02 -2.4524E+02 -1.2530E+02
0000892   3.6785E+02  1.5124E+02 -2.4144E+02
0000893   4.7028E+02  1.5093E+02 -1.6839E+01
0000894   2.0183E+01  7.4164E+00 -2.6632E+02
0000895   3.2080E+02  2.4220E+02 -1.9584E+02
0000896   5.1855E+02  1.2948E+02  7.1395E+01
0000897   3.6220E+02 -9.0232E+01 -6.2112E+01
0000898   4.1019E+02 -2.2812E+01 -7.8981E+01
0000899   2.0479E+02  1.2291E+02  1.8214E+01
0000900   5.9005E+02  1.0870E+02  1.9790E+02
0000901   3.0300E+02  2.6305E+02 -3.5296E+02
0000902   6.5194E+02  4.1817E+01 -1.3704E+02
0000903   2.5745E+02  1.0326E+02 -3.3185E+01
0000904   4.5592E+02 -2.8018E+02 -1.7351E+01
0000905   7.2056E+02 -4.5128E+01 -1.5757E+02
0000906   3.9390E+02 -4.6597E+02 -3.5162E+01
0000907   5.7774E+02  2.3685E+02  1.3256E+00
0000908   3.8352E+02 -1.7114E+02  5.6112E+01
0000909   2.5891E+02 -9.9199E+01  9.0353E+00
0000910   8.1098E+02 -2.3128E+02  1.2592E+02
0000911   3.5302E+02 -7.8150E+01 -1.6189E+02
0000912   7.7752E+02 -2.1321E+02 -4.5499E+01
0000913   2.9304E+02  3.1321E+02  7.9544E+01
0000914   2.0494E+02  1.2454E+02 -5.0057E+02
0000915   4.9380E+02  4.1181E+02 -3.0491E+01
0000916   6.5688E+02  2.5528E+02 -6.1574E+02
0000918   2.6347E+01  9.2482E+01  4.3975E+01
0000919   4.0390E+02 -3.3180E+01 -1.7750E+02
0000920   1.5317E+02  2.2168E+01 -6.7330E+01
0000921   5.2517E+02 -4.1887E+02  1.5050E+02
0000922   3.1624E+02  5.4825E+01  1.3586E+02
0000923   3.6141E+02  1.7963E+02 -1.1358E+02
0000924   2.7111E+02 -1.3182E+01  3.6674E+01
0000925   1.8643E+02 -9.1786E+01 -1.0644E+02
0000926   6.0356E+02  1.9240E+01 -2.5241E+02
0000927   2.8666E+02 -4.2447E+02 -3.5305E+02
0000928   2.7362E+02  6.0808E+01  5.5111E+00
0000929   3.0797E+02  3.3061E+01  1.4228E+02
0000930   6.3152E+02 -1.2459E+02  4.3828E+01
0000932   6.8319E+01  2.2109E+02  8.2213E+01
0000933   3.6797E+02 -5.2098E+02 -2.4996E+02
0000934   2.0668E+02  2.4504E+01  6.8469E+01
0000935   4.5851E+02  1.4386E+02  7.4354E+01
0000936   1.0781E+02  2.6587E+02 -2.0519E+02
0000937   2.7167E+02  1.4194E+02 -1.0601E+02
0000938   3.3333E+02 -2.5512E+02 -2.7891E+02
0000939   2.2661E+02 -1.1348E+02 -1.9325E+01
0000940   7.9104E+01  1.2613E+02  3.5996E+02
0000941   5.7760E+02  2.2802E+02 -2.8314E+02
0000942   5.0518E+02  1.2643E+02  7.7921E+01
0000943   4.5072E+02 -4.0798E+02 -8.6375E+01
0000944   2.6181E+02  1.8126E+02 -5.1331E+01
0000945   5.3328E+02 -1.2680E+02  9.2051E+01
0000946   2.8050E+02  2.7354E+02  1.5020E+01
0000948   5.2851E+02  1.8528E+01 -1.7176E+02
0000949   9.1161E+02 -4.9914E+01 -5.3880E+00
0000950   9.2126E+02  1.0274E+02  3.5099E+02
0000951   6.8814E+02  5.1061E+01  2.4633E+01
0000952   3.8841E+02  2.2284E+02 -4.7371E+01
0000953   7.3232E+02 -2.7792E+02  3.3408E+02
0000954   2.9440E+02  1.6911E+02  8.9175E+00
0000955   5.6133E+02  6.4136E+01  4.5328E+01
0000956   3.9501E+02 -4.1793E+02  1.1020E+02
0000957   5.9471E+02  4.1335E+02  1.7972E+00
0000958   3.0987E+02  2.6303E+01 -6.2499E+01
0000959   2.1148E+02 -4.2619E+01  3.3186E+02
0000960   1.8555E+02 -2.5218E+01 -1.5463E+02
0000961   2.5510E+02  1.6307E+02  2.1976E+02
0000962   5.2945E+02 -1.2379E+02  3.0212E+02
0000964   3.5184E+02  1.8309E+02 -3.6083E+02
0000965   1.6051E+02  5.8246E+01 -1.0264E+01
0000966   4.1877E+02  9.9148E+00 -9.5708E+01
0000968   7.9921E+01  5.0502E+02 -2.7295E+02
0000969   4.0016E+02  4.3107E+02 -4.2816E+01
0000970   5.1584E+02  2.2854E+02 -2.8995E+01
0000971   5.5950E+01  2.0414E+02 -6.5131E+01
0000972   2.9068E+02 -4.0619E+01 -2.3329E+02
0000973   7.0674E+02  3.9438E+02  3.7312E+02
0000974   8.6129E+01 -4.7494E+01  2.6040E+02
0000975   3.4039E+02 -4.7057E+02 -1.1067E+02
0000976   3.8490E+02  4.9570E+01 -8.7812E+01
0000977   5.3700E+02 -1.2074E+02  3.5734E+02
0000978   4.2426E+02 -4.6254E+02 -3.4613E+01
0000979   3.5381E+02 -4.1922E+01 -1.7812E+02
0000980   5.6360E+02  3.8306E+01  2.0121E+02
0000981   8.1348E+02  2.1120E+02 -1.4201E+02
0000982   5.9027E+02  3.4595E+01  5.2404E+02
0000983   7.3871E+02 -5.0623E+02  4.5878E+01
0000984   4.2749E+02 -2.1573E+02 -2.7464E+01
0000986   2.8276E+02  1.6730E+02  1.0474E+02
0000987   4.3949E+02  1.2388E+02  2.4187E+02
0000988   3.2436E+01  9.3307E+01 -1.4458E+02
0000989   1.8151E+02  1.8442E+00  1.1670E+02
0000990   4.7099E+02 -4.0958E+01 -1.3105E+02
0000991   4.7869E+02  1.9317E+01 -1.0079E+01
0000992   7.0245E+02 -2.3164E+02 -2.1362E+02
0000993   3.3660E+02 -7.6079E+01  1.9492E+02
0000995   8.4026E+02 -3.3421E+02  1.3212E+02
0000996   4.0055E+02  2.8786E+02 -1.6764E+01
0000997   1.0384E+02  5.0238E+01  1.1960E+02
0000998   6.0490E+02  3.8764E+01  1.2834E+02
0000999   3.0421E+02  9.4140E+01  2.6560E+02
0001000   5.3517E+02  2.2494E+02  4.7380E+01
