============================== SRIM-2013.00 ==============================
==============================================================================
====== SRIM Outputs\RANGE_3D.txt : File of Final Ion Positions =====

Ion =  F (09)   Ion Mass= 018.9984
Energy  = 4000000.E-05 keV
Ion Angle to Surface = 00.0 degrees
==================== TARGET =======================
  Layer # 1 - None
  Layer # 1 - Bottom Depth=500000.E-01 A
  Layer # 1 - Density =0007.8700 g/cm3
  Layer # 1 -  100 % of Fe
様様様様様様様様様様様様様様様様様様様様様様様様様様
                                            
Ion       Depth  X   Lateral Y   Lateral Z  
Number    (Angstrom) (Angstrom)  (Angstrom) 
-------  ----------- ----------- -----------
0000001   2.8418E+02  6.5256E+02  1.7811E+00
0000002   5.8965E+02  2.1966E+02  1.4708E+02
0000003   2.9263E+02 -2.2460E+02 -1.8366E+02
0000004   2.3591E+02 -3.1727E+02  2.1991E+02
0000005   3.2049E+02 -2.8968E+02 -1.3523E+02
0000007   8.3674E+02  9.4077E+00  4.0986E+02
0000008   3.0958E+02 -2.2518E+01 -7.2814E+00
0000009   4.4444E+02  4.0467E+01 -1.4026E+02
0000010   4.2764E+02 -3.9028E+02 -2.2725E+01
0000011   5.4358E+02  2.0330E+01  2.7059E+02
0000012   3.6743E+02  8.1044E+01  3.6249E+00
0000013   6.0277E+02  3.4773E+02  9.3029E+01
0000014   6.3765E+02 -2.1193E+02  1.1865E+02
0000015   5.2054E+02 -8.7068E+00 -1.1917E+02
0000016   4.1005E+02 -4.7473E+01 -3.6865E+02
0000017   5.1705E+02 -3.3848E+02  4.5141E+02
0000019   2.3029E+02 -1.5303E+02 -4.0414E+02
0000020   5.7725E+02  9.2289E+01 -4.9995E+01
0000021   7.2070E+02  2.0258E+02  2.0222E+02
0000022   5.0170E+02  2.6769E+02  5.3699E+02
0000023   5.2323E+02  6.1288E+01  3.2101E+02
0000024   5.6956E+02 -5.9139E+01 -2.0517E+02
0000025   2.8638E+02  2.2830E+02  1.5769E+02
0000026   3.4616E+02 -1.8891E+01 -1.2411E+02
0000027   4.1079E+02  1.8758E+02 -1.7474E+02
0000028   5.5860E+02 -2.3630E+02  1.0054E+02
0000029   6.8997E+02  3.0856E+02  4.7895E+01
0000030   5.9147E+02 -5.9187E+00  6.5375E+01
0000031   5.6354E+02  1.2591E+02 -1.9433E+02
0000032   1.2732E+02 -3.4729E+02  3.4929E+02
0000033   4.0147E+02  2.2946E+02 -3.8759E+02
0000034   5.7327E+02 -1.7672E+02  2.0641E+02
0000035   5.3409E+02  3.6601E+02  7.8944E+01
0000036   4.1554E+02 -2.5508E+01  6.0577E+00
0000037   3.3443E+02 -1.7284E+02  2.4633E+02
0000038   7.3444E+01  9.3980E+01 -2.9914E+01
0000039   6.8227E+02  1.6362E+02  3.3553E+02
0000040   3.8216E+02 -4.9149E+02 -3.5794E+02
0000041   1.1194E+02  9.4883E+01 -1.6528E+02
0000042   1.9326E+02  2.6190E+02 -2.5202E+02
0000043   5.2255E+02 -1.8447E+02  4.7966E+02
0000044   9.9621E+01  5.8301E+01  1.4709E+02
0000045   2.9960E+02 -1.7313E+02 -3.8551E+02
0000046   1.8941E+02  1.7058E+02  1.8136E+02
0000047   3.5695E+02  1.6447E+01 -5.6957E+01
0000048   4.0814E+02  3.0761E+02 -2.8124E+02
0000049   3.4891E+02 -4.1690E+02 -9.6879E+01
0000050   4.3522E+02  2.8998E+02  3.6386E+01
0000051   8.0628E+01  5.1532E+02 -1.3977E+02
0000052   3.9693E+01 -4.8891E+02  2.0403E+02
0000053   7.2349E+02 -5.3438E+01 -1.2675E+02
0000054   5.1354E+02  3.5329E+02  4.6109E+02
0000055   6.2785E+02 -1.7521E+02 -1.3069E+02
0000056   6.9137E+02  1.0430E+02  1.6470E+02
0000057   4.9616E+01 -2.1057E+02  5.5012E+01
0000058   6.2817E+02  2.1363E+02  6.7774E+01
0000059   6.9180E+02  1.2405E+02 -4.9589E+02
0000060   4.7964E+02 -3.4937E+01 -2.4418E+02
0000061   5.9243E+02 -1.5649E+02 -2.3663E+02
0000062   2.3945E+02  3.8720E+01  3.0769E+02
0000063   7.2426E+02 -3.7403E+02  4.7521E+01
0000064   3.7029E+02 -2.7467E+01  3.6488E+01
0000065   3.0893E+02 -3.6238E+02  1.4465E+02
0000066   2.4097E+02 -9.0229E+01  2.4766E+02
0000067   2.4530E+02  2.5954E+02  1.2445E+02
0000068   3.3327E+02 -1.9631E+02  1.5904E+02
0000069   3.8333E+02 -9.5184E+01 -1.9131E+02
0000070   3.3007E+02  6.9028E+01  1.3715E+01
0000071   1.7650E+02 -2.0712E+02  7.1460E+01
0000072   4.9992E+02  2.5776E+01 -1.5040E+02
0000073   3.4702E+02  1.2995E+02  2.7932E+02
0000074   1.5555E+02  1.4002E+02 -2.7526E+01
0000075   5.6054E+02  9.9499E+01  1.1177E+02
0000077   2.9499E+02 -8.6988E+01 -1.4066E+01
0000078   3.4764E+02  1.9651E+02  1.9183E+02
0000079   1.1615E+02 -2.9875E+02 -1.3167E+02
0000081   4.4674E+02 -2.8421E+02 -4.9204E+02
0000082   1.4329E+02  6.5455E+01  1.0249E+02
0000083   3.5964E+02  1.2089E+02  5.9137E+01
0000084   5.7381E+02 -1.9580E+02  4.5943E+02
0000085   6.8239E+02  5.2645E+01 -4.6572E+01
0000086   1.0981E+02 -1.9996E+02  4.7257E+02
0000087   4.9061E+02 -1.6953E+02  4.9275E+02
0000088   6.4388E+02 -2.3096E+02 -1.0007E+02
0000090   6.7437E+02  4.4756E+02 -7.2435E+01
0000091   4.9956E+02  7.5524E+01 -1.0015E+02
0000092   6.0297E+02  3.3256E+00  4.7220E+01
0000093   4.5814E+02  9.6328E+01  1.0866E+02
0000094   3.6337E+02 -2.7934E+02  5.1702E+00
0000095   1.9515E+02  4.6075E+02 -3.4331E+02
0000096   2.9689E+02 -2.5479E+02  2.2540E+02
0000097   5.8780E+02 -1.7026E+02 -1.3287E+02
0000098   7.1983E+02 -1.8568E+02 -1.7339E+02
0000099   3.7956E+02  3.6827E+02 -1.1083E+02
0000100   4.0838E+02 -1.3788E+02 -4.2903E+01
0000101   2.8629E+02  9.8120E+01  1.3805E+02
0000102   7.0985E+02 -2.7369E+02  2.9903E+02
0000103   1.4004E+02 -1.7755E+01 -8.8569E+01
0000104   1.8090E+02 -2.1377E+02 -2.5607E+02
0000105   4.9470E+02 -3.0418E+02  5.0156E+01
0000106   8.0545E+02  8.6454E+01 -2.2022E+02
0000107   9.6169E+02 -2.5790E+02  2.4953E+02
0000108   4.9008E+02  7.2000E+00  2.5873E+01
0000109   1.7544E+02  1.9632E+02 -2.5465E+01
0000111   5.3129E+02  2.2478E+02  9.3030E+01
0000112   1.5400E+02  4.1995E+02 -3.6064E+02
0000113   2.0551E+02  3.9851E+02  2.4853E+02
0000114   3.5171E+02 -1.3569E+02  2.3647E+02
0000115   3.7371E+02  3.0907E+02 -4.5011E+01
0000116   5.5533E+02 -6.9112E+01 -2.0843E+02
0000117   5.5495E+02  1.2286E+02  1.0659E+02
0000118   2.5111E+02 -1.3949E+02 -1.0448E+02
0000119   6.9304E+02 -7.1089E+01  1.6797E+02
0000120   6.9894E+02  8.1153E+01  2.2887E+02
0000121   3.7850E+02  1.7185E+02 -1.4615E+02
0000122   1.0289E+02  7.0035E+01 -1.3011E+02
0000123   2.1699E+02  1.2311E+02 -1.9136E+02
0000124   3.1870E+02  2.2403E+02 -6.6868E+01
0000125   3.0677E+02  7.8029E+01  6.3921E+02
0000126   1.3151E+02 -1.5862E+02 -1.3437E+02
0000127   1.3866E+02 -2.1676E+01  1.0325E+02
0000128   2.5147E+02  1.6537E+01  1.4886E+02
0000129   2.4104E+02  1.4764E+02  1.0827E+02
0000130   6.2873E+02  1.0095E+02  1.9124E+01
0000131   4.5590E+02  2.6144E+02  3.3625E+02
0000132   4.4417E+02  2.1585E+02  6.4298E+02
0000133   3.4233E+02 -8.7383E+01 -1.2651E+02
0000134   2.4596E+02 -6.1527E+01  2.9574E+02
0000135   1.9778E+02  1.7075E+02 -1.8806E+02
0000136   3.1176E+02  1.7546E+02  7.8940E+01
0000137   4.5556E+02 -7.4354E+01 -2.7210E+02
0000138   5.6210E+02 -2.1801E+02 -2.0062E+02
0000139   5.6114E+02 -1.7761E+02  4.9671E+02
0000140   8.6027E+02 -2.6496E+02  3.0345E+02
0000141   3.3164E+02  1.8707E+01 -9.9590E+01
0000142   7.3671E+02 -3.9906E+01  2.9577E+02
0000143   5.1054E+02 -2.4285E+02  1.0029E+02
0000144   5.4946E+02  6.6811E+01 -1.5930E+02
0000145   3.8949E+02  4.3851E+01 -7.4205E+01
0000146   2.5695E+02  4.6018E+01  3.2119E+02
0000147   3.0040E+02 -6.5231E+01  5.1003E+01
0000148   4.6659E+02  4.7670E-02  2.4464E+02
0000149   6.1350E+02  3.9963E+01  8.6829E+01
0000150   2.7871E+01 -1.1406E+02  1.6521E+02
0000151   4.1220E+02  1.2411E+02 -5.2638E+02
0000152   3.1175E+02  1.5204E+02 -5.5315E+01
0000153   6.5194E+02 -7.0263E+00 -1.2858E+02
0000154   5.9624E+02  3.6713E+02 -2.0941E+02
0000155   1.9995E+02  1.4997E+02 -9.4499E+01
0000156   4.5948E+02 -5.4519E+01 -3.3565E+01
0000157   1.6572E+02  2.2221E+01  2.7015E+02
0000158   4.8181E+02 -1.0249E+02  2.6015E+02
0000159   1.0716E+02 -8.2671E+01 -1.7753E+01
0000160   5.6640E+02  1.2922E+01  5.8413E+01
0000162   8.9804E+02 -1.5184E+02  3.2317E+02
0000163   2.8520E+02  9.0078E+01  6.2044E+02
0000164   9.9589E+02  5.2365E+01  3.6903E+01
0000165   5.3850E+02  1.1426E+01  1.6210E+02
0000166   4.2657E+02 -1.1082E+02  3.3627E+02
0000167   5.4409E+02  3.2028E+02  2.2122E+02
0000168   5.1477E+01  4.6559E+01 -4.1316E+01
0000169   8.0154E+01 -3.3973E+02 -1.1452E+02
0000170   2.3648E+01 -5.7420E+01 -3.8778E+02
0000171   5.3632E+02  1.4994E+02 -1.6517E+02
0000173   3.1271E+02  1.3960E+02  3.8467E+01
0000174   2.6289E+02  1.9138E+00  5.0275E+02
0000175   7.5391E+02 -9.3436E+01  1.3572E+02
0000176   7.8296E+02  8.6011E+01 -1.0156E+02
0000177   1.8209E+02  1.2676E+02 -2.2418E+02
0000178   6.3055E+02 -4.7624E+01  3.3110E+02
0000179   3.4022E+02 -2.5375E+01 -4.4654E+02
0000180   3.3587E+02  3.0089E+02 -2.1384E+02
0000181   2.8123E+02 -7.6743E+01 -3.2519E+02
0000182   3.0964E+02  5.3289E+02 -4.2973E+01
0000183   5.4177E+02 -1.2901E+01 -7.2631E+02
0000184   5.6866E+02 -1.3319E+02 -7.6076E+01
0000185   4.6502E+02  3.3834E+02  1.7644E+02
0000186   7.7026E+02  1.2823E+02 -4.7546E+02
0000187   6.2905E+02  1.0286E+02 -1.3169E+02
0000188   6.5615E+02  6.3938E+01 -2.0443E+02
0000189   5.8269E+02  2.7730E+01 -2.7510E+02
0000190   2.3413E+02 -2.6562E+02 -4.1225E+01
0000191   6.2533E+02  2.0063E+02 -1.1546E+02
0000192   2.8098E+02 -2.6476E+02 -1.4354E+02
0000193   3.9367E+02  2.0179E+01 -1.8615E+02
0000194   2.1185E+02 -1.8171E+01 -2.0487E+02
0000195   5.7946E+02 -2.9786E+01  2.0730E+02
0000196   1.5443E+02 -1.1781E+02  2.5209E+02
0000197   5.0341E+02  1.9157E+02  1.8351E+02
0000198   4.7746E+02 -2.5381E+01 -1.8050E+02
0000199   3.3173E+02  1.2387E+02 -5.5443E+01
0000201   1.6408E+02 -5.4658E+01 -8.2657E+01
0000202   7.4186E+02 -1.6954E+02  4.8829E+02
0000203   5.7489E+02 -3.0069E+02  4.6823E+02
0000204   1.7244E+02 -6.5367E+01  1.4004E+02
0000205   2.2145E+02 -7.3817E+01  8.9474E+01
0000206   3.3545E+02  4.8292E+02 -1.6580E+02
0000207   1.1702E+02 -1.0050E+01 -3.5121E+01
0000208   4.3609E+02  1.3082E+02  1.7883E+02
0000209   5.7761E+02 -2.6045E+02 -3.0175E+02
0000210   4.9653E+01  2.0659E+02 -1.9579E+02
0000211   5.7905E+02  4.5329E+02 -9.9288E+01
0000212   1.1547E+02  6.4022E+01  2.2102E+02
0000213   5.5282E+02 -2.4933E+02 -1.1818E+02
0000214   6.5750E+02 -4.1300E+02 -2.2630E+02
0000215   6.3486E+02  1.8786E+02 -3.2577E+01
0000216   4.2055E+02 -9.6489E+01 -1.5897E+02
0000217   5.5244E+02 -1.6331E+02  1.5849E+01
0000218   1.4268E+02  2.8540E+02  6.5003E+01
0000220   6.0986E+01 -1.0183E+02  2.2342E+02
0000221   3.8327E+02  2.3039E+02 -2.4499E+02
0000222   4.7456E+02 -8.2810E+01 -5.9993E+02
0000223   5.1266E+02  1.8052E+02  5.0385E+02
0000224   5.3997E+02 -1.4522E+02  1.3118E+02
0000225   3.0485E+02 -7.4856E+01  3.9235E+02
0000226   5.5246E+02 -1.8253E+02 -5.0565E+02
0000227   1.4769E+02  1.1765E+02 -5.4923E+02
0000228   2.7976E+02  4.6471E+02 -1.5644E+02
0000229   3.0916E+02  6.1302E+01  7.8652E+01
0000230   4.3606E+02  1.4573E+02  1.1259E+02
0000231   3.1215E+02 -2.7870E+02  1.8045E+02
0000232   5.6309E+02  2.3848E+01  2.5990E+01
0000233   3.3490E+02  1.6285E+01 -3.1096E+02
0000234   5.4472E+02  2.0647E+02  1.0438E+02
0000235   2.2694E+02 -4.6382E+02  1.0884E+02
0000236   3.5727E+02  1.1888E+02  5.5174E+01
0000237   6.1936E+02 -2.8018E+02 -5.0919E+01
0000238   3.6787E+02 -2.2983E+02  1.2534E+02
0000239   6.3784E+02  7.4695E+01 -3.4146E+01
0000240   3.8040E+02 -3.8250E+02 -3.6171E+02
0000241   3.5395E+02  1.1627E+02 -2.3004E+01
0000242   4.2978E+02  3.0458E+02  2.8953E+02
0000243   4.0797E+02  1.0155E+02 -8.8282E+00
0000245   4.1904E+02  2.2123E+02  1.5890E+02
0000246   4.3928E+02 -4.1155E+01 -7.3390E+01
0000247   6.3419E+02 -2.6332E+02 -2.7881E+02
0000248   2.4426E+02 -2.5231E+02 -1.1929E+02
0000249   5.9038E+02  4.2462E+02 -5.0929E+01
0000250   3.7392E+02  2.1196E+02 -1.0148E+02
0000251   3.0106E+02  1.0163E+02 -6.5786E+02
0000252   8.7412E+02 -6.6289E+00 -9.0894E+01
0000253   7.3769E+02  2.5499E+02  2.0518E+02
0000254   4.8226E+02  1.1627E+02  9.5685E+01
0000255   6.6462E+02 -4.3641E+01 -5.3233E+01
0000256   7.5251E+02  9.4205E+01 -2.2617E+02
0000257   2.6231E+02  1.6648E+01  1.1053E+02
0000258   3.4617E+02 -2.3414E+01 -2.6656E+02
0000259   3.4698E+02  3.1487E+02 -2.0881E+02
0000260   2.8248E+02 -1.5636E+02  1.7664E+01
0000261   9.2507E+02 -8.0976E+01  2.3525E+02
0000262   6.9788E+01 -3.2470E+02 -3.6974E+02
0000263   6.2486E+02  2.6223E+02 -2.9007E+02
0000264   6.3379E+02  2.2311E+02 -1.9679E+02
0000265   7.1336E+02  3.5507E+01 -2.2874E+01
0000266   4.7669E+02 -2.7844E+02  1.4849E+02
0000267   3.2177E+02  1.5222E+00  1.9308E+02
0000268   2.5797E+02 -6.7006E+01 -5.2492E+02
0000269   4.0451E+02 -6.6183E+01 -6.1690E+01
0000270   3.9688E+02 -4.0847E+02  5.3208E+01
0000271   4.3863E+02 -6.7029E+01 -1.4161E+02
0000272   4.5332E+02 -3.5784E+02 -3.7777E+02
0000273   2.8030E+02 -8.7601E+00 -6.8796E+01
0000274   5.9559E+02 -4.3547E+01  7.7793E+01
0000275   3.4476E+02  4.5621E+02 -1.0518E+01
0000276   5.4381E+02  1.3967E+02 -2.4216E+01
0000277   5.8328E+02 -8.3117E+01  9.6443E+01
0000278   1.6032E+02  2.3529E+02  7.6770E+01
0000279   6.4356E+02  5.1000E+01 -8.4778E+01
0000280   4.0816E+02 -4.1336E+01 -2.8367E+01
0000281   4.4342E+02 -2.1113E+02  9.2779E+01
0000282   5.7026E+02  1.7610E+02 -6.1481E+01
0000283   5.3906E+02  2.1116E+01  8.1524E+01
0000284   2.1381E+02  8.5355E+01  1.5189E+02
0000285   2.5552E+02 -3.0354E+01 -2.6911E+02
0000286   2.1070E+02 -6.3995E+02  1.0329E+02
0000287   4.0523E+02  4.9198E+02 -1.9297E+02
0000288   3.5780E+02  2.0986E+02 -2.6242E+02
0000289   4.4258E+02  2.2436E+02  1.2021E+02
0000291   4.3746E+02 -2.0519E+02 -3.5798E+02
0000292   5.5134E+02  3.3387E+01  1.4958E+02
0000293   4.3815E+02  7.7170E+01  9.1067E+01
0000294   5.0625E+02  1.9724E+02 -7.0481E+01
0000295   5.3782E+02  1.0021E+02  5.6063E+01
0000296   2.8464E+02 -7.2016E+00 -2.0358E+02
0000297   5.8945E+01  2.0991E+02 -4.2144E+02
0000298   6.6474E+02  1.0533E+02 -4.8937E+02
0000299   4.5364E+02 -2.4367E+02 -4.8980E+01
0000300   1.1571E+02 -2.8225E+02  2.5725E+02
0000301   5.2807E+02 -8.6547E+00  1.6464E+01
0000302   6.3680E+02  3.0183E+01  2.6352E+02
0000303   2.9172E+02  6.9248E+01 -9.5513E+01
0000304   2.7743E+02 -1.3788E+02 -1.4808E+02
0000305   5.0729E+02  1.8695E+02 -1.9860E+02
0000306   2.7949E+01 -1.5170E+02  7.4789E+01
0000307   2.6813E+02 -4.2878E+02 -5.3278E+01
0000309   3.5023E+02 -9.1189E+01  8.6707E+00
0000310   3.1615E+02  2.4614E+01 -1.3305E+02
0000311   2.3468E+02  4.0407E+02 -7.4909E+01
0000312   2.1398E+02 -1.3860E+02 -4.0485E+02
0000313   2.8531E+02  2.9968E+02  1.3146E+01
0000314   4.5936E+02  3.4009E+02  3.8199E+01
0000315   4.6594E+02  6.4230E+01 -1.5270E+02
0000316   6.3323E+02  1.8003E+02  8.7542E+01
0000317   1.0689E+02  6.9895E+01 -1.6935E+01
0000318   6.2158E+02 -6.3470E+02 -7.9742E+00
0000319   3.1884E+02 -1.4255E+02 -4.7463E+01
0000320   3.7796E+02 -1.3601E+02  1.9629E+02
0000322   1.2470E+02  4.3334E+02 -4.1789E+02
0000323   1.6817E+02 -5.8619E+01 -6.1371E-01
0000324   3.5922E+02 -8.1040E+01 -1.9495E+02
0000325   6.6036E+02  3.4015E+02 -1.3189E+02
0000326   8.6045E+01  1.1914E+02  7.6785E+01
0000327   3.9692E+02  2.1430E+00 -5.0462E+01
0000328   1.7151E+02 -7.8857E+01  1.6728E+02
0000329   3.6939E+02 -2.6964E+01 -1.3470E+02
0000330   3.5512E+02 -1.6692E+01 -9.7096E+01
0000331   2.0788E+02  5.2436E+02  5.3246E+01
0000332   8.0026E+02 -2.5501E+02 -1.6030E+01
0000333   4.3262E+02 -1.5950E+02  1.4006E+02
0000334   2.4074E+02 -5.9284E+01 -1.7065E+01
0000335   6.8872E+02  9.2309E+01  5.4459E+01
0000336   3.0423E+02  2.4374E+02  2.7185E+02
0000337   2.5419E+02  1.4019E+02 -4.6331E+02
0000338   1.4584E+02 -2.7644E+01  1.7715E+02
0000339   5.7152E+02  1.8856E+02 -6.2527E+01
0000340   1.8579E+02  5.4740E+00  2.5091E+02
0000341   3.3545E+02  1.7636E+01  4.3873E+01
0000342   2.7023E+02  1.7674E+01 -2.0839E+02
0000343   4.1872E+02  5.0790E+00  2.3913E+02
0000344   4.7622E+02 -4.1164E+01  1.2183E+02
0000345   8.3829E+02  3.2773E+01 -2.9363E+02
0000346   2.9238E+02  1.5216E+02 -2.4735E+02
0000347   3.0931E+02  2.5442E+02  1.2661E+02
0000348   2.1263E+02 -1.1982E+02  2.1455E+02
0000349   2.2821E+02 -3.9483E+02 -1.3478E+02
0000350   4.3366E+01 -3.2900E+00 -2.5253E+02
0000351   2.6384E+02 -3.9063E+02  3.4747E+01
0000352   4.3717E+02  4.1079E+00  1.3812E+02
0000353   3.9521E+02 -2.4385E+01 -2.7167E+02
0000354   4.4454E+02 -1.2676E+02  9.0371E+01
0000355   8.4806E+02  3.6967E+02  1.2008E+02
0000356   4.2590E+02 -1.5817E+01  2.5610E+02
0000357   2.7571E+02 -2.3562E+02 -1.0445E+02
0000358   4.3115E+02  1.1019E+02 -6.6343E+01
0000359   1.5503E+02 -4.5970E+02  1.5759E+01
0000361   4.6311E+02 -1.2469E+02 -3.0103E+02
0000362   4.4699E+02 -5.6994E+01 -1.7407E+02
0000363   3.6073E+02 -5.7329E+00 -2.0112E+00
0000364   4.4245E+02  2.9802E+02  2.4971E+02
0000365   2.3078E+02 -9.1559E+01  2.2425E+02
0000366   5.2567E+02  2.3518E+02 -5.5703E+01
0000367   5.3380E+02 -5.9618E+01 -2.7670E+01
0000368   2.8916E+02 -1.2204E+02 -3.6779E+02
0000369   1.2450E+02 -1.6333E+02 -4.3660E+02
0000370   8.2918E+02  1.1468E+02 -3.4081E+01
0000371   4.6194E+02 -2.1840E+02  4.2801E+02
0000372   2.6581E+01  2.1029E+02 -2.9652E+02
0000373   3.7362E+02 -2.7607E+02  2.7334E+01
0000374   6.1905E+02  1.9676E+02  1.2668E+02
0000375   1.7698E+02 -2.1877E+02  7.6958E+01
0000376   4.3906E+02 -1.5974E+02  1.7784E+02
0000377   6.9797E+02 -5.0612E+01  4.4470E+02
0000378   4.5971E+01  3.1150E+02  2.2020E+02
0000379   5.0719E+02 -4.6477E+01 -3.5808E+02
0000380   5.6181E+02  1.1220E+02 -1.9405E+02
0000381   4.1868E+02  3.6380E+01  1.8097E+02
0000382   3.7215E+02 -2.2207E+02 -3.1197E+02
0000383   6.6685E+02 -2.7977E+02  4.0945E+02
0000384   5.2122E+02  1.6620E+02  3.0544E+01
0000385   3.7334E+02 -5.6413E+01 -6.5388E+02
0000386   3.6214E+02 -1.9170E+02 -2.0380E+02
0000387   1.6870E+02  1.4430E+02  1.7325E+02
0000388   1.6597E+02  4.1115E+02 -4.5057E+01
0000389   6.2640E+02  2.5517E+02 -3.1082E+02
0000390   3.3320E+02 -4.6536E+02  1.2258E+02
0000391   3.1050E+02 -6.4144E+01  1.0597E+02
0000392   6.2998E+02  1.4856E+02  2.0760E+02
0000393   3.2409E+02  1.6268E+02  3.5817E+02
0000394   3.4231E+02 -4.1750E+02  4.6075E+01
0000395   2.3733E+02 -2.2100E+02  8.9116E+01
0000396   3.9417E+02  1.0059E+01  1.3286E+02
0000397   5.2157E+02  1.4477E+02  4.3442E+02
0000398   3.2985E+02  2.6913E+01 -4.6966E+02
0000399   1.9303E+02  5.7460E+01  7.6941E+01
0000400   4.0789E+02 -1.2091E+02  1.5966E+02
0000401   5.9982E+02 -2.2700E+02  3.1154E+02
0000402   2.3631E+02 -1.3747E+02 -2.2615E+02
0000404   5.4301E+02 -1.6168E+02  1.6427E+02
0000405   4.0348E+02 -7.3148E+01 -8.1167E+01
0000406   4.7108E+02  4.1136E+02 -2.2864E+02
0000407   6.5599E+02 -2.4781E+02  1.2454E+02
0000408   1.0050E+02  5.8964E+02  1.0370E+01
0000409   1.3737E+02  2.9238E+02  1.3225E+01
0000410   7.9766E+02 -1.6827E+02  2.5321E+02
0000411   8.4419E+02 -1.8802E+01  1.3592E+02
0000412   4.6567E+02  4.5531E+00 -9.0587E+01
0000413   4.2019E+02 -2.0892E+02 -7.4574E+01
0000414   3.1008E+02  3.8084E+01 -4.1843E+01
0000415   1.4243E+02 -7.3049E+01 -2.1885E+02
0000416   4.4429E+02 -7.0920E+01 -5.9194E+01
0000417   5.2246E+02 -1.1164E+02 -1.6402E+01
0000418   2.0029E+02 -9.7565E+01  2.8103E+02
0000419   5.2387E+02 -1.3976E+01  2.1076E+02
0000420   5.8155E+02  5.4492E+01 -4.0966E+02
0000421   5.0617E+02 -2.3173E+02  2.9458E+02
0000422   5.6604E+02 -1.2306E+02  5.2130E+01
0000423   3.8380E+02  2.6998E+02  4.0228E+02
0000424   3.1715E+02  1.2846E+02 -4.2944E+01
0000425   6.5515E+02  1.5374E+02 -1.2888E+02
0000426   5.5848E+02  1.8434E+02  6.0700E+01
0000427   1.2187E+02  4.5775E+01  2.7229E+02
0000428   4.4181E+02  4.2230E+01  1.0981E+02
0000429   1.9925E+02 -2.9498E+02  3.1529E+02
0000430   4.6674E+02  1.4591E+02  1.6400E+02
0000431   1.8208E+02  4.2174E+02 -1.9830E+02
0000432   6.6345E+02  1.3371E+01 -3.9807E+01
0000433   2.5047E+02 -2.2376E+02  2.6447E+02
0000434   3.8521E+02 -3.8504E-01 -6.9289E+01
0000435   2.7827E+02 -1.8539E+02 -2.3789E+02
0000436   7.0765E+02 -3.3702E+02  1.0189E+02
0000437   4.4798E+02 -4.7490E+01 -1.1070E+02
0000438   3.8951E+02  1.6714E+02  1.1563E+01
0000439   5.6482E+02  1.8398E+01  2.0872E+00
0000440   4.1791E+02  2.6659E+02  7.8225E+01
0000441   5.9939E+02 -1.7851E+02 -3.3592E+01
0000442   5.4807E+02 -2.8063E+02 -7.3485E+01
0000443   5.3667E+02  2.3150E+02  2.7456E+02
0000444   3.2200E+02  1.5195E+02 -4.7309E+02
0000445   7.3793E+01 -2.4256E+02 -1.6628E+02
0000447   6.0597E+02  7.0935E+01 -3.1030E+02
0000448   5.0047E+02 -1.2718E+02  9.7669E+01
0000449   6.7086E+02 -1.7446E+02  1.0822E+02
0000450   6.2940E+02 -3.9290E+02  6.0663E+01
0000451   4.1664E+02  1.9141E+02 -2.9554E+02
0000452   4.1150E+02  7.6463E+01 -1.1906E+01
0000453   4.0965E+02 -6.7440E+01 -5.3271E+02
0000454   4.1642E+02  2.1361E+02 -3.2850E+02
0000455   2.1246E+02 -1.7390E+02  1.4758E+02
0000456   8.1820E+02 -2.7467E+02 -8.4672E+01
0000457   1.8132E+02 -2.4733E+01 -3.9243E+02
0000458   6.3735E+02 -1.0883E+01 -2.7787E+01
0000459   7.9616E+02  6.7131E+00 -5.2173E+02
0000460   4.9218E+01  5.6979E+01 -3.4695E+02
0000461   2.6621E+02 -4.1845E+02  8.9949E+01
0000462   5.5793E+02 -2.1032E+02 -9.2593E+01
0000463   5.1847E+02 -1.7968E+02 -1.1725E+02
0000464   2.4808E+02  2.0770E+02 -8.9858E+01
0000465   3.8442E+02 -4.4680E+02 -5.8019E+01
0000466   2.0206E+02  3.3466E+02 -3.6264E+01
0000467   4.2671E+02 -1.7854E+02 -2.5376E+02
0000468   6.9598E+02 -1.6043E+01 -3.6550E+02
0000469   5.1426E+02 -1.0516E+02  2.9765E+02
0000470   4.6890E+02  1.1946E+01 -1.4418E+00
0000471   4.9906E+02 -5.6481E+01 -2.6019E+02
0000472   1.1236E+02  2.3459E-01 -6.7549E+01
0000474   4.9190E+02  3.1824E+02 -2.0596E+02
0000475   5.4999E+02 -4.4943E+02 -1.3473E+02
0000476   5.8444E+02  3.6008E+02 -1.2050E+02
0000477   6.1103E+02  1.1914E+02  2.5498E+02
0000478   5.1317E+02  2.5793E+02 -1.3098E+02
0000479   3.8499E+02 -1.4280E+02  1.5480E+02
0000480   4.5961E+02  2.1879E+02 -2.8117E+02
0000481   4.9721E+02  6.8961E+00  1.3228E+01
0000482   2.5196E+02  3.1440E+01  1.1726E+00
0000483   4.0839E+02  1.4962E+02  1.5323E+02
0000484   4.4324E+02  3.3340E+01  5.2744E+01
0000485   5.2364E+02 -3.2041E+02  5.3537E+00
0000486   2.2263E+02 -2.4873E+02  7.7893E+00
0000487   5.6764E+02  5.7756E+02 -2.9123E+02
0000488   2.2943E+02 -1.2046E+02 -1.0174E+02
0000489   7.0607E+02  2.0136E+01 -7.9638E+01
0000490   1.4785E+02 -1.0834E+02 -1.6883E+02
0000491   4.6011E+02  1.6603E+02 -9.3419E+01
0000492   3.9395E+02  3.0008E+02  7.6223E+01
0000493   5.6177E+02  2.7900E+02 -2.5100E+02
0000494   3.3494E+02  1.6845E+02 -3.1050E+02
0000495   8.2147E+02  1.9991E+02  4.4740E+01
0000496   6.8167E+01  7.2530E+01  1.6735E+02
0000497   4.0793E+02 -1.9318E+01  2.9291E+02
0000498   4.0078E+02  2.9932E+02  4.1151E+02
0000499   6.6251E+02 -2.6370E+02  3.8293E+01
0000500   3.9211E+02 -2.1722E+02  3.1654E+02
0000501   4.4585E+02 -2.3484E+02 -1.8758E+02
0000502   8.1748E+02  9.1354E+01 -3.9758E+02
0000503   3.0074E+02  2.2769E+01  1.9023E+01
0000504   2.3134E+02  1.9740E+02  1.5428E+02
0000505   4.0661E+02  8.6318E+01 -5.4781E+02
0000506   4.7997E+02 -1.3544E+01  3.4076E+02
0000507   4.6320E+02  1.6485E+02  1.1802E+02
0000508   3.7386E+02 -1.8341E+02  2.3583E+02
0000509   2.9269E+02 -7.2455E+01 -1.7282E+02
0000510   2.9147E+02 -2.7148E+02 -2.9839E+02
0000511   2.5660E+02  2.2420E+02  1.1229E+02
0000512   4.8263E+02 -1.0681E+02  2.5115E+02
0000513   3.0077E+02 -3.8676E+01 -1.0143E+01
0000514   4.0734E+02  1.7854E+02  1.3815E+02
0000515   3.4239E+02  1.5253E+02 -7.8600E+01
0000516   8.5813E+02  2.7561E+02 -1.3706E+02
0000517   5.7295E+02 -1.3778E+01  1.5025E+02
0000518   3.8134E+02  2.1018E+02 -3.8635E+01
0000519   6.2109E+02  6.3720E+02 -1.3259E+02
0000520   3.7316E+02 -2.6876E-01 -3.0751E+02
0000521   3.9120E+02  9.1567E+01  7.5336E+00
0000522   6.3005E+02 -1.6986E+02 -3.4727E+02
0000523   2.7672E+02 -1.0177E+02 -3.1628E+02
0000524   1.6947E+02  3.1358E+02 -3.5581E+01
0000525   6.0881E+02  9.6955E+01 -3.5801E+01
0000526   6.6902E+02 -2.7559E+02  3.3600E+02
0000527   9.6099E+02  2.5045E+01  2.8789E+02
0000528   8.9413E+01 -2.8805E+02  8.2481E+00
0000529   7.0130E+02 -2.2665E+02  2.8951E+02
0000530   9.6429E+02 -1.0175E+02  1.6450E+02
0000531   4.5347E+02 -1.6308E+02  2.5001E+02
0000532   5.1729E+02 -8.7562E+01 -2.6742E+01
0000533   4.7231E+02  1.7307E+02 -2.7429E+02
0000534   1.5592E+02 -3.2329E+01  1.3307E+02
0000535   2.5477E+01  1.6892E+02 -5.1539E+02
0000537   4.3980E+02  3.3541E+01 -3.7896E+02
0000538   3.3004E+02  2.6353E+02 -1.7999E+01
0000540   4.9761E+01  3.0651E+02 -2.3321E+02
0000541   7.7102E+02  5.2031E+01 -1.1021E+02
0000543   2.7897E+02 -1.9876E+02 -4.5775E+01
0000544   4.7572E+02 -2.0690E+02  1.4106E+02
0000545   5.1561E+02 -9.7353E+01 -1.8628E+02
0000547   9.1299E+02 -4.3117E+01 -8.8660E+01
0000548   3.6671E+02  3.4170E+02  1.1273E+02
0000549   4.0433E+02 -5.1542E+01  6.7405E+01
0000550   3.7532E+02 -1.4449E+02  2.8318E+02
0000551   4.3577E+02 -2.7898E+02  4.1091E+02
0000552   8.7854E+02  5.2757E+02 -3.3320E+02
0000553   3.7744E+02  1.1909E+02  3.4491E+00
0000554   6.4184E+02 -8.1985E+01 -2.5336E+02
0000555   4.2752E+02 -4.1619E+02 -1.3924E+02
0000556   3.4928E+02  4.2545E+02 -3.2227E+02
0000557   1.2430E+02  4.4862E+02  2.1546E+02
0000558   1.8517E+02 -2.0770E+01  2.7567E+02
0000559   3.8258E+02  2.3279E+02  3.8175E+02
0000560   6.9577E+02  4.4729E+01 -9.3338E+01
0000562   5.3529E+02 -6.5018E+02  4.0284E+01
0000563   5.1645E+02 -3.3554E+02 -4.9162E+02
0000564   2.0096E+02  1.1439E+02 -2.7429E+02
0000565   5.1868E+02 -6.2775E+01  3.0061E+01
0000566   1.6929E+02  3.3815E+02  1.8058E+02
0000567   2.9886E+02 -2.2669E+02  1.4881E+01
0000568   3.5727E+02  2.4783E+02  7.1693E+01
0000569   3.5054E+02  8.7092E+01  1.4660E+02
0000570   7.1484E+02 -9.6359E+01 -3.6418E+02
0000571   2.5490E+02 -3.0806E+01  1.8517E+02
0000572   2.6670E+02  1.1036E+02  1.0977E+02
0000573   2.2739E+02 -9.8322E+01  9.8224E+00
0000574   5.7567E+02  1.0066E+00  3.9219E+02
0000576   4.0216E+02 -1.0966E+02  4.1869E+01
0000577   3.0096E+02 -2.3403E+01  1.2648E+02
0000578   3.8546E+02 -3.7340E+02  8.7474E+01
0000579   2.6080E+02  2.5296E+02 -3.0991E+01
0000580   1.9936E+02 -3.0452E+02 -4.7602E+01
0000581   1.6806E+02 -2.5769E+02 -6.1924E+00
0000582   7.9689E+01 -1.7598E+01  2.3961E+01
0000583   7.8997E+02  1.5332E+02 -4.4488E+01
0000584   2.6092E+02  2.2023E+02 -1.7430E+02
0000585   4.2032E+02 -1.9428E+02 -3.2140E+02
0000586   3.3166E+02  2.1426E+02  1.4563E+02
0000587   1.7746E+02 -2.1937E+02  2.8436E+01
0000588   2.4200E+02  2.4763E+01  4.4356E+00
0000589   7.6631E+02  1.6988E+02  3.2248E+02
0000590   5.2249E+02  1.6366E+02  3.6743E+01
0000591   3.1867E+02 -2.9703E+01 -8.7885E+01
0000592   4.8905E+02 -1.9423E+01 -6.7321E+01
0000593   8.8906E+02 -4.3613E+01 -3.3274E+01
0000594   1.3275E+02  1.5674E+02 -2.2008E+02
0000595   3.7118E+02  2.3040E+02 -5.0971E+01
0000596   4.3275E+02  1.6953E+01 -3.4017E+01
0000597   4.3679E+02 -1.1319E+02  1.2201E+02
0000598   6.0679E+02  5.1425E+01 -2.5893E+02
0000599   3.0967E+02  1.1351E+02  1.7925E+01
0000600   2.9024E+02 -1.1526E+02 -1.3390E+02
0000601   1.0372E+02 -7.5644E+01  6.1790E+01
0000602   2.9395E+02 -2.0876E+02 -5.1186E+02
0000603   7.3493E+01  3.6254E+02 -1.2174E+02
0000604   3.3669E+02  5.4520E+02  4.2502E+01
0000605   4.6798E+02  1.0967E+02 -2.5274E+02
0000606   4.5975E+02 -1.5891E+02  3.4109E+02
0000607   4.6364E+02 -9.9796E+01  1.9114E+02
0000608   5.0515E+02  2.6824E+02 -1.9128E+02
0000609   6.7247E+02  3.6023E+02  3.7163E+01
0000611   3.0890E+02 -6.7924E+01 -2.5171E+02
0000612   2.0624E+02 -2.5528E+02 -2.9145E+02
0000613   4.1987E+02  8.6356E+01 -2.7810E+02
0000614   7.4858E+02 -2.2885E+02  2.3661E+02
0000616   6.0650E+02 -1.1023E+02  3.0659E+02
0000617   3.3723E+02 -9.4537E+01 -2.5267E+02
0000618   2.7479E+02 -2.7091E+02  4.1366E+02
0000619   3.6373E+02 -1.5000E+02  3.0395E+01
0000620   1.7521E+02  3.9215E+02  2.1429E+01
0000621   1.8111E+02 -2.4873E+02 -2.6534E+02
0000622   3.5178E+02 -3.8294E+02  3.0730E+02
0000623   2.3814E+02  1.3537E+02 -1.6311E+02
0000624   3.7960E+02 -1.8495E+02 -6.7103E+01
0000625   6.0647E+02  6.9366E+01 -1.7729E+02
0000626   3.0250E+02  5.4550E+01 -4.1469E+01
0000627   3.5193E+02  2.0252E+02 -1.3915E+02
0000628   4.8262E+02 -1.7367E+02 -7.4635E+01
0000629   9.0062E+02 -1.9801E+02  2.6384E+02
0000630   3.1271E+02  2.1651E+02 -1.7060E+02
0000631   4.4680E+02  6.4026E+01 -3.2874E+02
0000632   2.7427E+02  4.8295E+02  1.3327E+02
0000633   6.9186E+02 -1.8585E+02  2.8221E+02
0000634   9.4546E+02  1.8103E+01  5.9436E+01
0000635   5.1967E+02  2.7442E+02  2.3856E+02
0000636   5.1050E+02  5.6803E+01 -8.6218E+01
0000637   7.1767E+02  3.6652E+02  1.7735E+02
0000638   2.8464E+02  1.9146E+02  1.5047E+02
0000639   5.4206E+02 -2.4629E+02  3.6601E+02
0000640   5.4598E+02 -3.3791E+02 -1.3049E+02
0000641   3.7670E+02 -1.5626E+01 -6.2017E+01
0000642   2.5757E+02 -8.5129E+01 -3.9463E+02
0000644   3.4682E+02  1.3852E+02 -2.8440E+02
0000645   4.7137E+02 -2.1446E+02  1.8882E+02
0000647   4.3515E+02 -6.5321E+01  1.9031E+01
0000648   5.9517E+02  1.0640E+02  1.2393E+02
0000649   2.4636E+02  3.6970E+01 -1.2637E+02
0000650   2.9734E+02  1.4451E+02  1.3188E+02
0000651   4.3088E+02 -8.3832E+01 -2.7553E+01
0000652   4.4339E+02 -1.4721E+02 -3.3005E+02
0000653   1.9262E+02  1.6793E+01  1.9560E+02
0000654   3.9937E+02  1.5924E+02  2.2783E+02
0000655   7.7763E+02  8.7740E+01  1.1261E+02
0000656   4.7586E+02  1.6998E+02 -7.9956E+01
0000658   4.6575E+01 -3.1450E+02  9.4610E+01
0000659   3.8099E+02  1.0257E+02 -1.5555E+02
0000660   1.8041E+02  2.4420E+02  1.7572E+02
0000661   5.4770E+02 -8.8623E+01  1.3551E+02
0000662   2.1299E+02 -1.7286E+02  2.8974E+02
0000663   1.0271E+02  2.2059E+02 -3.1946E+01
0000664   9.4283E+02 -2.1920E+02  4.8409E+01
0000665   5.7985E+02 -2.5558E+02  1.2093E+02
0000666   4.4199E+02  2.3258E+02 -1.3601E+02
0000667   4.0716E+02 -9.6026E+01 -1.7845E+02
0000668   4.4920E+02  2.9942E+02 -9.9318E+01
0000669   4.8448E+02  2.6738E+02 -2.3688E+01
0000670   4.6272E+02  1.5926E+02 -1.9856E+02
0000671   7.0119E+02  2.8129E+01 -6.9368E+01
0000672   2.0698E+02 -2.3182E+02 -3.1912E+02
0000673   1.2930E+02 -2.7142E+00  2.5215E+02
0000674   4.6425E+02  3.3907E+02  1.8007E+02
0000675   5.5108E+02 -2.3772E+02 -2.5728E+02
0000676   1.9693E+02  4.3329E+02  2.2401E+02
0000677   2.4043E+02  2.7273E+01 -2.0255E+02
0000678   5.1018E+02 -2.9661E+01 -5.7824E+01
0000679   5.3188E+02 -2.6564E+02 -1.4342E+02
0000680   7.0212E+02  2.2783E+02  2.6595E+02
0000681   1.7771E+02  2.3076E+02  1.8725E+02
0000682   1.9022E+02 -3.9399E+01 -1.0792E+01
0000683   2.6689E+02  1.9689E+02  7.5856E+01
0000684   3.6440E+02  4.9152E+01 -3.9922E+02
0000685   7.8979E+02 -1.6122E+02 -2.2196E+02
0000686   4.0046E+02 -3.2562E+02 -1.7965E+02
0000687   3.7617E+02 -1.7717E+02  2.6271E+02
0000688   7.8328E+01 -4.3162E+02  3.9091E+02
0000689   5.3515E+02 -2.3269E+02 -2.3972E+02
0000690   2.7353E+02 -1.4539E+02 -4.0025E+02
0000691   5.0987E+02  2.1433E+02  6.1461E+01
0000692   5.5020E+02 -2.4553E+02 -5.1231E+01
0000694   6.9036E+02  2.3704E+02 -2.7260E+02
0000695   4.4986E+02 -3.9684E+02 -6.9344E+00
0000696   2.6827E+02  2.2694E+02  9.1351E+01
0000697   4.9199E+02 -2.8232E+02  2.7805E+02
0000698   5.7968E+02 -1.3964E+02  3.0763E+02
0000699   3.8475E+02 -3.1260E+01  6.5380E+00
0000700   3.4338E+02 -2.4400E+02  3.1924E+02
0000701   3.2996E+02  1.4017E+01 -4.1502E+01
0000702   4.7872E+01  2.8357E+02 -1.7085E+01
0000703   5.5510E+02  2.0844E+01  4.6968E+02
0000704   4.2578E+01 -1.0117E+02  4.8935E+01
0000705   1.6472E+02 -6.6417E+01 -2.8839E+02
0000706   3.4572E+02 -9.2189E+01 -2.1555E+02
0000707   1.2856E+02 -2.7356E+01 -3.1769E+02
0000708   5.8471E+02 -4.9255E+01 -3.4140E+02
0000709   1.5417E+02  1.5891E+01 -4.2347E+01
0000710   4.9552E+02  2.5388E+01 -6.0916E+01
0000711   4.8032E+02 -3.4420E+02  1.8362E+02
0000712   3.6011E+02  1.1642E+02  4.0412E+02
0000713   3.3955E+02  2.6887E+02  3.6708E+00
0000714   3.5589E+02  3.6936E+02 -2.4279E+02
0000715   7.6015E+02 -1.9215E+02  6.0677E+01
0000717   5.2389E+02 -3.2682E+02  4.0883E+02
0000718   5.3289E+02 -1.8876E+02 -2.2125E+01
0000719   4.6421E+02 -1.2389E+02 -6.8589E+01
0000720   4.6953E+02 -1.9659E+02  1.8746E+02
0000722   4.6580E+02  3.9341E+00  3.5120E+02
0000723   2.6167E+02 -1.3698E+02 -6.4258E+01
0000724   5.3076E+02 -3.7302E+02  3.5134E+00
0000725   1.6284E+01 -4.8551E+01  1.2288E+02
0000726   5.9246E+02 -1.2475E+02 -1.3413E+02
0000727   5.4388E+02  8.5175E+01  1.4965E+02
0000728   2.1857E+02 -1.1482E+00 -4.7267E+01
0000729   3.5427E+02 -2.0532E+02 -3.3777E+02
0000730   3.3584E+02 -1.2594E+02 -2.7189E+02
0000731   3.2129E+02  5.9783E+01 -4.6037E+02
0000732   5.1141E+02  1.6838E+02  5.0078E+00
0000733   3.7297E+02  3.1051E+02  1.1185E+02
0000734   3.7422E+02  7.2040E+01 -1.4839E+02
0000735   3.2430E+02 -7.6346E+01  1.5267E+02
0000736   4.1598E+02  1.4274E+02  3.4206E+02
0000737   1.9324E+02  8.1007E+00 -3.9305E+01
0000738   6.3784E+02 -4.3906E+01  4.3845E+02
0000739   4.0255E+02 -1.6813E+02 -3.7345E+02
0000740   4.6602E+02  1.1860E+02  1.0903E+02
0000741   2.9109E+02  9.1771E-02  2.2241E+02
0000742   2.2531E+02  1.5185E+01 -1.1757E+02
0000743   4.0465E+02  1.0668E+02  1.2996E+02
0000744   4.3815E+02 -2.8288E+02  3.1899E+02
0000745   9.0707E+01 -3.2897E+02  3.1741E+02
0000746   4.5752E+02  2.0632E+02 -8.5110E+01
0000747   6.0305E+02 -2.6323E+02 -2.4042E+01
0000748   3.6699E+02  3.5162E+02  1.9574E+02
0000749   4.3491E+01 -8.2809E+00  1.0987E+02
0000750   3.9436E+02 -5.2103E+01  2.2416E+01
0000751   2.9963E+02  2.6078E+02 -5.2885E+02
0000752   4.9827E+02 -2.2486E+02 -2.2972E+02
0000753   2.4065E+02 -1.5673E+02  5.1411E+01
0000754   4.2625E+02 -2.8858E+01  3.4992E+01
0000755   4.0742E+02  3.8987E+02  4.9282E+02
0000757   6.6299E+02  2.2682E+02  1.1450E+02
0000758   5.2087E+02 -1.4322E+02  2.1520E+02
0000759   9.6800E+01  1.8161E+01 -1.2333E+02
0000761   5.5510E+02 -1.1797E+02 -6.0662E+01
0000762   2.4715E+02  3.9710E+01 -8.9757E+01
0000763   2.0166E+02  7.5297E+00  3.0292E+02
0000765   2.9521E+02 -8.0977E+01  7.6506E+01
0000766   5.3239E+02 -2.6003E+02  7.6246E+01
0000767   1.5993E+02  2.8689E+02 -1.2557E+02
0000768   3.7214E+02  3.4597E+01  2.3650E+02
0000769   4.9701E+02 -2.1947E+02 -2.7669E+02
0000770   4.2801E+02  1.4756E+02 -1.2011E+02
0000771   2.1852E+02  4.4053E+01 -1.9679E+01
0000772   5.7619E+02  4.7368E+01 -1.3938E+02
0000773   2.6207E+02  4.2378E+02 -1.2243E+02
0000774   5.2095E+02  4.5998E+02 -3.3793E+01
0000775   3.0103E+02 -2.7583E+02 -1.1904E+00
0000776   7.1265E+02  7.5625E+01  2.0236E+02
0000777   5.0330E+02  2.7907E+00  2.9295E+02
0000778   5.6721E+02 -2.8969E+02 -1.0650E+02
0000779   2.6855E+02 -2.7435E+02  6.2666E+01
0000780   2.3494E+02 -1.4888E+02  8.7061E+01
0000781   4.0922E+02 -1.9257E+02 -1.9997E+02
0000782   2.5798E+02 -1.7019E+02  1.1434E+02
0000783   5.6773E+02  1.3153E+02  1.7648E+01
0000784   5.6020E+02 -2.2678E+02  9.7933E+01
0000785   3.8400E+02  7.2667E+01 -6.2391E+01
0000786   1.6500E+02 -4.2322E+02 -1.1100E+02
0000787   7.3881E+02 -1.4982E+02 -1.3569E+01
0000788   8.9976E+01 -1.7676E+02 -1.7962E+02
0000789   7.4744E+02  2.1578E+01  6.8591E+01
0000790   1.8282E+02 -9.8466E+01 -1.4871E+02
0000791   4.0494E+02  1.4122E+02 -2.3077E+02
0000792   3.7144E+02  6.1298E-01 -2.2838E+02
0000793   4.7991E+02 -7.0936E+01  2.1742E+02
0000794   3.9763E+02  1.3625E+02 -1.4343E+02
0000795   3.9278E+02  1.6399E+02 -8.9600E+01
0000796   4.4289E+02 -2.9480E+02 -2.1710E+02
0000797   3.4856E+02 -1.9011E+02  2.5591E+02
0000798   3.4508E+02  1.4850E+01  2.2128E+02
0000799   2.8422E+02  8.1763E+01 -2.0926E+02
0000800   5.2903E+02 -3.6655E+01 -1.5805E+02
0000801   2.1807E+02  3.9936E+01 -3.5317E+02
0000802   3.7622E+02 -6.6450E+01 -8.4685E+01
0000803   3.3571E+02  4.4775E+02  2.0422E+02
0000805   1.7637E+02  1.1229E+02  4.6974E+02
0000806   5.7306E+02  4.1489E+02 -5.5106E+01
0000807   1.8284E+02 -1.5346E+01  1.8684E+02
0000808   6.3815E+02 -2.8112E+01  1.4094E+02
0000809   7.1236E+02  2.9935E+01  9.0991E+01
0000810   3.4223E+02 -2.6159E+02  4.5772E+02
0000811   7.1102E+02  4.0724E+00  4.0892E+02
0000812   4.0652E+02 -2.9534E+02  2.5788E+02
0000813   7.1195E+02  2.3235E+02 -1.3150E+02
0000814   2.6489E+02 -3.7620E+02  4.1675E+02
0000815   4.4298E+02  2.0641E+02 -1.7571E+02
0000816   5.4261E+02 -1.1127E+02 -1.2231E+02
0000817   1.0572E+02  5.2218E+02  3.6530E+01
0000818   3.9486E+02  4.3958E+01  6.5681E+01
0000819   3.7893E+02 -8.3387E+01 -7.5386E+02
0000820   9.6633E+02  4.3788E+01  1.9976E+02
0000821   7.3505E+00  5.0173E+00 -1.5004E+02
0000822   4.5299E+02 -1.6123E+02 -1.6532E+02
0000823   9.6249E+01  1.8688E+01  2.2980E+01
0000824   2.3736E+02  5.7931E+01  3.6599E+01
0000825   3.5018E+02 -7.9694E+00 -1.7055E+02
0000826   5.9491E+02 -2.5113E+01  3.2751E+02
0000827   6.1185E+02 -1.0732E+02 -1.7830E+02
0000828   2.4095E+02 -3.1978E+02  2.6828E+02
0000829   5.2546E+02  2.0233E+02  1.7234E+02
0000830   4.1745E+02  1.7078E+02  4.8161E+01
0000831   2.4776E+02  2.7439E+02 -1.7895E+02
0000832   1.5782E+02  4.3741E+02 -5.6874E+01
0000833   5.4922E+02 -1.4211E+02  1.7697E+02
0000834   4.5565E+02 -7.9696E+01  1.0196E+00
0000835   1.5189E+02  4.2660E+02  1.3511E+02
0000836   4.5843E+02 -1.6817E+01 -3.0248E+02
0000837   3.6839E+02 -4.2094E+01 -1.3772E+02
0000838   6.1967E+02  1.3437E+02  6.3630E+01
0000839   7.5844E+02  5.2384E+02  2.4791E+02
0000840   6.0307E+02  1.5554E+01  5.4387E+01
0000841   9.8113E+01  1.9893E+02 -5.2021E+01
0000842   2.4204E+02  4.5447E+01  3.6254E+02
0000843   5.4723E+02  2.1305E+02 -1.5540E+02
0000844   3.5926E+02 -1.3650E+02  1.1672E+02
0000845   7.7445E+02 -1.8123E+02 -1.4093E+02
0000846   2.9393E+02  4.3574E+00  1.1910E+02
0000847   3.4983E+02 -4.1558E+01  7.3262E+01
0000848   4.7672E+02  2.8349E+02 -7.5209E+01
0000849   5.1637E+02  9.1374E+01  1.3300E+02
0000850   4.4443E+02 -2.8180E+02 -1.2588E+02
0000851   3.1234E+02 -8.6101E+01  1.0365E+02
0000852   6.5237E+02  2.5408E+02  5.6268E+00
0000853   3.5843E+02 -3.0529E+02 -2.3509E+02
0000854   6.5777E+02  1.0623E+02  1.2227E+02
0000855   2.9575E+02  1.6113E+02 -2.3401E+02
0000856   4.6879E+02  3.8204E+02 -1.8915E+02
0000858   5.5745E+02  1.3499E+02 -1.2886E+02
0000859   6.5382E+02  3.5436E+01 -5.8686E+01
0000860   2.4825E+02 -1.7720E+01 -1.7854E+02
0000861   4.4525E+02  1.3138E+02 -2.2872E+02
0000862   5.6019E+02 -1.2019E+02  5.9838E+01
0000863   2.9309E+02  3.9785E+02 -3.6033E+02
0000864   2.9868E+02  5.0840E+00 -1.5850E+02
0000865   4.4638E+02 -1.0728E+01 -1.9242E+02
0000867   2.0835E+02  1.5277E+02 -4.6629E+01
0000868   3.2629E+02  7.5869E+00 -1.4358E+02
0000869   6.6983E+02 -2.3051E+02  1.1511E+02
0000870   4.7585E+02 -5.4082E+01  1.2379E+02
0000871   5.1982E+02 -1.0589E+02 -1.2436E+02
0000872   4.9848E+02 -4.0275E+02 -3.2980E+02
0000873   5.8271E+02  2.3456E+01  1.4924E+01
0000874   7.5036E+02  3.0952E+02  3.2620E+01
0000875   1.7295E+02  1.6158E+02 -2.9401E+02
0000877   1.3720E+02  5.5921E+00 -5.1501E+02
0000878   6.1556E+02  3.1663E+02 -2.6332E+02
0000879   1.1692E+02  1.5042E+02 -2.4776E+01
0000880   3.1553E+02 -1.8075E+02 -6.2099E+01
0000881   9.9172E+02 -8.0731E+01  1.1112E+02
0000882   5.9011E+02 -2.8921E+02 -1.4052E+02
0000884   4.6789E+02 -9.6500E+01  9.7058E+01
0000885   4.8793E+02 -9.4543E+00 -1.9927E+02
0000886   1.0777E+02  1.4776E+02  5.2252E+01
0000887   4.8442E+01  1.3609E+02  1.4560E+01
0000888   6.9796E+02 -2.0929E+02  2.8587E+02
0000889   2.6818E+02 -4.8788E+02 -1.2197E+02
0000890   4.5608E+02 -1.0101E+02 -8.0020E+00
0000891   4.5567E+02 -1.8832E+02 -2.9470E+02
0000892   6.3900E+02 -1.0284E+02 -9.0338E+01
0000893   8.1363E+01 -3.7280E+02  1.4718E+01
0000894   4.9471E+02 -1.6794E+02  1.7120E+02
0000895   5.6447E+02 -1.8125E+01  1.6312E+02
0000896   4.8186E+02 -1.5537E+02 -3.1413E+02
0000897   5.2160E+02 -6.9149E+01  3.9082E+02
0000898   4.7513E+02 -1.4350E+02  9.0963E+01
0000899   6.9123E+02  1.3913E+02 -1.9858E+02
0000900   4.0682E+02 -3.9162E+02 -1.0294E+02
0000901   1.3614E+02  5.8840E+01  4.0197E+02
0000902   1.0049E+02  3.4368E+02 -1.0298E+02
0000903   6.7543E+02  2.3511E+00  3.1573E+02
0000904   5.9736E+02 -3.3059E+02 -4.0520E+02
0000905   1.7072E+02 -2.6089E+02 -1.7243E+01
0000906   4.1739E+02  1.6728E+01 -6.6248E+01
0000907   1.9549E+02 -2.0089E+02  1.8968E+02
0000908   3.1738E+02 -3.0845E+01  2.4437E+02
0000909   4.5391E+01  9.7191E+01 -4.0558E+02
0000910   7.1906E+02 -5.3713E+01 -3.5953E+02
0000911   2.7137E+02  4.5627E+02 -1.2255E+01
0000912   5.5910E+02  1.2985E+02  1.0886E+02
0000913   3.5236E+02 -1.8079E+02 -1.9032E+02
0000914   4.8625E+02  2.1292E+02 -3.4946E+01
0000915   8.6880E+02 -8.0557E+01  2.6928E+02
0000916   3.2231E+02 -4.7297E+02  1.1071E+02
0000917   5.5950E+02  2.7261E+02 -1.0364E+02
0000918   3.9087E+02 -7.1180E+01 -6.6073E+01
0000919   4.4350E+02 -6.2359E+01 -2.6718E+02
0000920   2.3359E+02  5.4872E+01 -1.1297E+02
0000921   2.5668E+02  3.5998E+02  9.8958E+01
0000922   4.7336E+02  2.0449E+02 -3.5029E+01
0000923   2.9287E+02  1.0065E+02  7.8735E+01
0000925   3.2864E+02  7.3309E+01  5.8079E+01
0000926   4.8016E+02  3.9017E+01  2.1493E+02
0000927   3.2548E+02 -9.9429E+01 -1.8075E+01
0000928   3.1299E+01 -2.7265E+02  7.3202E+01
0000929   3.3398E+02 -2.3588E+02 -2.2718E+02
0000930   5.6143E+02 -2.6108E+02 -3.7641E+00
0000931   7.3815E+02 -3.6551E+02  1.9163E+02
0000932   5.3323E+01  1.6441E+02 -3.9778E+02
0000933   6.9486E+02 -5.3292E+01 -1.8333E+02
0000934   5.5903E+02 -2.6897E+01 -1.3003E+02
0000935   2.2646E+02  2.1578E+02  1.9421E+02
0000936   2.6570E+02 -7.2301E+01 -1.2955E+02
0000937   1.1035E+02 -2.7092E+01  3.5013E+02
0000938   5.8933E+02 -2.4613E+01 -3.2300E+02
0000939   5.6235E+02  1.2419E+01 -3.0511E+01
0000940   5.8732E+02  4.5548E+00  1.4056E+02
0000941   6.3966E+02 -1.4361E+02 -2.6485E+02
0000942   1.8920E+02 -2.0685E+02  1.1347E+02
0000943   6.1108E+01 -1.7596E+02  7.9165E+01
0000944   5.4185E+02 -3.0611E+02 -5.4828E+01
0000945   7.1667E+02 -2.1737E+02 -1.1496E+02
0000946   3.0564E+02 -3.3571E+02 -5.4868E+02
0000947   7.3478E+02 -1.9880E+02 -1.3391E+02
0000948   5.3468E+02  1.4779E+02 -2.8171E+02
0000949   5.1074E+02 -5.8034E+02 -7.6216E+01
0000950   2.3436E+02 -2.0872E+02  6.2861E+01
0000951   7.6399E+02 -1.9419E+02 -3.4297E+01
0000952   3.7775E+02 -8.3352E+01  2.2608E+02
0000953   3.0136E+02  5.1674E+01  1.3576E+02
0000954   6.8374E+02  4.7368E+01 -8.2165E+01
0000955   3.0222E+02 -1.8061E+02 -2.3032E+02
0000956   1.8414E+02 -1.3485E+02  1.9272E+02
0000957   3.8032E+02 -3.5077E+02  2.5818E+02
0000958   2.4379E+02 -7.0584E+02  2.2600E+02
0000959   5.7081E+02 -9.3866E+01  2.5331E+02
0000960   1.2754E+02 -2.0862E+02 -3.2809E+01
0000961   5.7111E+02 -9.2031E+01  2.9856E+01
0000962   5.3016E+02  2.8337E+02 -1.5960E+02
0000963   7.5037E+02  2.6364E+02 -2.9144E+02
0000964   4.8304E+02 -1.8158E+02  2.1571E+01
0000965   5.0347E+02  4.6779E+01  1.5383E+02
0000966   2.1442E+02 -2.6825E+02  4.6190E+02
0000967   5.9789E+02 -6.4134E+01  1.6090E+02
0000968   2.8555E+01 -4.6959E+01  5.7987E+02
0000969   3.4255E+01 -1.5529E+02 -3.2156E+00
0000970   2.0764E+02 -3.5454E+02  1.1978E+02
0000971   8.8988E+02  2.2098E+01 -1.0888E+02
0000972   3.1632E+01 -1.3713E+02  4.7216E+01
0000974   1.1557E+02 -1.8342E+02  1.1231E+02
0000976   3.4178E+02 -2.8139E+02  3.4605E+02
0000977   6.9431E+02  2.7854E+02  1.0717E+02
0000978   4.1605E+02  3.6821E+01 -6.3701E+01
0000979   5.7168E+02 -1.0304E+02 -3.6524E+02
0000980   6.4511E+02 -8.3796E+01 -3.0704E+02
0000981   1.3586E+02  1.4230E+02  2.3952E+02
0000982   5.9398E+02 -2.2899E+02 -4.9213E+02
0000983   5.0547E+02 -3.3872E+02 -9.2352E+01
0000984   3.2903E+02 -5.7252E+01  1.5071E+02
0000985   6.0164E+02 -7.8141E+00 -1.5272E+02
0000987   5.1428E+02 -2.0793E+02  2.3361E+02
0000988   3.7895E+02  3.6589E+02 -5.9050E+01
0000989   3.1571E+02  1.5762E+02 -1.7777E+02
0000990   1.2871E+02  1.0889E+02 -9.4503E+01
0000991   2.5381E+02  2.4696E+01  9.5791E+01
0000993   3.8676E+02 -2.1123E+01  3.3098E+00
0000994   7.4704E+02 -6.0910E+01  1.3579E+02
0000995   6.6633E+02  1.2951E+02 -2.2971E+02
0000996   4.4564E+02  3.2770E+02 -1.2655E+02
0000997   6.8535E+02 -8.8179E+01 -7.4574E+01
0000998   2.5143E+02 -3.2985E+02  1.8646E+02
0000999   5.5706E+02  8.3505E+01  4.3918E+02
0001000   3.3080E+02 -3.2139E+01  4.9648E+01
