============================== SRIM-2013.00 ==============================
==============================================================================
====== SRIM Outputs\RANGE_3D.txt : File of Final Ion Positions =====

Ion =  F (09)   Ion Mass= 018.9984
Energy  = 2000000.E-05 keV
Ion Angle to Surface = 00.0 degrees
==================== TARGET =======================
  Layer # 1 - None
  Layer # 1 - Bottom Depth=500000.E-01 A
  Layer # 1 - Density =0007.8700 g/cm3
  Layer # 1 -  100 % of Fe
様様様様様様様様様様様様様様様様様様様様様様様様様様
                                            
Ion       Depth  X   Lateral Y   Lateral Z  
Number    (Angstrom) (Angstrom)  (Angstrom) 
-------  ----------- ----------- -----------
0000001   3.9970E+02 -4.1102E+01 -1.1101E+02
0000002   1.6346E+02  8.6837E+01  7.4215E+01
0000003   2.4153E+02 -9.8238E+01 -1.0677E+02
0000004   1.0169E+02 -4.9457E+01  9.7555E+01
0000005   2.0196E+02  1.6345E+01 -7.7995E+01
0000006   2.9227E+02 -2.6152E+01  1.3986E+02
0000007   1.1250E+02 -1.3347E+02 -4.0464E+01
0000008   1.3055E+02 -2.1280E+02  1.8955E+02
0000009   1.2635E+02  2.4436E+01 -5.1343E+00
0000010   3.1905E+02 -2.0823E+01 -5.5001E+01
0000011   1.6008E+02  2.3870E+00 -1.4112E+01
0000012   1.7201E+02 -5.1475E+01  1.7062E+02
0000013   2.9351E+02  2.4184E+02  1.0166E+02
0000014   3.7582E+02  7.8051E+01  7.1863E+01
0000015   2.7791E+02  1.3863E+02  2.3454E+02
0000016   3.3265E+02 -6.3946E+01 -3.4966E+01
0000017   9.0967E+01  8.8399E+01  3.5989E+01
0000018   1.0806E+02 -4.4001E+01 -1.4611E+02
0000019   2.3117E+02  8.6005E+00 -6.9497E+01
0000020   2.6390E+01 -4.7468E+01 -5.4177E+01
0000021   2.6109E+02 -1.8086E+02 -1.0720E+02
0000022   6.8832E+01  1.2687E+02 -1.6962E+02
0000023   4.6495E+01 -2.3508E+01  4.9930E+01
0000024   7.2877E+01 -6.6170E+01 -4.0294E+01
0000025   3.8177E+02  2.5377E+02  9.2171E+01
0000027   4.5056E+02 -1.3668E+01  1.6316E+02
0000028   1.6983E+02  8.3642E+01 -1.5619E+02
0000029   9.1722E+01 -1.5877E+02 -1.1595E+02
0000030   1.3901E+02 -2.0128E+02 -1.1825E+02
0000031   3.4215E+02 -1.7593E+02  7.9812E+01
0000032   3.5407E+02 -2.5868E+02 -3.4637E+01
0000033   2.3806E+02 -4.6886E+01 -3.6170E+01
0000034   2.5170E+02  2.9055E+01  7.0346E+01
0000035   2.8595E+02 -8.7208E+01 -2.1756E+02
0000036   2.0374E+02  6.5009E+01  4.5208E+01
0000038   3.1872E+00 -1.8979E+01  7.9383E-01
0000039   2.2035E+02 -6.3565E+00 -3.2431E+01
0000040   2.7456E+02  2.2422E+01  3.6706E+01
0000041   3.2445E+01  3.2272E+01 -1.3165E+02
0000042   1.9694E+02 -1.7133E+02  4.7358E+00
0000043   2.5153E+02  7.5099E+01  1.0389E+02
0000044   2.7231E+02  5.0746E+01  1.6892E+01
0000045   2.5970E+02 -6.2370E+01  3.0505E+01
0000046   2.6913E+02  8.0714E+01 -8.2590E+00
0000047   1.3324E+02  7.5669E+01  1.9559E+02
0000048   2.5755E+02 -1.6489E+01 -1.7330E+02
0000050   4.2804E+02  1.3981E+01  1.1864E-01
0000051   4.1864E+02 -3.2224E+01 -1.2671E+02
0000052   1.0004E+02  1.1000E+01  8.1392E+01
0000053   3.5226E+02 -1.3187E+02 -2.2428E+02
0000054   2.7845E+02  7.9763E+01 -1.2370E+02
0000055   1.0440E+02  8.5560E+01  1.1869E+02
0000056   2.4970E+02 -2.9388E+01  9.2772E+00
0000057   7.9527E+01  8.1520E+01 -6.8883E+00
0000058   1.2405E+02 -4.5521E+01  4.7330E+01
0000059   1.2896E+02 -2.0638E+02  1.0589E+02
0000060   2.5109E+02 -3.5523E+01  2.2677E+02
0000061   1.2356E+02  1.4114E+02  4.9424E+01
0000062   2.3217E+02  2.6832E+02  1.1756E+01
0000063   1.5131E+02  1.0689E+02 -2.9899E+01
0000064   7.0773E+01 -5.6147E+00 -4.3896E+01
0000065   3.4555E+01 -3.7376E+01 -7.3467E+01
0000066   3.3030E+02 -3.2643E+01 -5.1151E+01
0000067   3.2652E+02  1.3644E+02  1.3395E+02
0000068   3.8514E+02 -2.2060E+02 -1.9076E+02
0000070   1.2988E+02 -8.2300E+00  1.8253E+02
0000071   3.3846E+02 -1.2067E+02 -1.6232E+02
0000072   1.9084E+02  4.8640E+01  1.8460E+02
0000073   2.7333E+02  5.5415E+01  1.2540E+02
0000074   1.7167E+02  5.5755E+01 -8.6884E+01
0000075   2.1369E+02 -1.9850E+02 -3.8510E+01
0000076   2.0375E+02  1.1857E+02  2.0096E+01
0000078   1.2316E+02 -5.5992E+01  1.3435E+02
0000079   2.7148E+02 -7.7875E+01  4.5718E+01
0000080   8.7858E+01  3.7231E+01 -4.4148E+01
0000081   1.0969E+02 -1.3851E+02  9.0069E+00
0000082   1.7789E+02 -1.7096E+02 -4.3037E+01
0000083   1.0260E+02 -1.7324E+02  4.4172E+01
0000084   2.1825E+02 -7.0919E+01  1.4122E+02
0000085   2.6365E+02 -1.9912E+02 -5.2457E+01
0000086   1.8379E+02 -6.0382E+01 -1.3565E+01
0000087   4.8791E+02  2.3569E+02  8.3063E+01
0000089   1.6957E+02 -1.6331E+02 -2.4889E+02
0000091   1.8250E+02  1.7529E+02 -3.2976E+01
0000092   2.4801E+02  1.4890E+02 -1.0563E+02
0000093   3.1959E+02 -1.7910E+02 -6.9050E+01
0000094   4.0286E+02  2.6871E+02  1.4540E+02
0000095   2.0075E+02  1.0467E+02  2.7665E+01
0000096   8.6850E+00 -1.1500E+02  7.9559E+00
0000097   3.1805E+02  3.0294E+02  2.0769E+02
0000098   1.9154E+02 -5.3400E+01  2.0115E+01
0000099   1.2562E+02  2.7932E+01  1.8787E+02
0000100   2.0842E+02  1.9939E+02  1.0832E+00
0000101   1.5385E+02  6.8000E+01  1.7853E+01
0000103   1.0056E+02  1.0664E+02  1.0276E+02
0000104   8.0678E+01  1.2668E+02  6.0889E+01
0000105   9.6266E+00  9.5714E+01  4.1163E+01
0000106   2.4313E+02  4.1027E+01 -1.1787E+02
0000107   3.1126E+02  1.5081E+02 -1.1669E+02
0000108   1.3789E+02 -7.2624E+01  1.6959E+02
0000109   1.7693E+02  1.3328E+01 -7.4405E+01
0000110   1.6418E+02 -2.8736E+02 -6.8510E+00
0000111   4.1268E+02 -2.3137E+02 -1.5377E+02
0000113   3.0225E+01  5.5532E+01  1.3717E+02
0000114   2.2661E+02  3.5292E+00 -8.1600E+01
0000115   3.8589E+02 -5.4695E+01  6.8566E+00
0000116   8.9703E+01 -5.7190E+01 -6.2513E+01
0000117   7.8050E+01 -1.1669E+01  7.4936E+01
0000119   4.4552E+02 -2.3637E+01 -8.5234E+01
0000120   9.4921E+01  1.0845E+02  1.2163E+02
0000122   3.5969E+02  9.4674E+01  1.6577E+01
0000123   2.2453E+02  4.4625E+01  4.4613E+01
0000124   1.3169E+02  4.7081E+01  1.4613E+02
0000125   3.9812E+02 -5.9139E+01 -9.2096E+01
0000126   5.2817E+02 -1.0456E+02  6.5320E+01
0000127   2.7718E+02 -1.4523E+02 -8.0854E+01
0000128   3.1468E+02  1.7406E+02  6.0907E+01
0000129   3.3782E+02 -6.5080E+01  8.0221E+01
0000130   3.0192E+02  4.4180E+01  1.7417E+02
0000133   1.6430E+02 -1.4499E+01  8.2263E+01
0000134   2.2119E+02  1.4089E+02 -8.6881E+01
0000135   3.6732E+02  5.1122E+01  1.1704E+02
0000136   2.2469E+02  4.3626E+00 -1.0574E+02
0000137   1.9898E+02 -6.8514E-01  2.2502E+02
0000138   1.6644E+02 -1.1441E+02 -7.8551E+01
0000139   1.6924E+02  1.4756E+02  2.7184E+01
0000140   1.3264E+02  5.1024E+01  7.8148E+01
0000141   2.8336E+02  2.6122E+01  6.7277E+01
0000142   2.9012E+02  5.1048E+01  1.4846E+02
0000143   2.6274E+02  4.2088E+01 -2.0597E+01
0000144   1.1550E+02 -2.4748E+01  3.4663E+01
0000145   1.4209E+02 -1.5984E+02  1.0522E+02
0000146   1.6789E+02  3.7728E+01  1.6899E+02
0000147   1.0294E+02  9.9242E+01 -1.9514E+02
0000148   2.1768E+02  2.3462E+02 -3.2474E+01
0000149   1.6985E+02 -1.0695E+02  8.2317E+00
0000150   2.0795E+02  1.9576E+01 -2.3844E+02
0000151   4.9977E+02 -7.6076E+01 -4.1558E+01
0000152   4.0961E+02  1.9468E+02 -9.1781E+01
0000154   1.6133E+02 -6.1441E+01 -4.1098E+01
0000155   2.7026E+02  3.7933E+00  3.3806E+01
0000156   1.2065E+02  1.2248E+01  6.6758E+01
0000158   3.3289E+02 -1.7073E+02 -1.8139E+01
0000159   3.8163E+02  1.7907E+02 -3.2457E+01
0000160   3.9450E+02 -9.3565E+01  1.5204E+01
0000161   2.9462E+02 -1.5468E+02  8.4228E+01
0000162   2.8016E+02 -6.1545E+01 -5.4909E+01
0000163   6.9411E+01 -1.1091E+02  1.8291E+01
0000164   4.5565E+02  1.1416E+02 -1.0456E+02
0000165   2.7449E+02 -1.2088E+02 -2.6860E+02
0000166   1.7752E+02 -1.2470E+01  2.6020E+01
0000167   1.9852E+02 -1.9604E+01 -5.2154E+01
0000168   2.0279E+02 -1.0555E+01  1.3718E+02
0000169   6.2929E+01  1.9919E+00 -4.9983E+01
0000170   3.3130E+02 -2.9901E+01 -2.2711E+02
0000171   9.9471E+01  1.1271E+01  9.2850E+01
0000172   2.5046E+02  1.6755E+02 -2.5832E+02
0000173   2.9904E+02 -4.2787E+01  1.0117E+02
0000174   1.5930E+02  4.7891E+01 -1.7212E+02
0000175   1.0695E+02  7.6956E+01 -4.7102E+01
0000176   3.0747E+02  2.2631E+02  1.1813E+01
0000177   3.4637E+02 -6.5645E+01 -7.2207E+01
0000179   1.3050E+02  2.7400E+02  7.0996E+01
0000180   2.3346E+02  2.1013E+02  9.6961E+01
0000182   2.2358E+02  4.7929E+01  1.5300E+02
0000183   1.3279E+02 -1.4498E+02 -4.8905E+01
0000184   2.6738E+02 -1.8559E+02 -2.0126E+02
0000185   2.1243E+02 -8.4751E+01  3.9536E+01
0000186   9.3131E+01  9.4484E+01 -1.0043E+02
0000187   1.5261E+02 -6.4450E+01 -6.8468E+01
0000188   1.2501E+02  1.8759E+01 -1.0690E+02
0000189   4.9922E+02 -6.0277E+01 -3.3822E-01
0000190   9.5045E+01 -1.8353E+02  1.4438E+01
0000191   2.5698E+02 -1.4360E+02  5.1191E+01
0000192   3.4301E+02  1.2823E+02  1.0703E+02
0000193   2.9376E+02  5.6303E+00 -1.7597E+02
0000194   8.1725E+01  1.7124E+01  6.6040E+01
0000195   1.7610E+02 -3.6586E+01 -1.5201E+02
0000197   7.7546E+01  2.1098E+02  1.4946E+02
0000198   4.1894E+01  2.4516E+01  3.0203E+01
0000200   3.7695E+02 -1.4546E+02 -1.6496E+02
0000201   3.8566E+02 -1.4970E+02 -1.6010E+01
0000202   7.3653E+01  1.8141E+02  1.1107E+02
0000203   1.2025E+02  4.6242E+01 -4.3142E+00
0000204   3.2453E+02  2.2091E+02  2.3177E+02
0000205   8.4878E+01  2.3134E+02  1.8082E+01
0000206   1.2619E+02 -7.5131E+01  1.9736E+02
0000207   3.0888E+02 -1.3065E+02 -1.3252E+02
0000208   3.0978E+02  1.2766E+02 -1.1367E+02
0000209   2.6637E+02  2.0552E+02  1.4484E+02
0000210   2.3954E+02  3.1043E+01  1.9533E+02
0000211   1.8244E+02 -4.6748E+01 -1.7823E+01
0000212   6.7449E+01 -2.4069E+01  2.5435E+02
0000213   3.3041E+02 -4.7495E+01  1.6894E+01
0000214   2.7567E+02  2.0009E+02  1.7098E+01
0000215   4.2676E+01  4.6959E+01  1.8457E+02
0000216   2.8692E+02  1.3549E+02  2.3496E+02
0000217   2.5628E+02 -1.6595E+02 -4.1577E+01
0000218   2.2166E+02  2.3720E+02 -1.7397E+01
0000220   2.4777E+02  6.0174E+01  1.0183E+02
0000221   1.2898E+02 -6.7687E+00 -1.0031E+01
0000222   1.6559E+02  7.2809E+01 -7.3156E+01
0000223   3.4881E+02  1.3485E+02 -1.3739E+02
0000224   9.1500E+01  1.6586E+02  1.2677E+02
0000225   1.8447E+02  9.5472E+01  4.8953E+01
0000226   1.5763E+02 -1.0286E+01 -1.7382E+02
0000228   1.7135E+02  7.9231E+01  1.2148E+02
0000229   1.3418E+01  8.4449E+01 -2.0999E+02
0000230   2.0759E+02 -1.0442E+02  3.8807E+01
0000231   1.2927E+02  5.0068E+01  2.1866E+02
0000232   3.3167E+02  4.9504E+00  1.6933E+02
0000233   3.3513E+02  1.4792E+02 -1.4048E+02
0000234   5.6262E+01  8.2080E+01 -4.1177E+01
0000235   9.0356E+01  9.8805E+01 -3.5323E+01
0000236   1.5005E+02 -1.0579E+02  1.1430E+02
0000237   3.9452E+02 -2.4363E+01  1.3675E+02
0000238   2.0154E+02  1.2787E+02  1.5563E+02
0000239   6.0359E+01 -1.4051E+02  1.1958E+01
0000241   1.4158E+02 -1.9348E+01  1.3909E+02
0000242   4.0942E+02 -3.5937E+02  2.1034E+02
0000243   1.9894E+02  5.6741E+01  7.0780E+01
0000244   2.6742E+01 -1.7503E+01  6.9861E+01
0000246   2.9348E+02  1.4180E+02  1.9126E+01
0000247   6.7383E+01  1.6921E+02  1.4243E+02
0000248   9.2810E+01 -7.7894E+00  4.2737E+00
0000249   1.9893E+02  4.5922E+01 -2.0532E+02
0000250   3.0617E+02  2.2520E+01 -5.8642E+01
0000251   3.1314E+02  2.0552E+01  9.2147E+01
0000252   1.3195E+02  3.1967E+02  1.0425E+02
0000253   1.6845E+02  8.3005E+01 -1.3468E+02
0000254   3.2347E+02  3.6101E+01  1.1157E+02
0000255   2.6713E+02  1.3286E+02  2.8305E+01
0000256   2.2820E+02 -4.0454E+01  1.0099E+02
0000258   2.6265E+02  1.2021E+02  2.2638E+02
0000259   9.2048E+01 -1.7168E+02 -9.4188E+01
0000260   5.9579E+01 -1.8136E+02  1.1264E+02
0000261   2.4189E+02 -7.2754E+01  8.1917E+01
0000262   2.6095E+02  1.0458E+02  2.1564E+02
0000263   1.1292E+02 -1.6902E+01  2.5421E+02
0000264   1.2764E+02  3.4845E+00  1.3305E+02
0000265   2.2429E+02  2.0268E+02 -1.0374E+02
0000266   2.2016E+02  5.6950E+01  7.1952E+01
0000267   2.3726E+02 -8.5692E+01 -2.7701E+01
0000268   9.1679E+01  4.9121E-01 -3.8007E+01
0000269   1.2976E+02  7.1682E+01 -5.8145E+01
0000270   1.0324E+02  9.1936E+01  6.3256E+01
0000271   4.5759E+02  3.6838E+01  9.5736E+00
0000272   2.7922E+02 -4.3764E+01 -1.4091E+01
0000273   3.6239E+02  1.4099E+02  7.2718E+01
0000274   2.9884E+02  2.4379E+02 -1.9400E+02
0000275   1.4982E+02 -1.0354E+02 -2.9285E+01
0000276   3.6982E+01 -5.8194E+01  9.1340E+01
0000277   1.6942E+01 -2.1521E+01 -1.3080E+02
0000279   2.8577E+02 -9.4504E+01 -1.0233E+01
0000281   1.4817E+02  2.2801E+02  1.8650E+02
0000282   1.0803E+02  9.7162E+01  6.3857E+01
0000283   4.1054E+02 -2.1788E-01 -1.2889E+01
0000284   4.2074E+02 -6.8173E+01  8.0446E+01
0000285   2.5807E+02  1.3931E+01  1.2930E+02
0000286   3.3012E+02 -1.1041E+02 -6.3804E+01
0000287   3.5271E+01  3.8457E+00  1.6620E+01
0000288   2.5764E+02 -1.1812E+02 -3.3423E+02
0000289   2.2817E+02  1.9024E+02 -6.4322E+01
0000290   2.5897E+02  2.3910E+01  2.2995E+01
0000291   2.1752E+02  2.4259E+02 -4.5452E+01
0000292   2.5656E+02  1.6485E+02  1.1103E+01
0000293   1.9093E+02  1.7437E+02  1.0017E+02
0000294   1.9405E+02  7.7753E+01 -9.2682E+01
0000295   1.3840E+02 -6.3262E+00 -1.0993E+02
0000296   3.0959E+02 -1.9630E+02 -1.7321E+02
0000297   3.6216E+02 -8.6089E+01 -1.4773E+02
0000299   4.2436E+02  1.6390E+02 -2.7469E+01
0000301   1.6393E+02 -2.7548E+02  1.7474E+02
0000302   2.6507E+02 -1.6221E+02 -1.3895E+02
0000303   8.5176E+01  7.9160E+01  4.3894E+01
0000304   8.4070E+01 -2.7549E+02 -3.6023E+01
0000305   2.8523E+02  1.1321E+02  1.4061E+00
0000306   1.9124E+02 -2.3298E+01 -7.3867E+01
0000307   2.4924E+02 -1.8070E+01  9.9221E+01
0000308   2.4380E+02  1.2955E+02  4.9808E+01
0000309   1.3041E+01 -4.3657E+01 -1.6245E+02
0000310   1.5122E+02 -7.5760E+01 -2.7670E+02
0000311   1.2617E+02  5.7026E+00 -1.7340E+02
0000312   3.8978E+02  2.3438E+01  2.8974E+02
0000313   1.9342E+02 -7.8934E+01 -1.1565E+02
0000314   4.2150E+01  5.8020E+01 -1.9676E+02
0000315   4.1534E+02 -2.3522E+02 -4.3414E+01
0000316   2.9948E+02 -1.8872E+02  8.1544E-01
0000317   9.6422E+01  9.8149E+01  3.2209E+01
0000318   3.2564E+02  1.9914E+01  8.2358E+01
0000319   1.6864E+02  7.2838E+01 -1.7183E+02
0000320   1.3116E+02  1.4590E+01 -2.1545E+02
0000321   2.3699E+02 -1.9852E+01  1.7442E+02
0000322   2.7418E+02 -5.8542E+01 -1.7929E+02
0000323   3.6977E+02  2.8450E+01  6.5018E+01
0000324   2.2447E+02  1.8387E+02  1.3571E+02
0000325   3.4285E+02  7.4384E+01  9.3546E+01
0000326   1.7253E+02 -7.8320E+01  7.5766E+01
0000327   4.6470E+02 -1.1312E+02 -4.4459E+01
0000328   1.5183E+02  5.0188E+01 -7.8395E+01
0000329   2.3059E+01  9.9748E+01  8.5787E+01
0000330   1.4495E+02 -1.8263E+02  1.3340E+02
0000332   4.8761E+01  8.7061E+01  7.7271E+01
0000333   2.3920E+02  3.7560E+01  4.4723E+01
0000334   1.7659E+02  2.2063E+01 -1.6195E+02
0000335   5.7823E+01  4.9314E+01 -6.2513E+01
0000336   1.5640E+02  2.9904E+01 -1.3041E+01
0000337   1.2415E+02  3.9343E+01 -2.0260E+02
0000338   2.3655E+02  9.6188E+01 -1.5187E+02
0000339   9.7220E+01  5.7721E+01  2.5972E+01
0000340   3.5914E+02  1.4628E+02 -1.1772E+02
0000341   2.7259E+02  5.2644E+01 -9.4192E+01
0000342   2.9958E+02 -1.8033E+02  6.1489E+01
0000343   2.8529E+02  8.2737E+00 -7.1825E+01
0000344   3.9086E+02 -1.0680E+02 -1.6348E+02
0000345   3.0282E+02  1.9794E+02  2.2220E+01
0000346   3.4449E+01 -6.2070E+01 -1.3447E+01
0000347   1.9026E+02 -1.5236E+02  2.0980E+02
0000348   4.1530E+02  8.6557E+01 -1.7442E+02
0000349   1.7280E+02  2.7669E+01 -1.9355E+02
0000350   2.6226E+02 -8.7326E+01  7.6984E+01
0000351   4.2094E+01 -6.4937E+01  1.8071E+02
0000352   2.9784E+02  1.0669E+02  1.9905E+02
0000353   9.8453E+01  3.7103E+01 -2.0918E+01
0000354   1.6990E+02  1.1995E+02 -2.4334E+02
0000355   5.7083E+01 -2.9461E+01  6.3957E+01
0000356   1.0353E+02  2.4106E+01  8.7978E+01
0000357   1.1420E+02 -2.3307E+02 -2.5000E+02
0000358   2.2330E+02 -1.4047E+02 -1.9201E+02
0000359   2.3317E+01 -3.2109E+01 -7.6989E-01
0000360   3.1566E+02  1.0113E+02  5.9423E+00
0000361   2.3633E+02  3.5235E+01  2.8516E+00
0000362   3.8775E+02  1.2497E+02  2.9499E+02
0000363   8.2479E+01 -5.7376E+00  1.2681E+01
0000364   1.3217E+02 -1.6559E+01  4.4818E+01
0000365   1.3110E+02 -1.1055E+01  7.3256E-01
0000366   2.1345E+02  4.1499E+01 -1.4455E+02
0000367   1.1130E+02 -5.5502E+01  4.6800E+00
0000368   9.2050E+01 -2.9361E+00  1.8560E+02
0000369   1.9961E+02  1.5913E+01 -4.1629E+00
0000370   3.4208E+02  4.4850E+00  3.0762E+01
0000371   2.2180E+02 -2.0660E+02 -1.6936E+02
0000372   4.3237E+02 -3.4215E+01 -7.1015E+01
0000373   1.1286E+02  4.6617E+01 -6.4565E+01
0000374   1.8856E+02  1.8370E+02 -1.8220E+01
0000375   2.7144E+02  1.4167E+02 -4.1087E+01
0000376   3.6493E+02  8.9817E+01  2.2869E+02
0000377   3.2216E+02  2.1270E+02  1.0930E+01
0000378   7.6221E+01  6.4639E+01  5.1836E+01
0000379   5.3265E+01  5.1728E+01 -2.0771E+01
0000380   3.7527E+02  3.5750E+02 -2.4302E+01
0000381   1.4322E+02 -1.2250E+02 -1.2436E+02
0000382   3.5079E+02  1.3412E+02  4.7432E+01
0000383   1.7906E+02  7.7819E+01  6.8089E+01
0000384   1.5115E+02  4.5959E+01  1.6017E+02
0000385   1.2549E+02 -4.1121E+01  2.5943E+01
0000386   1.2208E+02 -7.6718E+01 -2.2416E+02
0000387   2.0868E+02  8.2902E+01 -3.2690E+01
0000388   1.6254E+02  1.8777E+01 -1.5290E+02
0000389   9.9012E+01 -1.1318E+02 -2.9055E+01
0000390   3.7952E+02  1.1100E+02 -1.2702E+02
0000391   1.5576E+02  7.6754E+01 -1.1591E+02
0000392   2.8551E+02 -2.5534E+01 -3.0358E+00
0000393   2.8934E+02 -7.0975E+00 -1.9861E+01
0000394   2.9044E+02  1.2897E+02 -1.2994E+02
0000395   1.0722E+01 -6.0300E+01  1.9551E+01
0000396   2.8372E+02  9.8716E+01 -4.6077E+01
0000397   7.1989E+01  5.5215E+01 -1.8191E+01
0000398   1.3511E+02 -7.2510E+01  6.3237E+00
0000400   2.2911E+02  1.2103E+01 -4.2956E+01
0000401   2.5938E+02  1.6694E+02 -4.1752E+01
0000402   9.5857E+01 -7.5293E+01 -1.1471E+02
0000403   2.8595E+02  2.7823E+02  1.3151E+02
0000404   2.1134E+01  8.8194E+00 -4.0454E+01
0000406   1.5219E+02 -1.2181E+02  1.8261E+01
0000407   3.3228E+02 -1.6554E+02 -4.1520E+01
0000408   3.1794E+02 -6.5602E+00 -1.8451E+01
0000410   1.0891E+02 -1.4591E+02  4.6655E+01
0000411   3.2619E+02  9.9020E+00 -1.6763E+02
0000412   5.6658E+01 -2.2414E+02 -6.5952E+01
0000413   1.5984E+01 -1.9239E+01 -1.1068E+01
0000414   3.5836E+02 -7.9388E+01 -9.0956E+01
0000416   4.2033E+01 -1.9047E+02 -4.4376E+01
0000417   3.1114E+02  5.4508E+01 -3.4587E+01
0000419   2.8831E+02  2.1546E+02 -2.7849E+01
0000420   3.0911E+02 -4.1056E+01  1.5912E+01
0000421   5.7894E+01 -1.6285E+02 -2.6285E+02
0000422   5.3676E+01  4.6343E+01 -1.5827E+02
0000423   2.4074E+02 -4.2485E+01  1.2124E+01
0000424   1.7041E+02  1.6377E+02 -6.4612E+01
0000425   1.9728E+02  3.8760E+01 -7.0832E+01
0000426   2.1890E+02  2.5973E+00  3.1388E+02
0000427   2.0215E+02  4.0000E+01 -5.3950E+00
0000428   4.3693E+01  3.1925E+01 -7.7086E+01
0000430   2.7725E+02 -1.8366E+02 -6.0664E+01
0000431   2.7157E+02  4.7723E+01  1.6713E+01
0000432   3.7862E+01  9.4531E+01  5.6160E+01
0000433   2.5320E+02  2.9225E+01  1.1421E+02
0000434   1.3813E+02  1.0468E+01  3.1753E+02
0000435   1.8702E+02  4.0657E+01 -9.9476E+01
0000436   2.5750E+02 -3.7945E+01 -7.9666E+00
0000437   3.7462E+02 -1.5656E+01  9.3053E+01
0000438   1.1338E+02  5.4729E+01 -1.0425E+02
0000439   1.0158E+01  6.7609E+01 -5.1400E+01
0000440   2.1608E+02  6.0302E+01 -5.8374E+01
0000441   2.6626E+02  8.1633E+00  2.4429E+02
0000443   2.6163E+02  6.3152E+01 -5.3358E+01
0000444   1.9043E+02 -3.1492E+02 -7.4018E+01
0000445   9.5757E+01 -9.6748E+01  1.5221E+02
0000446   2.0654E+02 -2.5775E+01  1.4088E+02
0000447   8.8342E+01  7.3805E+01  1.4280E+02
0000449   4.1954E+02 -1.3153E+02 -1.7930E+02
0000450   2.2596E+02 -7.8231E+01  1.7844E+02
0000451   2.9083E+02  1.4030E+02 -5.0940E+01
0000452   7.5162E+01  1.7071E+02  5.8839E+01
0000453   4.3415E+02 -4.3665E+01  1.4958E+01
0000454   2.4131E+02  1.8397E+02  4.1744E+01
0000455   3.3455E+02  6.3708E+01  1.7090E+02
0000456   2.8240E+02 -2.3036E+01 -1.7165E+01
0000457   1.1852E+02 -3.5479E+01  5.7984E+01
0000458   5.5677E+01  1.0345E+02  1.4342E+01
0000459   4.5250E+02  3.6653E+01  1.8142E+02
0000460   5.3711E+01 -8.1606E+01 -1.3179E+02
0000461   3.8402E+02  1.1971E+02  1.3309E+02
0000462   3.8979E+02  9.0700E+01  1.3189E+02
0000463   1.1306E+02  4.2275E+01 -4.2209E+01
0000464   2.2550E+02 -4.2634E+00  2.7084E+02
0000465   1.5559E+02  9.2100E+01 -3.2812E+02
0000466   3.1290E+02  8.2501E+01 -6.4681E+01
0000467   2.3451E+02 -1.6678E+01 -1.4411E+01
0000468   7.3806E+01 -5.9106E+01 -4.1939E+01
0000469   4.6979E+02 -1.1854E+02 -1.4860E+02
0000470   4.3914E+02 -2.2100E+02  3.9246E+01
0000471   8.2983E+01 -1.7610E+02  2.6166E+02
0000472   2.2900E+02  1.0935E+02 -1.7492E+02
0000473   3.4188E+02 -7.6299E+01  7.1337E+01
0000474   2.6915E+02 -9.2708E+00  1.6527E+02
0000475   1.5325E+02  7.5104E+01  1.1380E+02
0000476   2.3464E+02 -1.8425E+01 -2.4407E+02
0000477   1.3608E+02  1.2108E+02  7.1664E+01
0000478   4.6999E+02 -8.5792E+01  1.1964E+01
0000479   1.0136E+02  2.1100E+01 -8.7841E+00
0000480   4.5986E+02  9.8714E+01  6.3889E+01
0000481   2.4693E+02 -7.1869E+01 -1.9986E+02
0000482   1.5786E+02 -5.6194E+01  6.1851E+01
0000483   2.1987E+02  2.7755E+02  1.2226E+02
0000484   1.3619E+02 -1.0029E+02 -5.8332E+01
0000485   1.5814E+02 -5.7778E+01 -1.0257E+02
0000486   1.3199E+02 -1.1519E+02 -6.9683E+01
0000487   3.7116E+02 -1.0232E+02  1.5412E+02
0000488   1.6231E+02 -1.9676E+01  1.0625E+02
0000489   7.8293E+01 -4.8345E+01  4.8019E+01
0000490   3.6011E+02 -2.2499E+01  7.8932E+00
0000491   3.2060E+02 -1.1524E+02 -3.3938E+01
0000492   3.1546E+02  2.4405E+02 -8.6142E+01
0000493   2.0689E+02  4.9406E+01  6.2980E+01
0000494   2.4435E+02  8.1228E+01 -4.1755E+00
0000495   3.1812E+02 -2.7814E+02  1.1908E+01
0000496   1.5776E+02 -1.6100E+02  6.9641E+00
0000497   1.0678E+02 -2.9614E+02 -2.5071E+01
0000498   1.7292E+01  9.7149E+01  2.0376E+01
0000499   3.3573E+02  1.3621E+02  7.3999E+01
0000500   2.7226E+02 -4.2733E+01 -2.3559E+02
0000502   1.2389E+02 -3.4116E+01  1.8934E+01
0000503   1.5556E+02  5.5011E+01  1.3363E+02
0000504   3.2122E+02  6.1730E+01 -3.9996E+01
0000505   2.7893E+01 -1.0992E+02  5.6956E+01
0000506   2.3047E+02  1.4547E+02  1.0977E+02
0000507   1.7997E+02  1.3147E+02  9.7015E+01
0000509   5.8161E+02  3.3478E+01  9.8816E+01
0000510   2.5718E+02  4.0215E+01 -1.0887E+02
0000511   2.5076E+02  3.2671E+01 -2.1021E+02
0000512   1.0576E+02  6.3108E+01  4.0112E+01
0000513   2.4693E+02 -6.1521E+00  7.7409E+01
0000514   4.4441E+02  1.0206E+02 -6.5349E+01
0000515   2.1039E+02  1.6255E+02  2.5052E+01
0000516   2.4853E+02 -9.3548E+01 -1.5759E+02
0000517   7.9500E+01 -1.7333E+01 -2.3010E+02
0000518   2.1855E+02 -1.1334E+02  3.1065E+02
0000519   2.1423E+02 -1.2383E+02 -1.0140E+02
0000520   2.0131E+02  9.2047E+01  2.3333E+02
0000521   1.2997E+02  5.9998E+01  2.6393E+01
0000522   1.1709E+02 -1.0498E+01 -4.5075E+01
0000523   2.7916E+02  3.6953E+00 -9.3856E+01
0000524   4.2085E+02 -1.6581E+01 -1.7843E+02
0000525   2.6170E+02 -2.3423E+02  2.3096E+02
0000527   1.5232E+02 -3.5158E+01 -6.9770E+01
0000528   1.4712E+01 -2.1231E+02 -2.6942E+02
0000529   2.5628E+02  2.6151E+01  1.1448E+01
0000530   2.4342E+02 -1.0070E+02 -2.0794E+02
0000531   2.4033E+02 -1.9996E+02  6.6317E+01
0000532   1.7615E+02  3.9232E+02 -8.5062E+01
0000533   1.0898E+02  1.3021E+00 -7.1167E+00
0000534   3.5071E+02  6.7637E+01 -5.6281E+01
0000535   7.5835E+01 -1.3890E+02 -2.9449E+02
0000536   2.1362E+02 -1.2781E+02 -1.7085E+02
0000537   3.2208E+02 -8.4496E+01 -1.5871E+01
0000538   3.0959E+02  1.5981E+02 -1.8368E+02
0000539   1.8504E+02 -7.6951E+01 -4.1665E+01
0000540   9.4562E+01 -1.6439E+01 -9.9581E+01
0000541   1.6891E+02 -7.4001E+01  2.2051E+02
0000542   3.0133E+02  2.2591E+02 -3.0156E+01
0000543   1.9646E+02  1.0357E+02  3.9894E+01
0000544   1.0914E+02 -2.6085E+01 -6.8082E+00
0000545   2.1623E+02  4.6041E+01  2.4143E+02
0000546   8.6856E+01 -1.2651E+02 -1.4992E+01
0000547   1.7724E+02 -5.3553E+01 -1.9730E+02
0000548   1.5727E+02 -1.2896E+02 -4.3419E+01
0000549   2.3074E+02  9.4256E+01  5.5018E+01
0000550   2.0604E+02 -1.2643E+02  1.6251E+02
0000551   5.1175E+01 -1.9060E+02 -1.5633E+02
0000552   3.3326E+02 -1.5511E+02 -8.7001E+01
0000553   4.1664E+02  1.4470E+02  8.1413E+01
0000554   1.3165E+02  1.1096E+02  2.5738E+02
0000555   2.2541E+02  4.5879E+01  2.6945E+02
0000556   3.1117E+02  6.0061E+01 -1.8509E+01
0000557   1.5439E+02 -1.5235E+02  7.2285E+01
0000558   2.8443E+02 -9.6154E+01 -8.9691E+01
0000559   2.9281E+01  1.3198E+02  1.8982E+02
0000560   3.8224E+02 -1.3291E+02 -1.3912E+02
0000561   2.8317E+02  7.3022E+01 -1.4062E+02
0000562   2.2975E+02 -1.6123E+02  1.9607E+02
0000563   9.2296E+01  1.3826E+02  1.3033E+01
0000564   1.4671E+02 -1.3724E+02 -1.7185E+02
0000565   2.0176E+02 -1.9802E+02  2.0263E+02
0000566   1.3892E+02  5.2983E+01  1.9984E+02
0000567   2.9704E+02  3.1565E+01 -1.3579E+02
0000568   2.4443E+02 -1.2562E+02  1.4140E+02
0000569   1.0810E+02 -3.7786E+01  1.6270E+02
0000570   2.4417E+02  1.2030E+02 -2.2062E+02
0000571   1.5968E+02 -1.5524E+02  1.2833E+02
0000572   3.2198E+02 -1.0322E+02  1.2274E+02
0000573   4.5316E+01  3.5121E+01 -9.0961E+01
0000574   3.1281E+02 -1.4455E+02 -1.6121E+02
0000575   9.5020E+01 -7.0740E+01  9.9166E+01
0000576   2.6033E+01  5.6916E+01 -5.5615E+01
0000577   3.1389E+01  2.1204E+01  2.2532E+02
0000578   2.6720E+02 -1.8502E+01 -1.0440E+02
0000579   5.0943E+01  5.2481E+01  4.6398E+01
0000580   1.6892E+02  8.5402E+00  1.2856E+02
0000581   1.2848E+02 -7.0981E+00  3.0786E+01
0000582   6.8066E+01 -3.6914E+02  1.9531E+02
0000583   1.0007E+02  1.6246E+02  7.9367E+01
0000585   2.9700E+02  4.5900E+01  1.3987E+02
0000586   9.1385E+01  8.5359E+01 -2.7272E+01
0000587   8.3613E+01 -2.7622E+01  4.9815E+01
0000589   2.5521E+02  2.2321E+01  2.6800E+02
0000590   2.5162E+02 -1.5341E+02 -4.9887E+01
0000591   2.0974E+02 -4.4227E+01  1.8611E+01
0000592   2.3090E+02 -2.0735E+02  2.8908E+01
0000593   1.9447E+02  2.0862E+02  1.1325E+02
0000594   3.6473E+02 -2.1307E+02 -1.9935E+02
0000595   8.6674E+01  4.2499E+00 -4.3559E+01
0000596   8.4977E+01  1.1621E+02 -9.6326E+00
0000597   2.8518E+02 -5.4767E+01 -4.1598E+01
0000598   2.5597E+02  3.9275E+01  5.6942E+01
0000599   9.0718E+01 -1.4654E+02 -2.9126E+01
0000601   2.1185E+02 -9.1092E+01  2.5665E+01
0000602   2.9327E+02  2.2173E+01 -9.2112E+01
0000603   2.4847E+02 -8.3215E+01  8.3261E+01
0000604   6.6940E+01  2.9259E+01 -1.7593E+01
0000605   3.4606E+02 -1.8072E+02 -2.0838E+01
0000606   2.3956E+01  8.5041E+00 -4.3485E+01
0000607   1.1253E+02 -8.8991E+01 -1.9093E+01
0000608   4.2153E+02 -6.2536E+01  5.2183E+00
0000609   3.9506E+02  8.2903E-01  5.5581E+01
0000611   1.1344E+02  7.1394E+00  1.2864E+01
0000612   1.7546E+02 -1.0117E+02 -4.1949E+01
0000613   4.0575E+02  9.4937E+01  1.1908E+02
0000614   2.1795E+02  1.4364E+02 -4.0787E+01
0000615   1.8129E+02  1.2201E+02 -1.8528E+02
0000618   1.4529E+02 -2.1480E+02 -5.6463E+01
0000619   3.4514E+02 -4.9300E+01  6.5090E+01
0000620   3.9669E+02  7.1657E+01 -1.1819E+01
0000621   4.2686E+02  5.5176E+01  7.3158E+01
0000622   2.5645E+02  4.4363E+01 -2.2738E+02
0000623   1.3345E+02  1.9249E+02  5.2868E+00
0000624   1.9063E+02  1.2415E+02 -8.4364E+00
0000625   2.6213E+02  6.8930E+01  8.2091E+01
0000626   3.8272E+02 -1.0536E+02 -2.0053E+01
0000627   3.5033E+02  3.6774E+01 -8.4267E+01
0000628   3.3889E+01  4.5876E+01  1.4403E+01
0000629   1.7386E+02 -5.8431E+01  6.8374E+01
0000630   1.4152E+02  1.0390E+02 -6.0530E-01
0000631   1.1814E+02 -1.1298E+02  1.4154E+02
0000632   2.4160E+02 -5.9568E+01 -6.6902E+01
0000633   1.8556E+02 -2.1636E+01 -1.5969E+02
0000634   2.1477E+02 -9.6307E+01 -1.0859E+02
0000635   1.1118E+02  2.2481E+02 -4.8648E+01
0000636   1.8598E+02 -1.7689E+02  6.2958E+01
0000637   1.8601E+02  1.2957E+01 -9.2103E+01
0000638   3.8534E+02 -1.0933E+02  4.1241E+01
0000639   4.5514E+02  7.3558E+01  1.8291E+02
0000640   2.2734E+02  2.9771E+01  5.8563E+01
0000641   2.7841E+02  2.9135E+01 -4.6102E+01
0000642   2.4336E+02  6.7018E+00 -3.4527E+01
0000643   2.0642E+02  2.0565E+02  1.1929E+02
0000644   5.2988E+01  2.9512E+01  9.2935E+01
0000645   1.3278E+02 -3.1687E+01 -3.4883E+01
0000646   3.0121E+02 -5.4575E+01 -1.2237E+01
0000647   2.9723E+02  3.1471E+01  4.7052E+01
0000648   2.5768E+02  6.1896E+01  4.6621E+01
0000649   1.5826E+02  1.0791E+02 -1.1333E+02
0000652   3.8220E+02  8.0077E+01 -2.6383E+01
0000653   9.3027E+01 -8.5597E+01 -5.2796E+01
0000654   3.3135E+02  6.8993E+01 -4.1895E+01
0000655   2.4717E+01 -1.2475E+01 -1.5476E+01
0000656   2.4659E+02 -2.4359E+01  8.9331E+01
0000657   3.5650E+01  3.4615E+01  1.6774E+02
0000658   2.8235E+02  5.4339E+01  1.3039E+00
0000659   1.5249E+02  2.0633E+01 -8.4586E+01
0000660   4.2136E+02  2.7600E+01  7.3641E+01
0000661   1.5355E+02 -4.4059E+01 -1.1226E+02
0000662   1.5913E+02  2.1973E+02  2.2581E+02
0000663   1.8826E+02  9.3680E+01 -1.4314E+02
0000664   2.7621E+02 -1.7368E+02 -7.0220E-01
0000665   2.0938E+02  1.3505E+01  1.1839E+02
0000666   2.8536E+02  1.8512E+02  1.5635E+02
0000667   1.3852E+02  9.5642E+01 -1.8836E+02
0000668   2.7941E+02 -9.6131E+01  1.6229E+02
0000671   1.9509E+02  1.2193E+02 -1.8483E+02
0000672   1.9242E+02  5.9177E+01  1.2552E+02
0000673   2.1935E+02 -1.3625E+02  1.1483E+02
0000674   1.3210E+02 -1.1511E+02  3.2139E+01
0000675   3.1456E+02  1.4007E+02  5.2089E+01
0000676   2.3940E+02 -3.3336E+01 -8.1115E+01
0000677   6.0111E+01 -1.4447E+02  1.1974E+01
0000678   3.5165E+02 -2.0507E+02 -2.8562E+02
0000680   5.3527E+01  7.7956E+01  8.2911E+01
0000681   7.5254E+01 -1.1380E+01  8.7493E+00
0000682   2.2396E+02 -2.4698E+02 -1.1654E+02
0000683   2.4034E+02 -9.9766E+01 -3.8209E+01
0000684   2.9225E+02 -1.0289E+01 -2.2058E+02
0000685   1.8522E+02  3.0647E+01  9.8806E+01
0000687   2.3619E+02 -3.7089E+01 -2.0238E+01
0000688   1.1799E+02  2.2598E+01  1.4496E+01
0000689   1.8914E+02  6.8104E+01 -2.4965E+01
0000690   2.0292E+02  8.0938E+01  5.7562E+01
0000691   6.8460E+01  3.5152E+00  1.4282E+02
0000692   1.3403E+02 -6.7177E+01  1.2092E+02
0000693   1.9664E+02 -3.0917E+00  1.6846E+01
0000694   4.1366E+02  9.2125E+01 -5.0485E+01
0000695   3.3913E+02 -1.4811E+02  6.7915E+01
0000696   6.6387E+01  1.0097E+02 -2.4271E+02
0000697   1.2620E+02  1.4401E+02  1.0529E+02
0000698   2.9040E+02 -1.1742E+01 -1.0640E+02
0000699   2.9404E+02  1.0069E+02 -2.8837E+02
0000700   1.6575E+02 -1.8646E+01  1.7104E+02
0000701   3.9910E+02  9.3222E+00  2.5265E+01
0000703   1.3356E+02 -3.9287E+01 -5.0835E+01
0000704   1.6586E+02  5.0497E+01  5.8375E+01
0000706   8.1243E+01 -2.9398E+01 -5.9518E+01
0000707   1.7917E+02 -1.9986E+02 -1.1939E+02
0000708   6.8764E+01  2.1658E+02  9.8822E+00
0000709   2.5678E+02  7.2344E+01 -7.9099E+01
0000711   6.3250E+01  1.4854E+02 -4.5072E+02
0000712   2.8381E+02  8.6503E+01 -2.8402E+01
0000713   1.2590E+02 -5.8552E+01  9.0941E+01
0000714   1.2584E+02  1.1148E+02 -7.1712E+01
0000715   1.9230E+02  2.2331E+02 -4.6807E+01
0000716   2.1486E+02  1.0926E+02 -1.4809E+02
0000717   4.8067E+02  9.0677E+01  2.3582E+02
0000718   1.3453E+02  1.3745E+02 -6.1619E+01
0000719   2.4625E+02 -1.0520E+02 -6.0061E+01
0000720   3.6757E+02 -8.4850E+01 -2.0612E+01
0000721   3.1533E+02  2.5054E+02 -6.3722E+01
0000722   3.4692E+02  1.3679E+02  5.4791E+01
0000723   2.1393E+02  1.2853E+02 -2.2833E+02
0000724   3.4005E+02  1.9756E+01 -1.6440E+02
0000725   4.7139E+02  3.9828E+01 -4.8287E+01
0000726   2.6134E+02  8.2728E+01 -8.5089E+01
0000727   1.1474E+02  2.1870E+01  2.0062E+02
0000728   7.4531E+01  5.7832E+01 -8.2114E+01
0000729   3.6744E+02  3.5417E+01 -1.6449E+02
0000730   1.5325E+02 -8.1280E+01  2.1488E+01
0000731   1.9932E+01  3.0310E+00  2.2239E+02
0000732   2.3579E+02  9.0163E+01 -6.7970E+01
0000733   1.1352E+01  5.3703E+01  2.3233E+02
0000734   4.4569E+02 -3.4216E+01  1.7998E+02
0000735   3.1557E+02  1.0751E+02 -3.1862E+01
0000736   3.2151E+02  2.8806E+01  1.3358E+02
0000737   1.2817E+02  4.6778E+01 -8.0133E+01
0000738   1.5853E+02  5.9308E+01 -2.2915E+01
0000739   2.9593E+02 -6.9876E+00  3.6831E+00
0000740   4.1602E+02 -1.1716E+02 -2.7416E+02
0000741   2.4927E+02 -1.2381E+01 -4.1553E+00
0000742   7.4043E+01  2.2557E+01 -1.0747E+02
0000743   5.6404E+01 -1.7136E+01 -2.1044E+01
0000744   1.6652E+02  1.9012E+02  1.2442E+01
0000745   2.7840E+02 -2.7850E+01 -5.5018E+01
0000746   2.9505E+02  2.2348E+02  1.1495E+02
0000747   1.9369E+02  6.1972E+01 -3.5319E+01
0000748   2.2591E+02 -2.4345E+02  1.5364E+02
0000749   4.5785E+01 -9.9110E+01  1.0909E+02
0000750   2.2695E+02  7.8169E+01  9.6000E+01
0000751   1.8982E+02 -7.0821E+01  8.0580E+00
0000752   1.5701E+02  5.2322E+01  8.6100E+01
0000753   2.1926E+02 -2.6417E+02  3.0839E+01
0000754   1.8732E+02 -5.5052E+01 -8.9594E+01
0000755   5.9229E+01 -1.1941E+02  7.6771E+01
0000756   3.7372E+02 -1.2594E+02 -1.8114E+00
0000757   2.6198E+02  1.4824E+02  2.7555E+01
0000758   3.2040E+02 -1.1380E+02 -1.0958E+02
0000759   1.2389E+02  8.1610E+01 -4.3404E+01
0000761   2.1192E+02  1.8298E+02  1.5103E+02
0000762   2.6765E+02 -4.6785E+01 -6.4497E+01
0000763   3.3583E+02 -2.1191E+02  2.3401E+01
0000764   1.4328E+02  5.8464E+01 -1.9054E+02
0000765   3.7111E+02 -1.3599E+02  9.6048E+01
0000766   1.9377E+02 -2.3679E+02  2.6199E+01
0000767   4.1338E+02 -1.0132E+02 -8.9563E+01
0000768   2.5710E+02 -5.0384E+01  1.7097E+02
0000769   1.8752E+02 -1.7431E+02  7.4435E+01
0000770   1.8520E+02  1.2322E+01 -1.0900E+02
0000771   2.9788E+02  1.2887E+01  1.7667E+02
0000772   1.3558E+02  1.0108E+02  5.4724E+01
0000773   6.4007E+01 -2.7383E+02  1.3511E+02
0000774   2.0009E+02 -1.0939E+02 -3.9593E+01
0000775   1.6359E+00  3.0454E+01 -1.1990E+02
0000776   3.9174E+01 -1.5626E+02  1.7927E+02
0000777   1.7031E+02  1.7703E+02  8.4225E+01
0000778   1.3940E+02  1.7098E+02  3.9176E+01
0000779   1.7752E+02  2.4666E+02 -5.9570E+01
0000780   2.0377E+02 -2.0005E+02  9.7275E+01
0000781   1.1936E+02 -2.1043E+02 -2.9933E+01
0000782   1.5173E+02  4.2485E+01  5.1404E+01
0000783   1.4341E+02  1.1541E+02 -1.9885E+02
0000784   6.1727E+01 -3.9329E+01  7.3746E+01
0000785   1.7968E+02 -9.4220E+01  6.8354E+01
0000786   2.9208E+02 -7.8132E+01  1.4623E+02
0000787   2.1603E+02 -5.9848E+00  7.3078E+01
0000788   4.8257E+01  3.1445E+02 -7.4792E+01
0000789   1.0174E+02 -1.8318E+01 -1.2389E+02
0000790   2.1917E+02  3.5267E+01  1.4170E+01
0000791   2.6451E+02 -1.2551E+02 -1.3037E+02
0000792   3.2335E+01  3.2072E+01 -6.1545E+01
0000793   4.3508E+02 -1.2600E+02  1.2632E+02
0000795   1.9853E+02  3.2059E+01  8.9792E+01
0000796   2.2713E+02  2.0005E+02 -8.1356E+01
0000797   2.8265E+02 -2.4793E+01  9.1118E+01
0000798   3.5321E+02  1.9692E+01  1.7171E+00
0000799   2.1067E+02  1.3667E+02  3.7483E+01
0000800   2.1352E+02  6.7771E+01 -1.5801E+02
0000801   2.8838E+02  7.7752E+01 -1.5959E+01
0000802   1.4750E+02  5.9330E+01 -1.3290E+01
0000803   4.1897E+02 -1.9068E+02  1.2225E+02
0000804   2.3088E+02  5.9069E+01 -1.2665E+02
0000805   2.0469E+02  1.5787E+02 -1.0820E+02
0000806   9.2469E+01 -1.0699E+02  7.9212E+01
0000807   2.7022E+02 -1.0078E+02 -3.1217E+01
0000809   2.3233E+02  8.2700E+01  3.0977E+01
0000810   1.6791E+02 -5.5642E+01 -8.2852E+01
0000812   2.7269E+02 -8.9858E+01  3.8820E+01
0000813   2.9037E+02 -6.5770E+01 -1.2446E+02
0000814   1.0131E+02  1.4290E+01  1.2914E+02
0000815   1.5488E+02 -4.2973E+01 -1.4940E+02
0000816   3.6667E+02 -4.4452E+01  1.0944E+02
0000817   3.2290E+02  2.8760E+01 -3.7018E+02
0000818   1.7862E+01 -2.7243E+02 -1.9072E+02
0000819   2.1999E+02 -8.1710E+01 -2.1872E+02
0000820   2.2925E+02  5.3559E+01 -1.1145E+02
0000821   8.3984E+01 -1.1823E+02  7.5169E+01
0000822   2.8956E+02 -1.4510E+01  1.1821E+02
0000823   2.5154E+02  1.2784E+02 -5.2591E+01
0000825   2.5149E+02  6.1305E+01 -1.0322E+02
0000826   2.7689E+02  1.5187E+02  1.2280E+02
0000827   1.9640E+02  1.2432E+02 -6.9776E+00
0000828   2.8310E+02 -4.4605E+01  1.4022E+02
0000829   4.8159E+02  3.8164E+01  1.3958E+00
0000830   2.0237E+02 -7.8225E+00  7.3902E+01
0000831   3.1148E+02 -1.4464E+01 -9.6067E+00
0000832   1.5524E+02 -1.5567E+02  2.0073E+02
0000833   1.0354E+02 -2.1346E+01  1.1283E+01
0000834   2.8220E+02 -6.6475E+01 -9.0149E+01
0000835   2.3221E+02  5.6758E+01 -1.7993E+02
0000836   2.4689E+02 -3.5981E+01 -1.5426E+02
0000838   2.9463E+02  2.7924E+01  5.4693E+00
0000839   8.5534E+01  9.0122E+01  2.3348E+02
0000840   8.2816E+01 -6.7875E+00  1.9212E+02
0000841   1.7979E+02  7.4796E+01 -1.4137E+02
0000842   8.0239E+01 -7.4495E+01  1.4343E+01
0000843   4.4949E+02 -2.1295E+02  1.1948E+02
0000844   2.1488E+02 -7.4528E+01 -1.7827E+02
0000845   1.2353E+02 -2.4996E+02  2.2802E+01
0000846   2.3859E+02  9.1447E-01 -5.1438E+00
0000847   9.6958E+01 -4.1369E+01  1.4323E+02
0000848   3.7644E+01  7.5455E+01  5.2511E+01
0000849   6.4076E+01  1.0503E+02 -3.5394E+02
0000850   3.3027E+02  1.1287E+02  1.0848E+02
0000851   3.1934E+02 -1.5979E+01  6.6277E+01
0000852   1.1462E+02 -7.8781E+01 -2.8585E+02
0000853   2.3350E+02 -8.3719E+01 -1.7271E+02
0000856   1.0664E+02  1.1667E+02 -1.6386E+00
0000857   3.6154E+02 -2.5770E+01 -1.6416E+02
0000858   9.4068E+01  1.5345E+01 -1.2757E+01
0000859   2.4658E+02 -1.0730E+01  9.0461E+01
0000860   1.9789E+02  6.9180E+01  1.4838E+01
0000861   9.0977E+01 -5.5736E+00 -6.3801E+01
0000862   1.7126E+02  9.8285E+01 -3.5668E+00
0000863   4.2563E+01  9.5223E+01 -1.2490E+02
0000864   3.3139E+02  6.2993E+01  4.0257E+01
0000865   1.7171E+02  1.8696E+02 -1.6597E+02
0000866   1.2978E+02  5.8217E+01  6.5144E+01
0000867   2.1353E+02 -2.1861E+02 -2.5764E+01
0000868   2.1303E+02  6.8620E+01 -1.2696E+02
0000869   2.7724E+02 -7.4877E+01 -1.4671E+02
0000870   1.5593E+02  1.5568E+02  9.2086E+01
0000871   1.3173E+02 -2.6247E+01 -1.8339E+01
0000872   8.2521E+01  3.8459E+01  1.1969E+02
0000873   3.6813E+02  1.2313E+02 -1.4781E+01
0000874   8.3143E+01 -6.5286E+01 -1.2404E+02
0000875   1.0348E+02  3.4207E+01  2.4650E+02
0000876   1.7444E+02 -8.5250E+01  6.5833E+01
0000877   3.4672E+02  7.2203E+01  1.7430E+02
0000878   1.0172E+02  1.3474E+02 -1.2198E+02
0000879   2.9318E+02 -3.2886E+00  1.2946E+01
0000880   2.7459E+02  1.8029E+02 -2.5791E+02
0000881   1.4663E+02 -8.0213E+01  1.1526E+02
0000882   4.8818E+02 -4.2294E+00 -9.7910E+01
0000883   5.8388E+01 -2.0207E+02  3.0124E+01
0000884   1.7797E+02 -1.5490E+02  8.0344E+01
0000885   2.2613E+02  1.7972E+02 -6.5797E+01
0000886   3.2739E+02  2.3750E+02  2.9194E+01
0000887   2.1049E+02  2.3692E+01  1.4046E+02
0000888   1.2793E+02  9.3229E+01  1.3907E+02
0000889   1.9006E+02 -1.7523E+02 -8.1352E+01
0000890   1.3189E+02 -9.1862E+01  7.9305E+01
0000891   1.9939E+02  3.3682E+01 -1.5202E+02
0000892   1.6162E+02  1.9914E+02  7.1250E+01
0000893   1.4877E+02  1.2505E+01 -9.3197E+01
0000894   2.2954E+02 -1.0195E+02  2.1622E+02
0000895   2.0658E+02  1.8489E+01  1.4217E+01
0000896   2.5302E+02  5.2797E+01 -6.3543E+01
0000897   1.7953E+02 -1.9513E+02 -1.5038E+02
0000898   2.0475E+02 -8.7493E+01  8.5145E+01
0000899   2.6051E+02 -1.5269E+01  7.3059E+01
0000900   2.3259E+02 -7.8463E+01 -1.8009E+02
0000901   5.1296E+01 -3.7435E+01  4.2988E+01
0000902   2.9934E+02 -9.5678E+01 -3.2045E+01
0000904   3.0981E+02 -2.0209E+02 -2.1596E+02
0000905   3.6803E+02  5.8642E+00  5.0744E+01
0000906   2.2247E+02  1.0798E+02  1.5084E+02
0000907   1.3633E+02 -2.4037E+02 -1.3647E+02
0000908   2.5933E+02  3.4336E+02 -2.9954E+01
0000909   4.1761E+02 -3.5523E+00 -7.3353E+01
0000910   2.8576E+02  4.8318E+01 -1.6118E+02
0000912   1.9759E+02  7.1827E+01  1.7729E+02
0000913   3.2285E+02  1.4517E+01  8.0935E+01
0000914   1.6579E+02  3.6560E+01 -3.7217E+01
0000915   8.2176E+01  9.6214E+00 -5.2765E+01
0000916   2.3863E+02  6.7130E+01  1.9491E+01
0000917   3.7055E+02 -7.3741E+01  9.6106E+01
0000918   1.6783E+02 -4.2721E+01 -1.3371E+02
0000920   6.4624E+01  2.9696E+01  1.6632E+02
0000921   1.3858E+02 -1.1896E+00  1.5566E+01
0000922   1.6653E+02 -2.0182E+02 -9.4854E+01
0000923   1.2356E+02  1.5217E+02  9.6265E+01
0000924   3.7290E+02 -1.5481E+02  2.1755E+02
0000925   3.0602E+02  2.9378E+00 -1.0436E+02
0000926   1.0629E+02 -1.0548E+02 -1.1452E+02
0000927   1.8388E+02 -1.5150E+02 -9.9256E+01
0000928   2.9598E+02  2.6039E+01 -1.3063E+02
0000929   1.4854E+02 -2.1124E+01  2.0330E+02
0000930   1.8388E+02 -4.1214E+01  7.7719E+01
0000931   7.6397E+01 -6.4509E+01 -5.0801E+01
0000932   3.1166E+02  1.8288E+02  1.3587E+02
0000933   1.2122E+02  1.1020E+00 -3.3782E+01
0000934   9.2651E+01  1.0204E+02  1.7376E+02
0000935   1.5139E+02  1.4502E+02  2.4946E+02
0000936   6.9840E+01  3.6350E+01 -4.8197E+01
0000937   2.5126E+02  1.7279E+02 -1.5826E+02
0000938   4.9840E+02  1.3465E+02 -2.5262E+01
0000939   3.5890E+02 -1.3946E+01  6.5340E+01
0000940   2.6310E+02 -4.1085E+02 -2.2952E+02
0000941   3.3068E+02 -3.6167E+01  2.2679E+01
0000942   3.0661E+02  1.1179E+02  1.9125E+02
0000943   2.5808E+02 -1.0330E+02  2.6566E+01
0000944   1.5428E+02 -2.0585E+02  3.4694E+01
0000945   6.0382E+01 -1.9158E+02 -6.8384E+01
0000947   1.2255E+02 -5.0881E+01 -1.9119E+02
0000948   3.7868E+02  1.8344E+01 -2.3680E+01
0000949   1.8724E+02 -7.8931E+01  3.6576E+01
0000950   3.5291E+02  2.5767E+00  2.1683E+02
0000951   3.3013E+02  1.0372E+02  2.2710E+02
0000952   2.1868E+02  3.4516E+01 -8.5987E+01
0000953   1.8860E+02  5.3378E+01 -9.5107E+01
0000954   2.4672E+02  1.8976E+00  6.6091E+01
0000955   9.4713E+01  1.0151E+02  4.1358E+01
0000956   2.4400E+02  1.5425E+02 -1.1214E+02
0000957   1.8145E+02 -2.1126E+02 -5.0119E+01
0000958   9.8734E+01  1.3030E+02  2.3008E+02
0000959   1.0702E+02  1.6381E+02 -4.1387E+01
0000960   2.5837E+02 -1.1022E+02 -2.8739E+02
0000961   2.0651E+02 -8.4581E+01 -3.1656E+01
0000962   3.6879E+02 -3.7175E+01  3.1845E+01
0000964   1.3741E+02  2.3727E+00 -5.0556E+01
0000965   6.2927E+01 -1.5758E+00  1.8767E+02
0000966   2.7233E+02  8.7911E+01  6.6715E+01
0000967   3.8915E+02  5.1390E+01  9.7903E+00
0000968   1.0216E+02 -5.0296E+01  1.4850E+02
0000969   1.7736E+02 -1.1664E+02 -1.3662E+02
0000970   4.3757E+02 -1.4164E+02 -1.4076E+02
0000971   5.9218E+01  8.1684E+01 -1.5228E+02
0000972   2.9744E+02 -4.2587E+01  8.1960E+01
0000973   8.3524E+01 -1.0477E+02 -8.0673E+01
0000976   6.8238E+01  7.5088E+01  5.1623E+01
0000977   1.4089E+02 -9.0414E+01 -1.1880E+01
0000978   4.1116E+02 -1.0818E+02 -7.7181E+01
0000979   2.2560E+02 -4.2993E+01 -6.7426E+01
0000980   1.4218E+02 -1.9604E+02  6.3192E+01
0000982   1.2560E+02  9.2696E+01 -3.7162E+01
0000983   1.9206E+02  7.2027E+00 -1.3706E+01
0000984   1.0311E+02 -8.4143E+01 -8.5274E+01
0000985   3.2891E+02  9.7034E+01 -4.9128E+02
0000988   8.3948E+01  5.9413E+01  2.2069E+02
0000989   2.5531E+02 -9.5335E+01  1.8665E+01
0000990   1.2105E+02  2.8185E+01  1.1053E+02
0000991   1.4913E+02 -3.0140E+01  5.6154E+01
0000993   1.3740E+02 -2.9906E+01  3.2527E+01
0000994   4.6935E+01  9.5689E+01  1.8054E+00
0000995   1.4854E+01  7.3653E-01 -3.8707E+00
0000996   1.5733E+02  1.0118E+02  9.8079E+01
0000997   2.8157E+02  1.0729E+02 -8.8003E+01
0000998   2.8343E+01  7.4266E+00  1.0867E+02
0000999   1.0744E+02 -2.0402E+01 -1.8487E+02
0001000   2.4673E+02  3.0616E+01  1.5414E+01
