============================== SRIM-2013.00 ==============================
==============================================================================
====== SRIM Outputs\RANGE_3D.txt : File of Final Ion Positions =====

Ion =  F (09)   Ion Mass= 018.9984
Energy  = 4000000.E-05 keV
Ion Angle to Surface = 00.0 degrees
==================== TARGET =======================
  Layer # 1 - None
  Layer # 1 - Bottom Depth=500000.E-01 A
  Layer # 1 - Density =0007.8700 g/cm3
  Layer # 1 -  100 % of Fe
様様様様様様様様様様様様様様様様様様様様様様様様様様
                                            
Ion       Depth  X   Lateral Y   Lateral Z  
Number    (Angstrom) (Angstrom)  (Angstrom) 
-------  ----------- ----------- -----------
0000001   4.4056E+02 -2.9709E+02 -2.2270E+01
0000002   1.6267E+02  2.4371E+02  4.3903E+02
0000003   5.5347E+02 -1.4373E+01  8.4909E+01
0000004   7.9628E+02 -1.3541E+01 -2.1928E+02
0000005   6.4300E+02 -1.3954E+02  1.5810E+02
0000006   1.2499E+02  5.0418E+02  2.2510E+02
0000007   4.5450E+02  7.7067E+01  1.9347E+01
0000008   5.6863E+02 -2.3369E+02  1.7072E+02
0000009   2.4106E+02 -1.4224E+02  6.0747E+01
0000010   6.8112E+02  1.3667E+02 -6.2242E+01
0000011   8.7641E+02  7.6339E+01 -1.3524E+02
0000012   5.5780E+02 -1.4788E+02 -4.8158E+00
0000013   2.9160E+02 -1.6079E+02 -1.0029E+01
0000015   2.5667E+02  2.2183E+02  8.1286E+01
0000016   7.6108E+02  3.9792E+01 -2.4055E+02
0000017   5.1488E+02 -1.6328E+02 -8.5999E+01
0000018   2.3745E+02 -1.0973E+02 -1.3405E+02
0000019   5.2315E+02 -2.6762E+02  4.8953E+01
0000021   3.0880E+02 -5.5964E+01 -5.0417E+02
0000022   4.9160E+02 -8.0310E+00  7.0598E+01
0000023   3.4066E+02  4.0172E+02 -9.0559E+01
0000024   4.0182E+02 -2.1201E+02 -2.3087E+02
0000025   1.3855E+02 -1.1832E+02  3.0772E+02
0000026   3.2151E+01  6.7520E+01 -1.2372E+02
0000027   6.2071E+02 -5.6816E+01  1.3135E+02
0000028   2.1562E+02 -2.5081E+02  2.1226E+02
0000029   1.4320E+02 -1.5884E+02  1.7203E+02
0000030   4.2909E+02 -6.2309E+01  5.3262E+01
0000031   2.3498E+02 -1.0527E+02  1.0116E+02
0000032   2.7750E+02 -1.4271E+02  2.3756E+02
0000033   7.8841E+01 -2.1175E+01  1.3509E+02
0000034   3.7874E+01  9.0064E+01 -2.3138E+01
0000035   6.7986E+02 -5.9273E+01  1.4566E+02
0000036   4.2316E+02  2.8501E+02 -4.9028E+01
0000037   4.7190E+02 -4.8688E+01  4.6127E+02
0000038   5.8643E+02 -3.0311E+02 -2.1692E+02
0000039   4.3405E+02 -3.6166E+01  6.8963E+01
0000040   5.7150E+02 -3.8417E+02 -3.1282E+02
0000041   5.8107E+02  2.6319E+02 -5.7407E+01
0000042   5.3987E+02 -1.3847E+02 -3.9181E+02
0000043   3.7185E+02  4.2675E+02 -6.0520E+01
0000044   1.5609E+02  4.6162E+01  8.8929E+00
0000045   6.9362E+02  1.0310E+02  2.4771E+02
0000046   4.9819E+02 -1.0672E+02  9.5349E+01
0000047   1.8538E+02  1.0836E+02  5.1734E+00
0000048   3.5275E+02 -1.0344E+02  5.1176E+02
0000049   4.3513E+02  3.7063E+02 -4.7194E+02
0000050   4.6434E+02 -6.0954E+01 -4.6909E+01
0000051   5.7460E+02 -4.1827E+02 -2.8232E+02
0000053   6.0636E+02 -2.7960E+02  1.1118E+02
0000054   4.5367E+02 -1.5873E+02  3.1516E+02
0000055   3.4397E+02  3.2801E+00  1.1273E+02
0000056   8.5623E+02 -4.3944E+01  5.5686E+01
0000057   3.2181E+02 -2.6013E+02 -5.3884E+01
0000058   8.7407E+02 -1.3104E+02 -1.1235E+02
0000059   3.5775E+02 -1.2658E+01  5.7915E+01
0000060   3.5502E+02 -3.5366E+01  5.4147E+02
0000062   5.1058E+02  6.0497E+01 -1.0100E+02
0000063   2.5158E+02  3.6495E+02  4.8078E+02
0000064   7.0700E+02  9.5286E+01 -2.0021E+02
0000065   7.2935E+02 -1.8508E+02  1.9780E+02
0000066   2.2245E+02 -1.4862E+02  1.8251E+02
0000067   4.6696E+02 -3.9123E+01  1.2323E+02
0000068   2.8038E+02 -3.4652E+02  1.0317E+02
0000069   3.9337E+02 -9.1254E+01 -2.4184E+02
0000070   1.8450E+02  1.4929E+02  7.7588E+00
0000071   4.0300E+02  8.9421E+01 -2.3757E+02
0000072   4.2837E+02 -3.8691E+02  2.2546E+02
0000073   3.0727E+02  2.4115E+01  2.3330E+02
0000074   6.8782E+02 -5.0728E+01  4.4300E+02
0000075   4.6534E+02 -5.9772E+01 -9.5542E+01
0000076   3.1639E+01  6.0093E+01 -9.5585E+01
0000078   4.2736E+02  1.3214E+02  2.3487E+02
0000079   2.3840E+01 -1.8512E+02  2.8232E+02
0000080   5.4462E+02  3.3654E+01  8.6167E+01
0000081   6.7413E+02 -1.7548E+02  7.9586E+01
0000082   4.4195E+02  1.0510E+02  3.3824E+02
0000083   1.3595E+02  2.3727E+01 -3.2511E+02
0000084   6.8108E+02  1.4225E+02 -1.8750E+02
0000085   2.1946E+02  4.4469E+01 -2.0936E+02
0000086   2.7454E+02 -3.3626E+01 -5.8039E+02
0000087   7.4379E+02  2.9282E+02  1.7958E+02
0000088   3.8956E+02  2.0580E+02  9.9088E+01
0000089   9.3524E+01  1.9828E+02 -9.8659E+01
0000090   8.8412E+02 -2.2141E+02 -5.3050E+00
0000091   6.8169E+02  2.4339E+02 -1.2585E+02
0000092   3.8622E+02 -6.2172E+01  3.6599E+02
0000093   2.1716E+02  2.8501E+02  3.7157E+02
0000094   2.9425E+02  2.8543E+01 -3.7711E+02
0000095   3.8861E+02 -3.8685E+02 -3.6798E+02
0000096   7.2155E+02 -1.1461E+02 -1.3558E+02
0000097   2.3738E+02  2.8800E+02  5.0015E+01
0000098   5.2193E+02  1.3358E+02  2.2057E+02
0000099   3.0818E+02 -2.9696E+02 -3.9764E+01
0000100   2.2695E+01  2.2617E+02  1.3215E+02
0000101   7.0915E+02  1.8823E+02  2.4448E+01
0000102   4.8850E+02 -1.3420E+01 -1.0001E+02
0000103   4.1096E+02 -1.4729E+02  4.5677E+02
0000104   3.7091E+02 -7.3717E+00  9.0106E+01
0000105   2.5406E+02 -3.5364E+02 -2.8553E+02
0000106   6.7779E+02 -4.0090E+02  1.2140E+02
0000107   2.0125E+02  1.3218E+01 -5.7745E+01
0000108   6.5177E+02 -1.7100E+02  7.6364E+01
0000109   7.8461E+01 -3.3778E+01 -2.0043E+02
0000110   8.1875E+02  2.9508E+02  3.7090E+02
0000111   2.5497E+02 -3.2698E+02  3.9621E+01
0000112   4.2901E+02  1.6574E+02  3.2996E+02
0000113   5.5875E+02 -1.7872E+01  9.6285E+01
0000114   1.0076E+03  5.8886E+01  2.7788E+02
0000115   1.9074E+02  4.6442E+01 -1.3866E+02
0000116   3.2459E+02 -5.7342E+02 -8.6844E+00
0000117   2.6812E+02 -3.2565E+01 -3.3940E+02
0000118   2.4261E+02 -5.5078E+01  5.3751E+02
0000119   8.5504E+02 -9.3653E+01 -1.1464E+02
0000120   5.1181E+02  2.0974E+01  3.1881E+02
0000121   4.3489E+02  9.8453E+01 -1.1666E+02
0000122   5.0457E+02  2.2557E+02  6.3137E+01
0000123   2.5245E+02  9.9533E+01  1.2711E+01
0000124   4.7867E+02  3.9269E+02 -2.0817E+02
0000125   3.9472E+02  1.1479E+02 -3.7703E+02
0000126   4.3803E+02 -2.0363E+02 -3.5144E+02
0000127   3.4124E+01  1.4835E+02  1.4441E+02
0000128   2.6525E+02 -9.7988E+01  4.1314E+01
0000129   4.1403E+02 -1.9463E+02 -2.2860E+02
0000130   1.1156E+02 -3.2223E+01 -7.0581E+01
0000131   3.8707E+02 -3.3936E+02 -3.6691E+02
0000132   1.2815E+02  7.6406E+02  4.8810E+01
0000133   6.3374E+02 -2.5890E+02  2.7331E+02
0000134   7.1376E+02 -3.2861E+01  2.7872E+02
0000135   6.1016E+02  2.1801E+02  3.7088E+01
0000136   2.9265E+02  2.5155E+02 -1.6892E+01
0000137   4.6650E+02 -3.1283E+01  2.1316E+01
0000138   5.4463E+02  7.5080E+01 -2.3590E+02
0000139   3.2534E+02 -2.2533E+02  2.0998E+02
0000140   4.0606E+02  3.8879E+02 -3.7365E+02
0000141   8.4148E+02 -8.2090E+01 -9.6945E+01
0000142   5.2816E+02 -1.2904E+01  1.7392E+02
0000143   4.0362E+02  6.3471E+01  2.6870E+01
0000144   7.2511E+02  3.8029E+02  3.4703E+02
0000145   2.4994E+02 -5.8515E+02  3.4151E+02
0000146   2.9517E+02  1.1857E+01 -4.7307E+01
0000147   2.1626E+02  1.0472E+02 -4.3160E+01
0000148   3.7226E+02  5.1065E+02 -2.5712E+02
0000149   1.5862E+02  2.0344E+02 -1.4882E+02
0000150   1.6054E+02 -2.4764E+02 -2.9558E+02
0000151   6.7502E+02 -1.9014E+02  2.3271E+00
0000152   6.1772E+02 -1.8207E+02  1.1021E+02
0000153   5.5197E+02  1.8368E+02 -2.0027E+02
0000154   4.1794E+02  9.2333E+01  5.5558E+01
0000155   4.5138E+02  6.5552E+01  3.3041E+02
0000157   5.1073E+02  4.3321E+00  1.5897E+02
0000158   4.0843E+02  9.7429E+01 -2.5901E+02
0000159   5.2307E+02  1.6565E+02  1.4381E+01
0000160   3.4925E+02 -1.4584E+02 -5.9955E+01
0000161   4.3794E+01  1.6729E+02  2.2823E+02
0000162   8.5795E+02  2.4249E+01 -1.3668E+02
0000163   7.7908E+02  3.5941E+02 -2.5200E+00
0000164   6.5051E+02  1.1368E+02 -1.5882E+02
0000165   2.2717E+02  6.2373E+01 -9.9986E+01
0000166   1.5432E+02  1.0404E+02  1.1778E+01
0000167   7.0607E+02 -4.2090E+02 -5.2658E+02
0000168   2.2449E+02  3.4507E+02 -4.9727E+01
0000169   3.3532E+02  1.4480E+02  3.8462E+02
0000170   2.0416E+02  2.1089E+01  2.1672E+02
0000171   4.3026E+02  6.6970E+00 -3.3713E+01
0000172   3.9303E+02 -1.0543E+02 -1.4659E+02
0000173   4.3066E+02 -1.8821E+02  3.0514E+02
0000174   5.5283E+02 -9.6263E+01 -1.4218E+02
0000176   3.2716E+02 -2.1239E+02  9.1436E+01
0000177   1.2008E+02 -4.4543E+01  3.7444E+02
0000179   5.9112E+02  1.8001E+02  1.0230E+02
0000180   7.9811E+02 -8.4058E+01 -1.5498E+01
0000181   3.3123E+02 -5.8483E+01  6.7722E+01
0000182   4.4184E+02  1.7898E+02  2.2601E+02
0000183   3.1850E+02  6.5636E+01 -8.5875E+01
0000184   2.9980E+02  1.5608E+02 -3.2239E+02
0000185   3.5618E+02  2.0735E+01 -1.5082E+02
0000186   2.9645E+02 -3.3318E+02 -2.9258E+02
0000187   5.5260E+02 -1.1640E+02  1.1049E+01
0000188   5.1158E+02 -7.0628E+01  2.2914E+02
0000189   5.9458E+01 -1.5051E+02  1.0804E+02
0000190   6.2062E+02  3.1307E+02 -1.1070E+02
0000191   4.4850E+02  9.3052E+01 -3.2699E+02
0000192   3.9955E+02 -2.1671E+01  1.1939E+02
0000193   4.2636E+02  1.7320E+02 -1.2366E+02
0000194   4.8630E+02  2.8573E+02  1.1845E+02
0000195   2.0444E+02  3.3873E+02  3.6381E+02
0000196   4.6957E+02  1.9151E+02 -1.2506E+01
0000197   7.9368E+02 -6.9059E+00 -2.7076E+02
0000198   1.4397E+02 -1.0885E+02  4.2679E+01
0000199   3.4617E+02 -3.9837E+02 -2.1165E+02
0000200   3.0613E+01  9.6483E+01 -6.0512E+01
0000201   6.5165E+02 -7.6508E+01  3.0420E+02
0000202   5.1054E+02  1.8078E+02  1.4694E+02
0000203   3.1051E+02 -6.5935E+01 -5.8675E+01
0000204   3.3028E+02  4.5068E+02 -5.1001E+01
0000205   4.5962E+02 -5.4482E+01 -2.3993E+02
0000206   7.7823E+01 -2.6614E+02  2.7505E+01
0000207   6.3812E+02 -1.3804E+02  3.0301E+01
0000208   2.2779E+02 -1.8634E+02  1.7438E+02
0000209   2.2973E+02 -2.4386E+02  1.8472E+02
0000210   1.4662E+02 -1.6579E+02 -5.2959E+02
0000211   4.2877E+02  2.5580E+02 -3.7607E+00
0000212   6.5223E+02 -9.9469E+01  4.0021E+02
0000213   4.0901E+02  2.4340E+02 -1.9048E+02
0000214   3.5897E+02  1.4708E+01  2.6022E+02
0000215   1.1648E+02 -1.5607E+02 -1.2888E+02
0000216   5.0664E+02  1.6647E+02  5.6771E+01
0000217   3.0295E+02 -9.3319E+01  2.6663E+02
0000218   5.0907E+02  1.5442E+02 -3.7319E+02
0000219   3.6598E+02  1.2226E+02 -6.4435E+01
0000220   1.9472E+02  3.1304E+02 -1.7901E+02
0000221   4.6385E+02  2.6578E+02 -1.6152E+01
0000222   7.3141E+02  1.3902E+01  2.1892E+02
0000223   4.0793E+02  1.2977E+02 -3.5793E+02
0000225   6.2619E+02  9.5693E+01 -1.5626E+02
0000226   7.9171E+02 -1.3281E+01  3.8891E+01
0000227   8.0083E+02  1.0413E+02  2.3122E+02
0000228   8.1631E+02  2.6549E+02 -1.3992E+01
0000230   7.4679E+02  5.0273E+01  3.5295E+02
0000231   1.5285E+02 -4.1552E+00  2.1148E+02
0000232   5.3675E+02 -9.7669E+01  1.1969E+02
0000233   5.6262E+02  7.9836E+01 -2.3072E+02
0000234   6.9745E+01  9.3672E+01 -3.2429E+02
0000235   6.5433E+02 -6.3131E+02 -2.1594E+02
0000236   4.6058E+02 -9.9872E+01  1.3994E+02
0000237   2.2507E+02  2.3688E+02 -1.7873E+02
0000238   6.4754E+02  3.9067E+01  2.0633E+02
0000239   4.1833E+02  1.7960E+02  2.4974E+01
0000240   1.4507E+02  5.6041E+01 -4.6467E+02
0000241   3.6233E+02 -2.0508E+02  1.0530E+02
0000242   4.0611E+02  6.7199E+01  7.8468E+02
0000243   3.9523E+02 -1.8600E+02 -4.5416E+01
0000244   6.1719E+01  3.1115E+01  5.9826E+02
0000245   3.3829E+02 -7.4426E+01  3.2089E+02
0000246   3.7627E+02  4.6673E+01 -4.3310E+02
0000247   4.6667E+02 -1.0169E+02 -1.6761E+02
0000248   2.4751E+02  1.7373E+02 -2.9964E+02
0000249   5.3099E+02 -2.1674E+02  1.9544E+02
0000250   3.9977E+02  1.4164E+02 -1.2628E+02
0000251   4.8076E+02 -2.7729E+02 -5.4243E+00
0000252   5.1489E+02  2.0232E+02 -4.9601E+00
0000253   7.8332E+00 -8.8787E+01 -2.2929E+01
0000254   5.2753E+02  2.9090E+02  1.3621E+01
0000255   2.2963E+02 -2.7017E+02  1.4060E+02
0000256   2.6209E+02 -5.2650E+01 -1.6703E+02
0000257   3.9238E+02  4.1071E+01  1.9394E+00
0000258   7.7578E+02  2.8436E+02  1.2968E+01
0000259   8.7211E+02  3.9057E+02 -4.7572E+01
0000260   3.1254E+02  6.7426E+01  5.2655E+01
0000261   2.7866E+02 -1.5452E+02 -5.0774E+01
0000262   2.9725E+02  8.9075E+01  7.4139E+01
0000263   4.5791E+02  9.3261E+01 -2.6741E+02
0000264   1.4905E+02 -3.4101E+02 -6.7980E+01
0000265   3.8948E+02 -7.2611E+01  2.6910E+02
0000266   6.9098E+02  1.3978E+02 -1.7521E+01
0000267   1.7956E+02 -6.4109E+01  9.5790E+01
0000268   3.6467E+02 -5.8382E+01  1.1527E+02
0000269   2.7633E+02 -3.4280E+02 -6.7296E+01
0000270   4.2084E+02  3.9304E+02  3.9241E+01
0000271   7.1727E+02 -1.9006E+02  3.6529E+02
0000272   5.1634E+02 -3.1602E+01 -4.1275E+01
0000273   3.6470E+02  5.0434E+01 -2.2878E+02
0000274   1.7907E+02  7.8096E+01  2.6216E+02
0000275   4.7196E+02  3.8014E+02  7.4376E+01
0000276   3.9859E+02 -7.2938E+01 -7.2091E+01
0000277   7.1387E+02 -2.7135E+02  2.2034E+02
0000278   2.5696E+02  5.3032E+01  1.0608E+02
0000279   1.7243E+02  3.8527E+01 -1.8431E+02
0000280   7.3307E+02  1.5368E+02 -3.3970E+02
0000281   5.6310E+02  5.3043E+02 -3.0033E+02
0000282   4.1774E+02  8.4191E+01 -2.5741E+02
0000283   6.7909E+02  1.2931E+02  9.4986E+01
0000284   2.0526E+02 -2.6907E+02  2.2898E+01
0000285   1.0549E+01 -5.9436E+01 -2.1888E+02
0000286   3.1943E+02  2.1080E+02  3.3618E+01
0000287   5.6979E+02 -1.9423E+02 -2.4708E+02
0000288   2.8266E+02  3.2124E+01 -5.3554E+02
0000289   3.5105E+02  1.0280E+02 -4.3261E+01
0000290   3.8075E+02 -1.0116E+02  2.3482E+02
0000291   3.4710E+02  2.1657E+02  1.3865E+02
0000292   1.4109E+02  1.0367E+02  4.7139E+01
0000293   4.5693E+02  2.4896E+02  8.7594E+01
0000294   1.9148E+02 -2.6033E+01  8.7299E+01
0000295   4.6843E+02 -2.3555E+02 -2.9283E+02
0000296   9.2908E+02 -2.3832E+02 -1.7346E+02
0000297   1.8616E+02 -3.1331E+02 -2.8203E+02
0000298   3.6791E+02  4.2729E+02  1.2917E+02
0000299   2.6570E+02  4.1884E+02  1.1803E+01
0000300   1.2388E+02  1.3190E+02  5.5806E+01
0000301   5.4950E+02 -3.4716E+02 -3.5978E+01
0000302   3.1286E+02 -8.7537E+01  1.4495E+02
0000303   1.9532E+02 -1.3033E+02  9.8982E+01
0000304   1.6160E+02  3.6740E+01  5.5095E+01
0000305   7.3163E+02 -1.7068E+02 -6.8033E+01
0000307   3.0183E+02  1.7430E+02  6.6228E+01
0000308   4.5652E+02  7.1663E+01 -2.4671E+02
0000309   1.7668E+02  6.7993E+01  8.2320E+01
0000311   1.2926E+02  3.7038E+02  2.7095E+01
0000312   7.7676E+02 -2.8648E+02  1.2598E+02
0000313   7.3256E+02 -2.0271E+02  1.2442E+02
0000314   3.2130E+02 -4.7072E+02  4.3183E+02
0000315   5.2713E+02  1.7164E+02  2.2667E+02
0000317   6.2190E+02 -2.7769E+02  1.9288E+02
0000318   4.3037E+02 -3.9512E+01 -1.2649E+02
0000319   1.4028E+02  1.5687E+01  3.5520E+00
0000320   2.3859E+02 -6.3837E+01 -1.2662E+02
0000321   3.2497E+02  1.9384E+02 -2.0657E+02
0000322   6.0900E+02 -2.2184E+02 -4.5049E+01
0000323   3.1915E+02  7.1002E+01  1.2087E+02
0000324   4.8298E+02 -2.4035E+02 -2.8548E+02
0000325   1.1601E+02  1.6694E+01  1.8631E+02
0000326   5.3040E+02 -2.5445E+02  2.0230E+01
0000327   1.3691E+01 -7.2709E+01  1.2441E+02
0000328   1.4593E+02 -2.1595E+02 -1.5249E+02
0000329   3.0002E+02  4.1052E+02  1.0346E+01
0000330   5.6427E+02  1.3141E+02  1.9756E+02
0000331   9.9690E+02  3.2596E+02  1.3506E+02
0000333   3.2818E+02  2.0340E+02  2.2237E+02
0000334   2.9333E+02  1.0753E+02 -8.2636E+01
0000335   6.4992E+02  8.7060E+01  3.5827E+01
0000336   2.9809E+02  1.4230E+02  5.7979E+01
0000337   6.9321E+02 -8.7438E+01 -4.8670E+01
0000338   1.7890E+02  2.5669E+02  6.4044E+01
0000339   5.7733E+02 -4.5317E+02  4.0073E+02
0000340   2.4854E+02  2.4380E+02 -1.5583E+01
0000341   5.7009E+02  2.4484E+02  5.1673E+01
0000342   5.8059E+02  2.7202E+02  3.0922E+02
0000343   3.2160E+02 -1.7903E+02  1.1364E+02
0000344   3.7735E+02  1.9591E+02  1.4134E+01
0000345   3.4723E+02  1.1165E+02 -6.8711E+00
0000346   3.9225E+02  9.0828E+01  3.1943E+02
0000347   3.9328E+02  1.6571E+02  3.5128E+02
0000348   6.8937E+02 -5.8486E+01 -9.6430E+01
0000349   6.7551E+02 -3.4012E+02 -1.8047E+02
0000350   4.5100E+02 -2.4989E+02 -9.6079E+01
0000351   3.6696E+01 -5.4154E+00 -2.2848E+01
0000352   6.1556E+02  3.8162E+02 -3.1978E+01
0000353   6.5300E+02  2.3921E+02 -2.2316E+02
0000354   4.5621E+02 -2.4223E+02  1.0524E+01
0000355   6.0346E+02  2.6768E+02 -3.4179E+02
0000356   1.8107E+02  1.5880E+01 -3.2525E+02
0000357   4.3058E+02  3.3241E+02 -7.7281E+01
0000358   2.8733E+02  3.3487E+01 -2.1727E+02
0000359   6.1366E+02 -8.4326E+01 -1.8579E+02
0000360   3.8536E+02 -2.2865E+02 -1.7554E+02
0000361   4.8191E+02  2.0133E+02  2.1601E+02
0000362   1.8417E+02  1.9604E+02 -2.3378E+02
0000363   4.6262E+02 -3.4134E+02  2.0348E+02
0000364   2.4171E+01 -1.6635E+02 -2.0485E+02
0000365   4.6362E+02 -1.0217E+02  9.4853E+01
0000366   6.0911E+02  1.1008E+02 -1.6496E+02
0000367   1.0567E+02  4.1363E+01 -7.1951E+01
0000368   5.0421E+02  3.8973E+01 -8.7113E+01
0000369   4.9198E+02  3.1681E+02 -1.3467E+02
0000370   6.1476E+02 -3.3751E+01  7.1326E+01
0000371   5.0010E+02  3.7978E+02 -8.4021E+01
0000372   2.8634E+02 -1.1456E+02 -8.9236E+01
0000373   3.2243E+02  1.1611E+02 -4.1882E+02
0000374   2.1043E+02 -4.2519E+02  3.7948E+02
0000375   2.9060E+02  1.0551E+02  4.6419E+02
0000376   3.0673E+02  2.4663E+02 -1.2069E+02
0000377   4.0195E+02  2.3178E+02 -1.4485E+02
0000378   7.5541E+02  5.3765E+02 -1.9652E+02
0000379   3.8935E+02 -5.0245E+01  8.0532E+01
0000380   3.9489E+02  5.3026E+00 -1.0814E+02
0000381   4.7719E+02 -4.0588E+02  4.1294E+02
0000382   3.6814E+02 -6.9837E+01 -1.5351E+02
0000383   9.5623E+01  3.7471E+00 -1.0714E+01
0000384   4.8540E+02  8.2621E+00  1.2886E+02
0000386   5.5201E+02 -4.1254E+02  2.5883E+02
0000387   6.4403E+02  3.1393E+02  8.6916E+00
0000388   9.7790E+02 -7.4321E+00 -1.6639E+02
0000389   4.8539E+01  2.9911E+02  3.3307E+01
0000390   8.6926E+02 -3.2570E+02 -2.3038E+02
0000391   4.0258E+02  1.3277E+02  1.2549E+01
0000392   7.1400E+02  9.0310E+01  2.2330E+02
0000393   7.4125E+02 -4.8429E+02 -3.9626E+01
0000394   3.5491E+02  5.2139E+01  6.6366E+01
0000395   4.1977E+02  1.9331E+02  1.8483E+02
0000396   3.7025E+02  5.6993E+01  8.9768E+01
0000397   3.0141E+02  2.4505E+02 -1.0289E+02
0000398   3.9589E+02  1.9717E+01  1.2013E+02
0000399   4.1412E+02 -3.6908E+02  1.2820E+02
0000400   6.7291E+02 -8.7452E+01  1.8689E+02
0000401   3.9624E+01 -1.9731E+02 -8.1926E+01
0000402   6.1505E+02 -1.5663E+02  3.6019E+02
0000403   5.8002E+02  3.0671E+02  2.3626E+02
0000404   6.5695E+01 -2.9212E+01  3.2859E+01
0000405   3.0071E+02 -5.6606E+02  1.5175E+02
0000406   6.7738E+02 -1.3821E+02 -9.8302E+01
0000407   4.0598E+02 -2.5112E+02 -1.5624E+02
0000408   7.9975E+02  1.4133E+02  2.6764E+01
0000409   4.9735E+02  3.4853E+02  1.9151E+02
0000410   3.8107E+02 -2.1494E+02  1.1832E+02
0000411   4.8919E+02  1.3768E+02  1.0643E+02
0000412   3.2899E+02 -3.7717E+02  1.6215E+02
0000413   8.9486E+02 -1.8687E+02 -1.0880E+02
0000414   3.9556E+02 -3.3538E+01  1.9327E+02
0000415   2.7101E+02 -6.4778E+01 -2.5902E+01
0000416   5.1389E+02  3.6218E+02  4.8508E+01
0000417   4.1933E+02  7.0462E+01 -1.9531E+02
0000418   2.1065E+02 -2.3199E+02  1.0051E+02
0000419   7.6838E+02  2.3177E+01 -1.2221E+02
0000420   5.6349E+02  1.5456E+02  1.4851E+02
0000421   2.4661E+02 -1.2233E+02 -8.9392E+01
0000422   5.0601E+01 -3.5391E+01  6.1749E+01
0000423   5.8603E+02 -1.6575E+02 -1.6663E+02
0000424   4.4537E+02  3.0393E+02  1.6992E+02
0000425   4.0552E+02  2.0217E+02  6.9129E+01
0000426   4.6565E+02  5.8394E+01 -5.6232E+01
0000428   3.4046E+02  9.7433E+01  3.9915E+02
0000429   8.2344E+01 -2.1523E+02 -1.4291E+02
0000430   6.3145E+02 -3.1968E+02  2.7278E+02
0000431   3.4195E+02  1.1214E+02 -9.4462E+01
0000432   7.5933E+02 -5.7012E+02 -6.0566E+01
0000433   4.7101E+02 -3.3079E+02  2.2613E+02
0000434   4.7365E+02 -1.5781E+02  3.8432E+01
0000435   2.3282E+02  3.6321E+01 -9.3254E+01
0000436   3.4684E+02 -2.6195E+02  3.0561E+02
0000437   5.7162E+02  2.7942E+02  2.6569E+02
0000438   4.8087E+02 -1.4521E+02  1.5553E+02
0000441   3.2013E+02  1.7195E+02  2.0293E+02
0000442   1.7897E+02 -2.1202E+02  7.5999E+01
0000443   6.5284E+02  1.1550E+02  2.0555E+02
0000445   2.4866E+02 -5.7572E+02 -3.6142E+02
0000446   3.0542E+02  2.9249E+02 -3.9665E+01
0000447   5.0949E+02 -1.1066E+02  5.0577E+01
0000448   4.3075E+02 -3.5753E+01  4.2141E+02
0000449   3.2014E+02  3.2974E+01  1.5701E+02
0000450   6.3042E+02  2.9310E+02  2.9785E+02
0000451   4.3302E+02  3.0912E+02  1.6256E+00
0000452   6.3017E+02  8.0257E+01  1.3324E+01
0000453   4.6256E+02 -1.3817E+02 -1.2273E+01
0000454   1.9016E+02  3.9874E+02 -2.5946E+02
0000455   3.2662E+02  3.4051E+01  1.1157E+02
0000456   6.6238E+02 -3.3767E+01  4.7884E+01
0000457   6.8027E+02 -2.0840E+02  2.8941E+02
0000458   3.5620E+02  1.0837E+01 -4.3147E+02
0000460   2.9723E+02 -1.5506E+02 -3.7062E+02
0000461   6.2481E+02 -7.5026E+01 -2.8842E+02
0000462   6.4277E+02  2.0262E+02  1.2993E+02
0000463   5.4862E+02  3.5148E+01 -5.4867E+01
0000464   3.5585E+02 -1.4453E+02  1.0411E+02
0000465   3.5119E+02  4.3670E+02 -3.2135E+01
0000466   3.2508E+02 -7.2177E+01  1.6670E+01
0000467   5.8429E+02  4.4227E+02  1.5905E+02
0000468   2.4431E+02  3.7471E+02  3.2416E+02
0000469   3.1946E+02  1.9441E+02  1.2767E+02
0000470   2.1614E+02 -2.4828E+02 -2.1743E+02
0000471   2.7730E+02 -4.7405E+01  5.3395E+01
0000472   5.7512E+02  4.0915E+01 -9.0629E+01
0000473   6.0654E+02 -5.8831E+02  2.4640E+02
0000474   4.2041E+02  3.2239E+02  1.5846E+02
0000475   2.3251E+02  2.2950E+02  3.4088E+02
0000476   3.2088E+02 -3.3887E+01  2.4501E+02
0000477   4.2453E+02 -9.8205E+01 -2.2932E+02
0000478   4.7204E+02  3.9495E+02 -1.2676E+02
0000479   3.5492E+02  1.2603E+02 -3.2685E+02
0000480   3.3041E+02 -2.6844E+02  9.3376E+01
0000481   5.1131E+02  1.7142E+02  3.4973E+02
0000482   4.4241E+02  8.9268E+01 -4.2231E+02
0000483   2.5410E+02 -1.3843E+01  4.9045E+01
0000484   3.6653E+02 -5.6828E+02 -1.7562E+02
0000485   8.5654E+02  3.9309E+02  1.1467E+02
0000486   3.4885E+02 -1.8615E+02  1.8679E+02
0000487   3.4926E+02  2.9347E+01  3.7434E+02
0000488   2.1604E+02 -2.7297E+02 -2.0543E+02
0000489   5.9440E+02 -2.4019E+02  7.9496E+01
0000490   2.2578E+02 -5.2524E+00  1.5448E+02
0000491   4.5284E+02 -4.5964E+01  1.8312E+02
0000492   3.1497E+02  9.5121E+01 -4.2882E+02
0000493   5.7499E+02 -1.6140E+02  1.8774E+01
0000494   2.0096E+02  1.1070E+02  8.0121E+01
0000495   1.5697E+02  3.0003E+01  1.0776E+02
0000496   2.5143E+02  5.9246E+01 -1.2871E+02
0000497   8.6203E+02  4.0833E+02  6.8396E+01
0000498   6.7216E+02  4.6348E+01 -2.7475E+02
0000499   1.8766E+02  3.3485E+02 -1.3079E+02
0000500   5.1087E+02  1.4547E+02  1.3844E+00
0000501   6.3917E+02  1.2232E+02 -1.1847E+02
0000502   3.0178E+02 -3.9353E+02  7.2880E+01
0000503   2.4155E+02  5.3998E+02 -2.5316E+02
0000504   3.1862E+02  1.4821E+02  3.7239E+02
0000505   2.4225E+02 -1.3229E+02 -2.6245E+02
0000506   3.3787E+02  9.5388E+01 -1.2201E+02
0000507   5.2247E+02 -1.2456E+02 -1.1446E+02
0000509   4.4440E+02 -2.4498E+02 -1.2181E+02
0000510   5.0009E+02 -9.8844E+01  2.1414E+02
0000511   2.6488E+02 -2.0811E+02 -3.3481E+02
0000512   4.2924E+02 -1.4564E+01  3.2412E+01
0000513   4.6126E+02 -9.6284E+00  2.7802E+02
0000514   2.8259E+02  4.2902E+02  1.2668E+02
0000515   2.2640E+02  3.5683E+02 -1.3254E+02
0000516   1.5982E+02  1.3843E+02 -2.3329E+02
0000517   6.5588E+02 -3.3543E+02 -3.1880E+02
0000518   3.4611E+02  2.4991E+02  1.0106E+02
0000519   2.9843E+02  1.0551E+02 -1.3186E+02
0000521   5.7475E+02 -3.0946E+02  2.2794E+02
0000522   4.2584E+01  5.4874E+01 -2.3828E+01
0000523   7.1701E+01  1.1378E+02  2.0614E+02
0000524   3.0512E+02 -1.7135E+02 -5.2658E+01
0000525   6.2585E+02  2.1489E+02  4.8707E+02
0000526   3.3498E+02  3.4113E+02  6.9607E+01
0000527   4.0826E+02 -3.2646E+02  2.2681E+02
0000528   3.6896E+02 -1.8747E+02 -1.6669E+02
0000529   4.5523E+02 -4.4457E+02  6.1921E+01
0000530   4.0451E+02  3.5295E+02  5.6501E+01
0000531   4.0880E+01 -8.8904E+01  1.1150E+02
0000532   4.1416E+02 -2.3780E+02 -2.7303E+02
0000533   6.7627E+02 -4.5747E+02  1.6140E+01
0000534   2.6327E+02  1.8810E+02 -2.3930E+02
0000535   5.8103E+02 -2.3304E+01  1.4083E+02
0000537   5.6122E+02 -7.4667E+01 -3.2857E+01
0000538   4.8685E+02 -1.2458E+02 -2.8561E+02
0000539   3.0529E+02  1.0766E+02  6.0841E+01
0000540   5.7799E+02 -3.7997E+01 -7.5515E+01
0000541   4.2189E+02 -4.6176E+01 -1.2903E+02
0000542   3.2888E+02 -5.5075E+01 -7.1510E+00
0000544   5.4764E+02 -3.3248E+02 -1.8248E+02
0000545   4.8233E+02  6.5740E+01  7.1513E+01
0000546   8.5709E+02 -3.4946E+02 -4.8750E+01
0000547   7.8329E+02  3.2061E+01 -4.5483E+01
0000548   1.2111E+02 -2.3617E+02 -3.6942E+01
0000549   2.2477E+02 -6.3649E+01 -1.4178E+02
0000550   5.1088E+02 -2.4445E+02 -2.3031E+02
0000551   1.5728E+02  1.1356E+02  1.5727E+02
0000552   4.0245E+02  2.9644E+02 -2.2098E+02
0000553   3.3551E+02  7.7142E+01 -1.1400E+02
0000554   8.0655E+01 -1.4523E+02 -2.3606E+02
0000555   5.1843E+02 -2.5286E+01  1.4018E+02
0000556   1.8378E+02  1.2163E+02  2.9983E+01
0000557   4.1494E+02 -4.3435E+02  4.7142E+02
0000560   5.9609E+02  1.7672E+02  2.6604E+02
0000561   1.1790E+02  1.7948E+02  8.6742E+01
0000562   4.4598E+02 -2.7223E+02  3.7784E+02
0000563   4.7723E+02  4.9430E+01 -2.0240E+02
0000564   4.4224E+02 -2.8381E+02 -2.0102E+02
0000565   3.0439E+02  3.4164E+02 -1.3089E+02
0000566   2.9733E+02  1.9318E+02  2.5851E+02
0000567   8.3461E+02 -1.6438E+02  1.5761E+02
0000568   5.9014E+02  3.0076E+02 -1.3676E+02
0000569   3.7440E+02  1.9396E+02 -3.0292E+02
0000570   4.2845E+02  3.1175E+02 -8.4651E+01
0000571   6.4108E+02 -4.7453E+01  6.1402E+02
0000572   1.7192E+02  3.2360E+02  2.6478E+01
0000573   4.1945E+02  7.7034E+01  7.1947E+01
0000574   6.5445E+02 -1.7821E+02 -3.4838E+01
0000575   8.2657E+02  1.1555E+01  1.2857E+02
0000576   6.6514E+02  1.2658E+02  2.3638E+02
0000577   9.5522E+01 -3.6373E+02 -1.1756E+02
0000578   6.0193E+02 -4.3721E+02  5.0185E+02
0000579   3.4454E+02  9.2350E+01  2.3212E+02
0000580   4.6373E+02 -6.1923E+01  1.1818E+01
0000581   1.4201E+02 -1.6677E+02 -3.1640E+02
0000582   4.2297E+02 -2.5233E+02  3.3508E+02
0000583   3.4311E+02 -1.5076E+02 -1.6003E+02
0000584   6.5038E+02  5.6423E+00  1.4569E+02
0000585   6.8184E+02  1.8220E+02 -1.8325E+02
0000586   7.2658E+02  3.5582E+02 -1.0861E+02
0000587   3.6390E+02  1.4632E+02 -7.9088E+01
0000588   5.1335E+02  2.1047E+02  2.2113E+02
0000589   1.6095E+02 -3.0259E+02  3.4917E+02
0000590   1.5589E+02  3.8949E+01 -6.6428E+01
0000591   4.6044E+02  4.0983E+02 -3.1978E+02
0000592   6.0855E+02 -3.7989E+01  1.9336E+01
0000593   5.7067E+02  5.6973E+01 -2.9063E+02
0000594   2.5072E+02 -1.7076E+02 -3.2401E+01
0000595   4.2383E+02 -9.2329E+01 -1.4835E+02
0000596   2.1388E+02  2.3824E+02  1.1685E+02
0000597   4.9607E+02 -3.0390E+02  1.7198E+01
0000598   9.7275E+01  2.2612E+01 -2.7688E+01
0000599   2.1930E+02  1.3138E+02 -1.8641E+02
0000600   2.7389E+02  8.4553E+00 -6.8194E+01
0000601   3.3649E+02 -4.5495E+01 -3.1268E+02
0000602   3.7428E+02 -9.4900E+01  3.7002E+02
0000604   5.9783E+02 -1.9020E+02  2.0823E+02
0000605   3.2340E+02  8.6140E+00 -2.4494E+02
0000606   1.1108E+02 -5.3886E+01 -9.3931E+01
0000607   3.9438E+02  3.1088E+02  3.2505E+02
0000608   3.5931E+02 -2.7555E+02 -1.8355E+02
0000609   3.7855E+02 -1.4322E+02 -8.0879E+01
0000610   8.9205E+01 -1.0298E+02  8.4299E+01
0000611   2.8489E+02  2.1920E+02 -1.7926E+02
0000612   4.3449E+02  4.2173E+02  3.4960E+02
0000613   3.9474E+02  2.3890E+02 -3.7811E+01
0000614   4.1495E+02  1.6524E+02  1.9435E+02
0000615   7.1095E+00 -1.2153E+02  1.0141E+01
0000616   1.7433E+02  1.2908E+02 -1.7957E+01
0000618   4.9571E+02 -8.4533E+01 -3.6825E+01
0000620   3.1382E+02 -7.1814E+01 -1.0410E+02
0000621   6.5736E+01 -6.8221E+01  2.3037E+01
0000623   5.4659E+01 -2.2479E+02  2.0801E+01
0000624   5.6316E+02 -2.5810E+02  1.7755E+02
0000625   8.0339E+02  3.2844E+02  6.1292E+01
0000626   8.1704E+02 -3.5130E+02  4.7315E+02
0000627   3.7858E+02  8.7373E+01  5.0068E+01
0000628   5.6245E+02 -2.6799E+02  2.0328E+02
0000629   2.3138E+02 -8.2530E+00  6.0538E+02
0000630   3.9622E+02 -1.5170E+02 -2.7700E+02
0000632   5.3972E+02 -1.0171E+02 -2.7237E+02
0000633   3.4136E+02 -2.7611E+02  3.3112E+02
0000634   1.7450E+02  4.2941E+02  4.4233E+02
0000635   6.1287E+02 -1.4135E+02 -4.7214E+02
0000636   4.2801E+02  6.7373E+01 -2.2283E+02
0000637   6.1713E+02 -1.5160E+02  1.2764E+02
0000638   4.2324E+02 -4.6351E+02  3.0131E+02
0000639   1.4351E+02  1.2797E+01 -6.4124E+01
0000640   2.6454E+02  5.9873E+01 -4.3784E+02
0000641   2.0950E+02 -1.9187E+01  1.7213E+02
0000642   9.5052E+02 -8.6075E+00 -3.2275E+02
0000643   9.9307E+01 -1.0452E+02  5.1015E+02
0000644   1.8357E+02  4.8320E+01 -1.9066E+02
0000645   7.0815E+02 -1.4897E+02  2.0085E+01
0000646   3.7805E+02  4.6937E+02 -4.7729E+02
0000647   6.1270E+02  5.6597E+01  3.2804E+02
0000648   3.7307E+02  1.0914E+02 -1.0796E+02
0000649   8.1858E+02 -2.9733E+01 -2.8534E+02
0000650   7.0698E+02  1.9424E+01  4.5879E+02
0000651   3.8028E+02  2.0375E+02 -2.3352E+02
0000652   4.4894E+02  9.9438E+00  1.1371E+02
0000653   2.8433E+02 -1.3652E+02 -3.6987E+01
0000654   3.6482E+02 -3.5222E+02 -6.0814E+01
0000655   5.4690E+01  8.2840E+01 -6.0382E+00
0000656   7.1301E+02 -2.2557E+02  1.2415E+01
0000657   4.1792E+02  3.0510E+01 -4.4649E+02
0000658   2.9048E+02  1.1345E+02  1.5150E+02
0000659   3.6237E+02  3.7830E+01 -5.4689E+02
0000660   5.4317E+02  2.9414E+02 -4.9982E+01
0000661   4.2893E+02  4.0074E+02  3.8303E+00
0000663   7.7648E+02 -5.3046E+01  1.8376E+02
0000664   6.6466E+02  1.2219E+02 -8.4042E+01
0000665   1.2776E+02 -2.5178E+02 -9.7269E+01
0000666   1.6624E+02 -1.5462E+02 -4.7994E+01
0000667   1.8726E+02  9.6475E+01 -1.1651E+02
0000668   6.1632E+02  7.2652E+01 -1.7425E+02
0000669   5.8670E+02 -2.9517E+02  1.6758E+02
0000670   2.9402E+02  4.4129E+01  2.5435E+02
0000671   5.7349E+02  2.8555E+02 -2.1051E+01
0000672   7.2630E+02 -1.5143E+01  1.2368E+02
0000673   7.3670E+02  8.5535E+01  3.9752E+01
0000674   1.5106E+02 -2.0492E+02 -2.7693E+02
0000675   4.4834E+02  2.1763E+02  1.6682E+02
0000676   3.9640E+01  1.7742E+02 -4.4109E+01
0000678   1.9324E+02 -1.5156E+02  1.5402E+02
0000679   6.9850E+02  2.7261E+02  1.6950E+02
0000680   4.6445E+02 -4.8397E+02  3.5763E+02
0000682   4.0134E+02 -3.3656E+02  1.3847E+02
0000683   3.2233E+02  1.0605E+02  6.7490E+00
0000684   2.3366E+02  1.3772E+02  2.6410E+02
0000685   5.2746E+02 -1.7691E+02  3.8492E+02
0000686   3.5769E+02 -1.6031E+02 -3.4718E+02
0000687   4.7200E+02 -9.0206E+01  1.3692E+02
0000688   2.9937E+02  3.0554E+02 -2.3983E+02
0000689   5.6274E+02 -2.1325E+02  4.6320E+02
0000690   5.7437E+02  2.6729E+02 -2.1876E+02
0000691   4.3615E+02 -2.4602E+02 -9.8185E+01
0000692   4.8557E+02 -1.3144E+02  1.0350E+02
0000694   4.1603E+01  1.9164E+01 -8.1336E+01
0000695   8.6214E+02 -4.4034E+02 -1.9668E+02
0000696   2.9985E+02  3.4785E+02  2.2998E+02
0000697   3.5004E+02  6.9862E+01  2.7816E+02
0000698   3.3740E+02  3.4947E+02 -2.8752E+02
0000699   3.8020E+02  1.0223E+02  6.0341E+01
0000700   3.6218E+02 -1.4998E+02 -1.1725E+02
0000701   1.8495E+02 -2.0394E+01  4.6771E+01
0000702   7.9878E+01  7.3451E+00 -1.9927E+02
0000703   2.3521E+02  1.8269E+02  8.5279E+00
0000704   4.5582E+02 -9.1042E+00  9.0578E+01
0000705   4.4784E+02 -6.7175E+01  1.7089E+01
0000706   1.2033E+02  2.9740E+01  2.0696E+02
0000707   9.8715E+01 -1.4695E+02  1.8413E+02
0000708   4.3161E+02 -2.3662E+02 -1.7550E+02
0000709   5.0991E+02 -2.8889E+02  1.4041E+02
0000710   2.5856E+02  3.7209E+02 -1.6197E+02
0000712   5.3701E+02  2.7040E+02 -2.1921E+02
0000713   4.6300E+02  4.1802E+02  2.8243E+01
0000714   2.6531E+02  1.1210E+02  2.6048E+02
0000715   6.2604E+02 -5.8727E+01  7.3189E+01
0000716   4.0735E+02  3.5446E+02 -2.2611E+02
0000718   6.0469E+02 -2.3914E+02  8.9504E+01
0000721   5.5478E+02  1.5515E+02  3.3659E+02
0000722   5.5954E+02  3.6340E+02 -1.4089E+02
0000723   6.9106E+02  8.6462E+01  5.5339E+02
0000724   4.9237E+02 -3.3765E+02 -9.5185E+01
0000725   1.9037E+02  1.5099E+02  1.1603E+02
0000726   6.1837E+02 -2.3061E+01 -1.0358E+02
0000727   4.8699E+02  6.1494E+02 -2.6958E+02
0000728   4.5674E+02 -1.8102E+02 -2.8615E+02
0000730   2.0957E+02 -5.4622E+01  1.8885E+02
0000731   4.6260E+02 -8.5426E+01  3.4578E+02
0000732   5.5013E+02 -1.8460E+02  1.2882E+02
0000733   3.9849E+02  2.1082E+02  5.3667E+01
0000734   2.9186E+02 -1.6025E+02 -3.7966E+02
0000735   8.5400E+02 -2.0044E+02 -6.3967E+01
0000736   5.7869E+02 -2.1491E+02 -2.3679E+02
0000737   2.3637E+02  2.9959E+02  1.1721E+02
0000738   1.9661E+02 -1.3454E+02  1.2468E+02
0000739   7.7883E+02  2.5467E+02 -1.0817E+01
0000740   8.3859E+02  1.3272E+02  1.2084E+02
0000741   5.7536E+02 -2.2784E+02 -6.7663E+01
0000742   3.2476E+02 -3.2700E+02  3.0739E+02
0000743   8.3697E+02  9.6246E+00  5.4203E+01
0000744   4.8217E+02  9.2215E+01  1.3147E+02
0000745   3.0989E+02  6.7120E+01 -3.4375E+02
0000746   2.1835E+02 -4.8452E+02  1.2162E+02
0000747   7.6003E+01  7.4558E+01  3.9484E+02
0000748   2.7113E+02 -3.4777E+02  3.9615E+02
0000749   2.1249E+02 -1.5404E+02  2.1943E+01
0000750   7.2476E+02 -2.5327E+02 -2.1506E+02
0000751   2.3105E+02 -6.8179E+01 -4.3936E+00
0000752   3.3904E+02  5.1007E+01 -2.4571E+02
0000753   2.4866E+01 -1.2463E+02  1.6331E+02
0000754   3.4980E+02  7.5049E+01 -8.8558E+01
0000755   1.0238E+01  4.6152E+01  9.5287E+01
0000756   6.7194E+02  1.6274E+02  3.1216E+01
0000757   1.7683E+02  3.9602E+01  6.9365E+01
0000759   5.9218E+02 -1.1727E+02 -6.8263E+01
0000760   4.8326E+02 -7.9315E+01  1.8387E+02
0000761   1.8402E+02 -4.5232E+01  6.1259E+01
0000762   2.9438E+02 -1.5408E+02 -1.0815E+02
0000763   9.8296E+01 -1.2194E+02 -1.1264E+02
0000764   4.1687E+02 -1.2437E+02  1.9131E+02
0000765   2.9336E+02 -3.7601E+01  4.0346E+01
0000766   5.7114E+02 -1.9169E+02  1.9966E+02
0000767   2.6443E+02  1.0114E+02 -1.4393E+01
0000768   3.0776E+02  2.6686E+02  3.0186E+01
0000769   2.9080E+02  6.6243E+01  1.2361E+01
0000770   4.8333E+02  4.1595E+02 -4.8112E+01
0000771   1.8311E+02  3.3396E+02  2.9577E+02
0000774   2.1461E+02  1.8282E+02 -1.2644E+02
0000775   1.8365E+02 -9.7821E+01 -3.4616E+01
0000776   1.2741E+02  2.4941E+02  2.8248E+01
0000777   6.9292E+02  1.4668E+02 -2.9846E+02
0000778   2.1507E+02 -5.3638E+01 -1.1504E+02
0000779   1.9374E+02 -2.2489E+02 -1.3910E+01
0000780   3.2467E+02  2.9718E+02 -3.0145E+01
0000781   6.6399E+02  3.6876E+01 -2.4992E+02
0000782   5.5825E+02 -1.2168E+02  1.1794E+01
0000783   5.6568E+02 -1.8657E+02  2.1453E+02
0000784   6.1998E+02 -1.6539E+02  1.7672E+02
0000785   6.3428E+02 -2.8472E+01 -3.4167E+02
0000786   6.1365E+02 -7.2547E+01  1.4427E+02
0000787   1.5502E+02  2.4992E+02  3.1002E+01
0000788   3.1961E+02  3.1673E+02 -2.8397E+02
0000789   1.5134E+02 -2.6451E+02 -1.6974E+02
0000790   1.8493E+02  1.3868E+01 -1.9792E+02
0000791   7.0914E+02 -2.2160E+02  4.8315E+01
0000792   2.0154E+02  4.3116E+02 -1.4338E+01
0000793   5.6543E+02  8.4839E+01 -6.5263E+01
0000794   3.1405E+02  7.8545E+01  1.7617E+02
0000795   3.8427E+02 -3.3637E+02 -2.5602E+02
0000796   6.6046E+02 -2.6593E+02  1.5865E+02
0000797   7.0616E+02  1.2838E+02 -1.6709E+02
0000798   4.0270E+02  3.7409E+02 -3.3952E+02
0000799   4.1553E+02 -3.3434E+02  1.6953E+02
0000800   6.2094E+02  1.2800E+02 -2.1124E+02
0000801   1.5887E+02  1.3271E+02 -1.6485E+02
0000802   4.5785E+02  5.3546E+01  1.6663E+02
0000803   1.4053E+02 -4.9633E+02 -2.7532E+01
0000804   1.7640E+02  1.6348E+01  2.4252E+02
0000805   7.9062E+02  2.0741E+00  6.2851E+01
0000806   5.7467E+02 -1.1583E+01  2.0780E+02
0000807   6.7441E+02  2.2585E+02 -9.8351E+01
0000808   1.3218E+02  1.6748E+02  9.2340E-01
0000809   2.6370E+02  1.8790E+02  1.4606E+01
0000810   5.1785E+02  2.9783E+02 -1.6885E+01
0000811   7.3581E+02  1.8803E+02 -4.0090E+02
0000812   6.6561E+02  1.3076E+01 -3.1917E+00
0000813   5.7130E+02  7.6895E+01  2.3389E+01
0000814   3.7684E+02  1.0644E+02  8.6437E+01
0000815   4.5932E+02  2.7155E+01 -7.1051E+01
0000816   3.6096E+01  5.4778E+01 -3.2437E+01
0000817   3.3850E+02 -3.8239E+02  3.1242E+02
0000819   4.1195E+02  7.4983E+01 -9.0880E+01
0000820   6.7315E+02 -3.5014E+02  1.9870E+02
0000821   9.0375E+02 -3.2553E+02 -1.3363E+02
0000822   2.9844E+02  3.0264E+02  1.9336E+02
0000823   1.5943E+02 -2.4704E+02 -3.7338E+02
0000824   3.8413E+02  7.7018E+01 -4.9163E+01
0000825   6.0692E+02 -3.6795E+01 -6.9712E+01
0000826   6.7835E+02  1.5710E+02 -3.3179E+02
0000827   3.3798E+02  1.5562E+02 -1.4131E+02
0000828   7.2238E+02 -1.5716E+02  1.5176E+02
0000829   9.1496E+02  1.5413E+02  1.4516E+02
0000830   5.9174E+02  2.8404E+02 -2.6690E+01
0000831   6.0781E+02  1.6637E+01  4.1925E+02
0000832   3.0843E+02 -1.5726E+02  1.3209E+00
0000833   4.9367E+02 -9.7383E+01 -2.5667E+02
0000834   4.0665E+02 -3.7098E+00  2.1421E+02
0000835   7.7413E+02  4.5481E+01 -3.8947E+01
0000836   4.1194E+02  1.3897E+02  1.2898E+02
0000837   4.1091E+02  2.9874E+01 -4.9739E+02
0000838   4.2393E+02  1.6500E+02 -2.1179E+02
0000839   1.9192E+02 -1.8173E+02 -1.5388E+02
0000840   1.0215E+02 -2.0415E+01 -1.9021E+00
0000841   2.3409E+02  2.0499E+02  1.4342E+02
0000842   5.2655E+02  1.2516E+02 -3.6468E+02
0000843   4.5019E+02  7.3662E+01 -9.4222E+01
0000844   2.5177E+02  9.1834E+01 -1.9908E+02
0000845   5.1940E+02 -1.2823E+02 -7.1425E+01
0000846   5.0506E+02 -3.8722E+02  7.1930E+01
0000847   4.5534E+02 -2.0156E+01  3.0807E+02
0000848   3.5232E+02  1.8146E+02 -4.0936E+00
0000849   4.5708E+02 -8.7087E+01  5.4275E+02
0000851   4.7433E+02  2.8126E+01 -2.5337E+02
0000852   2.5909E+02  8.6428E+01  3.7157E+01
0000853   3.4394E+02 -1.1624E+02 -9.9661E+01
0000854   3.4697E+02 -5.5812E+02 -2.9820E+02
0000855   1.0225E+02  3.4308E+02 -9.0763E+01
0000856   4.1259E+02 -1.3887E+02  3.0657E+01
0000857   9.2468E+01  1.9655E+02 -3.3262E+02
0000858   1.5096E+02  6.3908E+01  6.1051E+01
0000859   9.9843E+01 -2.7190E+02 -2.9120E+02
0000860   6.9871E+02  1.4216E+02  5.9386E+02
0000861   2.8305E+02  1.7808E+02 -6.7829E+01
0000862   4.3277E+02 -1.8598E+01  2.3150E+02
0000863   2.7420E+02  6.1998E+01 -4.5293E+01
0000864   4.8381E+02 -2.4697E+02  5.0395E+02
0000865   5.2188E+02 -2.9130E+02 -1.8661E+02
0000866   2.9674E+02 -3.9008E+02  2.8941E+02
0000867   1.7479E+02  7.9241E+01 -1.1827E+02
0000868   5.0096E+02 -1.8052E+02 -2.9649E+02
0000869   2.9192E+02 -3.5242E+02  1.0404E+02
0000870   4.8659E+02 -1.8062E+02 -2.5503E+02
0000871   1.5203E+02  7.2948E+01 -1.0817E+02
0000872   1.1596E+02  2.0055E+02 -1.1444E+02
0000873   4.0002E+02  5.4038E+01  4.2360E+02
0000874   3.3679E+02  2.0440E+02  1.9739E+02
0000875   8.3935E+02 -1.5730E+02 -7.0125E+01
0000876   3.1266E+02  4.8281E+01  5.3616E+02
0000877   1.5959E+02  1.8409E+02 -1.9948E+02
0000878   4.0950E+02  1.1293E+02  1.1837E+02
0000879   2.0998E+02 -1.1036E+02 -3.8872E+02
0000880   4.6873E+02  1.3660E+02  1.6667E+02
0000881   7.2551E+02 -3.8748E+02 -1.5680E+02
0000882   1.4865E+02  1.5514E+01  1.7034E+02
0000883   2.5080E+02  1.4358E+01 -1.2121E+02
0000884   2.9806E+02  2.9946E+02 -7.7007E+01
0000885   5.2451E+02 -2.5160E+02 -2.4743E+02
0000886   4.2902E+02 -1.3449E+02  1.4328E+02
0000887   4.5485E+01 -1.6094E+02  9.5659E+01
0000888   5.7103E+02  3.4145E+02  1.2690E+02
0000889   3.4791E+02 -1.7484E+02 -3.7192E+01
0000890   4.0399E+02 -1.1292E+02 -1.3143E+02
0000891   2.6361E+02  3.2914E+02 -6.7215E+01
0000892   9.7748E+01  2.6796E+02 -1.8558E+02
0000893   4.3096E+02 -1.0712E+02 -3.8530E+01
0000894   5.5501E+02 -3.5483E+01  4.0821E+02
0000895   5.7637E+02 -4.1979E+02  2.6145E+02
0000896   3.4184E+02 -2.3128E+02  1.0403E+02
0000897   8.3098E+02 -2.0896E+02  2.1500E+02
0000898   3.3133E+02  1.1200E+02 -1.7682E+01
0000899   3.6933E+02 -2.3665E+02  6.1488E+01
0000900   3.8592E+02 -4.5866E+02 -9.7797E+01
0000901   1.5897E+02 -2.7993E+02  5.8796E+01
0000902   1.4660E+02 -1.1307E+02 -2.9891E+02
0000903   8.6091E+02 -4.3400E+01  4.7959E+02
0000904   4.9149E+02  2.2782E+02 -4.3984E+02
0000905   5.5103E+02  1.4600E+02  4.1679E+02
0000906   3.2277E+02 -1.0031E+02  1.3034E+01
0000907   2.0273E+02  1.7721E+02 -2.9569E+02
0000908   4.6673E+02 -2.0818E+02 -2.1381E+01
0000909   5.8965E+02 -4.8862E+02  4.1954E+01
0000910   5.7812E+02 -1.4968E+01  2.6774E+02
0000911   8.0692E+02  1.7590E+02  1.4610E+02
0000912   5.5622E+02 -1.2029E+02  2.6745E+02
0000913   3.5053E+02 -1.3852E+02 -1.4109E+02
0000914   6.0351E+02 -3.4559E+01 -9.7118E+00
0000915   2.9868E+02  3.1067E+02 -2.0185E+01
0000916   8.9777E+01 -4.4709E+01 -6.8987E+01
0000917   3.4552E+02 -1.6694E+02 -1.4765E+02
0000918   3.1257E+02  3.5662E+01 -3.0634E+02
0000919   3.5498E+02 -1.3093E+02 -2.5577E+02
0000920   2.0227E+02  6.0838E+02 -2.0824E+01
0000921   5.1489E+02 -3.0547E+02  2.6896E+02
0000922   5.2351E+02 -2.3210E+02 -1.4110E+02
0000923   2.1231E+02  3.5803E+02  5.7039E+01
0000924   5.1342E+02  4.1566E+02 -6.2641E+01
0000925   1.6868E+02  2.3008E+02 -5.1995E+02
0000926   3.7838E+02 -4.4935E+01 -4.4764E+01
0000927   8.5747E+02 -9.1489E+01 -2.6335E+01
0000928   5.6337E+02 -1.4500E+02  4.9633E+01
0000929   6.5735E+02  3.8204E+01  1.3187E+02
0000930   6.3855E+01 -8.3329E+01  2.3586E+02
0000931   2.0851E+02  1.4491E+01 -8.5995E+01
0000932   6.3770E+02 -4.5125E+02  1.3785E+02
0000933   4.7576E+02 -3.7049E+01  2.8748E+02
0000934   3.9717E+02 -2.4282E+01 -7.6252E+01
0000936   3.3063E+02 -1.2720E+02  4.7127E+00
0000937   4.0174E+02  6.1293E+01  2.2505E+02
0000938   5.0957E+02 -1.9319E+02  1.5801E+02
0000939   2.1517E+02  1.7011E+02  2.1112E+02
0000940   3.9026E+02  2.2967E+02  1.2312E+01
0000941   4.8958E+01  5.0560E+01  1.9784E+01
0000942   3.6024E+02  5.8568E+01 -1.1939E+02
0000943   5.1877E+02  3.1672E+02  5.1691E+02
0000944   3.2955E+02  1.8549E+02  1.3199E+01
0000945   2.5582E+02 -1.1876E+01  7.8889E+01
0000946   4.6818E+02 -3.6826E+02 -7.2690E+01
0000947   5.2421E+02 -1.3242E+02 -6.6494E+01
0000948   2.1908E+02  1.5548E+02  3.4298E+02
0000949   4.5705E+02 -9.2751E+01  5.7594E+00
0000950   6.4037E+02  1.2557E+02 -1.3314E+02
0000951   1.6602E+02  1.7246E+02 -9.3643E+00
0000952   2.8283E+02  8.9154E+01 -5.1775E+01
0000953   3.5932E+02 -1.9594E+02 -2.3948E+01
0000954   8.1986E+01  4.9969E+01 -2.7171E+02
0000955   2.9181E+02  3.9719E+02  1.3755E+02
0000957   3.2718E+02 -1.4505E+02 -1.9415E+01
0000958   6.5074E+02 -3.0352E+01  1.9679E+02
0000959   1.2445E+02  4.7616E+01 -4.7009E+00
0000960   2.3324E+02  1.1647E+02  1.6938E+02
0000961   8.6057E+02  3.2026E+02 -4.1939E+02
0000962   3.8205E+02  1.0709E+02 -3.9013E+02
0000963   1.0048E+02 -2.3736E+02  1.3248E+02
0000964   2.5489E+02  1.0036E+02 -1.8154E+01
0000965   2.2438E+02  9.7355E+01 -2.5825E+02
0000966   3.7033E+02  1.9990E+02  2.4200E+02
0000967   4.0552E+02  1.1614E+02 -2.1308E+02
0000968   5.4388E+02 -1.0251E+02  2.0060E+01
0000969   4.1343E+02  3.6202E+01  3.6043E+01
0000970   2.1658E+02  2.1924E+02  3.4510E+02
0000971   4.3588E+02 -2.0431E+02  3.7688E+02
0000972   5.1541E+02 -6.1653E-02  1.6542E+02
0000973   2.0076E+02 -2.6176E+02  1.1493E+02
0000974   8.0495E+02  7.9020E+01  2.5914E+01
0000975   9.2646E+02 -4.7132E+01  2.3486E+02
0000976   5.8785E+01  3.3994E+02 -1.1130E+02
0000978   5.5420E+02 -1.2145E+01 -1.9252E+02
0000979   6.5962E+02 -1.0139E+02  2.7821E+02
0000981   9.8232E+02 -2.2622E+01  3.2974E+01
0000982   4.1280E+02  6.7699E+01 -3.0001E+02
0000983   1.3995E+02  9.8817E+01  1.2077E+02
0000984   2.9515E+02  3.1275E+02  1.5660E+02
0000985   3.5260E+02  2.1437E+02  3.4935E+02
0000986   4.8193E+02  1.3948E+02 -1.3479E+02
0000987   5.3938E+02  1.1551E+02  5.9177E+01
0000988   3.7881E+02 -2.8087E+02 -3.4398E+02
0000989   2.4669E+02  1.3967E+02  5.4422E+01
0000990   4.5183E+02 -9.7772E+01  4.8292E+00
0000991   7.6480E+02  2.7307E+02 -3.9532E+01
0000992   3.2363E+02  2.9637E+02  1.4492E+01
0000994   2.9295E+02  1.5157E+02 -2.0761E+02
0000995   7.1093E+02  4.1314E+02  9.9244E-01
0000996   1.6483E+02  1.0489E+02 -1.0446E+02
0000997   3.1660E+02  1.8028E+02  4.8365E+02
0000998   2.8704E+01 -4.4064E+01  1.4289E+02
0001000   1.9224E+02  4.5951E+01 -2.4357E+02
