============================== SRIM-2013.00 ==============================
==============================================================================
====== SRIM Outputs\RANGE_3D.txt : File of Final Ion Positions =====

Ion =  F (09)   Ion Mass= 018.9984
Energy  = 2000000.E-05 keV
Ion Angle to Surface = 00.0 degrees
==================== TARGET =======================
  Layer # 1 - None
  Layer # 1 - Bottom Depth=500000.E-01 A
  Layer # 1 - Density =0007.8700 g/cm3
  Layer # 1 -  100 % of Fe
様様様様様様様様様様様様様様様様様様様様様様様様様様
                                            
Ion       Depth  X   Lateral Y   Lateral Z  
Number    (Angstrom) (Angstrom)  (Angstrom) 
-------  ----------- ----------- -----------
0000001   3.8545E+02 -6.8814E+01  1.1444E+02
0000002   2.1095E+02 -5.4144E+01 -3.5605E+01
0000003   4.2809E+02  3.1299E+01 -2.5472E+01
0000004   2.0316E+02  2.2396E+02  7.0662E+01
0000005   3.6288E+02 -1.0654E+02 -5.1164E+01
0000006   1.9416E+02 -9.5804E+01 -1.5000E+02
0000007   2.4762E+02 -2.0688E+02  1.1796E+02
0000008   1.1322E+02 -1.8037E+02 -1.1530E+02
0000009   1.6553E+02 -1.3353E+02 -5.7408E+01
0000010   2.9040E+02  5.3381E+01  1.1810E+02
0000011   1.7356E+02 -1.5155E+01 -1.5440E+02
0000012   3.7206E+02  2.5178E+01 -1.0860E+02
0000013   1.5121E+02 -2.7777E+02 -1.5486E+02
0000014   1.2958E+02 -9.8470E+01 -1.3371E+02
0000015   1.2832E+02  1.7995E+02 -6.9905E+01
0000016   1.3393E+02  7.5657E+01 -1.6344E+01
0000017   2.1616E+02 -7.1767E+01  2.0733E+01
0000018   2.7907E+02  2.9124E+01 -2.3593E+01
0000019   1.9660E+02 -2.0315E+01  8.8348E+01
0000020   4.2012E+02 -1.2748E+02  6.7748E+01
0000021   2.6613E+02  3.6534E+01 -9.9016E+01
0000022   3.1529E+01  6.1763E+01  9.5784E+01
0000023   5.8437E+02 -1.1473E+02  2.0271E+01
0000024   1.8121E+02  1.4959E+02  1.1334E+02
0000025   1.3624E+02 -1.3031E+02  1.7117E+02
0000026   2.6959E+02  1.5757E+02  9.3012E+01
0000027   1.6088E+02 -2.6999E+01  8.4881E+01
0000029   2.1843E+02  1.8922E+02  1.8260E+02
0000030   1.6680E+02 -2.1593E+02 -1.9521E+02
0000031   1.9285E+02 -1.9716E+02 -2.0457E+02
0000032   2.5615E+02 -8.1138E+00 -1.1766E+02
0000033   2.7718E+02  1.5515E+02  1.4987E+01
0000034   2.2927E+02 -1.8076E+02  2.7168E+02
0000035   3.3989E+02  3.5632E+01 -1.1686E+01
0000036   1.9391E+02 -1.8004E+02  1.1245E+01
0000037   2.7726E+02 -5.9171E+00  1.3171E+01
0000038   1.4915E+02 -6.9072E+01 -1.2101E+02
0000039   1.6418E+02  9.8921E+01 -1.4811E+02
0000040   1.1617E+02  7.4401E+01  1.7739E+02
0000041   1.0620E+02 -5.2447E+01  2.6615E+00
0000043   3.3672E+02  8.7914E+01  9.4887E+01
0000044   2.4034E+02 -1.9287E+02 -5.6044E+00
0000045   3.1006E+02  6.9603E+01 -2.4727E+02
0000046   4.1280E+02 -4.1092E+02 -1.3667E+02
0000047   1.7348E+02 -1.2340E+01 -1.5783E+02
0000048   9.2816E+01  2.5475E+01 -9.4746E+01
0000049   1.8089E+01 -3.7732E+01  6.6898E+01
0000050   9.0519E+01  2.1749E+02  2.0069E+02
0000051   1.6994E+02  6.9153E+01 -2.2757E+01
0000052   2.2905E+01  2.0960E+01 -4.5813E+00
0000053   3.8725E+02  1.4850E+02 -1.9923E+01
0000054   1.7261E+02  1.0662E+02 -9.5780E+01
0000055   3.2875E+02  1.2454E+02  1.2272E+02
0000056   7.9609E+01 -7.1862E+01 -3.1546E+01
0000057   1.6589E+02 -6.6254E+01 -4.8813E+01
0000058   4.6254E+02 -9.0317E+01  6.0510E+01
0000059   2.1743E+02  2.2844E+02  2.3801E+01
0000060   1.2690E+02  1.7993E+01 -6.0900E+01
0000061   4.0233E+01  1.3970E+02  1.3196E+01
0000062   1.3370E+02  1.2381E+02  5.5858E+01
0000063   1.0830E+02 -1.4222E+02  1.0502E+02
0000064   2.7668E+02 -1.0641E+02 -1.6562E+01
0000065   2.9355E+02 -6.5594E+01 -1.1577E+02
0000067   1.9112E+02  9.9786E+01 -2.5762E+01
0000068   1.2022E+02  1.7997E+02 -3.7828E+01
0000069   2.6114E+02 -6.6414E+01  8.3851E+01
0000070   2.2008E+01  2.0937E+02  3.8656E+01
0000071   1.1541E+02  3.0118E+02 -8.1924E+01
0000072   1.1320E+02  1.1389E+02 -1.5198E+02
0000073   1.3556E+02 -1.6994E+02  1.7096E+02
0000074   4.4225E+02 -1.2412E+02  5.6230E+01
0000075   1.0129E+02 -5.1189E+01 -2.1690E+02
0000076   3.4886E+01  1.8266E+02  1.5841E+02
0000077   4.0943E+02 -2.8019E+01  3.1531E+01
0000078   4.5082E+02 -1.0171E+02 -3.5192E+01
0000079   1.2718E+02  4.2781E+01  5.5428E+01
0000080   2.7364E+02 -3.7616E+01 -4.9455E+01
0000081   3.4523E+02 -6.7081E+01  1.7803E+02
0000082   2.7211E+02 -1.6872E+02 -5.3738E+01
0000083   3.9824E+02 -4.4796E+01 -3.3895E+01
0000084   3.0295E+02  4.0574E-01  3.2564E+01
0000085   1.4856E+02 -1.1504E+02 -1.5434E+02
0000086   1.7387E+02 -8.9038E+01 -8.6354E+01
0000087   2.6739E+02  1.4354E+02  2.9335E+01
0000088   2.9721E+02 -1.3043E+02 -1.7255E+02
0000089   1.3221E+02  3.3186E+01 -5.2056E+01
0000090   6.5491E+01  2.4386E+02 -4.2831E+01
0000091   2.5007E+02  5.0104E+00 -1.2512E+01
0000092   2.2347E+02 -1.2308E+02 -1.8575E+02
0000093   1.1401E+02  1.6784E+02 -2.5215E+02
0000094   2.9693E+02  2.3233E+02  3.2666E+00
0000095   1.8027E+02 -1.7552E+02  1.9940E+02
0000096   2.1932E+02  3.1642E+01 -5.3004E+01
0000097   1.6690E+02  6.1156E+01 -2.6290E+02
0000098   2.0349E+02 -4.4019E+01  1.9571E+02
0000099   1.7330E+02 -7.4531E+01 -2.7862E+02
0000100   1.8801E+02  2.8078E+02 -6.7303E+01
0000101   3.5169E+01  5.4728E+01 -3.7489E+01
0000102   2.6252E+02 -1.7664E+01 -1.4173E+02
0000103   1.4758E+02 -7.8686E+00 -1.2798E+02
0000104   3.6776E+01  8.9977E+01 -3.5972E+01
0000105   1.4508E+02  4.9822E+01 -2.7200E+01
0000106   2.4177E+02 -1.0816E+02  1.6713E+02
0000107   2.3467E+02  1.3035E+02 -1.5358E+01
0000108   2.0370E+02  1.4731E+02  7.7604E+01
0000109   2.7966E+02 -1.8182E+02  3.3882E+01
0000110   6.6432E+01 -1.6326E+02  6.1199E+01
0000111   2.2381E+02  1.4914E+02 -2.3653E+02
0000112   1.5462E+02  5.0905E+01  5.4891E+01
0000113   2.1183E+02  1.4364E+02 -1.2628E+02
0000114   3.4258E+02  9.8537E+01  1.2261E+01
0000115   1.0036E+02 -1.5942E+02 -2.3564E+01
0000116   3.3918E+02  5.6778E+01  4.3116E+01
0000117   1.5466E+02  1.7010E+01 -5.6379E+01
0000118   2.0873E+02 -4.5019E+01  8.4672E+01
0000119   4.0123E+02 -1.2060E+01  1.1087E+02
0000120   2.7090E+02 -1.1291E+02  1.5305E+01
0000121   1.3756E+02 -1.8914E+02  1.2870E+02
0000122   1.0604E+02 -2.8887E+01  4.6051E+00
0000123   1.5938E+02  9.1524E+01 -1.4264E+02
0000124   2.1685E+02  1.0178E+02  2.0002E+02
0000125   3.2640E+02  5.7862E+01 -1.8581E+02
0000126   3.5186E+02 -9.7092E+01  1.4067E+02
0000127   9.9765E+01 -4.6722E+00  7.8809E+01
0000128   4.3600E+02 -1.0729E+02 -2.0349E+01
0000129   1.3623E+02 -8.9161E+01 -7.9388E+01
0000130   1.6628E+02  2.4559E+00  3.0505E+01
0000131   3.7187E+01  4.0135E+01 -2.4141E+01
0000132   3.8683E+02 -1.2373E+02 -1.5092E+02
0000133   4.7315E+02 -4.3893E+01  1.1052E+02
0000134   3.5762E+02 -6.9638E+01  1.5374E+02
0000135   2.5920E+02  1.3046E+02 -4.8037E+01
0000136   2.7109E+02 -2.0430E+01  2.1525E+02
0000137   9.7528E+01  1.4476E+02 -2.4934E+01
0000138   2.5240E+01 -1.3919E+02 -1.1143E+02
0000140   3.3226E+02 -6.1800E+01 -1.0355E+02
0000141   1.0232E+02 -7.9654E+01  1.5903E+02
0000142   3.0209E+02  9.7754E+01  2.4970E+01
0000143   1.6252E+02 -2.9900E+01 -1.0842E+01
0000144   3.1823E+02 -1.9192E+02  1.7721E+02
0000145   2.3418E+02 -8.5136E+00  1.0664E+02
0000146   1.2118E+02 -9.7083E+01  8.2041E+01
0000147   3.5645E+02  1.0476E+02 -4.7776E+01
0000148   1.2395E+02  1.2346E+02  1.6703E+02
0000149   9.1451E+01  1.5131E+01 -6.5977E+01
0000150   1.9430E+02 -4.5605E+00  5.4121E+01
0000151   1.5754E+02  1.2139E+02 -1.0152E+02
0000152   2.4638E+02 -1.2768E+01 -2.3036E+02
0000153   8.4903E+01  4.8105E+01  1.3672E+01
0000154   3.9002E+02 -7.0841E+01  4.8044E+01
0000155   2.2603E+02 -1.9877E+02  9.6943E+00
0000156   4.2283E+01 -4.2937E+01  1.7816E+02
0000157   2.4833E+02 -5.7098E+01 -1.2033E+02
0000158   2.2221E+02 -1.3083E+02 -1.1407E+02
0000159   3.3003E+02  9.0890E+01  1.4042E+02
0000160   2.9606E+02 -2.6871E+00  1.1723E+02
0000161   8.0727E+01 -1.4965E+02  5.2024E+01
0000162   1.7404E+02  3.8435E+01 -5.3829E+01
0000163   2.3593E+02 -1.7594E+02 -5.2270E-01
0000164   3.4911E+02  1.8047E+02 -9.4858E+01
0000165   1.3388E+02 -5.8414E+01  5.4447E+01
0000166   3.3557E+01 -4.2703E+01  2.6441E+01
0000167   3.0246E+02 -9.5413E+01 -2.2696E+02
0000168   2.7321E+02  2.2586E+02 -2.5607E+02
0000169   3.9283E+02 -3.7462E+01  1.8917E+00
0000170   2.4872E+02 -1.2619E+01  1.1969E+02
0000171   4.1667E+02 -1.2310E+02  1.0181E+02
0000173   1.0696E+02 -1.3575E+01  5.0154E+01
0000175   3.1967E+02  1.5209E+02 -5.6127E+01
0000176   8.4949E+01  5.8782E+01  7.8387E+01
0000177   2.0061E+02  7.6167E+01 -2.2687E+02
0000178   1.3660E+02  8.6458E+01  1.0304E+02
0000179   3.5446E+02  8.0691E+00 -9.7515E+01
0000180   5.3449E+01 -7.8587E+00  1.1616E+02
0000182   1.2135E+02 -3.0162E+02 -1.4663E+02
0000183   1.6261E+02 -9.6074E+01  5.7499E+01
0000184   2.3529E+02 -1.8616E+02  1.8556E+01
0000185   2.4826E+02  1.0827E+02  2.8277E+01
0000187   3.3952E+02 -1.2283E+02 -7.2043E+01
0000188   9.3030E+01 -2.0496E+02 -1.5494E+01
0000189   4.6115E+02 -4.0437E+01  1.1758E+02
0000190   2.6963E+02 -4.2860E+01  1.8122E+02
0000191   1.5016E+02 -1.4069E+01 -4.1097E+01
0000192   2.8391E+02 -6.7531E+01  1.5173E+01
0000193   6.4291E+01  1.8542E+02 -4.0302E+01
0000194   1.7385E+02 -1.3224E+02 -3.8004E+01
0000195   2.8883E+02  5.5661E+00 -1.2529E+01
0000196   2.7758E+02 -9.8889E+01  1.8563E+02
0000197   3.3302E+02  8.5129E+01  2.1914E+02
0000198   2.8811E+02  9.7245E+01  6.6357E+01
0000200   2.6817E+02  6.4899E+01  4.2149E+01
0000201   3.8853E+02  1.1094E+02 -2.6227E+02
0000204   2.1539E+02  5.9055E+01 -1.2901E+02
0000205   2.8822E+02  2.6996E+01  5.5147E+01
0000206   2.6823E+02  2.5192E+01 -1.9592E+01
0000207   2.1069E+02 -1.6680E+01 -2.7437E+02
0000208   2.0837E+02  1.3302E+02 -1.5082E+02
0000209   2.6636E+02  1.6564E+01  1.1034E+02
0000210   2.7601E+02 -1.2343E+02  2.7938E+02
0000211   2.0204E+02 -8.5869E+01  1.3400E+02
0000212   2.5190E+02 -1.9267E+02 -1.9896E+02
0000213   2.1372E+02  4.5950E+01 -4.9335E+00
0000214   5.3107E+02  2.5243E+01  4.0917E+01
0000216   2.6913E+02 -1.7646E+02  1.1094E+02
0000217   8.9216E+01  2.2364E+02 -8.0633E+01
0000218   3.0130E+02 -8.1551E+01 -9.0349E+01
0000219   2.5666E+02  2.4244E+02 -8.8318E+01
0000220   2.0516E+02 -1.6247E+02 -1.6457E+02
0000221   2.1822E+02 -4.9224E+01 -1.3698E+02
0000222   3.3898E+02 -3.0048E+01 -2.5523E+01
0000223   1.8918E+02 -1.9414E+02 -8.9051E+00
0000224   1.5856E+02  1.2385E+01 -2.0596E+02
0000225   3.6148E+02 -7.3471E+01  4.9594E+01
0000226   3.4073E+02 -2.3108E+02  5.8985E+00
0000227   2.8710E+02 -5.7533E+00 -2.6770E+02
0000228   1.9929E+02  8.3739E+00 -2.1567E+01
0000229   3.1031E+02 -6.5669E+01  7.1746E+01
0000230   1.2429E+02 -9.9412E+01  2.1416E+01
0000231   3.5486E+02  1.9073E+02  2.3258E+02
0000232   6.8348E+01 -1.0548E+02 -7.7796E+01
0000233   1.0321E+02 -2.9531E+01  1.3651E+02
0000234   2.3575E+02 -1.5215E+02  2.8247E+01
0000235   1.4868E+01  1.3011E+02  4.4230E+01
0000236   1.6840E+02 -2.3760E+02 -4.1273E+01
0000237   6.7438E+01  2.4886E+01  5.7469E+01
0000238   3.6662E+01  2.7652E+01  5.2800E+01
0000239   1.1849E+02 -1.0254E+02 -1.4723E+02
0000240   3.2194E+02  2.5347E+01  4.5682E+01
0000241   2.7825E+02 -1.6595E+02  1.3316E+01
0000242   5.3004E+02 -7.6869E+01  1.1391E+02
0000243   2.0224E+02  2.5992E+00 -3.5457E+01
0000244   3.0218E+02  3.0268E+01  4.7903E+01
0000245   2.1384E+02 -1.3334E+02 -1.5590E+02
0000246   6.8620E+01  1.3230E+02  1.7443E+02
0000247   1.3431E+02 -4.1233E+01 -1.8434E+02
0000248   1.4859E+02 -4.4239E+01 -7.3358E+01
0000250   3.2784E+01  2.0605E+02  1.5605E+02
0000251   8.3952E+01  4.1683E+00 -1.7148E+01
0000253   2.1375E+01  2.1344E+01 -4.6937E-01
0000255   3.1013E+02  9.8977E+01 -7.5101E+01
0000256   6.8941E+01  1.0358E+02 -8.9235E+01
0000257   1.3304E+02  3.5067E+01  1.9161E+01
0000258   1.0201E+02  8.8836E+00  1.6247E+02
0000259   1.2987E+02  2.2759E+02  4.0408E+01
0000260   1.5973E+02  1.4365E+02 -1.4539E+02
0000261   2.2614E+02 -1.3815E+02 -2.0070E+02
0000263   2.4250E+02 -1.5915E+01  1.5217E+02
0000264   2.6932E+02 -2.6238E+01 -2.0484E+01
0000265   1.0482E+02 -2.0966E+01 -3.2083E+01
0000266   1.2151E+02 -5.2698E+01  3.3566E+02
0000267   4.3545E+01  9.4257E+01  6.0381E+01
0000268   3.0218E+02 -1.8270E+02 -1.3397E+02
0000269   2.5482E+02  9.1966E+01 -3.6201E+01
0000270   2.6608E+02 -7.6512E+01  2.1081E+02
0000271   9.6431E+01 -1.4797E+02  1.9159E+02
0000272   1.0536E+02 -1.0594E+02  6.6990E+01
0000273   3.4615E+02  1.1082E+02 -1.3653E+01
0000274   2.1954E+02 -5.0495E+00  9.0605E+00
0000275   2.5693E+02 -1.6756E+02  1.1865E+02
0000276   3.4528E+02 -1.0233E+02  1.3851E+02
0000277   4.1745E+01 -1.0357E+02 -3.2611E+01
0000278   2.2716E+02 -1.0858E+02 -6.7765E+01
0000279   1.9569E+02  8.7134E+01  1.3615E+02
0000280   3.4504E+02  2.5648E+02 -1.3070E+02
0000281   1.1759E+02 -8.7204E+01 -4.9707E+01
0000282   1.2699E+02  4.3923E+01 -3.1818E+02
0000283   1.7851E+02  2.4104E+02 -7.6052E+00
0000284   3.5324E+02 -5.8763E+01  2.0066E+02
0000285   4.2248E+02 -1.9807E+02 -5.2436E+01
0000286   1.5558E+02  7.5685E+00 -6.2308E+00
0000287   3.2886E+02  2.5088E+02 -1.5921E+02
0000288   2.8230E+02 -4.7492E+00  1.6247E+02
0000289   1.6130E+02 -5.6288E+01  1.3364E+02
0000290   2.8949E+02 -3.6822E+01 -5.3888E+01
0000291   1.9719E+02 -1.2987E+02 -5.9332E+01
0000292   9.3598E+01 -1.6687E+02 -2.5402E+02
0000293   3.6023E+02 -5.4913E+01 -9.3130E+01
0000294   1.8033E+02 -2.1227E-01  1.6896E+02
0000295   5.0551E+02  6.6001E+01  1.0811E+02
0000296   1.6054E+02 -1.5409E+02 -2.9693E+02
0000297   2.2467E+02 -3.5933E+01  4.1954E+01
0000298   1.1094E+02  1.7794E+02 -1.2417E+02
0000299   6.4356E+01 -2.4170E+01  7.7700E+01
0000300   2.3056E+02  2.2364E+02 -1.0098E+00
0000303   7.0950E+01 -9.3446E+01  4.6410E+01
0000304   2.0234E+02 -1.1633E+02  2.9056E+02
0000305   1.0558E+02  8.4918E+01 -2.9247E+01
0000306   9.2243E+01 -3.7247E+01  6.2318E+01
0000307   5.4705E+02 -5.8603E+01 -2.3032E+02
0000308   4.1631E+02 -1.6761E+02 -2.2013E+02
0000309   3.7559E+02 -8.2425E+01  1.0862E+02
0000310   1.7698E+02 -2.2369E+02 -2.5467E+01
0000311   4.7949E+02  1.2403E+02 -1.8291E+02
0000312   5.0410E+01 -1.2835E+00  1.3662E+02
0000313   2.8379E+02 -4.6429E+01 -1.0604E+02
0000314   9.3584E+01 -2.1037E+02  1.3989E+02
0000315   4.2496E+02 -9.6454E+01  2.0743E+02
0000316   6.0698E+01 -1.7195E+01 -3.3535E+02
0000317   2.4662E+02 -1.0534E+02 -3.4283E+01
0000319   2.0795E+02 -6.1396E+01  4.2169E+01
0000320   3.4226E+02  1.2854E+02  1.1193E+02
0000322   2.9497E+02  1.9322E+01 -9.5048E+01
0000323   2.1626E+02  1.2351E+02  1.9655E+02
0000324   3.2324E+02 -1.2115E+01  8.6934E+01
0000326   2.0198E+02  4.7962E+01  9.7077E+01
0000327   2.4331E+02  6.6990E+01 -1.1144E+02
0000328   9.2425E+01  2.0467E+02 -5.0464E+00
0000329   1.4942E+02 -5.5587E+01 -1.3799E+02
0000331   1.3947E+02 -1.1120E+02 -2.1614E+02
0000332   9.5936E+01  3.5219E+01 -1.3159E+01
0000333   3.0480E+02 -7.4452E+01  2.1462E+01
0000334   1.0085E+02 -1.8172E+02 -1.0705E+01
0000335   2.5168E+02  1.3203E+02 -1.1276E+02
0000336   3.3405E+02  1.4198E+02  9.2528E+01
0000337   4.5811E+01  1.1636E+02  1.2429E+02
0000338   5.8294E+01  2.2724E+02 -3.8786E+01
0000339   2.6342E+02 -4.8006E+01 -1.3137E+02
0000340   1.6423E+02 -1.7018E+02  7.9448E+01
0000341   3.0909E+02 -3.5085E+00 -2.0803E+02
0000342   1.1030E+02  3.2461E+01  1.6156E+01
0000343   4.0530E+02  2.7030E+01 -2.7467E+01
0000344   9.8297E+01  1.3791E+02  3.9838E+01
0000345   1.8006E+02 -9.0141E+01 -5.0882E+00
0000346   2.8964E+02 -1.8832E+02 -7.4035E+01
0000348   2.9766E+02 -2.8626E+01 -1.0547E+02
0000349   2.8411E+02  1.0135E+02  6.2943E+01
0000350   3.7547E+02  1.6868E+02  2.2145E+02
0000351   9.4868E+01 -2.7914E+00 -7.6046E+01
0000352   2.1009E+02  3.5470E+01 -6.3165E+01
0000353   3.3068E+02  1.3716E+02  1.1812E+02
0000354   2.7400E+02  4.9404E+01  5.7756E+01
0000355   2.2909E+02 -3.6520E+00  1.0767E+02
0000356   1.1858E+02  7.0696E+01 -1.6014E+02
0000357   2.1788E+02 -7.7544E+01  5.0706E+01
0000358   2.4678E+02  2.8474E+01 -1.7995E+02
0000359   1.5528E+02  1.2134E+02  9.1418E+01
0000360   3.8017E+02 -5.8142E+01 -9.4101E+01
0000361   1.8192E+02  1.9960E+02  4.6728E+00
0000362   4.8196E+01 -4.9685E-01  1.1791E+02
0000363   1.6638E+02 -1.3942E+02  1.2494E+02
0000364   3.6164E+02  3.0168E+01  2.8082E+01
0000365   2.8290E+02  5.1917E+00  6.0147E+01
0000367   5.9383E+01 -1.3460E+02  9.7343E+01
0000368   3.4280E+02 -8.7771E+01 -2.1080E+02
0000369   2.4157E+02 -1.3609E+02  1.0609E+01
0000370   2.8921E+02 -8.6797E+01 -2.2035E+02
0000371   6.3935E+01 -6.0749E+01 -2.1408E+02
0000372   5.4316E+01  3.3323E+01  6.7911E+01
0000373   3.4163E+02 -1.2854E+02 -5.9706E+01
0000374   4.4647E+02  9.5927E+01 -1.2317E+02
0000375   7.8832E+01 -2.3854E+00 -1.8475E+01
0000376   2.1249E+02  3.8043E+01  1.4940E+01
0000378   8.5843E+01 -1.0176E+02  3.4670E+02
0000379   3.4531E+02  8.3184E+01  7.2739E+01
0000380   2.7000E+02 -1.8473E+01  2.5536E+01
0000381   2.4374E+02  1.5370E+02 -1.3896E+02
0000382   3.5616E+02 -8.2291E+01  1.0475E+01
0000383   1.8374E+01 -9.8451E+01 -7.7025E+01
0000384   2.5814E+02 -4.0935E+01  2.0989E+02
0000385   4.0614E+02  2.7977E+02  1.5549E+02
0000386   2.1240E+02 -4.3585E+01  4.6235E+01
0000387   1.3681E+02  3.6696E+01  6.7145E+01
0000388   1.3579E+02  7.0649E+01  5.5805E+01
0000389   1.2540E+02  7.5556E+01  4.4842E+01
0000390   2.6786E+02 -5.0899E+01 -2.3660E+01
0000391   3.6016E+02  1.9621E+02 -4.7033E+01
0000392   1.2434E+02 -3.6429E+01  6.4985E+01
0000393   2.6868E+02  2.0808E+01 -9.3677E+01
0000394   2.2449E+02  1.4865E+02  2.4284E+00
0000395   2.0779E+02 -1.4708E+01  5.3067E+01
0000396   4.1857E+02  9.2173E+01  6.9194E+01
0000397   1.4450E+01 -5.9833E+00 -5.5050E+01
0000398   4.2911E+02  1.5843E+02  9.4005E+01
0000399   2.2243E+02 -1.4085E+02 -9.7846E+01
0000400   7.4061E+01  1.2778E+01 -7.4742E+01
0000401   3.4680E+02 -1.0032E+02 -1.4803E+02
0000402   3.3705E+02 -8.6223E+01 -1.6049E+02
0000403   3.4967E+02  1.1341E+02 -1.0814E+02
0000404   1.8546E+02  1.0192E+02 -2.2285E+01
0000405   3.4426E+02 -1.0377E+02  2.0525E+02
0000406   1.9191E+02  1.0809E+02  1.2045E+02
0000407   2.6942E+02  2.0550E+01  9.4883E-01
0000408   2.2076E+02  2.2137E+02  2.9426E+02
0000409   2.7458E+02  5.2304E+01 -7.9684E+01
0000410   2.2242E+02  1.8939E+02  2.1135E+02
0000411   1.9484E+02  2.4213E+02  2.5630E+00
0000412   3.4329E+02  5.6186E+01 -1.7778E+02
0000413   6.7060E+01 -2.0778E+02 -1.3700E+01
0000414   2.2529E+02  2.2317E+02  8.8951E+01
0000415   3.0418E+02 -1.7802E+02 -2.9941E+02
0000416   2.8773E+02 -1.1116E+02 -1.6586E+02
0000417   3.3022E+01 -4.4840E+01 -2.0861E+01
0000419   2.7871E+02  2.2443E+02 -3.3159E+01
0000420   1.9004E+02  3.7119E+02 -7.7087E+01
0000422   1.4269E+02 -1.4642E+02 -8.7414E+01
0000423   1.7603E+02 -9.7042E+01 -7.2761E+01
0000424   4.3904E+01 -3.9971E+01  6.2847E+01
0000425   2.2650E+02  1.1476E+01 -2.2973E+02
0000426   1.9831E+02  8.9861E+01 -1.7238E+02
0000427   1.8636E+02 -6.1822E+01  8.1222E+00
0000428   2.8163E+02 -2.2341E+01 -9.2487E+01
0000429   2.1180E+02 -1.6445E+02 -5.5801E+01
0000430   3.8248E+02 -2.3381E+02 -3.6487E+01
0000431   3.2962E+02  5.4295E+01  3.4200E+00
0000432   4.0905E+02  6.7611E+01 -7.7911E+01
0000433   2.2986E+02  5.4476E+01  1.8891E+02
0000434   1.0605E+02 -2.2590E+01 -6.4969E+01
0000435   2.3225E+02 -3.0952E+01 -3.9345E+01
0000436   4.6799E+01 -1.1115E+02 -3.1688E+02
0000437   3.4251E+02 -1.5883E+02 -3.6577E+01
0000438   3.2938E+02  2.4761E+01 -5.2387E+01
0000439   3.0472E+02  2.0803E+02  1.6726E+02
0000440   1.4337E+02  1.4428E+02 -5.3856E+01
0000441   5.4477E+01  1.1750E+02  1.7506E+01
0000442   1.1350E+02  1.5305E+02 -1.7162E+02
0000443   1.0771E+02  8.2846E+01 -3.2080E+02
0000444   2.4627E+02  6.8018E+00  1.7819E+02
0000445   1.5797E+02  6.4875E+00  6.4920E+01
0000446   4.9409E+01 -1.8506E+02  1.1173E+02
0000447   2.3911E+02  1.6770E+02  1.9744E+02
0000448   2.2185E+02 -2.6895E+01 -5.3095E+01
0000449   1.1759E+02 -2.3263E+02  3.5910E+01
0000450   1.9678E+02 -9.4797E+01 -6.3664E+01
0000451   1.5208E+02 -3.0680E+01  2.7515E+01
0000453   3.2844E+02 -8.0204E+01 -1.2520E+02
0000454   5.6210E+01  6.3446E+01  3.8878E+01
0000455   2.9454E+02  2.8140E+02 -1.7292E+02
0000456   1.5501E+02  4.6503E+01 -4.4747E+01
0000457   4.0269E+02  2.5404E+01 -6.3054E+01
0000458   2.2696E+02  1.4506E+02  1.6884E+02
0000459   1.0894E+02  2.4691E+01 -3.6486E+01
0000460   9.3784E+01  2.3250E+02  1.3797E+01
0000461   2.9298E+02  7.0064E+01  7.7913E+01
0000462   2.5689E+02 -9.4312E+01  1.8019E+02
0000463   5.6509E+02 -2.2043E+02 -1.1724E+02
0000464   2.6045E+02  2.0084E+02 -8.6057E+00
0000465   1.9163E+02 -1.7542E+01 -2.4245E+02
0000466   6.1611E+01  2.0146E+01 -9.0598E+01
0000467   2.6781E+02  1.2723E+02 -7.3679E+00
0000468   1.9278E+02  2.9948E+01 -3.1872E+01
0000469   2.0492E+02 -7.8962E+01 -9.9093E+01
0000470   1.8070E+02  7.4804E+01  7.5278E+01
0000471   2.5246E+02  8.9087E+01 -5.4529E+01
0000472   2.8516E+02 -1.4693E+02  6.8588E+01
0000473   3.2972E+02  1.7274E+02 -9.0758E+01
0000474   1.3116E+02 -1.2748E+02 -8.1114E+01
0000475   1.5959E+02  2.2165E+00  2.4950E+01
0000476   1.1124E+02  1.1944E+02 -5.7156E+01
0000477   1.2663E+02 -2.2949E+02  1.8320E+02
0000478   1.9393E+02 -9.6950E+01 -1.0388E+02
0000479   1.3722E+02 -7.5190E+01 -7.2608E+01
0000480   1.2701E+02 -1.4301E+02 -1.9041E+02
0000481   2.0543E+02 -4.7296E+01 -1.4636E+02
0000482   2.2935E+02 -2.4171E+01  1.2145E+02
0000483   2.7110E+02  4.2694E+00 -2.2535E+02
0000485   3.1298E+02 -1.0060E+02  4.5203E+01
0000486   7.8877E+01 -2.6868E+01 -4.3401E+01
0000487   9.0727E+01  8.5836E+01  5.4880E+01
0000488   1.0388E+02 -2.4870E+01  1.9968E+02
0000489   3.4932E+02  7.6081E+01  1.2815E+02
0000490   1.3148E+02 -6.9094E+01  1.6226E+02
0000493   3.4029E+02  5.4332E+01 -1.3362E+02
0000494   2.3702E+02 -1.0774E+01 -7.7549E+01
0000495   2.1164E+02 -1.8516E+02 -2.7572E+01
0000496   8.3484E+01 -1.9086E+02  7.5823E+01
0000497   1.0718E+02  5.1389E+01  7.6460E+01
0000498   1.7162E+02 -4.7201E+01 -5.1125E+01
0000499   3.3685E+02  7.6671E+01 -1.5480E+02
0000500   2.1695E+02 -7.4926E+01 -1.4372E+01
0000501   8.0169E+01  4.8277E+01  2.3497E+02
0000502   3.2135E+02  1.0498E+02 -6.6219E+01
0000503   7.9685E+01  7.6977E+00 -1.4611E+01
0000505   1.6631E+02  9.0421E+01 -7.8660E+01
0000506   3.5526E+02 -3.2391E+02  1.4516E+02
0000507   2.7948E+02  2.0495E+02  3.2396E+01
0000508   3.3720E+01 -4.5684E+01  4.6256E+01
0000509   6.8867E+01 -7.0741E+01  2.8287E+02
0000510   1.9964E+02 -1.6731E+02  1.0367E+01
0000511   5.5948E+01  6.9376E+01  3.2802E+01
0000512   1.2176E+02  7.6016E+01 -9.8908E+01
0000513   1.6689E+02  7.1290E+00 -1.9519E+02
0000514   5.2147E+01 -1.8573E+02 -6.6549E+01
0000515   2.2953E+02  2.5667E+02  3.1050E+01
0000516   1.2513E+02  1.4012E+02  7.6575E+00
0000518   1.8899E+02 -3.7881E+01 -2.4723E+02
0000519   1.5659E+02  1.7310E+02  1.3751E+02
0000520   2.7746E+02  5.0289E+01 -6.8672E+01
0000521   3.2221E+01  3.7257E+02  6.2063E+01
0000522   1.8531E+02  9.5451E+01  1.4817E+02
0000523   1.5537E+02  5.8932E+01 -2.2558E+01
0000524   1.1066E+02  1.3575E+01 -2.5138E+02
0000525   1.0588E+02 -2.7051E+01  6.4132E+01
0000527   2.5320E+02  7.1329E+01 -3.2156E+02
0000528   4.1936E+01  2.1800E+02 -1.8646E+01
0000529   8.2389E+01  1.5651E+02 -8.4658E+01
0000530   1.7569E+02  7.0041E+01  7.7078E+01
0000531   1.2414E+02  1.3543E+02  2.3394E+01
0000532   2.9011E+02  5.1842E+01  1.3659E+01
0000533   2.5642E+02  9.5344E+01 -2.7857E+02
0000534   1.5024E+02 -1.1379E+01 -8.9840E+01
0000535   2.8670E+02 -1.7063E+02  8.6416E+00
0000536   3.0576E+02  1.6969E+01  9.7886E-01
0000537   1.5243E+02  1.3125E+02  4.8121E+01
0000538   2.2944E+02 -7.8399E+01 -2.1961E+02
0000539   2.5129E+02  8.9021E+01 -4.2236E+01
0000540   3.7643E+02 -5.6984E+01  9.0648E+01
0000541   2.5502E+02  2.0829E+01 -5.5844E+01
0000542   1.2876E+02  3.7029E+01  9.4989E-01
0000543   1.9158E+02  4.3888E+01  1.4788E+02
0000544   2.5760E+02  1.3180E+02 -1.0409E+02
0000545   1.9680E+02 -1.2002E+02 -1.2871E+02
0000546   1.7132E+02 -2.6772E+02  4.6016E+01
0000547   5.9394E+01 -5.6343E+01 -2.9483E+01
0000548   2.3662E+02  2.0935E+02 -4.9711E+01
0000549   2.7642E+02  4.3397E+00  2.6597E+01
0000550   2.5836E+02 -1.7426E+02  1.6844E+02
0000551   2.7811E+02 -1.1617E+02 -1.0548E+02
0000552   2.3174E+02 -7.5536E+01 -6.0905E+01
0000553   1.4607E+02 -1.3182E+02  9.7323E+01
0000554   1.3632E+02 -8.7181E+01  8.3121E+01
0000555   4.1595E+02 -1.0559E+02 -6.4731E+01
0000556   2.7583E+01  1.4559E+02  1.0030E+02
0000557   1.5737E+02  4.1779E+01 -2.2445E+01
0000558   2.9325E+02  4.9131E+01 -1.8554E+02
0000559   5.3917E+01  2.6244E+01 -3.8469E+01
0000560   2.0904E+02 -1.5487E+02  6.8521E+01
0000561   1.0303E+02  1.9963E+02 -1.9240E+02
0000562   3.8155E+02  3.0970E+01 -1.8971E+01
0000563   2.9897E+02  7.0834E+01  8.9120E+01
0000564   4.4584E+02 -7.2830E+01  2.3183E+01
0000565   2.0328E+02 -1.0806E+01 -2.4852E+01
0000566   1.3738E+02  2.7001E+01 -4.0107E+01
0000567   3.1762E+02 -1.3407E+02  1.5382E+02
0000568   7.6308E+01 -1.9548E+01 -9.2420E+00
0000569   4.0763E+02  7.9554E+01 -2.6553E+01
0000570   4.0975E+02  8.4543E+01 -4.9728E+00
0000571   3.4055E+02  8.0700E+01  4.3897E+01
0000573   2.3735E+02 -1.0506E+02  1.3057E+02
0000574   2.2422E+02 -3.5620E+02 -3.5087E+01
0000575   3.8721E+02 -6.1960E-01 -2.2523E+02
0000576   3.2751E+02 -5.8497E+01 -1.0266E+02
0000578   3.7310E+02 -6.9881E+01  1.0457E+02
0000579   1.3763E+01 -3.7510E+00  2.5232E+01
0000580   2.2678E+02  2.2828E+01  5.9055E+01
0000581   4.3453E+01 -1.3322E+02 -1.8838E+02
0000582   1.2759E+02 -4.0310E+01 -5.8733E+01
0000583   9.6419E+01  1.3210E+01  1.8469E+01
0000584   3.8765E+02  1.6004E+02 -3.0438E+01
0000585   2.8692E+02  4.2050E+01 -1.3305E+02
0000586   8.3978E+01 -7.0357E+01 -7.9468E+01
0000588   3.9428E+02 -6.6959E+01 -1.1205E+01
0000589   2.3559E+02  7.2409E+01  1.5914E+02
0000590   1.3008E+02  1.0954E+02  6.0623E+01
0000591   2.8386E+01  1.3640E+02 -5.5473E+01
0000592   1.8451E+02  1.4544E+02  9.7791E+00
0000593   2.7569E+02  1.5592E+02 -7.9585E+00
0000594   1.5702E+02 -1.0261E+02  9.1401E+01
0000595   1.5787E+02 -6.2347E+01  5.3766E+01
0000596   1.6407E+02  1.3535E+02  3.5363E+01
0000597   3.4709E+02 -9.4205E+01  1.7476E+02
0000598   1.8424E+02  2.7153E+00 -1.2651E+02
0000599   1.6350E+02 -1.5320E+00 -1.4335E+02
0000600   1.8967E+02 -1.5899E+02  9.3606E+01
0000601   4.2342E+02  9.1283E+00  2.1678E+02
0000602   3.2327E+02 -1.6513E+01  2.9991E+01
0000603   3.4132E+02 -3.3343E+02 -3.0001E+01
0000604   7.5215E+00  1.9114E+01  3.9478E+00
0000605   2.3740E+02 -1.5120E+02  1.6892E+01
0000606   6.4279E+01 -1.0294E+01 -1.2474E+02
0000607   1.5589E+02 -3.6355E+01  4.1597E+00
0000608   1.7197E+02 -3.7158E+02 -1.2797E+02
0000609   1.5921E+02 -2.5638E+02 -1.9315E+02
0000610   1.8800E+02 -4.2714E+01  1.2422E+01
0000611   2.8800E+02 -2.0338E+01 -4.6078E+01
0000612   1.5077E+01 -1.1972E+02 -8.8642E+01
0000613   1.9367E+02 -4.0835E+01  2.0980E+02
0000614   2.5312E+02  7.3542E+01 -1.0598E+02
0000615   1.1951E+02  2.7634E+01  1.7739E+02
0000616   2.8432E+02 -5.1368E+01  1.7307E+00
0000617   3.8232E+02  2.4978E+02 -1.5719E+01
0000618   1.4979E+02  3.3905E+01 -6.7432E+01
0000619   9.3374E+01 -5.5217E+01 -2.1005E+01
0000620   2.2940E+02 -1.4017E-01 -4.1513E+01
0000622   2.6111E+02 -6.1945E+00 -2.2099E+02
0000623   1.9171E+02 -2.0671E+02 -5.9894E+01
0000624   1.3902E+02 -1.6846E+01 -7.6205E+01
0000625   2.8674E+02 -4.0686E+01  1.4877E+02
0000626   1.8757E+02  1.0207E+02  6.0926E+01
0000627   2.1015E+02 -1.5016E+02 -1.7147E+02
0000628   1.6963E+02 -6.6258E+01  1.9864E+02
0000629   1.4073E+02  1.0749E+02  5.9563E+01
0000630   6.9646E+01 -9.1356E+01  4.9152E-01
0000631   1.8483E+02  2.1994E+02  1.9518E+01
0000632   3.0219E+02  4.0941E+01  7.7878E+01
0000634   2.8235E+02 -2.4679E+02 -6.6881E+01
0000635   1.6839E+02 -1.0550E+02  1.6775E+01
0000636   8.7842E+01  6.7452E+01 -1.9978E+02
0000637   2.6597E+02  1.2176E+01 -1.4767E+02
0000638   1.3587E+02 -7.4318E+01  6.5441E-01
0000639   3.9683E+02  8.6597E+01 -2.1770E+01
0000640   2.4055E+02 -9.4118E+00  9.3058E+00
0000641   2.7242E+02 -1.4686E+02  2.8945E+01
0000642   2.4528E+02  3.0051E+01 -4.9050E-01
0000644   1.2943E+02  1.0441E+02  4.8702E+00
0000645   3.6984E+02  8.4474E-01  1.6611E+01
0000646   1.4783E+02 -3.2989E+00  5.0924E+01
0000647   3.6283E+02 -9.4274E-01  8.5182E+01
0000648   2.1500E+02 -2.1904E+01  4.0720E+01
0000649   2.6411E+02 -1.9827E+02 -6.7220E+01
0000650   2.2570E+02 -2.7601E+01  3.6634E+02
0000651   1.3653E+02 -1.2782E+02 -6.2766E+01
0000652   1.9726E+02  5.6714E+01 -4.4598E+00
0000653   2.5547E+02 -4.8070E+01 -1.0443E+02
0000654   2.6220E+02  8.9546E+01  2.4001E+02
0000655   4.3657E+02  9.1208E+01 -3.3797E+01
0000656   2.7612E+02 -1.8446E+02 -1.5046E+02
0000657   1.6045E+02  1.4406E+02 -1.3338E+01
0000659   1.3804E+02  7.9693E+01  8.4978E+01
0000660   3.4502E+02 -1.2313E+01 -2.0971E+02
0000661   2.6501E+02 -4.2505E+01  6.8926E+01
0000662   1.1192E+02  5.7382E+01 -7.2852E+01
0000663   2.8319E+02  1.1423E+01 -6.0795E+01
0000664   1.2002E+02 -3.4677E+01 -1.7793E+01
0000665   1.0482E+02 -9.1404E+00  5.5299E+01
0000666   3.0435E+02  7.6034E+01  8.4098E+01
0000667   3.6133E+02  1.8126E+02  4.1530E+02
0000668   5.8851E+02  4.2725E+01 -1.0445E+02
0000669   3.7827E+02  3.6045E+01 -2.3651E+02
0000670   3.1374E+01  8.8506E+01 -1.4090E+02
0000671   1.6564E+02  7.6644E+01 -2.4519E+02
0000672   2.7220E+02  4.0160E+01  4.2727E+01
0000673   1.1811E+02  1.4466E+02  8.8465E+01
0000674   1.3160E+02  1.1772E+02 -1.6097E+02
0000675   5.9066E+01 -1.7706E+02  5.4516E+00
0000676   3.2748E+02 -4.2808E+01 -6.1664E+01
0000677   7.6353E+01  5.4216E+01 -8.9368E+00
0000678   3.5022E+02 -1.1467E+02 -2.4606E+01
0000679   4.0108E+02 -1.7577E+02  1.3095E+01
0000680   1.0753E+02  2.5454E+01  7.4747E+00
0000681   1.7752E+02 -5.9490E+01 -6.6417E+00
0000682   1.7473E+02 -4.1480E+00 -1.3955E+02
0000683   1.4377E+02  1.7633E+01  8.0681E+01
0000684   2.1514E+02 -8.0795E+01  1.8676E+02
0000685   1.2272E+02 -1.1975E+02 -3.9863E+01
0000686   2.0878E+02 -2.1339E+02 -1.9404E+02
0000687   3.0611E+02 -2.7618E+01 -4.1477E+01
0000688   1.4919E+02 -5.8960E+01  4.0377E+00
0000689   2.5777E+02  6.2644E+01 -7.4254E+01
0000690   1.6978E+02 -9.2746E+01 -3.1044E+01
0000691   7.9906E+01 -4.2545E+01 -1.4822E+02
0000692   2.1964E+02  8.8352E+01 -1.7511E+02
0000693   1.4055E+02 -1.9896E+02  1.2713E+02
0000694   4.4282E+02 -7.9206E+01  1.0135E+01
0000695   2.4171E+02 -7.0459E+01  1.9564E+02
0000696   1.3670E+02 -1.1172E+02  8.0545E+01
0000699   1.3121E+02 -1.1951E+02 -1.1188E+02
0000700   1.1322E+02 -1.0568E+02  1.2149E+02
0000701   1.1918E+02  2.0313E+02  1.7510E+01
0000702   3.2879E+02 -1.5612E+02  1.6606E+02
0000703   1.5464E+02  5.8365E+01  6.5964E+01
0000704   3.2280E+02  5.1786E+01 -1.6831E+02
0000705   1.6990E+02  9.0127E+01  1.3763E+02
0000706   1.8736E+02  1.0209E+02 -1.3381E+02
0000707   1.0958E+02  7.5382E+01  6.5344E+01
0000708   2.0673E+02  1.1709E+01  1.2669E+02
0000709   2.1270E+02 -1.3105E+02 -3.0453E+02
0000710   6.1594E+01 -8.5542E+01  1.8225E+01
0000711   3.9941E+02 -1.7141E+02 -7.5827E+01
0000712   2.5706E+02  1.5013E+02  2.6254E+02
0000713   7.0620E+01  1.6591E+02 -1.2018E+02
0000714   1.1352E+02  8.9887E+01  6.7418E+01
0000715   3.6813E+02 -3.8015E+01 -1.3887E+02
0000716   1.4042E+02  5.5051E+01  6.2101E+01
0000717   3.8451E+01  8.8979E+01  6.5040E+01
0000720   2.4426E+02 -3.1305E+02 -4.7501E+01
0000721   1.7215E+02  8.4856E+01  3.5678E+01
0000722   1.5505E+02 -6.9396E+00  2.6482E+01
0000723   1.7610E+02 -1.0516E+01  6.4255E+01
0000724   1.1983E+02  1.8225E+02 -4.8916E+01
0000725   2.6054E+02 -2.5705E+02  6.1133E+01
0000726   1.3547E+02  1.6523E+02  1.2949E+02
0000727   1.6256E+02  1.4044E+02 -1.4175E+02
0000728   3.1169E+02 -3.6633E+02  2.9563E+01
0000729   2.0014E+02 -1.1567E+02 -7.8504E+01
0000730   2.7875E+02 -2.9018E+00 -7.8649E+01
0000731   3.9231E+02 -1.4404E+02  7.9817E+01
0000732   2.1629E+02 -3.6056E+01 -7.6353E+01
0000733   2.5899E+02 -9.9124E+00  2.4160E+02
0000734   4.4258E+02 -2.1892E+00  2.3859E+02
0000735   4.0160E+02 -4.4703E+01 -1.2494E+02
0000736   3.0182E+02  4.8042E+01 -3.6330E+01
0000737   1.2607E+02 -5.8748E+01  9.9422E+01
0000738   1.7254E+02  2.7932E+00 -9.7697E+01
0000739   2.4240E+02 -3.2023E+02  9.9479E+01
0000740   2.2446E+02  3.6078E+01  2.6536E+02
0000741   3.5946E+02 -1.4348E+02  6.6135E+01
0000742   4.3679E+02  2.2994E+00  7.7161E+00
0000743   1.9111E+02 -1.9277E+02 -1.6515E+01
0000744   1.1104E+02  4.3235E+01 -1.6729E+02
0000745   8.8485E+01 -4.4788E+01 -5.3786E+00
0000746   2.8170E+02 -2.5509E+00 -6.8195E+01
0000747   3.0100E+02 -6.0522E+01  1.7706E+02
0000748   2.6430E+02  9.7393E+01 -4.9105E+01
0000749   1.4577E+02  1.2853E+02  1.8209E+01
0000750   8.9502E+01 -9.0177E+01 -5.2203E+01
0000751   1.0706E+02  1.2771E+01 -1.4606E+02
0000752   6.6515E+01  1.8645E+01  1.4672E+01
0000753   2.1075E+02 -1.0598E+02 -1.6871E+02
0000754   2.4954E+02 -8.5350E+01  1.1794E+02
0000755   2.2565E+02 -1.9681E+01  1.1082E+02
0000756   2.0400E+02  3.4380E+02 -9.1295E+01
0000759   3.2071E+02  8.4281E+01 -2.1689E+01
0000761   2.8279E+02 -1.1924E+02  1.9465E+01
0000762   2.7134E+02  1.7551E+02  1.2456E+02
0000763   4.1183E+01  1.5219E+01 -2.2488E+01
0000764   2.1563E+02  4.9742E+01  2.2157E+01
0000765   4.1936E+02 -1.1289E+01  5.9506E+01
0000766   2.2398E+02 -1.3872E+02  9.2545E+00
0000767   3.4695E+02 -4.3993E+01  1.4456E+02
0000768   2.9548E+02 -3.8463E+01 -4.2011E+01
0000769   3.0849E+01 -1.1140E+02  7.6899E+01
0000770   1.6382E+02  2.1629E+01 -1.5469E+01
0000771   8.9929E+01  1.4437E+01  4.3069E+01
0000772   1.1721E+02  2.1663E+02  1.2020E+02
0000773   2.7232E+02  3.4560E+01 -1.7571E+01
0000774   3.5117E+02 -6.6157E+01 -7.7442E+01
0000775   4.5331E+02 -1.7162E+01 -1.1331E+02
0000776   2.4212E+02  3.4481E+01  2.6869E+00
0000777   2.7651E+02  1.4118E+02  4.2147E+01
0000778   3.0251E+02  1.1045E+02  7.1030E+01
0000779   1.1347E+02 -1.8453E-01 -4.6430E+01
0000780   2.4392E+02 -8.7495E+01  6.6811E+01
0000781   8.8346E+01 -2.3260E+01 -1.3019E+02
0000782   2.5771E+02 -1.8406E+02 -1.4482E+02
0000783   2.4345E+02  1.4002E+02  1.3513E+02
0000784   2.7533E+02 -6.2896E+01  2.8052E+01
0000785   1.6863E+02  7.3975E+01  1.0028E+02
0000786   1.2384E+02  1.3871E+02 -1.5838E+02
0000787   9.2739E+01 -9.0727E+01 -1.5608E+01
0000788   4.6239E+02 -1.6183E+01 -7.3088E+01
0000789   1.8819E+02 -5.3772E+01 -1.5405E+02
0000790   9.3969E+01 -2.1855E+02  1.0544E+02
0000791   3.8641E+02 -4.6671E+00  5.0743E+01
0000792   2.0386E+02  5.4631E+01 -1.1415E+02
0000793   2.6223E+02  1.2825E+02  1.2107E+02
0000794   1.9666E+02 -7.3303E+01 -2.1720E+01
0000796   4.7577E+01  2.7043E+02  1.4465E+02
0000797   1.4226E+02  3.8288E+01  9.7846E+01
0000798   3.9744E+02 -1.8700E+01  1.8533E+01
0000799   3.4403E+02 -2.3747E+01 -4.4197E+01
0000801   2.0774E+02  2.0592E+01  1.3523E+02
0000802   3.5671E+02  1.6673E+02 -3.3325E+02
0000803   2.7551E+02  1.3654E+02  5.3912E+01
0000804   2.0203E+02  2.6383E+02 -1.1502E+02
0000805   3.1051E+02 -3.2373E+02  5.9893E+01
0000806   2.3767E+02  1.1279E+02 -9.7497E+01
0000809   1.4238E+02  2.6012E+01  1.4839E+01
0000810   1.2254E+02  1.6214E+02  2.2396E+02
0000812   6.9571E+01 -7.6994E+01 -5.1958E+01
0000813   1.9970E+02 -2.4182E+01  1.1404E+02
0000814   1.3839E+02  8.5829E+01 -2.8288E+01
0000815   2.3965E+02 -4.9838E+01  3.3091E+01
0000816   1.4705E+02  1.5999E+02  1.4559E+01
0000817   3.8623E+02  1.1874E+02  7.1358E+01
0000818   7.3815E+01  9.7784E+01  8.7612E+01
0000819   2.4177E+02  1.5327E+02  2.5851E+02
0000820   2.5327E+02 -6.5966E+01  6.2414E+01
0000821   1.8311E+02  1.3258E+02 -1.6518E+02
0000822   9.2116E+01  2.5518E+01 -3.6272E+02
0000823   3.3330E+02  7.8682E+00 -2.4366E+02
0000824   3.7743E+02  3.6746E+01 -1.2839E+02
0000825   1.3983E+02  1.5261E+02 -2.6196E+01
0000826   4.1385E+02  1.1220E+01 -1.4317E+02
0000827   9.7175E+01 -7.7910E+01 -3.1737E+01
0000828   2.5837E+02  2.2903E+00 -3.1450E+01
0000829   2.1223E+02  3.7168E+02 -2.3965E+02
0000830   1.8215E+02 -1.5020E+01 -1.2340E+02
0000831   6.2594E+01 -9.5278E+01 -3.7504E+01
0000832   1.7136E+02 -1.3862E+01 -1.7638E+01
0000833   2.8263E+02  7.1960E+01 -4.8033E+01
0000834   1.6533E+02 -4.3747E+01  3.2681E+01
0000835   2.7920E+02 -9.7454E+00 -3.2703E+01
0000836   6.9805E+01  2.9866E+02 -2.8595E+02
0000837   1.0791E+01 -1.9613E+02 -1.6541E+02
0000838   2.5990E+02 -9.8941E+01 -1.9210E+02
0000839   3.0531E+02  7.8407E+01 -8.3420E+01
0000840   3.2195E+02 -9.5557E+01 -1.8960E+02
0000841   2.6272E+02  6.7943E+01 -1.4103E+02
0000842   2.0771E+02 -2.7414E+02 -1.1996E+02
0000843   2.3975E+02  2.5381E+02  5.9055E+01
0000844   3.7895E+02  1.4392E+02  5.1724E+00
0000846   2.7913E+02  8.4226E+01 -2.3332E+02
0000847   2.5586E+02  6.3770E+01  2.5337E+00
0000848   5.4930E+02  4.8937E+01 -5.0865E+01
0000849   1.3272E+02  1.3387E+02  9.1703E+01
0000850   1.1774E+02  5.8361E+01  3.2075E+01
0000851   1.5420E+02  2.5477E+02  7.2472E+01
0000853   9.7062E+01 -5.0999E+01  3.0896E+01
0000854   3.1167E+02 -1.4252E+02 -8.0222E+01
0000855   1.4513E+02 -3.9464E+01  1.3600E+02
0000856   3.5378E+02 -3.3233E+01 -1.3589E+02
0000857   4.8110E+01 -1.1085E+00 -7.3361E+01
0000858   9.3554E+01  9.8883E+01 -1.2836E+02
0000859   3.1200E+02 -1.0733E+02  1.0415E+02
0000860   2.6485E+02  7.0237E+01  2.9602E+02
0000861   2.0257E+02  8.9617E+01 -1.0931E+02
0000862   1.1696E+02 -1.6655E+02  5.2150E+00
0000863   2.1763E+02  1.3522E+02 -1.1230E+02
0000864   2.4483E+02  9.9989E+01 -3.4803E+01
0000865   1.6665E+02 -1.6672E+02  4.1247E+01
0000866   4.0406E+02 -8.8611E+01 -9.8601E-01
0000867   1.1106E+02 -1.9466E+01 -3.5813E+01
0000868   3.8407E+02  1.1147E+02  1.4531E+02
0000869   1.5901E+02 -2.2225E+01 -1.9299E+02
0000870   2.2736E+02  9.1815E+01  7.9195E+01
0000871   1.5570E+02  1.5394E+02  1.9523E+01
0000872   3.8076E+02  2.4498E+02  6.5413E+00
0000873   1.0650E+02 -1.0964E+02  6.7387E+01
0000874   2.4386E+02  1.0535E+02  7.0879E+00
0000875   2.3352E+02 -6.5610E+01  9.3499E+01
0000876   1.3361E+02  7.2510E+01  1.8854E+02
0000877   1.6734E+02 -1.5814E+02 -1.3799E+02
0000878   1.5233E+02  2.1085E+01 -7.7185E+01
0000879   2.3910E+02  2.3362E+00 -9.7867E+01
0000880   6.3175E+01  2.2484E+02  1.0622E+02
0000881   5.3617E+01 -2.5144E+02 -1.1349E+02
0000882   1.7206E+02 -1.1324E+02  9.9812E+01
0000883   5.7798E+01  7.0213E+01  5.9887E+01
0000884   1.5262E+02 -9.9653E+01 -6.4207E+01
0000885   3.6346E+02 -9.3305E+00 -2.7820E+01
0000886   1.8075E+02  5.7988E+00  9.3157E+01
0000887   1.9262E+02 -2.9031E+01 -2.3235E+00
0000888   2.9085E+02 -1.4078E+02  7.3088E+01
0000889   2.4814E+02  3.3640E+01  1.3543E+01
0000890   1.5148E+02  1.6981E+02 -1.3404E+02
0000891   2.7885E+02 -8.1107E+01  1.9023E+02
0000892   9.7894E+01  2.6982E+00  1.9218E+02
0000893   3.7099E+02  2.1774E+02 -3.1852E+01
0000894   1.5927E+02 -9.0592E+01 -2.7981E+02
0000895   9.3123E+01 -1.7036E+02 -1.6700E+02
0000896   2.3507E+02  2.0693E+02  1.0297E+02
0000897   2.5071E+02 -2.9625E+02  3.7059E+01
0000900   2.5232E+02 -4.0585E+01 -3.4095E+01
0000901   3.1012E+02 -8.6072E+01  2.6282E+02
0000902   2.5254E+02 -8.4993E+01  5.9522E+01
0000903   3.9572E+02  5.6807E+01 -7.4106E+01
0000904   2.4006E+02 -4.5313E+01 -4.6758E+01
0000905   1.6622E+02  2.2294E+02 -5.7761E+01
0000906   3.6126E+02 -9.8283E+01 -5.2574E+00
0000907   2.5217E+02  1.5844E+02 -6.5163E+00
0000908   2.6444E+02 -1.1625E+02  5.1513E+01
0000909   2.5336E+02  2.1388E+02 -1.6744E+01
0000910   8.6525E+01  1.2354E+02  4.4326E+02
0000911   6.1913E+01 -2.2844E+02  3.6441E+01
0000912   3.2749E+02 -1.6877E+02 -2.7217E+02
0000913   1.7268E+02 -7.2733E+01  1.7351E+02
0000914   1.8833E+02  2.5259E+02 -1.3967E+02
0000915   2.5482E+02 -4.6916E+01  2.8785E+01
0000916   2.5717E+02 -1.8708E+02 -4.0262E+01
0000917   3.0436E+02  6.3231E+01 -4.6103E+01
0000918   6.2194E+01 -8.9091E+01 -2.1914E+02
0000919   1.8897E+02  1.0173E+02 -1.6507E+01
0000920   3.4467E+02  1.2088E+02 -7.3823E+01
0000921   2.4626E+02  9.7489E+01  4.1802E+01
0000922   3.1060E+02 -1.0782E+02  3.0663E+01
0000923   7.8054E+01  2.4768E+01  5.9415E+01
0000924   2.1291E+02 -1.0064E+02 -1.3418E+02
0000925   3.0162E+02  2.5708E+02  7.8950E+01
0000926   1.9456E+02 -4.9193E+01 -1.2054E+02
0000927   6.8652E+01 -1.1336E+02  1.5105E+02
0000928   2.1922E+02 -3.1141E+01  2.7910E+02
0000929   1.9175E+02  7.1406E+01 -1.2580E+02
0000930   4.6598E+00  9.3972E-01 -4.8546E+01
0000931   2.6005E+02  9.0689E+01 -3.7826E+02
0000932   2.2350E+02 -4.9849E+01 -1.5469E+01
0000933   1.3258E+02  3.1088E+01  4.8628E+01
0000934   1.6604E+02  4.0957E+01 -3.5409E+01
0000935   1.4904E+02  1.5767E+01  1.2726E+02
0000936   3.2455E+02 -1.5455E+02  3.7403E+02
0000937   1.8822E+02  8.0595E+01 -1.3648E+02
0000938   1.7352E+02 -9.1598E+01  8.3570E+00
0000939   1.0074E+02 -1.4739E+02 -6.8024E+01
0000940   2.1558E+02 -1.6082E+02 -1.6037E+02
0000941   9.8238E+01 -1.8091E+02  1.1636E+02
0000942   1.0648E+02 -3.1913E+01 -9.4819E+01
0000943   1.8769E+02  6.5584E+01 -1.5859E+01
0000944   1.5373E+02  4.4733E+00  1.2819E+02
0000945   2.0965E+02 -1.4989E+02 -4.1288E+01
0000946   1.7239E+02  1.7170E+02 -6.4728E+01
0000947   1.8607E+02 -8.5350E+01 -2.3711E+00
0000948   1.4178E+02  5.2247E+01 -5.0458E+01
0000949   2.4588E+02  1.5624E+02  1.2289E+02
0000951   6.3415E+01  1.9562E+02  6.7732E+01
0000952   2.5581E+02 -1.2445E+02 -8.9683E+01
0000953   1.6628E+02  1.0939E+02  1.3075E+02
0000954   2.5506E+02  1.4261E+02  7.4500E+01
0000955   2.2883E+02 -1.6200E+01 -7.6787E+01
0000956   3.0251E+02 -2.3691E+01 -1.4553E+02
0000957   3.6463E+02  7.4433E+01 -2.1519E+02
0000958   4.5033E+01 -7.5191E+01 -4.1548E+01
0000959   1.2134E+02  6.8883E+00  1.4018E+02
0000960   1.9681E+02 -9.7591E+00  9.1843E+01
0000961   8.5906E+01  9.0902E+01  8.6515E+01
0000962   2.0440E+02 -3.7844E+01 -1.5572E+01
0000963   1.3776E+02  1.0323E+02 -6.7293E+01
0000965   2.6948E+02 -7.6551E+01 -3.8516E+01
0000966   3.2056E+02 -8.2585E+01  2.2621E+02
0000967   2.1617E+02  7.3687E+01  2.7707E+02
0000968   1.1705E+02  4.6377E+01  2.2740E+01
0000969   1.1768E+02 -1.6601E+02 -1.7217E+02
0000970   9.4261E+01  1.7389E+02  1.3948E+01
0000971   2.3242E+02  3.5320E+01  2.1290E+01
0000972   2.4238E+02  1.3363E+01  9.3317E+01
0000973   1.6298E+02  5.8121E+01 -2.0063E+02
0000974   1.2427E+02  7.1748E+01 -3.0600E+01
0000975   3.5097E+02 -1.4031E+02 -1.3503E+02
0000976   2.5384E+02 -1.8649E+02  1.9159E+00
0000977   5.7032E+02 -2.1154E+01  9.3628E+00
0000978   4.4601E+01 -2.0987E+02 -1.2522E+02
0000979   1.6783E+02  1.1068E+02 -8.0198E+01
0000980   2.3917E+02 -1.9030E+02  1.8169E+02
0000981   2.3657E+02  4.9892E+01  1.7014E+02
0000984   1.5269E+02  4.4014E+01 -1.6469E+01
0000986   5.5820E+01 -2.7665E+01  6.9877E+00
0000987   9.7660E+01 -2.3486E+01  1.5307E+02
0000988   4.0845E+02  1.1623E+02  5.8792E+01
0000989   2.0636E+02  2.5673E+02  8.7747E+01
0000990   3.1036E+02 -2.4116E+01 -1.2679E+02
0000991   1.5197E+02 -2.7254E+01  2.6794E+02
0000992   2.4117E+01  1.1541E+02 -2.0634E+02
0000993   7.1449E+01 -1.1973E+01  8.1383E+01
0000994   2.9999E+02  6.5340E+01  8.0121E+00
0000995   4.8252E+01 -1.5198E+02  2.0244E+02
0000996   4.0874E+02 -1.2811E+02  6.9917E+01
0000998   2.7268E+02 -1.0235E+02 -6.6649E+01
0000999   1.5246E+02  7.0700E+00  1.8936E+01
