============================== SRIM-2013.00 ==============================
==============================================================================
====== SRIM Outputs\RANGE_3D.txt : File of Final Ion Positions =====

Ion =  F (09)   Ion Mass= 018.9984
Energy  = 2000000.E-05 keV
Ion Angle to Surface = 00.0 degrees
==================== TARGET =======================
  Layer # 1 - None
  Layer # 1 - Bottom Depth=500000.E-01 A
  Layer # 1 - Density =0007.8700 g/cm3
  Layer # 1 -  100 % of Fe
様様様様様様様様様様様様様様様様様様様様様様様様様様
                                            
Ion       Depth  X   Lateral Y   Lateral Z  
Number    (Angstrom) (Angstrom)  (Angstrom) 
-------  ----------- ----------- -----------
0000001   1.8724E+02 -1.8218E+02  2.3680E+02
0000002   1.4054E+02 -1.8496E+01 -1.5460E+02
0000003   1.4492E+02 -1.5197E+02  7.9296E+01
0000004   2.7824E+02  1.2559E+02  1.4372E+02
0000005   1.3956E+02  4.7840E+01  5.6641E+01
0000006   4.2899E+02  1.3057E+02  6.5200E+01
0000007   4.1972E+01  6.1860E+01  4.8131E+01
0000008   1.6457E+02  1.1988E+01 -5.8843E+01
0000009   2.5010E+02 -1.5737E+02  1.2630E+02
0000010   2.2462E+01  8.0889E+01 -9.1162E+00
0000012   1.4488E+02 -4.7881E+01 -1.8076E+02
0000013   1.9295E+02  4.6824E+00 -2.0854E+02
0000014   2.0714E+02  5.5636E+01 -3.7768E+01
0000015   1.3793E+02  1.8671E+02  3.4641E+01
0000016   3.2309E+02  1.6593E+02 -1.5801E+01
0000017   1.1033E+02  5.0909E+01  1.6228E+01
0000018   1.7791E+01 -5.6600E+01 -1.3784E+02
0000019   1.0986E+02 -1.3032E+02  6.0938E+01
0000020   4.2987E+02  2.5596E+02 -2.2432E+02
0000021   2.0080E+02  4.3216E+00 -8.5456E+01
0000023   1.6694E+02  1.9219E+02  3.6606E+01
0000024   2.6516E+01 -1.2132E+02  6.0984E+01
0000025   3.7772E+02 -2.7530E+01  1.2129E+02
0000026   2.0005E+02 -2.3621E+01  3.8826E+01
0000027   1.3704E+02 -1.5867E+02 -8.1708E+01
0000028   4.0036E+02 -8.7978E+01 -2.0567E+02
0000029   4.0292E+02 -1.7959E+02  1.9995E+02
0000030   3.0608E+02 -1.5270E+02 -1.8599E+02
0000031   1.8895E+01  4.7297E-01 -1.0779E+02
0000032   3.9344E+02 -8.1496E+01  2.5705E+02
0000033   2.2604E+02 -2.2916E+02 -1.4532E+02
0000034   1.6834E+02 -4.5870E+01 -1.7421E+02
0000035   3.2572E+02 -1.3283E+02  1.1631E+02
0000036   2.0198E+02 -3.4689E+02 -7.8199E+00
0000037   1.3419E+02 -1.7115E+02 -1.9293E+02
0000038   2.6741E+02 -8.1017E+01  1.9008E+02
0000039   1.1294E+02 -7.5665E+01 -2.7192E+01
0000040   1.1541E+02  2.4352E+01 -9.9398E+01
0000041   3.0594E+02 -2.9123E+01 -6.5259E+01
0000042   2.2350E+02 -4.4180E+01 -5.9901E+01
0000043   2.0398E+02  1.4223E+02  2.6169E+02
0000044   2.4905E+02  1.0045E+01 -7.2602E+01
0000045   1.5874E+02  7.8924E+01  2.7762E+02
0000046   1.2380E+02  3.3923E+01  9.1935E-01
0000047   1.5290E+02  1.1234E+02 -2.3724E+02
0000048   2.1057E+02 -4.3117E+01 -7.6751E+00
0000049   3.8225E+02  1.3274E+02 -2.0064E+02
0000050   2.7231E+02  3.6168E+01 -5.2275E+00
0000051   1.8478E+02 -5.0209E+01 -1.3238E+02
0000052   1.1398E+02 -8.0467E+01 -3.8951E+01
0000053   3.3543E+02  1.7749E+01 -2.2836E+01
0000054   2.5306E+02 -6.4172E+01  6.2496E+01
0000056   1.1202E+02 -8.3357E+00 -5.1551E+01
0000057   4.7649E+02 -1.8857E+01 -2.7490E+02
0000058   2.6585E+02 -1.2531E+02  2.7819E+02
0000059   1.6063E+02  1.0391E+02 -2.5400E+02
0000060   2.0581E+02 -1.2074E+02  1.4033E+02
0000061   2.4906E+02 -1.2656E+02 -6.3696E+01
0000062   1.7637E+02 -1.7313E+02  4.0336E+01
0000063   2.4647E+02  1.6665E+02 -3.5872E+01
0000064   2.1538E+02  5.5245E+00 -5.6634E+01
0000065   2.3826E+02  4.9379E+00  3.2720E+01
0000066   8.6541E+01  2.3735E+01 -1.5126E+00
0000067   3.2328E+02 -1.6990E+02  1.0725E+02
0000068   3.0979E+02 -8.5538E+01 -1.1206E+01
0000069   1.1853E+02  6.6701E+01  1.5869E+02
0000070   1.7502E+02 -9.3217E+01 -8.4448E+01
0000071   8.9118E+01  7.0900E+00  1.3209E+02
0000072   4.2337E+02  4.2646E+01  3.1665E+02
0000073   2.5080E+02 -4.8931E+01 -1.9920E+02
0000074   2.1963E+02 -1.8285E+02 -1.5396E+02
0000076   1.4371E+02  1.4184E+02  1.1123E+02
0000077   2.1032E+02  4.9332E+01 -8.5198E+01
0000078   2.7997E+02  1.7057E+02 -1.1834E+02
0000079   9.4372E+01  1.8420E+02 -2.1512E+00
0000080   3.0597E+02 -2.3532E+01 -5.1451E+01
0000081   2.4804E+02 -8.4605E+01 -2.6359E+02
0000082   2.0946E+02 -1.3390E+02  8.1634E+00
0000083   2.3852E+01  1.6841E+02  7.9232E+01
0000084   3.8647E+01  3.4637E+01 -7.6372E+01
0000085   1.5677E+02  1.5507E+01 -1.1619E+02
0000086   2.3700E+02 -1.7920E+02 -1.2404E+02
0000087   3.7525E+01  1.1604E+02  4.8275E+01
0000088   2.7801E+02 -2.4056E-01 -7.9698E+01
0000090   3.0893E+02  1.4413E+01  8.6673E+01
0000091   1.2952E+02 -1.5829E+02  1.2800E+02
0000092   1.0237E+02  4.7888E+01 -4.5851E+01
0000093   2.1497E+02 -3.6751E+01 -1.7193E+02
0000095   3.7381E+02  7.5371E+01  2.3880E+01
0000097   5.6560E+01  9.6892E+01  5.5757E+01
0000098   4.8983E+02  2.0004E+01  2.0043E+02
0000099   2.6155E+02  8.9879E+01 -2.8600E+01
0000100   9.9382E+01  1.3893E+02  3.7351E+01
0000102   3.7187E+02 -7.3805E+01 -1.0735E+02
0000103   2.1588E+02  7.5537E+01  6.0144E+01
0000104   5.6589E+02 -6.9612E+01  3.1861E+02
0000105   2.5442E+02  2.4496E+02  1.1254E+02
0000106   2.0973E+02  4.4012E+01 -3.8901E+00
0000107   2.3879E+02  7.6438E+01 -5.2386E+01
0000108   3.1272E+02  1.7265E+02  8.4581E+00
0000109   1.7169E+02  1.5284E+01 -4.5382E+01
0000110   3.8732E+02 -4.4322E+00  9.6892E+01
0000111   1.9822E+02  1.6514E+01  1.3173E+02
0000113   1.2659E+02 -7.7961E+01  1.1641E+01
0000115   1.6965E+02 -7.9104E+01  5.8990E+01
0000116   3.4011E+02  4.3878E+01 -6.2222E+01
0000117   1.6192E+02  1.2314E+02 -1.0620E+02
0000118   3.9030E+02 -2.6066E+02  1.4173E+02
0000119   6.0488E+01  7.1042E+01  4.9160E+01
0000120   3.0741E+02  2.0341E+02 -6.9473E+01
0000121   2.1882E+02 -5.7429E+01  3.5768E+02
0000122   2.7853E+02 -1.3750E+02 -5.2519E+01
0000123   1.4758E+02  9.7136E+01 -9.4729E+01
0000124   2.3159E+02 -1.4059E+02  3.4176E+01
0000125   1.3230E+02  6.8824E+01  1.9461E+01
0000126   2.9166E+02 -1.1393E+01 -1.5841E+01
0000127   3.0217E+02  3.2308E+01  2.7438E+01
0000129   1.8899E+02  9.7271E+01  7.7470E+01
0000130   2.4899E+02  2.0161E+02  1.9938E+02
0000131   1.1983E+02 -4.4364E+01 -1.0504E+02
0000132   2.1464E+02  3.5219E+01 -5.0607E+01
0000133   3.0918E+02 -2.6294E+02 -7.6097E+00
0000134   1.5574E+02  1.1077E+02  1.1383E+02
0000135   8.9750E+01  3.7380E+01 -1.1544E+02
0000136   1.1709E+02  1.8242E+01  1.6452E+02
0000137   2.8237E+01 -5.2585E+01 -5.5218E+01
0000138   1.3771E+01  5.8219E+01 -1.2599E+02
0000139   2.2854E+02  4.9112E+00 -1.1197E+02
0000140   7.3512E+01  8.4581E+01  2.9298E+01
0000141   1.7926E+02 -1.7577E+02 -1.1900E+02
0000142   6.9536E+01 -1.6076E+02  2.6623E+01
0000143   2.9500E+02 -9.3659E+01 -6.4177E+01
0000145   8.1975E+01  2.3287E+01 -9.2250E+01
0000147   2.9943E+01 -7.4544E-01 -1.6505E+01
0000148   1.1291E+01  7.2016E+01  1.0633E+02
0000149   3.4153E+02 -5.3670E+01 -5.3576E+01
0000150   4.2251E+02 -4.5746E+01  1.0698E+02
0000152   1.9739E+02  1.8294E+02  2.6504E+02
0000153   2.4490E+02 -2.7714E+01  4.9394E+01
0000154   2.5975E+02  1.0851E+02  1.1345E+02
0000155   2.5301E+02  1.9901E+02  8.4223E+01
0000156   5.3263E+01  6.1764E+01 -2.1102E+02
0000157   1.3695E+02  1.3120E+02 -1.4260E+02
0000158   2.2007E+02 -3.9152E+01 -1.3798E+01
0000160   1.4225E+02 -3.6450E+01 -7.2862E+00
0000161   2.6181E+02 -3.7141E+01 -5.7193E+01
0000162   4.3877E+02 -1.9001E+02 -1.3228E+02
0000163   3.1634E+02 -4.2299E+00  1.1620E+02
0000164   3.7092E+02  4.2218E+01 -4.5260E+01
0000165   6.5385E+01  1.8103E+02  2.8016E+02
0000166   7.4514E+01 -8.3205E+00 -2.1190E+02
0000167   3.2881E+02 -1.3276E+02  1.1575E+02
0000168   2.0390E+02  1.5561E+02  3.6238E+01
0000169   2.1540E+02 -6.8436E+01 -1.2125E+02
0000170   1.1619E+02  3.8803E+01  7.6678E+01
0000171   5.2633E+01 -5.4521E+01 -4.5206E+01
0000172   1.6094E+01 -2.0691E+01  2.7561E+01
0000173   3.7697E+02  7.3126E+01 -2.4262E+01
0000175   4.3673E+02 -3.5287E+02  1.9727E+01
0000176   2.0192E+02  1.4221E+02 -1.3188E+01
0000177   7.4407E+01 -6.1962E-01 -2.7811E+01
0000178   6.2754E+00  1.9934E+02  8.4528E+01
0000179   2.5160E+02  5.1396E+01  4.6548E+01
0000180   1.4039E+02 -4.4915E+01  4.7547E+01
0000181   1.7722E+02  7.5336E+01 -2.6002E+01
0000182   3.3044E+02 -1.5519E+02  4.8742E+01
0000183   1.5994E+02  2.3444E+02 -1.5609E+02
0000184   8.7392E+01 -5.6626E+01 -7.1383E+01
0000185   3.0549E+02 -7.9631E+01 -6.3269E+01
0000186   2.9644E+02 -2.2156E+02  4.9060E+01
0000187   1.8660E+02 -2.1631E+01  7.0090E+01
0000188   7.8439E+01 -1.2323E+01 -1.6396E+02
0000189   9.9449E+01  1.9491E+01  5.0304E+01
0000191   2.1104E+02  3.3439E+01 -2.7734E+02
0000192   2.0070E+02  4.2701E+01 -2.0606E+02
0000193   2.0067E+02 -1.2440E+02 -1.1968E+02
0000194   2.4945E+02  1.8080E+02 -5.0302E+01
0000195   1.9899E+02  1.9869E+02  8.7063E+01
0000196   5.4408E+01 -3.6018E+01 -1.2196E+02
0000197   3.0364E+02  8.3079E+01 -5.2171E+01
0000198   3.1485E+02 -1.4675E+02 -1.9125E+02
0000199   1.9426E+02  3.5621E+01 -1.7862E+01
0000200   3.0912E+02  6.0410E+01 -3.0420E+01
0000201   1.7317E+02  2.6196E+01 -1.9702E+02
0000202   7.5894E+01  1.3997E+02  1.3116E+02
0000203   4.1500E+01  2.9078E+02 -4.5779E+01
0000204   2.5995E+02  2.3773E+01 -2.1527E+02
0000206   1.1158E+02  2.8720E+01 -5.7441E+01
0000207   1.0105E+02 -8.9395E+01 -7.6616E+01
0000208   2.9068E+02 -8.4147E+00  1.5961E+02
0000209   1.4932E+02  6.6347E+01  2.5763E+02
0000210   3.4831E+02 -1.4011E+01 -7.8702E+01
0000211   3.1479E+02  1.1849E+02  4.5927E+01
0000212   3.3232E+02  2.1080E+02 -2.4995E+02
0000213   6.4848E+01  7.4689E+00 -2.1722E+01
0000214   9.4251E+01 -2.3712E+02 -2.4005E+01
0000215   3.8404E+01 -5.2769E+00 -3.1166E+01
0000216   5.9036E+01  1.4514E+02 -2.5344E+02
0000217   2.0403E+02  1.6050E+02  1.4892E+01
0000218   3.0553E+02 -2.3537E+01 -1.1150E+02
0000219   4.2481E+02  1.1759E+02 -2.6548E+01
0000220   1.8817E+02 -1.1902E+02 -1.3218E+02
0000221   3.5231E+02  1.8539E+02  1.3696E+02
0000222   3.8209E+02 -9.5437E+01 -8.9921E+01
0000223   1.1630E+02 -1.1761E+02 -1.4816E+01
0000224   3.2245E+01 -1.9282E+02 -1.3223E+02
0000225   1.4146E+02  2.0797E+02  1.4281E+01
0000226   4.1617E+02  1.7604E+02 -3.4256E+01
0000227   2.8449E+02 -6.8070E+01 -7.1886E+01
0000228   2.2174E+02 -9.6173E+01  9.6602E+01
0000229   6.5363E+01 -1.3284E+02 -7.0031E+01
0000230   9.2177E+01  1.0793E+02 -9.8072E+01
0000231   3.6869E+02  5.1586E+00  1.1591E+02
0000232   3.8030E+02  1.7700E+02 -3.8044E+01
0000233   1.6683E+02 -1.1282E+02 -1.3616E+02
0000234   3.0753E+02 -1.7911E+02  4.9562E+01
0000235   1.4612E+02  5.2124E+01 -1.0311E+02
0000236   5.1824E+01 -1.8668E+01  1.3348E+02
0000237   2.1012E+02  6.7953E+01  8.1953E+01
0000238   1.0870E+02  5.6812E+01 -7.3282E+00
0000239   2.9391E+02  2.1661E+02 -1.1495E+01
0000240   6.7848E+01  1.0097E+02  8.6290E+01
0000241   3.4101E+02 -1.4266E+02  1.9260E+02
0000242   1.2117E+02  2.2992E+01 -1.7157E+02
0000243   1.8602E+02 -5.8479E+01  7.7342E+01
0000244   2.6502E+02  7.6458E+00  2.0114E+01
0000245   1.0159E+02 -9.4730E+01 -1.5664E+02
0000246   1.8564E+02  8.9342E+01  2.7906E+01
0000248   1.2768E+02  5.0037E+01 -3.2193E+01
0000249   1.2611E+02  5.1713E+01  4.4350E+01
0000250   2.3277E+02 -1.4107E+02 -2.2561E+02
0000251   1.3261E+01  1.1710E+01  7.4162E+01
0000252   1.3139E+02 -3.9000E+01 -8.9472E+00
0000253   8.3990E+01  1.2182E+01  1.3829E+02
0000254   6.4162E+02 -1.8743E+02 -1.5102E+02
0000255   2.8839E+02  1.9796E+02 -2.4300E+02
0000257   1.8271E+02 -1.4746E+02 -2.7172E+02
0000258   1.6905E+02  2.1652E+01 -1.3188E+01
0000259   1.7457E+02  5.0271E+01  6.2603E+01
0000260   1.0529E+02 -1.4660E+02  1.8150E+02
0000261   3.6285E+02  1.0005E+02  2.2484E+02
0000262   2.8878E+02 -2.7558E+02  1.1623E+02
0000263   4.0066E+02  4.9949E+01  6.2918E+01
0000264   9.9680E+01 -1.3148E+02 -2.3870E+02
0000265   8.6467E+01  6.9477E+01  1.0820E+02
0000266   1.6615E+02 -7.6550E+01 -4.9216E+01
0000267   1.7056E+02 -3.3039E+01  2.7224E+01
0000268   5.0682E+01  8.8572E+01  1.1464E+00
0000269   1.0723E+02  3.7367E+01 -4.8176E+01
0000270   3.7451E+02  4.4217E+01  7.0307E+01
0000271   1.2759E+02  1.6895E+02  8.6220E+01
0000272   4.3679E+02 -1.9280E+02  2.1051E+02
0000273   2.1940E+02  1.5231E+02  9.8435E+01
0000274   2.7422E+02  1.0038E+02  5.1649E+01
0000276   2.3788E+02  7.9184E+01 -2.0906E+02
0000277   2.6088E+02  4.2407E+01 -7.3513E+00
0000278   1.6275E+02 -2.0858E+02  2.0337E+02
0000279   2.0563E+02 -1.3422E+02  1.2536E+02
0000280   2.4042E+02 -2.5270E+02 -1.5749E+02
0000281   3.9175E+02  4.3947E+01  1.5272E+01
0000282   1.7381E+02 -1.5539E+02 -1.3686E+02
0000283   1.2082E+02  1.0405E+02 -2.7594E+02
0000284   2.0122E+02  1.2648E+02 -1.1463E+02
0000285   3.3019E+02  9.2077E+01  1.0181E+02
0000286   6.6933E+01 -1.6366E+02 -1.6871E+02
0000287   2.2971E+02  1.2972E+02 -1.6020E+02
0000288   2.5188E+02 -1.9861E+02  8.0370E+01
0000289   1.3725E+02 -7.6138E+01 -9.3579E+01
0000290   2.3971E+02 -1.2248E+02  7.5261E+00
0000291   5.5094E+01 -6.0141E+01 -5.0646E+01
0000292   2.8123E+02  1.1526E+02 -2.7549E+01
0000293   2.7138E+02  1.4480E+01 -7.1421E+01
0000294   1.1743E+02 -8.0454E+01  1.3689E+01
0000295   2.8060E+02  2.9483E+01 -6.0178E+01
0000296   3.0443E+02 -9.6287E+01  1.1758E+02
0000297   2.7132E+02  6.0843E+01 -2.2693E+00
0000299   8.8010E+01  5.0696E+01  6.8100E+01
0000300   3.2862E+02  2.7881E+01  2.3739E+02
0000301   1.4951E+02 -1.0553E+02 -2.2252E+01
0000302   3.3256E+02 -2.0308E+01 -2.4058E+02
0000303   1.5146E+02 -7.9866E+01 -8.2750E+01
0000304   3.8388E+02 -3.3934E+01 -3.0968E+01
0000305   1.5845E+02  6.2571E+00 -1.2883E+02
0000306   2.6789E+02 -1.1787E+02 -9.9053E+01
0000307   1.5626E+02  2.4516E+02 -1.9820E+02
0000308   2.0275E+01 -4.8705E+01  3.9107E+00
0000309   1.1270E+02 -5.3456E+01  1.6580E+02
0000310   1.3107E+02  7.1699E+01 -4.4001E+01
0000311   2.0252E+02 -3.7084E+01 -8.8432E-01
0000312   2.8227E+02 -1.0471E+02  4.4890E+01
0000313   3.0247E+02 -1.4092E+02  1.8720E+02
0000314   4.8638E+01  1.1373E+02 -1.2877E+02
0000316   3.5722E+02 -2.0336E+01 -5.1096E+01
0000317   1.9523E+02 -1.3220E+02 -1.0604E+02
0000318   4.0849E+02 -5.4454E+01 -3.9302E+00
0000319   1.7068E+02  1.2878E+02 -2.8962E+01
0000320   3.7250E+02  6.9649E+01  6.0543E+01
0000321   2.5661E+02  4.1861E+01  9.5740E+01
0000322   2.8486E+02 -1.5355E+02 -3.1094E+01
0000323   1.8847E+02 -8.0595E+01 -2.9853E+01
0000324   2.2324E+02  4.2784E+01  7.0806E+01
0000325   3.3483E+02 -9.2869E+01 -2.1449E+01
0000326   2.2223E+02 -1.3005E+02 -1.8296E+02
0000327   2.7750E+02 -1.4482E+01  8.7527E+01
0000328   4.3454E+01  2.7581E+01 -8.2244E+01
0000329   1.0376E+01 -2.7952E+01  9.4412E+01
0000330   3.8838E+02  3.8584E+01 -1.5364E+02
0000331   1.9071E+02  3.3582E+01  1.2423E+01
0000332   2.6149E+02  5.1354E+01 -8.5357E+01
0000333   7.5970E+01 -1.1233E+02  4.4519E+00
0000335   2.0469E+02 -5.7728E+01  2.4536E+02
0000336   1.9278E+02 -2.3148E+02  3.8317E+01
0000337   2.0418E+02  5.9696E+01 -1.0685E+02
0000338   6.7170E+01  8.0372E+00  4.5274E+01
0000339   2.4871E+02  5.0318E+01  1.3650E+02
0000340   9.8773E+01 -1.6402E+02  1.1264E+01
0000341   1.0508E+02 -3.8297E+00  1.4712E+01
0000342   1.3536E+02  1.0767E+02 -1.5328E+02
0000343   1.6709E+02  6.4462E+01  8.5356E+01
0000344   4.5189E+01 -7.8050E+00 -6.2017E+01
0000345   1.0151E+02 -4.0238E+01  5.4144E+01
0000346   3.4630E+02  8.1755E+01 -1.2513E+02
0000347   3.5456E+02 -9.6097E+01  5.1527E+01
0000348   1.0896E+02 -8.7564E+01  2.1130E+01
0000349   2.3093E+02 -1.5155E+01  1.1598E+02
0000350   2.0121E+02 -2.4304E+02 -1.5972E+02
0000352   2.6508E+02  2.0210E+02 -4.1302E+01
0000353   1.8425E+02  1.0295E+02 -1.7417E+02
0000354   1.1677E+02  1.4789E+02  4.2091E+01
0000355   1.2845E+02  9.3757E+01 -1.6454E+02
0000356   3.5250E+02  1.6187E+01 -5.7049E+01
0000357   1.8797E+02 -4.5374E+01 -7.4253E+01
0000358   3.0804E+02 -2.5890E+01  9.4534E+01
0000359   1.4982E+02 -4.3062E+01  7.6041E+01
0000360   3.2623E+01 -1.2343E+01  1.3808E+02
0000361   2.9521E+00 -5.1508E+01 -5.9431E+01
0000362   7.5750E+01  2.6274E+01 -3.8110E+01
0000363   7.2318E+01  7.7413E+01 -2.3321E+01
0000364   1.1045E+02  3.3003E+01 -1.4284E+01
0000365   4.3582E+01 -1.6470E+02 -1.1361E+02
0000366   4.2886E+02  5.4794E+01  2.4190E+01
0000367   1.0347E+02 -1.7466E+02 -2.9116E+01
0000368   4.5992E+02  1.7988E+01 -4.2810E+01
0000369   3.5391E+02 -1.1331E+02 -3.3207E+01
0000370   1.6835E+02 -7.7009E+01  1.2878E+01
0000371   2.9873E+02 -3.7531E+01  2.1371E+02
0000372   2.7447E+02 -3.2772E+01  9.7206E+00
0000373   2.3425E+02  1.1931E+01 -1.0592E+02
0000374   4.3855E+01 -3.9796E+01 -2.6849E+02
0000375   2.4583E+02 -1.9672E+01 -1.0696E+02
0000376   1.9857E+02  1.2106E+01 -1.1845E+02
0000377   1.6444E+02 -1.8573E+01  1.2394E+01
0000378   3.4265E+02  5.0671E+01  7.5028E+01
0000379   6.1134E+01  1.2612E+01 -1.0166E+02
0000380   2.2442E+02  5.3392E+01 -1.2414E+02
0000381   3.2341E+02 -2.5502E+01  3.2396E+02
0000382   1.0489E+02  7.1135E+01  2.1302E+02
0000383   3.9677E+02 -1.7417E+02 -1.4166E+02
0000384   3.0090E+02  9.1630E+01 -5.4966E+01
0000385   1.5339E+02  1.4775E+02 -7.9870E+01
0000386   1.7165E+02  1.4401E+02 -3.1572E+02
0000387   2.1812E+02 -1.1339E+02  1.7429E+02
0000388   2.7054E+02  3.5793E+01  1.2995E+01
0000389   9.5271E+01 -4.5343E+01 -1.1885E+02
0000390   2.3215E+02  5.0781E+01  1.5365E+02
0000391   8.5228E+01 -7.8573E+01 -2.4188E+02
0000392   2.3442E+02 -2.4034E+02  1.6588E+02
0000393   1.0228E+02 -1.5021E+01  7.5023E+01
0000394   2.4017E+02  1.4595E+02  1.3790E+02
0000395   7.0539E+01  3.1510E+00  9.5211E+00
0000396   1.1839E+02 -1.4123E+02 -4.1000E+01
0000397   5.6862E+01 -1.8199E+01 -1.4632E+02
0000398   2.7002E+02 -6.6937E+01 -3.9274E+01
0000399   3.9746E+01 -5.3958E+01  1.3938E+02
0000400   1.7045E+02  1.4622E+02  1.0032E+02
0000402   4.0657E+02  1.0429E+01 -8.7207E+01
0000403   2.7279E+02 -1.1622E+02  1.1394E+02
0000404   1.3250E+02  2.1389E+02  1.1506E+02
0000405   2.5274E+02 -5.6556E+01  1.1246E+02
0000406   3.3423E+02 -2.0618E+02 -1.3106E+02
0000407   3.3795E+02 -7.0485E+01  6.5748E+01
0000408   4.1725E+02 -1.9610E+02  1.6740E+02
0000410   3.6902E+02 -1.1045E+02 -9.2084E+01
0000411   3.7871E+02 -1.0132E+02  1.2910E+02
0000412   1.5782E+02  4.0415E+01  4.1303E+01
0000413   4.1026E+01  2.8730E+00  2.6163E+01
0000414   2.0604E+02 -1.3584E+02 -1.3184E+02
0000415   9.1711E+01 -2.8985E+02 -1.3716E+02
0000416   4.1577E+02  3.8063E+01 -2.1228E+02
0000417   1.2841E+02 -1.4841E+02 -1.3727E+02
0000419   1.3721E+02  2.9514E+02  3.5173E+01
0000420   3.5071E+02 -4.1175E+00 -1.1885E+02
0000421   7.7681E+01 -6.1750E+01  1.7709E+01
0000422   7.5774E+00  6.0811E+01 -2.4492E+02
0000423   2.7119E+02 -6.2841E+01  6.0225E+00
0000424   1.0434E+02 -1.3895E+02 -1.0532E+00
0000425   2.0365E+02 -5.9116E+01  8.2419E+01
0000426   1.7318E+02 -5.6687E+01  7.1727E+01
0000427   1.4392E+02  3.1840E+01 -4.5426E+01
0000428   2.0284E+02  1.5471E+01  2.3208E+02
0000429   1.7085E+02  7.8030E+00  2.1690E+01
0000430   3.3724E+02 -2.8332E+02  3.2041E+01
0000431   2.1407E+02 -2.1102E+02 -1.4170E+02
0000432   1.7114E+02  1.7079E+02  2.1157E+01
0000433   1.3229E+02 -1.0999E+01 -5.0077E+01
0000434   1.8461E+02 -4.3783E+01  2.0095E+01
0000435   7.8343E+01 -4.2156E+01 -9.9413E+01
0000436   1.5275E+02  9.4716E+00  1.4527E+02
0000437   1.7509E+02  1.7145E+02  1.9469E+01
0000438   1.9247E+02  1.9108E+00  1.5131E+00
0000439   2.1523E+02  4.1936E+01 -8.7000E+01
0000440   2.0747E+02 -8.0518E+01 -2.1542E+02
0000441   1.8943E+02  2.6881E+02  6.8609E+01
0000442   3.0850E+02 -1.8042E+00 -8.4992E+01
0000443   3.9367E+02 -1.4417E+01  7.4339E+01
0000444   1.9443E+02 -2.8598E+01  8.1196E+01
0000445   6.0618E+01 -2.6070E+01 -6.3029E+01
0000446   1.9814E+02  7.5273E+01 -1.1643E+02
0000447   3.0284E+02  4.8999E+01 -1.2623E+02
0000448   2.5887E+02 -7.7424E+01  1.4765E+02
0000449   1.3247E+02 -2.6117E+02  5.5757E+01
0000451   1.0086E+02  4.0784E+01 -5.4143E+01
0000452   4.0486E+02  1.0909E+02  8.3349E+00
0000454   5.1346E+01  1.3328E+01 -1.0289E+02
0000455   4.0197E+02  2.6186E+01 -1.3347E+02
0000456   1.7436E+02 -1.7094E+02  2.5475E+01
0000457   2.1069E+02  7.0206E+01  1.6391E+02
0000458   3.8287E+02 -1.0336E+02  1.0775E+02
0000459   5.3453E+02 -1.9346E+00  2.6997E+01
0000460   4.8383E+01 -1.2954E+02  1.2266E+02
0000461   7.7255E+01 -1.4142E+02 -7.9701E+01
0000462   3.0088E+02  7.9735E+01  8.5882E+01
0000463   1.4083E+02  2.4612E+01  6.8807E+01
0000464   7.4167E+01  1.0005E+02 -1.6125E+02
0000465   3.9376E+02 -6.7311E+01 -4.3111E+00
0000466   1.7765E+02  1.2564E+02 -1.0677E+02
0000467   4.8324E+01  4.5273E+01 -2.6493E+01
0000468   2.9460E+02 -2.2156E+02 -1.2676E+02
0000470   1.4778E+02 -4.6492E+01  2.1671E+02
0000471   3.0228E+02 -5.2193E+01  2.0932E+02
0000472   7.8857E+01 -2.5722E+02  5.2924E+01
0000473   2.0945E+02  4.1904E+01  3.0262E+01
0000474   2.4712E+02 -3.8885E+01 -2.0043E+02
0000475   3.3520E+02 -2.3987E+00  1.9374E+01
0000476   2.3207E+02  1.8703E+01 -1.4123E+02
0000477   2.4528E+02  1.2357E+02  1.8762E+02
0000478   2.4711E+02 -1.9199E+02 -4.7284E+01
0000479   1.1284E+02 -2.9316E+02  3.8578E+00
0000480   2.6476E+02  3.0573E+01  4.9443E+01
0000481   1.1459E+02 -2.5729E+01 -1.1326E+02
0000482   1.8670E+02 -1.3870E+02 -1.0342E+02
0000483   1.1483E+02  5.3340E+01  1.3024E+01
0000484   2.7382E+02  1.2251E+02  2.4856E+02
0000485   1.7380E+02  5.3046E+01 -1.2926E+02
0000486   1.6920E+02 -3.9438E+01  1.8491E+02
0000487   2.3280E+02 -2.6410E+02 -8.7755E+01
0000488   2.7493E+02 -1.1218E+02  3.0113E+02
0000489   5.3113E+01 -2.9449E+02  2.6656E+02
0000490   5.9138E+01 -2.4666E+02  9.4366E+01
0000491   1.3921E+02  1.0780E+02 -3.8331E+01
0000492   2.6451E+02 -1.1131E+02  1.4761E+02
0000493   3.9947E+02  4.2925E+00 -2.8765E+02
0000494   2.1759E+02 -4.9117E+01 -8.3685E+01
0000495   4.5343E+02  1.9660E+01 -5.7386E+01
0000496   1.0167E+02 -1.3135E+02 -1.9197E+01
0000497   2.8886E+02 -2.6838E+01 -1.2561E+02
0000498   1.6034E+02  1.2529E+02 -2.0864E+02
0000499   2.8558E+02 -1.4309E+01  1.9483E+00
0000500   9.7210E+01  1.5434E+02  3.5345E+01
0000502   7.9380E+01 -2.6676E+02  6.8708E+01
0000503   2.8413E+02  3.8202E+01 -1.4767E+01
0000504   1.4409E+02 -1.5405E+01  1.9612E+02
0000505   2.3126E+02 -1.5988E+01  8.6449E+01
0000506   2.0572E+02  5.0918E+01 -7.5375E+01
0000507   1.4173E+02  4.6690E+01 -1.1574E+00
0000508   1.8888E+02 -1.3962E+02 -6.1694E+01
0000509   1.0808E+02  8.1617E+01  1.5136E+02
0000510   2.0575E+02 -5.5724E+01  1.9946E+02
0000511   1.5646E+02 -2.7789E+01  1.8900E+02
0000512   1.3424E+02  4.0290E+01 -1.2973E+02
0000513   1.4141E+02 -1.6714E+02 -1.7651E+02
0000514   2.6088E+02 -1.3632E+02 -7.3880E+00
0000515   1.5422E+02 -1.0246E+02  1.2639E+02
0000516   3.4171E+02 -1.2427E+02  1.5899E+02
0000517   3.3786E+02  4.3272E+01 -6.3522E+01
0000518   1.2939E+02  1.5763E+02  1.3551E+02
0000519   3.6348E+02  4.8300E+01 -1.0550E+02
0000520   1.3957E+01  1.4321E+02  8.8700E+01
0000521   1.3740E+02 -9.5137E+01 -6.0170E+01
0000522   4.4518E+01 -8.5829E+01  5.8501E+00
0000523   5.9099E+01  2.9642E+01  1.1216E+01
0000524   4.2454E+02  1.2321E+01 -8.2890E+01
0000525   5.1479E+02 -1.4690E+01 -5.5068E+01
0000526   1.2522E+02 -1.8976E+01 -3.0215E+01
0000527   2.6165E+02 -1.0337E+02 -1.7688E+02
0000528   2.1681E+02  1.9566E+02  1.8037E+01
0000529   2.9888E+02  2.7794E+02  1.0481E+02
0000530   3.9662E+02  1.3890E-01 -9.5717E+01
0000531   2.5438E+02 -3.5478E+01 -3.3311E+01
0000533   2.4773E+02  5.2485E+01  4.3893E+01
0000534   1.7085E+02  3.1832E+01  1.3297E+02
0000535   3.0347E+01 -1.3720E+02  8.3327E+01
0000536   1.4935E+02 -4.5042E+00 -6.5843E+01
0000537   2.8224E+02  8.5746E+01  7.2062E+01
0000538   2.7376E+02 -1.6726E+01 -1.6793E+02
0000540   1.1751E+02  9.9223E+01  8.8242E+01
0000541   2.6996E+02 -9.0550E+01 -3.5014E+01
0000542   1.8033E+02 -1.4766E+02  8.0445E+01
0000543   1.3802E+02 -8.0255E+01 -5.9412E+00
0000544   1.0133E+02  1.3172E+01  5.2725E+01
0000545   1.5789E+02 -2.0167E+01 -2.1192E+01
0000546   1.7563E+02 -1.7639E+02  3.5991E+01
0000547   4.1451E+00  1.4822E+02 -3.2162E+00
0000548   3.3970E+02  3.5757E+01  1.0586E+02
0000549   3.0568E+02 -7.3012E+01 -2.4782E+02
0000550   2.3889E+02 -9.0461E+01  2.2882E+01
0000551   1.6885E+02  5.1635E+01  1.9237E+02
0000552   1.0761E+02  2.0513E+02 -6.3447E+01
0000554   3.6226E+02  1.9981E+02  4.7389E+01
0000555   4.1324E+02  2.2414E+02 -4.2218E+01
0000557   3.5274E+02 -8.3374E+00 -1.7273E+01
0000558   3.1522E+02 -9.4808E+01  2.5347E+02
0000559   1.9381E+02  3.0270E+02 -1.7067E+02
0000560   1.7944E+02  8.4425E+01 -5.8831E+01
0000561   1.0896E+02 -1.3659E+02 -1.3272E+02
0000563   9.6097E+01 -1.3799E+02  9.1326E+00
0000564   1.7033E+02 -1.1822E+02 -1.2647E+02
0000565   4.2851E+02  1.9291E+02 -1.8034E+02
0000566   2.8484E+02 -1.1984E+02 -1.1264E+02
0000567   1.7113E+02  1.6415E+02 -8.5360E+01
0000568   3.1488E+01  2.1676E+02  3.3696E+01
0000569   4.0526E+02 -2.4537E+01 -1.1231E+02
0000570   1.0415E+02 -1.3873E+02  3.2581E+01
0000571   1.7932E+02 -1.3923E+01  1.7098E+02
0000572   1.7273E+01 -4.0551E+01  1.0312E+01
0000573   3.3177E+02 -1.5091E+02  1.1735E+02
0000574   1.5048E+02  1.6738E+01 -8.6014E+01
0000576   7.3807E+01  1.9119E+02 -4.6889E+00
0000577   1.1304E+02 -7.2197E+01  6.3662E+00
0000578   1.7719E+02  1.9576E+01 -1.2428E+02
0000579   1.6330E+02 -8.0736E+01  8.7674E+00
0000580   1.8400E+02  1.0237E+02  7.1282E+01
0000581   2.6478E+02  9.0987E+00 -5.4771E+01
0000582   2.0647E+02  9.4993E+01 -9.5173E+01
0000583   2.9061E+02  1.8058E+02  7.3928E+01
0000584   1.3190E+02 -6.3389E+01  8.6716E+01
0000585   1.0849E+02  2.2807E+01  1.6383E+02
0000587   2.6357E+02  5.3486E+01 -1.9123E+02
0000588   2.8475E+02  1.9295E+02  2.3238E+02
0000589   7.3429E+01  1.4231E+01  9.9477E+01
0000590   1.5339E+02 -1.4358E+02  6.6234E+01
0000591   2.3099E+02  6.4488E+01 -1.5733E+01
0000592   2.4585E+02 -4.5127E+01 -3.1800E+01
0000593   1.7549E+02  5.7415E+01  2.0572E+02
0000594   2.2868E+02 -5.8004E+01 -4.5372E+01
0000595   1.1886E+02  1.2126E+02  1.1517E+02
0000596   2.6004E+02  7.5207E+01 -2.6833E+01
0000597   1.2642E+02 -1.7629E+02  4.1834E+01
0000598   1.2521E+02  9.0386E+01  5.6838E+01
0000599   2.0262E+02 -7.4564E+01  1.2165E+02
0000600   2.8266E+02  6.3605E+00  1.0151E+02
0000601   2.8287E+02  1.1993E+02 -2.3614E+02
0000602   2.0929E+02  3.6747E+01  8.6423E+01
0000603   4.2036E+02  1.0835E+02  1.3873E+02
0000604   4.4322E+02  1.6549E+02  1.6275E+02
0000605   2.0463E+02 -6.9263E+01  5.3049E+01
0000606   2.4935E+02  1.6270E+02 -6.1236E+00
0000607   1.7041E+02  1.3662E+02  8.3198E+01
0000608   2.8708E+02  2.7871E+01 -1.6033E+01
0000609   1.8384E+02  1.7902E+02  7.7700E+01
0000610   2.9101E+02 -8.1354E+01 -1.7584E+02
0000612   3.0866E+02 -3.2723E+01  2.7535E+02
0000613   2.6989E+02 -3.0538E+02 -1.8766E+02
0000614   1.6580E+02 -1.1738E+02 -2.4223E+02
0000615   2.0748E+02  1.1239E+02 -1.7228E+02
0000616   1.8337E+02  1.0355E+02 -1.8341E+02
0000617   4.2318E+02  5.3386E+01  3.8440E+01
0000618   1.7132E+02  3.3502E-01  4.5588E+01
0000619   3.7899E+02 -1.2247E+02  1.8779E+02
0000620   2.2687E+02  2.7147E+01 -6.8154E+01
0000621   2.4154E+01 -7.3648E+01  1.2169E+02
0000622   2.5055E+02 -2.4575E+02 -6.7326E+01
0000623   2.3095E+02 -1.5615E+02  1.6225E+02
0000624   3.5638E+02  1.0893E+02 -1.9518E+02
0000625   3.2250E+02 -1.2096E+02  1.0929E+02
0000626   1.0131E+02 -3.6001E+01 -4.4760E+01
0000627   1.3997E+02 -8.5816E+01 -2.0616E+02
0000628   2.4014E+02 -2.1375E+02 -2.6388E+00
0000629   3.4606E+02 -1.9754E+02 -9.3598E+01
0000630   9.3070E+01  1.2250E+02 -1.2366E+02
0000631   3.4135E+02  8.5043E+01  8.5381E+01
0000632   1.0413E+02  1.0467E+02 -2.0378E+01
0000633   9.3829E+01 -2.5501E+02  1.1547E+01
0000636   1.8517E+02  7.1126E+00  3.0053E+02
0000637   2.0772E+02  1.0271E+02  4.6191E-01
0000638   2.0879E+02 -1.3352E+02  1.9389E+02
0000639   2.7444E+02 -4.2274E+01 -1.8696E+02
0000640   3.5519E+02 -9.7867E+01  6.7316E+01
0000642   4.9379E+02  2.9901E+02  1.1633E+00
0000643   3.1711E+02 -7.1727E+01  5.5242E+01
0000644   6.9260E+01 -3.0511E+02  1.4827E+02
0000645   2.3097E+02 -5.5666E+00 -2.4268E+01
0000646   2.1726E+02 -7.1233E+01  2.0279E+02
0000647   1.5268E+02 -2.0222E+01  1.3074E+02
0000648   1.8119E+02 -2.4567E+01  1.9237E+02
0000649   4.7886E+02 -2.6146E+01  2.7886E+02
0000651   8.3290E+01 -4.9418E+01 -4.5823E+00
0000652   5.0187E+02 -7.6419E+01 -1.3969E+02
0000653   1.3665E+02  2.8681E+01  4.9519E+01
0000654   1.8610E+02 -3.1174E+00  2.7323E+00
0000655   2.7022E+02  1.6671E+02  8.4609E+01
0000656   1.4871E+02  2.7384E+01  4.4370E-01
0000658   3.2877E+02  3.8251E+02  4.4450E+01
0000659   3.4547E+02  6.7694E+01 -5.0585E+01
0000660   1.7555E+02 -1.6700E+02  1.5547E+02
0000661   2.1162E+02  1.6418E+02  1.7983E+02
0000662   2.0308E+02  7.6990E+01  6.4708E+01
0000663   4.3452E+02  9.8508E+01  4.1320E+01
0000664   1.2983E+01  1.1522E+02  2.7581E+02
0000665   4.5463E+02  5.6642E+01 -7.0267E+01
0000666   1.7925E+02  1.8883E+01  8.8172E+01
0000667   3.9322E+02  2.2037E+02  5.0732E+01
0000668   2.1678E+02 -2.0281E+02  1.1859E+02
0000669   2.4329E+02 -1.9224E+01 -2.1418E+02
0000670   2.9409E+02  1.4974E+02  7.7544E+01
0000671   1.9350E+02 -1.1936E+01  5.8110E+01
0000672   4.1078E+02  6.8691E+01 -8.0798E+00
0000673   1.4814E+02  1.8522E+02 -1.0435E+02
0000674   3.1472E+02 -6.5871E+01  2.6780E+02
0000675   8.5572E+01 -7.7842E+01  3.5917E+02
0000676   3.0318E+02 -3.4724E+01  8.1111E+01
0000677   1.6172E+02  9.3445E+01  4.6557E+01
0000678   1.9279E+02  8.5409E+01 -1.3687E+02
0000679   2.7498E+02 -2.9207E+01  6.2559E+01
0000680   1.1430E+02  3.7758E+00  1.0611E+01
0000681   2.9300E+02 -8.9231E+01 -1.4872E+02
0000682   3.2798E+02 -7.3853E+01 -3.6256E+01
0000683   1.1472E+02 -1.8493E+02  2.9136E+02
0000684   2.0203E+02 -6.5666E+01 -5.6043E+01
0000685   2.9035E+02 -1.2857E+02  1.7110E+02
0000686   1.1354E+02 -1.6639E+02  2.2729E+02
0000687   3.3208E+02 -3.1830E+00 -1.6821E+02
0000688   9.9098E+01 -2.0335E+02 -2.1421E+02
0000689   2.2597E+02 -8.3246E+01  9.3914E+01
0000690   2.4590E+02 -6.1402E+01 -1.5078E+01
0000691   2.9350E+02 -5.1419E+01  1.2659E+02
0000692   1.9101E+02 -1.7088E+02  2.9063E+01
0000693   7.7011E+01  4.9380E+01  1.5522E+01
0000694   3.4778E+02 -2.2580E+02  1.6507E+01
0000695   1.6074E+02  1.6783E+02 -7.5183E+01
0000696   1.2021E+02 -2.0784E+01  6.9122E+01
0000697   1.3012E+02  2.1519E+02  4.9694E+01
0000699   5.5275E+01  1.1194E+01 -2.1244E+01
0000700   1.9525E+02  5.3144E+01  1.3151E+02
0000701   3.4393E+02 -6.4209E+00  1.5459E+02
0000702   1.4578E+02 -2.4989E+02  3.2779E+01
0000703   2.3271E+02  1.2228E+02 -6.0519E+01
0000704   2.3195E+02  3.7543E+01 -1.8255E+02
0000705   2.3443E+02  4.0822E+01  4.0000E+01
0000706   2.6306E+02  6.7184E+01  1.1073E+01
0000707   4.4173E+02 -9.3550E+01 -1.6749E+02
0000709   2.7199E+02  1.8513E+02 -1.9579E+02
0000710   3.6118E+02  1.4395E+02 -1.8767E+02
0000711   2.9390E+02  3.7652E+01  1.7863E+02
0000712   1.0469E+02 -5.2389E+01  4.3343E+02
0000713   2.7544E+02 -1.5073E+02  1.9519E+01
0000714   2.7585E+02  2.7393E+01 -9.2690E+01
0000715   3.9202E+02 -9.2640E+01 -1.9822E+02
0000716   4.6189E+01  6.5828E+00  2.1795E+01
0000717   5.8554E+01  2.1847E+01  2.6301E+02
0000719   2.7864E+02 -1.3406E+02  3.1810E+01
0000720   1.4897E+02 -2.9474E+01  7.6736E+00
0000721   2.8841E+02  1.0712E+01  9.7762E+00
0000722   2.6387E+02 -1.3985E+02 -1.0357E+02
0000723   2.5462E+02  1.1074E+02  1.3519E+02
0000724   2.0648E+02 -4.0245E-01  5.8744E+01
0000725   3.0356E+02  1.2992E+01  1.3654E+02
0000726   3.8441E+02 -6.6490E+01 -1.7678E+02
0000727   1.4547E+02  2.3831E+01 -2.4894E+01
0000728   1.9443E+02 -9.1504E+01 -1.1424E+01
0000729   4.9514E+02 -2.3122E+02  2.1430E+02
0000730   3.3450E+02  1.4155E+02 -7.6234E+01
0000731   2.4194E+02  9.9963E+01 -2.9022E+02
0000732   2.2667E+02 -7.2104E+01  9.6955E+01
0000733   1.7409E+02 -4.6212E+01 -4.3118E+01
0000734   1.9106E+02  2.8010E+01  9.6717E+01
0000736   1.4730E+02 -9.9084E+01  3.2491E+01
0000737   1.4110E+01 -7.7573E+01  2.3637E+01
0000738   1.2863E+02  1.1234E+02  1.5660E+02
0000739   9.8794E+01  1.7807E+02 -1.3887E+02
0000740   8.0604E+01 -9.8311E+01 -3.9892E+01
0000741   3.3879E+02 -7.6648E+01 -1.7481E+01
0000742   2.1686E+02 -2.3898E+02  1.0984E+02
0000743   1.5704E+02  9.6493E+01  5.0771E+01
0000744   2.9232E+02  4.2779E+01 -1.0406E+01
0000745   2.0971E+02 -6.3935E+01 -1.8673E+02
0000746   5.7291E+00  1.5484E+01 -3.9959E+01
0000747   1.9459E+02 -1.8619E+01  9.5578E+01
0000748   2.4627E+02 -1.2765E+02  7.5524E+00
0000749   3.9188E+01  2.3819E+02 -2.8291E+01
0000750   4.6068E+02  7.3324E+01  3.7934E+01
0000751   9.7195E+01 -3.4821E+01  8.7765E+01
0000752   1.8702E+02  6.6807E+01  9.9641E+01
0000753   2.9089E+02 -2.0439E+02  2.2896E+02
0000754   1.3903E+02  4.3593E+01 -7.7968E-01
0000755   1.1686E+02  1.7557E+02  3.6418E+01
0000756   3.1265E+02 -1.1906E+02  9.8793E+01
0000757   2.0168E+02 -5.2344E+01  9.4053E+01
0000758   1.7189E+02  3.0147E+01 -4.0465E+01
0000761   1.6194E+02  2.4673E+02  1.7554E+02
0000762   3.9474E+02 -4.9933E+02 -2.1934E+02
0000763   8.8178E+01 -1.6003E+02  1.3119E+02
0000764   5.1319E+01  8.4018E+01  1.2246E+02
0000765   6.5285E+01  7.0591E+00 -2.9747E+01
0000766   3.3537E+02 -3.0418E+02 -1.2569E+02
0000768   9.6575E+01  1.7651E+02  1.1029E+02
0000769   1.2268E+02 -2.5311E+02  2.1983E+02
0000770   2.2203E+02 -2.9589E+02 -2.0166E+01
0000771   2.5710E+02 -2.4264E+02  7.6292E+01
0000772   7.5098E+01 -3.5580E+01  8.4411E+01
0000773   9.2954E+01  2.1706E+02 -1.9583E+02
0000774   1.2185E+02 -1.3896E+02  7.4858E+01
0000775   1.3026E+02 -2.4557E+01 -3.2484E+01
0000776   1.5864E+02 -1.1436E+02  1.6152E+02
0000777   1.2676E+02 -2.5307E+02 -7.2371E+01
0000778   1.3717E+02  1.0171E+02  3.0041E+01
0000779   6.7072E+01 -5.3889E+01  2.1886E+01
0000780   2.1068E+02 -3.0998E+01  6.5426E+01
0000781   3.3519E+02 -3.7728E+01 -1.3507E+02
0000782   6.1350E+01  1.2355E+02 -1.9626E+01
0000783   3.4730E+02 -8.7146E+01 -2.2234E+02
0000784   2.2752E+02  6.7554E+01  7.2861E+01
0000785   2.1189E+02  8.9465E+01 -8.6655E+01
0000786   2.2352E+02 -5.6600E+01 -1.9379E+00
0000787   1.6299E+02  2.5984E+01  9.1614E+01
0000788   8.3934E+01  1.1817E+02 -5.1182E+01
0000789   2.5258E+01  2.1993E+01 -1.7293E+02
0000790   1.0121E+02  2.1942E+01  5.3634E+01
0000791   1.8234E+02  1.7263E+02  7.1508E+01
0000792   9.5115E+01 -1.1501E+01  7.2481E+01
0000793   2.5759E+02 -4.9427E+01  6.6143E+01
0000794   1.5272E+02 -1.6887E+02 -9.1826E+00
0000795   2.4681E+02 -6.8353E+01  6.1082E+00
0000796   3.7765E+02 -1.3767E+02  6.4716E+01
0000797   8.7888E+01 -2.7308E+02 -1.0535E+02
0000799   2.3118E+02  1.3731E+02  2.6001E+01
0000800   2.6237E+02 -1.4521E+01 -3.1775E+02
0000801   9.2104E+01 -1.9277E+02  4.7093E+01
0000802   3.1589E+02 -5.9995E+01  1.3375E+01
0000803   1.8692E+02  8.9877E+01 -3.6179E+01
0000804   1.0772E+02  7.6488E+00  1.9735E+01
0000805   3.0178E+02  5.6356E+01 -1.0188E+02
0000806   6.1122E+01  1.6078E+02  6.9693E+00
0000807   1.7406E+02 -7.1603E+01 -6.9349E+01
0000808   1.9598E+02  3.5923E+00 -1.3531E+02
0000809   3.7914E+01  6.2264E+01  4.4105E+01
0000811   2.4740E+02 -2.9560E+02 -6.9880E+01
0000812   4.3575E+01  8.2243E+01  1.5967E+02
0000813   3.2671E+02  1.4977E+01  2.6724E+01
0000814   2.1930E+02 -1.1254E+02 -3.1732E+01
0000815   3.8479E+02  1.6260E+02 -6.6896E+01
0000816   3.8504E+02  1.4591E+02 -8.5691E+01
0000817   1.1231E+02  8.3507E+01 -1.1050E+02
0000818   3.4829E+02  2.3770E+02 -5.7119E+01
0000819   1.3225E+02  7.8426E+01 -1.5145E+02
0000820   8.5309E+01 -5.0312E+00 -2.4796E+01
0000821   3.7932E+02  1.0220E+02 -1.8576E+02
0000824   2.6722E+02 -2.7674E+02  4.5935E+01
0000825   8.7218E+01 -6.3340E+01  1.4374E+01
0000826   3.3527E+01  1.5625E+02 -8.8729E+01
0000827   6.7774E+01  1.4837E+02 -4.8548E+01
0000828   1.5976E+02 -3.6257E+01 -8.8694E+01
0000829   1.2972E+02  8.0285E+01 -1.0594E+02
0000830   3.4056E+02  2.3698E+02 -3.8719E+01
0000831   9.0705E+01  1.6442E+02 -4.7359E+01
0000832   1.9809E+02 -1.0659E+02 -6.0056E+01
0000833   2.0197E+02  1.6258E+02  1.7104E+02
0000834   3.1279E+02 -2.6140E+02  1.5519E+02
0000835   2.6253E+02 -3.1193E+00 -9.0592E+01
0000836   2.8588E+01 -1.2612E+02 -3.3842E+02
0000837   1.9048E+01 -9.5943E+01 -3.5925E+01
0000838   2.3218E+02 -5.3396E+01  2.8683E+01
0000839   1.4689E+02 -2.3638E+01 -6.7700E+01
0000840   3.6001E+02  1.5815E+01  1.5286E+02
0000841   8.1618E+01 -5.2333E+01 -4.4812E+01
0000842   1.6381E+02 -2.7314E+01  4.4717E+01
0000843   1.4768E+02 -1.0820E+01 -5.4075E+01
0000844   2.4176E+02 -2.2366E+01  1.6221E+02
0000846   1.6052E+02 -1.2323E+02 -4.2533E+01
0000847   2.7294E+02  4.1452E+01  1.3119E+02
0000848   5.3428E+01  1.0549E+02  6.2878E+01
0000849   1.2585E+02  1.6964E+01 -2.5744E+02
0000850   1.9690E+02  1.0649E+02  3.7503E+01
0000851   2.7350E+02  7.5790E+01  2.5485E+02
0000852   1.4623E+02 -2.6635E+01 -8.1968E+01
0000853   3.0351E+02 -1.6588E+02  1.8851E+00
0000855   3.8805E+02  1.9767E+01 -1.2947E+02
0000856   8.8922E+00  1.2318E+01 -1.3801E+02
0000857   2.4447E+02 -3.9258E+00  9.8455E+01
0000858   2.0542E+02  3.1053E+01  1.5719E+01
0000859   1.4221E+02  6.9290E+01 -1.0017E+02
0000860   1.9949E+02 -1.7817E+02 -5.4272E+01
0000861   2.2908E+02  9.4994E+00 -1.1306E+02
0000862   1.5013E+02 -1.1578E+02 -4.8372E+02
0000863   1.8462E+02  2.0399E+02 -1.8339E+02
0000864   1.6809E+01 -6.2510E+01  1.6291E+02
0000865   1.3961E+02 -1.6984E+02  6.2691E+01
0000866   2.0603E+02 -9.2635E+01  7.5326E+01
0000867   3.0686E+01  8.2962E+01 -3.8464E+00
0000868   2.0490E+02 -1.7344E+02  5.8241E+01
0000869   1.9276E+02  1.8192E+01  9.0894E+01
0000870   1.6953E+02 -9.0275E+01  1.8596E+02
0000871   1.7836E+02 -9.0204E+01 -1.3404E+02
0000872   2.9640E+02 -6.9225E+01 -1.4097E+02
0000873   2.7703E+02  1.7111E+02 -6.1304E+01
0000874   1.3257E+02  3.8396E+01  1.2192E+02
0000875   1.9727E+02 -1.8598E+02 -4.5089E+01
0000876   1.0940E+02 -9.9279E+01 -2.0940E+02
0000877   3.0022E+02 -2.1333E+02  1.2886E+02
0000878   4.0300E+01  5.6355E+01  1.3813E+01
0000879   3.7108E+02  8.3626E+01 -2.1479E+02
0000880   2.4506E+02 -1.6668E+02  1.7612E+02
0000881   4.1638E+02 -2.3615E+02  1.2610E+02
0000882   2.9818E+02  8.2291E+01  1.1286E+02
0000883   3.2530E+02  1.4283E+02 -2.1390E+02
0000884   8.4116E+01 -5.1453E+01  1.1698E+02
0000885   4.3557E+02  1.1563E+02  2.1906E+02
0000886   1.1389E+02 -2.6994E+02  2.1002E+01
0000887   3.0284E+02 -1.4398E+02 -2.3892E+02
0000888   1.2523E+02 -1.9660E+02 -3.5834E+01
0000889   2.3702E+02 -2.0732E+01  3.3757E+02
0000890   1.8443E+02  4.0865E+02  6.1280E+01
0000891   1.5184E+02  2.9420E+01 -7.1493E+00
0000892   1.8746E+01 -2.1115E+02 -1.7403E+02
0000893   2.5660E+02 -1.2133E+02  1.0854E+01
0000894   2.2021E+02 -2.0860E+01 -2.5116E+01
0000895   1.6505E+02 -9.4715E+01 -3.0437E+01
0000896   2.3915E+02 -2.7108E+01  1.1855E+02
0000897   2.1779E+02 -5.6948E+00  6.4760E+01
0000898   2.8772E+02 -1.0965E+02  1.2428E+02
0000899   5.1572E+01  1.3299E+02 -4.4022E+01
0000900   1.5049E+02 -7.1280E+01 -1.1805E+02
0000901   2.9973E+02 -1.2166E+02  2.8345E+01
0000902   4.0764E+02  1.3636E+02 -1.4556E+02
0000903   9.8219E+01 -1.8301E+02  3.8171E+01
0000904   6.4196E+01  4.7033E+01 -2.1040E+01
0000905   3.4334E+02 -1.5015E+00  7.0931E+01
0000906   2.5396E+02 -9.7004E+01 -2.0964E+02
0000907   2.5935E+02 -3.4294E+02  2.1991E+02
0000908   1.7320E+02 -2.4696E+01 -1.9709E+01
0000909   1.4424E+02  7.7499E+01  2.5009E+02
0000910   2.2439E+02 -4.0863E+01 -3.9457E+01
0000911   5.4848E+02  4.8617E+01  1.2734E+01
0000912   2.4613E+02 -7.1966E+01 -2.0986E+02
0000913   2.9388E+02 -1.6686E+02  1.4728E+01
0000914   8.8400E+01  1.0758E+01 -8.1781E+01
0000916   7.9756E+01 -8.9592E+01  1.6301E+02
0000917   1.2151E+02  2.3068E+01  1.2293E+02
0000918   7.2979E+01  5.3124E+01  5.3379E+01
0000919   2.9459E+02 -1.3967E+02 -2.3126E+01
0000920   4.4029E+02 -4.1266E+01 -1.1562E+02
0000921   1.0237E+02 -1.1319E+02  1.6574E+01
0000922   6.7345E+01 -2.1784E+02 -5.2458E+01
0000923   2.4869E+02  7.7822E+01 -1.5465E+02
0000924   3.1539E+02 -4.9261E+01  1.0311E+02
0000925   2.5702E+02  2.2268E+02  3.9523E+01
0000926   8.5254E+01 -1.4894E+02  1.1798E+02
0000927   3.0252E+01  1.2945E+01 -1.3213E+02
0000928   2.2889E+02  1.6067E+02  7.9609E+01
0000929   3.3480E+02  7.6179E+01 -1.5763E+01
0000930   8.7838E+01  1.0302E+02 -2.0157E+02
0000931   1.1049E+02  8.4104E+01 -1.2845E+02
0000932   1.8485E+02 -6.7658E+01 -1.4614E+02
0000934   2.5598E+02  1.5269E+02 -5.0377E+01
0000935   1.9648E+02  4.5395E+01  2.6624E+01
0000936   1.6729E+02 -5.7182E+01 -1.7963E+01
0000937   1.4656E+02 -4.6523E+01 -1.1499E+02
0000938   5.1396E+01 -3.0183E+02  9.8697E+01
0000939   2.9342E+02 -1.5369E+01 -5.4365E+00
0000940   3.4124E+02  5.7810E+01 -7.5649E+01
0000941   2.3633E+01  1.4167E+02 -6.7894E+01
0000942   1.4000E+02 -8.0439E+01  1.3194E+02
0000943   3.2479E+02  9.6361E+01 -9.7343E+01
0000944   3.5762E+02 -3.2627E+01 -3.9607E+01
0000945   6.3959E+01  3.4637E+01 -1.1556E+02
0000946   1.4769E+02 -1.0778E+02 -2.0583E+02
0000947   3.5773E+02  9.3686E+01  6.2566E+01
0000948   3.1366E+02  7.5333E+01  9.8310E+00
0000949   2.1113E+02  2.3418E+01  7.4210E+01
0000950   2.5065E+02  2.4826E+02 -1.2275E+02
0000951   1.6722E+02 -2.4197E+02 -5.2559E+01
0000952   2.1747E+02 -1.0191E+02 -1.4014E+01
0000953   3.1639E+02  1.1220E+02  4.2422E+01
0000954   2.8992E+02  1.0429E+02 -8.7534E+00
0000956   2.1305E+02 -3.6399E+01  1.5624E+02
0000957   1.9534E+02 -2.2349E+01  3.5439E+01
0000958   5.4406E+02  1.2573E+02  1.2947E+02
0000959   3.7920E+02 -9.3436E+01 -7.5858E+01
0000961   1.2053E+02  9.7326E+00  9.0087E+01
0000962   1.1050E+02  1.8808E+02 -1.5605E+01
0000963   3.4641E+01 -4.7960E+01 -1.0579E+01
0000964   7.9187E+01 -7.6229E+00 -3.5913E+01
0000965   3.1259E+02  1.6249E+02 -3.3321E+02
0000966   6.6044E+01  1.7501E+02 -1.7237E+02
0000967   2.8093E+02  5.6550E+01 -8.2612E+01
0000968   1.6816E+02 -5.5511E+00  2.2898E+00
0000969   2.9496E+02  1.7252E+01  1.2758E+02
0000970   1.4300E+02 -1.9973E+01  1.1922E+02
0000971   2.1597E+02 -8.0717E+01  1.5790E+02
0000972   2.4009E+02  7.6131E-01 -9.4232E+01
0000973   3.8987E+01 -9.9324E+01 -3.2625E+02
0000974   1.9527E+02  8.2167E+01 -1.0010E+02
0000975   1.8074E+02  4.9726E+01  1.8384E+02
0000976   7.5240E+01  7.8774E+01 -8.5414E+01
0000977   2.9011E+02  1.0998E+02 -3.9393E+01
0000978   3.3814E+02 -1.3833E+02  1.2571E+02
0000979   7.2849E+01  6.7553E-01 -7.0423E+01
0000980   3.7474E+02  3.8182E+01  1.9029E+00
0000981   1.6418E+02  2.7838E+01 -2.4750E+02
0000982   1.4189E+02  3.6815E+02  9.6930E+01
0000983   3.7342E+02  1.6874E+02  1.3255E+02
0000984   2.0839E+02 -5.7027E+00  8.3541E-01
0000985   1.9763E+01 -1.1440E+02 -6.3929E+01
0000986   3.0109E+02 -8.0632E+01  3.5410E+01
0000987   1.7088E+02  1.6522E+02  7.6157E+01
0000988   2.8328E+02  6.4856E+01 -6.0174E-01
0000989   1.4872E+02  5.3910E+01  6.2424E+01
0000990   2.7490E+02  1.6819E+02 -2.2624E+02
0000991   2.4426E+01  6.2739E-01 -1.3424E+02
0000992   1.5872E+02  3.9002E+01  8.6761E+00
0000993   2.5274E+02 -2.7628E+01 -9.5935E+01
0000994   2.0376E+02 -9.7999E+01 -5.9857E+01
0000995   3.1933E+02  1.7266E+02  3.1816E+01
0000996   3.2015E+02 -1.9389E+02 -1.7037E+02
0000997   1.4481E+02  1.0517E+02 -4.9897E+01
0000998   2.3125E+02  7.9809E+01  1.4067E+02
0000999   1.0624E+02  9.3999E+01  1.6737E+02
0001000   1.2696E+02 -1.0236E+02 -1.1366E+02
