============================== SRIM-2013.00 ==============================
==============================================================================
====== SRIM Outputs\RANGE_3D.txt : File of Final Ion Positions =====

Ion =  F (09)   Ion Mass= 018.9984
Energy  = 4000000.E-05 keV
Ion Angle to Surface = 00.0 degrees
==================== TARGET =======================
  Layer # 1 - None
  Layer # 1 - Bottom Depth=500000.E-01 A
  Layer # 1 - Density =0007.8700 g/cm3
  Layer # 1 -  100 % of Fe
様様様様様様様様様様様様様様様様様様様様様様様様様様
                                            
Ion       Depth  X   Lateral Y   Lateral Z  
Number    (Angstrom) (Angstrom)  (Angstrom) 
-------  ----------- ----------- -----------
0000001   3.5961E+02 -3.7008E+01  1.8008E+02
0000003   4.3503E+02 -1.5466E+02  1.2359E+02
0000004   8.5084E+01  1.2462E+02 -5.9600E+00
0000005   4.6108E+02 -4.7589E+01  3.4338E+01
0000006   6.8182E+02  2.9133E+01  1.9922E+02
0000007   4.3279E+02  2.0442E+02  8.9294E+01
0000009   6.4600E+02  2.0333E+02 -3.8512E+02
0000011   5.6653E+02  1.2326E+02 -3.3066E+01
0000012   5.0922E+02  1.2927E+01  1.6854E+02
0000013   4.8037E+02 -1.3965E+02 -1.2994E+02
0000014   5.0444E+02  9.8249E+01  9.2677E+01
0000015   3.1936E+02  5.4065E+02  3.5024E+02
0000016   3.3466E+02  1.8553E+02  1.8061E+02
0000017   5.8186E+02 -2.3781E+02  8.3795E+01
0000018   4.6903E+01  1.0542E+02  4.2433E+01
0000019   2.6598E+02  4.4028E+01 -7.8630E+02
0000020   4.6022E+02  3.6255E+02  5.3525E+02
0000022   2.5795E+02 -1.5920E+02 -2.3209E+02
0000023   2.2038E+02 -1.2951E+02 -1.1405E+02
0000024   8.4143E+02  1.7543E+02 -2.2879E+02
0000025   5.1060E+02  4.0097E+01 -2.6486E+02
0000026   8.4479E+02  2.2452E+02 -2.6199E+02
0000027   6.2279E+02  2.7114E+02 -1.3422E+02
0000028   5.7295E+02 -5.0089E+02 -2.8655E+02
0000029   5.9371E+02  1.3522E+02 -1.5048E+02
0000030   5.1538E+02  1.6371E+02  2.7273E+02
0000031   4.5423E+02 -1.5009E+02  1.3773E+02
0000032   1.5612E+02  2.1210E+00 -2.8322E+02
0000033   3.7462E+02  1.0168E+02 -4.9289E+02
0000034   3.6748E+02 -2.1052E+02 -2.5776E+01
0000035   4.8117E+02 -1.6408E+02  1.1681E+02
0000037   3.3054E+02 -7.4147E+01  6.3959E+00
0000038   7.6110E+02 -4.3721E+01  4.7650E+02
0000039   3.7094E+02 -3.6932E+02  2.3444E+02
0000040   3.1348E+02 -2.5544E+02  3.0145E+02
0000041   5.9057E+02  9.4605E+01 -2.5800E+02
0000042   4.8273E+02 -1.7537E+02  1.5068E+02
0000043   6.3231E+02  5.6073E+01 -1.8559E+02
0000044   3.5154E+02  3.8138E+02  6.0186E+01
0000045   5.5517E+02 -2.1000E+02 -1.4783E+02
0000046   5.1896E+02  9.7278E+01 -1.1993E+02
0000047   2.8971E+02  7.1878E+01 -7.9786E+01
0000048   8.0679E+02  2.2994E+02  1.4432E+02
0000049   2.7034E+02  1.1836E+01 -1.1632E+02
0000050   6.5925E+02  2.9522E+01  1.1362E+02
0000051   4.6324E+02  5.9311E+01 -1.7965E+02
0000052   5.2452E+02 -2.1267E+02  1.0809E+02
0000053   5.4960E+02  4.8077E+01 -1.0494E+02
0000054   3.0352E+02  1.0052E+02 -1.9826E+02
0000056   3.7968E+02  6.5177E+01 -3.6686E+02
0000057   2.9822E+02 -1.1171E+02 -4.1418E+01
0000058   1.6564E+02  2.4878E+00 -4.2283E+01
0000059   7.5486E+02 -1.5518E+02  2.8807E+02
0000060   2.7806E+02  2.0397E+02 -9.8490E+00
0000061   4.9144E+02 -1.4710E+02 -3.9619E+02
0000062   4.8481E+02  4.1484E+02 -2.7122E+02
0000063   3.1808E+02  3.1765E+01  2.9899E+02
0000064   3.5113E+02 -2.9301E+01  2.3639E+02
0000065   1.6912E+02 -5.5713E+00  3.0756E+02
0000066   4.1486E+02  1.0067E+02  5.1586E+02
0000067   1.3759E+02 -1.1484E+02  3.2152E+02
0000068   1.0896E+02  2.2147E+02  2.9920E+02
0000069   4.2662E+02  1.8956E+02 -1.6043E+02
0000070   4.9143E+02  1.0398E+02  2.6296E+02
0000071   1.4874E+02 -7.3378E+01 -1.1451E+02
0000072   5.1639E+02  1.0710E+02 -1.9043E+02
0000073   2.5261E+02 -2.2743E+02 -1.8533E+02
0000074   3.3082E+02 -3.1920E+02 -2.8218E+02
0000075   3.7642E+02 -3.6409E+02  4.7802E+01
0000076   6.0780E+02  2.8910E+02 -2.0631E+02
0000077   5.0752E+02 -7.5168E+01  2.0259E+02
0000078   5.3578E+02 -1.2007E+02 -2.1943E+02
0000079   3.0941E+02  3.0461E+01 -2.8864E+02
0000080   3.5058E+02  3.9737E+01 -7.1743E+01
0000081   5.8287E+02 -1.7035E+02 -5.0002E+01
0000082   4.7674E+02 -1.1150E+02 -3.0554E+02
0000083   1.4158E+02  2.6464E+02 -1.3363E+01
0000084   3.6171E+02 -3.1600E+02  3.8449E+01
0000085   4.0859E+02  1.9018E+02 -3.9045E+02
0000086   3.2083E+02  5.4716E+01  2.9575E+02
0000087   3.1024E+02 -1.0828E+02  8.7178E+01
0000088   4.2444E+02  3.6956E+02  1.4813E+02
0000089   1.4446E+02  4.1324E+01 -2.4154E+02
0000090   4.1809E+01  4.2807E+00 -3.2769E+02
0000092   6.2855E+02 -6.6516E+01  1.8704E+02
0000093   3.9647E+02 -3.2578E+01 -2.1001E+02
0000094   4.1575E+02 -5.6563E+01 -8.8041E+00
0000096   3.5429E+01 -1.0690E+02 -3.4215E+02
0000097   1.2256E+02 -9.4176E+01  4.7394E+01
0000098   4.4547E+02 -6.0215E+01  3.2604E+01
0000099   5.5835E+02  3.4162E+02  2.7984E+02
0000100   2.7381E+02  2.2176E+02  2.0099E+02
0000101   2.6998E+02  2.2040E+02  1.3433E+02
0000102   6.3313E+02  1.0824E+02 -1.2425E+02
0000103   4.6049E+02  3.5290E+02  3.5407E+01
0000104   3.8496E+02  4.4671E+00  3.7723E+01
0000105   2.1640E+02 -5.5352E+02  1.0613E+02
0000106   8.8414E+01 -4.9711E+01  1.1098E+02
0000107   7.0420E+02 -7.5850E+01 -2.1493E+02
0000108   7.2541E+02  4.4204E+01 -4.2916E+02
0000109   3.6236E+02  3.5845E+01  1.0808E+02
0000110   6.0237E+02 -1.4867E+02 -1.2882E+02
0000111   6.2056E+02 -2.5062E+02 -1.8491E+01
0000112   7.1725E+02 -4.4890E+01  3.2636E+02
0000114   6.8371E+02  3.3184E+01  3.2242E+01
0000115   2.0435E+02  3.8151E+02 -4.7378E+02
0000116   4.8476E+02 -5.7308E+02  8.9897E+01
0000117   6.8661E+02  1.1887E+02 -2.3323E+02
0000118   7.1612E+02  1.1039E+02 -1.3752E+02
0000119   3.2292E+01 -1.0334E+02  2.8461E+02
0000121   4.4530E+02 -3.8170E+02 -2.6393E+02
0000122   1.7833E+02 -1.4091E+02 -2.5969E+01
0000123   4.1793E+02 -1.1083E+02  6.9664E+01
0000124   5.4033E+02 -9.8584E+01  1.7707E+02
0000125   1.8985E+02  5.2510E+01 -2.1913E+02
0000126   2.1211E+02  1.3073E+01  2.7060E+02
0000127   4.9259E+01  2.2454E+02  1.1304E+02
0000128   4.3041E+02 -5.5049E+01 -2.5066E+02
0000129   2.3093E+02 -7.9577E+01 -2.0771E+02
0000130   3.8059E+02 -1.4963E+02 -3.8203E+01
0000131   3.8006E+02  1.7637E+02  5.6616E+01
0000132   3.2717E+01  1.2619E+02  2.1826E+02
0000133   3.9837E+02  1.9007E+02 -8.5759E+01
0000134   5.9407E+02 -1.7029E+02  1.5351E+02
0000135   4.8665E+02  2.3019E+02 -2.9153E+02
0000136   3.1355E+02  2.0882E+02  3.3955E+02
0000137   6.4168E+02 -6.1197E+01 -1.6469E+02
0000138   1.3889E+02 -2.5277E+02  5.3580E+01
0000139   6.3366E+02  9.9222E+01  1.8590E+02
0000140   6.1602E+02 -6.4939E+01 -1.7734E+02
0000141   4.2814E+02 -3.6047E+01  4.0955E+02
0000142   4.8101E+02 -7.9202E+01 -2.2557E+02
0000143   7.4423E+02  1.0329E+02 -1.0377E+02
0000144   3.7063E+02  3.2352E+02  3.9580E+02
0000145   6.9816E+02 -8.8758E+01  7.2693E+01
0000146   4.0349E+02 -3.4551E+02 -1.7176E+01
0000147   1.9678E+01 -8.4976E+01  1.1632E+01
0000148   6.1993E+02  3.5155E+02  1.5425E+02
0000149   3.7081E+02  1.3251E+02 -7.7014E+01
0000150   6.3759E+02  3.1949E+02 -2.8035E+02
0000151   1.2669E+02  3.2609E+02 -1.2988E+02
0000152   3.3741E+02  2.7040E+02  1.0743E+02
0000153   6.9259E+02  7.3461E+00 -2.1933E+02
0000154   6.6901E+02  2.2881E+02 -9.1164E+01
0000155   4.3056E+02  1.5980E+02  2.0925E+02
0000156   5.4818E+02  4.7152E+01 -4.3738E+02
0000157   2.4297E+02 -3.1789E+02  1.6103E+02
0000158   1.9385E+02  1.2270E+01 -2.4445E+02
0000159   3.9678E+02  3.2540E+02 -2.0419E+02
0000160   3.1954E+02 -1.2564E+02 -3.1901E+02
0000161   1.2995E+02  2.3483E+02 -2.5420E+01
0000162   4.0175E+02 -1.4965E+01 -1.0125E+02
0000163   2.1225E+02 -4.1586E+02 -8.3370E+01
0000164   2.9810E+02 -7.4918E+01 -1.2348E+02
0000165   4.1553E+02 -3.3872E+01 -1.5537E+02
0000166   6.5782E+02 -2.3599E+02  8.1782E-01
0000167   2.4600E+02 -8.7347E+01  2.3189E+02
0000168   6.0180E+02  6.0240E+01  3.2888E+02
0000169   5.1686E+02  2.5714E+02 -3.1029E+01
0000170   2.4605E+02 -9.8939E+01  3.0660E+02
0000171   1.2711E+02  7.6919E+01  2.5438E+01
0000172   6.2136E+02 -1.0915E+02 -1.3603E+02
0000173   5.2580E+02 -2.3694E+02  1.4014E+02
0000174   5.4385E+02  7.0156E+01  1.8818E+02
0000175   2.4326E+02 -1.1985E+02 -4.9480E+01
0000177   6.8893E+02  2.1678E+02  3.0006E+02
0000178   5.2949E+02  4.8718E+02 -1.7223E+01
0000179   5.5887E+02  1.7916E+02 -9.4119E+00
0000180   3.9589E+02 -2.3658E+02 -3.1862E+02
0000181   4.7477E+02  1.9479E+01 -8.1369E+01
0000182   4.9662E+02  6.6516E+01  1.2793E+02
0000183   3.5089E+02  9.8501E+01  3.2521E+01
0000184   3.7979E+02  4.5270E+02 -1.9217E+02
0000185   3.8715E+02 -1.4407E+02  1.9598E+02
0000186   3.5730E+01 -2.4509E+02 -1.8830E+02
0000187   3.7122E+02  6.7832E+00 -4.9828E+01
0000188   4.2800E+02 -2.0804E+02  2.0218E+02
0000189   5.5375E+02  1.0148E+02 -1.8943E+02
0000190   3.9654E+02 -9.0797E+01  7.6654E+00
0000191   2.2102E+02  6.2582E+01 -2.9681E+01
0000192   5.1403E+02 -1.8743E+02 -3.2299E+01
0000193   2.4890E+02  3.3189E+02 -1.0483E+02
0000194   1.6962E+02 -1.4445E+02 -1.5856E+01
0000195   7.8677E+02 -2.1714E+02 -1.2079E+02
0000196   2.5891E+02 -1.5511E+02 -3.5613E+01
0000197   2.6826E+02 -4.3690E+02  1.2902E+02
0000198   3.5449E+01 -3.6967E+01 -1.0650E+02
0000199   5.8241E+02 -2.4729E+02  6.3327E+00
0000200   6.5529E+01 -3.5734E+02  1.0501E+02
0000201   6.2052E+02 -2.5166E+02  9.5432E+01
0000202   6.4331E+02 -8.9106E+00 -1.4923E+01
0000203   4.2600E+02  2.5976E+02  5.7822E+01
0000204   2.9556E+02 -5.8759E+00  9.5160E+01
0000205   4.0786E+02 -1.2706E+02  2.0017E+02
0000206   4.8775E+02 -9.9011E+00  4.2976E+00
0000207   6.1447E+02  6.8922E+01  6.0161E+01
0000208   2.3410E+02 -1.6859E+01  3.6704E+01
0000209   1.6918E+02  2.3464E+02 -2.3455E+02
0000210   3.8128E+02 -1.7422E+02 -4.6238E+02
0000211   2.7928E+01  1.9082E+02  9.6703E+01
0000212   1.8112E+02 -2.6456E+02 -6.4345E+01
0000213   4.8178E+02 -8.3762E+01  8.0222E+01
0000214   6.7497E+02  1.4228E+02 -4.4365E+02
0000215   6.0285E+02  2.0213E+02 -2.3369E+02
0000216   6.6398E+02  1.4133E+02  7.6805E+01
0000217   2.0908E+02  1.3558E+02  2.4343E+02
0000218   3.4853E+02  1.2814E+02  1.9773E+02
0000219   4.5986E+02 -1.5040E+02 -2.9246E+02
0000220   3.1619E+02 -1.5090E+02 -1.7429E+02
0000221   2.8173E+01  2.8094E+02 -7.9202E+00
0000222   5.0025E+02  1.3883E+02 -4.4380E+01
0000223   3.7054E+02  4.5086E+01 -1.2022E+02
0000224   2.8462E+02 -4.7637E+01  1.9898E+02
0000225   4.5036E+02  3.1479E+02  8.9906E+01
0000226   1.6642E+02 -3.8168E+02 -1.0600E+01
0000227   3.4585E+02  5.6019E+01  3.1539E+02
0000228   7.0571E+02  2.5993E+02 -2.8496E+02
0000229   3.3049E+02 -3.6938E+02 -7.3405E+01
0000230   5.6973E+02 -3.3179E+02 -1.5203E+02
0000231   4.0493E+02  2.4562E+02 -2.0187E+02
0000232   2.0555E+02 -1.7400E+02 -2.0896E+02
0000233   3.2371E+02  2.9156E+02  1.0378E+02
0000234   4.8733E+02 -1.2731E+02 -2.8509E+02
0000235   3.1408E+02 -5.0603E+02 -3.4030E+02
0000236   5.9949E+02 -2.4495E+02  2.2404E+02
0000237   5.3847E+02 -1.7207E+02 -7.2632E+01
0000238   4.5508E+02  3.4691E+02 -6.3636E-01
0000239   4.6393E+02  6.0801E+01 -2.2304E+02
0000240   2.6058E+02 -1.5052E+01  2.7815E+02
0000241   4.1117E+02 -2.5826E+02  1.5859E+02
0000243   6.4481E+02  7.0776E+01  4.0126E+02
0000244   2.6203E+02  2.2554E+02 -4.9632E+01
0000245   6.3239E+02 -7.0516E+01  6.1953E+01
0000246   2.8952E+02 -1.6616E+02  2.9269E+02
0000247   4.3472E+02 -9.2070E+01 -3.9997E+01
0000248   4.2221E+02  9.4442E+01  1.6571E+02
0000249   3.0378E+01  3.1378E+01 -1.6645E+02
0000251   6.3925E+02  7.8178E+01  2.2988E+02
0000252   5.6192E+02 -1.8952E+01  6.6288E+01
0000253   7.7766E+02 -3.7658E+01 -2.6489E+02
0000254   1.5748E+02 -1.0837E+02 -1.3024E+02
0000255   1.9072E+02  4.4251E+02  6.2356E+01
0000256   5.5898E+02  2.2774E+01  8.4703E+01
0000257   3.4235E+02 -4.2048E+02 -2.2568E+02
0000258   5.0924E+02  4.4138E+02 -3.0547E+02
0000259   6.8905E+02  1.5237E+02 -3.7394E+02
0000260   6.5872E+02 -2.1167E+02  5.2995E+01
0000261   2.5528E+02  7.2954E+01  4.8387E+01
0000262   2.1799E+02  6.4309E+01  2.5131E+02
0000263   1.0408E+02 -6.4044E+00  5.9543E+01
0000264   1.5773E+02  1.5292E+02 -1.5965E+02
0000265   4.1920E+02  2.1023E+02  7.3757E+00
0000266   3.2044E+02 -2.4284E+01  2.1146E+02
0000267   1.7784E+02 -3.0050E+01 -2.1938E+02
0000268   4.8559E+02 -2.4557E+02 -8.6050E+01
0000269   2.4888E+02  3.4729E+02 -1.4050E+02
0000270   1.9618E+02  3.6853E+02  1.1515E+02
0000271   5.0345E+02  1.9211E+01  1.4837E+02
0000272   3.1263E+02  2.0552E+02  4.1660E+02
0000273   5.0162E+02 -2.7584E+02  8.8203E+01
0000274   5.0872E+02  2.2691E+02 -9.0261E+00
0000275   5.2077E+02 -3.6563E+02 -2.8335E+02
0000276   3.8097E+02  1.5368E+01 -8.5776E+01
0000277   6.9343E+02 -2.7764E+02 -5.3116E+01
0000278   7.1267E+01 -1.7698E+01 -1.1183E+00
0000279   2.6571E+02 -3.4257E+02  6.3405E+01
0000280   3.7436E+02  3.2625E+02  4.3922E+02
0000281   3.3835E+02 -1.5021E+02  1.0218E+01
0000282   4.3402E+02  2.7419E+02 -1.3518E+02
0000283   4.9820E+02 -1.1207E+02  1.1148E+02
0000284   2.0679E+02  1.3530E+02  3.8338E+02
0000285   2.2906E+02  2.7737E+01 -1.7336E+02
0000286   5.9652E+02 -3.2136E+00  4.4662E+01
0000287   7.9325E+02  5.9064E+01 -2.7720E+02
0000288   7.1937E+02  1.0090E+02  4.2118E+02
0000289   5.1338E+02 -5.5015E+01 -8.9024E+01
0000290   5.9596E+02 -1.1121E+01  4.6915E+02
0000291   2.4595E+02 -2.6285E+02 -9.3630E+01
0000292   5.2767E+02  1.2046E+02  6.7206E+01
0000293   4.5210E+02  1.6170E+02 -3.8928E+02
0000294   3.2209E+02  1.3196E+02  4.8494E+00
0000295   4.0649E+02 -3.8092E+00 -7.4725E+02
0000296   3.3358E+02 -1.0650E+01  2.2404E+02
0000297   3.1488E+02  9.2891E+01  1.6102E+02
0000299   3.3239E+02 -8.8231E+01  1.5269E+02
0000300   2.1039E+02  2.2979E+02  3.3222E+02
0000301   4.5920E+02  1.8342E+02  4.6248E+01
0000302   1.6909E+02 -1.1901E+02  2.9351E+02
0000303   1.3737E+02  2.8415E+02 -2.0426E+02
0000304   4.5382E+02 -1.0620E+02 -4.7986E+02
0000305   7.7133E+01 -3.5493E+02 -4.2531E+01
0000306   5.1213E+02 -4.2176E+01  9.8609E+01
0000307   3.1384E+02 -3.9611E+01 -1.1074E+02
0000308   6.1474E+02  2.7051E+02 -2.1418E+02
0000309   5.5219E+02  4.7472E+01  3.1839E+02
0000310   4.2729E+02  5.1875E+02 -4.7566E+02
0000311   1.8221E+02  6.6008E+00 -1.9702E+01
0000312   6.1050E+02 -2.8708E+02  1.5410E+02
0000313   8.1117E+02  2.2012E+02 -3.6559E+02
0000314   3.3704E+02 -2.6253E+02  3.9851E+02
0000315   3.8305E+02  2.0648E+02  5.5690E+02
0000316   5.0134E+02 -5.8092E+01 -4.7021E+02
0000317   3.3480E+02  3.6293E+02  1.1711E+02
0000318   5.8921E+02  3.7871E+01 -1.7808E+02
0000319   1.8328E+02 -8.4830E+01 -1.1773E+02
0000320   2.3780E+02  2.2560E+02  2.4127E+02
0000321   6.4546E+02  3.4313E+01  4.9992E+02
0000322   8.0550E+02  9.1733E+01  6.0787E+01
0000324   2.6966E+02  1.4221E+02  3.2006E+02
0000325   7.6512E+02  2.0707E+01 -8.7760E+01
0000326   3.4203E+02  1.6177E+02  1.4150E+02
0000327   2.7446E+02  1.5938E+02  5.8698E+01
0000328   7.6251E+02  3.2420E+02 -2.8490E+01
0000329   2.9035E+02 -4.4243E+02  1.8158E+02
0000330   5.5766E+02 -2.4965E+02 -5.8971E+01
0000331   4.2058E+02  3.2840E+02 -5.1293E+02
0000332   2.6762E+02  6.8903E+01 -1.8156E+01
0000333   2.9693E+02  2.7076E+02 -3.8225E+02
0000334   4.2920E+02 -8.2918E+01 -4.2277E+01
0000335   2.8821E+02 -3.5233E+02  9.5130E+01
0000336   6.0225E+02 -6.1261E+01  2.3476E+02
0000337   6.1752E+02  3.8949E+02  1.5668E+02
0000338   6.7588E+02  4.4795E+02 -2.0333E+02
0000339   4.8421E+02 -6.0908E+01  7.0508E+01
0000340   3.5089E+02 -2.4368E+02 -1.1282E+02
0000341   5.0789E+02 -2.8780E+02  5.3736E+01
0000342   4.2627E+02  2.4059E+02  2.3767E+02
0000343   4.2637E+02 -6.4701E+01 -2.9718E+02
0000344   1.8434E+02  3.2662E+02 -3.8149E+01
0000345   5.3662E+02  1.4819E+01 -5.9055E+01
0000346   4.8996E+02 -2.4492E+01  1.1153E+01
0000347   3.3978E+02  1.9390E+02 -2.6674E+02
0000349   2.6917E+02  1.7782E+02 -1.0054E+02
0000350   1.4017E+02 -2.4185E+02  2.1265E+02
0000351   3.4643E+02 -1.9890E+02 -1.1615E+02
0000352   4.5491E+02 -2.1681E+02  6.7917E+01
0000353   4.2657E+01 -5.4817E+01  1.5300E+02
0000355   2.1543E+02  2.5685E+02 -2.6384E+02
0000356   3.3457E+02 -2.2167E+02 -2.7640E+02
0000357   6.0828E+02  9.0085E+01 -3.3817E+02
0000358   2.5970E+02 -2.7795E+02  1.4352E+02
0000359   2.3176E+02  3.5225E+01  1.2991E+02
0000360   7.2780E+02 -2.3832E+02  3.0048E+01
0000361   3.9859E+02  2.8440E+02 -1.9260E+02
0000362   6.5341E+02 -1.1764E+02  4.1515E+02
0000363   3.2854E+02  1.3050E+02 -1.3510E+02
0000364   1.8966E+02 -1.0744E+02  6.0650E+01
0000366   3.4120E+02  4.1806E+02  5.0347E+02
0000367   1.0305E+02 -1.1089E+02  3.7193E+01
0000368   3.9348E+02 -2.8534E+02  1.6843E+02
0000369   1.9793E+02 -1.0916E+02 -6.4941E+01
0000370   1.5006E+02  2.0704E+02 -2.7175E+02
0000371   4.4617E+02 -1.7930E+02 -1.9203E+02
0000372   2.7429E+02 -1.5456E+02 -2.4757E+02
0000373   4.3086E+02 -3.5977E+02  5.9112E+01
0000374   4.3752E+02  2.3867E+01  9.5853E+01
0000375   3.9514E+02  2.9954E+02  2.4217E+02
0000376   5.2599E+02  2.2667E+02 -4.3195E+02
0000377   4.1504E+02  2.5812E+02 -4.2320E+02
0000378   5.7349E+02  2.6362E+02  3.9358E+02
0000379   3.3077E+02 -2.7428E+02  1.0916E+01
0000380   9.2000E+01  4.1534E+01  2.8158E+02
0000381   6.0467E+02  2.5781E+02  1.4560E+02
0000382   3.7941E+02  2.2176E+02  3.1184E+02
0000383   4.0375E+02 -2.3643E+02  1.5271E+02
0000384   1.8442E+02  1.4208E+02  2.0759E+02
0000385   6.2030E+02  1.0397E+02  4.0552E+01
0000386   2.2937E+02 -1.3195E+02 -1.5610E+02
0000387   6.1450E+02  1.3086E+02 -3.6224E+01
0000388   5.1877E+02  9.7981E+01  3.1574E+02
0000389   4.4001E+02  2.7232E+02 -4.7136E+02
0000390   3.4835E+02 -7.8764E+01 -3.2422E+02
0000391   3.8972E+02 -1.9886E+02 -5.1123E+01
0000392   2.5947E+02  1.5608E+02 -2.2895E+02
0000394   3.5017E+02 -8.7428E+01 -1.5580E+02
0000395   1.6875E+02 -8.3114E+01  3.0448E+02
0000396   5.3982E+02 -3.0075E+02  3.2206E+01
0000397   2.0741E+02 -5.8480E+02 -1.2149E+01
0000398   2.0624E+02 -1.4057E+02 -2.0697E+01
0000399   5.2017E+02  3.3253E+02 -6.4517E+01
0000400   6.0324E+02  2.2518E+02 -3.0753E+01
0000401   3.8666E+02  3.1943E+02 -1.7606E+02
0000402   6.2571E+02 -2.8194E+02  3.8780E+02
0000403   7.9180E+01 -3.3441E+02  2.4763E+02
0000404   4.9898E+02 -1.8315E+02  6.6423E+01
0000405   3.6601E+02  1.1785E+02 -6.4775E+00
0000406   6.1014E+02 -2.5661E+00  3.8916E+02
0000407   8.0762E+01  3.6006E+02 -3.8951E+02
0000408   2.4775E+02 -1.0073E+02 -4.7241E+02
0000409   3.4202E+02  2.2374E+02 -3.8217E+01
0000410   3.1575E+02  1.6640E+02  3.9510E+02
0000411   1.9607E+02 -2.1504E+02 -2.9439E+02
0000412   3.1046E+02 -6.9600E+01  6.3566E+02
0000413   5.7668E+02  3.4183E+01 -7.1340E-01
0000414   3.1950E+02  4.1945E+01  3.6058E+02
0000415   4.4257E+02  2.3321E+02 -9.8372E+01
0000416   2.7621E+02  5.4003E+00 -6.2750E+01
0000417   4.3920E+02  2.9814E+01 -4.8129E+02
0000418   3.4669E+02 -3.3844E+02 -2.0227E+02
0000419   4.2419E+02  3.9761E+02 -1.9320E+02
0000420   3.1247E+02 -2.3048E+02  7.7861E+01
0000421   4.8103E+02 -3.3959E+02  4.5343E+02
0000422   6.0514E+02 -6.6922E+01 -2.4099E+02
0000423   6.2219E+02  2.6798E+02  2.8060E+02
0000424   2.4222E+02  3.8196E+02 -2.3427E+02
0000425   1.0082E+02  3.2587E+01  1.6540E+02
0000426   4.8426E+02  4.2062E+01  1.2136E+02
0000427   2.1115E+02  2.3315E+02 -7.0955E+01
0000428   5.6645E+02  6.5639E+01  3.3737E+01
0000429   5.6400E+02 -1.2035E+02 -3.0736E+02
0000430   4.0892E+02  1.7625E+02 -8.8302E+01
0000431   4.5680E+02  2.3174E+02 -1.5268E+02
0000432   1.4082E+02 -4.4912E+02  7.7790E+01
0000433   4.7680E+02 -1.3860E+02 -1.8277E+02
0000434   4.9302E+02  2.2544E+02 -1.2663E+02
0000435   3.4494E+02  2.8943E+02  3.6798E+02
0000436   4.7570E+02  1.0461E+02 -8.1677E+01
0000437   7.3838E+02  1.2947E+02 -1.3989E+02
0000438   5.6882E+01 -1.2276E+02 -6.6816E+01
0000439   4.1739E+02  1.0682E+02  2.0891E+02
0000440   1.3503E+02 -9.4894E+01  2.2930E+02
0000441   3.6844E+02 -7.4491E+01  4.9304E+02
0000442   1.8038E+02  4.7018E+01 -9.4384E+00
0000443   4.6608E+02  1.6539E+02 -2.5938E+02
0000444   7.3113E+02  2.1288E+02 -3.0410E+02
0000445   5.7018E+02  1.8764E+02  1.1873E+01
0000446   3.5449E+02  1.8479E+02 -1.8044E+02
0000447   2.8277E+02  2.5793E+02  6.1228E+01
0000448   3.9261E+01 -2.1040E+02 -2.9986E+02
0000449   4.5640E+02 -8.9113E+01 -2.1991E+02
0000450   6.4455E+02 -1.5842E+02  3.0971E+02
0000451   3.3821E+02  2.3359E+02 -1.4645E+01
0000452   6.2311E+02  3.7311E+02 -8.9782E+01
0000453   2.8670E+02 -3.7703E+02  1.9037E+02
0000454   2.8610E+02  2.9979E+02  1.5645E+02
0000455   1.9028E+02 -1.8742E+02 -4.2740E+01
0000456   6.1544E+02 -2.8428E+02 -4.9534E+01
0000457   4.1797E+02  1.1302E+02  1.1463E+02
0000458   2.2646E+02  2.3421E+02  3.4062E+02
0000459   9.5546E+01 -2.8880E+02 -2.2764E+02
0000460   7.4892E+02 -1.4771E+02 -1.6781E+02
0000461   1.1268E+02 -4.2141E+02 -3.1631E+02
0000462   5.3003E+02 -1.0686E+02 -4.0404E+02
0000463   2.4487E+02  9.9597E+01 -4.1990E+01
0000464   5.3223E+02 -1.7296E+02  3.1054E+02
0000465   6.5410E+02  4.1725E+01  2.8679E+02
0000466   2.1384E+02 -8.0144E+01  4.2896E+01
0000467   3.5134E+02 -3.9677E+02 -1.8107E+02
0000468   4.7583E+02  3.7432E+02  1.0562E+02
0000469   7.9500E+01  1.2441E+02  1.5721E+02
0000470   2.0339E+02 -4.4987E+02  2.1807E+02
0000471   2.8954E+02  1.1849E+02  2.7160E+02
0000472   5.9727E+02 -1.9538E+02 -2.8857E+02
0000474   6.7023E+02 -2.9073E+00  8.5502E+01
0000475   3.8992E+02  1.1006E+02 -3.6969E+02
0000476   1.3128E+02  5.8331E+02 -1.1583E+02
0000477   7.4163E+02 -2.5414E+01  4.4348E+02
0000478   1.6314E+01  1.8888E+02 -1.7103E+02
0000479   7.9958E+02  1.1832E+02 -1.3621E+02
0000480   7.3258E+01  8.4828E+01 -6.0914E+01
0000481   2.9804E+02 -8.4423E+00 -6.5125E+01
0000482   5.9798E+02 -3.1920E+02 -3.9886E+02
0000483   3.0593E+02  5.0219E+01 -1.7684E+02
0000484   2.4080E+02  3.4431E+01  2.6821E+02
0000485   7.9696E+02 -6.7675E+01 -5.4193E+02
0000486   4.5510E+02 -4.9272E+02 -2.3605E+02
0000487   3.3490E+02 -5.1668E+02  3.1956E+02
0000488   5.0111E+02 -5.7058E+00  4.5619E+00
0000489   1.2303E+02 -2.8022E+02 -7.4498E+01
0000490   7.3329E+02  1.6593E+02 -1.1209E+02
0000491   4.5492E+02  3.3139E+02 -1.4355E+02
0000492   4.9132E+01  4.0222E+01  3.0096E+01
0000493   5.0164E+02  2.9377E+02 -2.2951E+02
0000494   4.7157E+02 -2.3038E+02  2.0484E+02
0000495   7.0994E+02  1.4502E+02  9.2046E+01
0000496   1.7542E+02 -2.0168E+02 -9.3105E+01
0000497   5.5353E+02  5.5057E+01  1.6089E+02
0000498   7.2092E+02  3.3493E+02 -6.3813E+01
0000499   1.5431E+02 -4.7445E+02 -4.2221E+01
0000501   6.7179E+02 -3.1342E+01  2.8433E+02
0000502   5.2778E+02  5.6950E+01  1.2511E+02
0000503   5.1235E+02  7.5711E+02  2.2192E+02
0000504   4.0077E+02 -4.6705E+01 -2.1839E+02
0000505   5.5849E+02 -4.7040E+00  1.8006E+01
0000506   2.8295E+02 -1.8968E+02 -1.2155E+02
0000507   5.4865E+02  5.7340E+01 -3.4786E+02
0000508   6.2347E+02  2.3059E+02 -1.3193E+02
0000509   5.4413E+02  1.7009E+02  5.4923E+02
0000510   2.9770E+02  2.0260E+02 -1.6372E+02
0000511   7.2046E+02 -3.8550E+01  1.0309E+02
0000512   7.7326E+02  3.3238E+02  7.7130E+01
0000513   1.7957E+02 -1.3323E+00 -6.5443E+01
0000514   3.8546E+02 -1.5598E+02  2.5068E+01
0000515   1.1842E+02  1.4193E+02 -4.1959E+01
0000517   1.2325E+02  2.5098E+02  8.6377E+01
0000518   1.0990E+02 -2.0097E+02 -1.5213E+02
0000519   2.4957E+02 -4.5664E+01  2.1961E+02
0000520   7.7515E+02 -2.7855E+02 -6.5362E+02
0000521   3.1162E+01  9.9119E+01 -3.4823E+02
0000522   5.1390E+02 -5.3849E+02  5.4014E+01
0000523   1.6396E+02  1.9924E+02  1.2280E+01
0000525   5.2296E+02 -4.2603E+02 -2.8596E+01
0000527   3.8392E+02 -3.1851E+02  3.4727E+01
0000528   4.9837E+02 -3.1669E+02  1.4403E+02
0000529   5.7345E+02 -2.0978E+02 -1.4546E+02
0000530   1.3808E+02 -6.4117E+01  1.2160E+02
0000531   3.5059E+01  1.8011E+02 -3.2698E+01
0000532   4.9575E+02  1.4145E+02 -4.9988E+02
0000533   2.1663E+02 -6.3427E+01 -8.3331E+01
0000534   2.7775E+02  5.3785E+02 -1.4018E+02
0000535   1.2198E+02 -1.3463E+02  1.1898E+01
0000536   4.6218E+02  8.1433E+01 -2.6873E+02
0000537   2.4504E+02  1.0154E+02 -9.2561E+01
0000538   9.0568E+01  2.1767E+01 -1.6317E+01
0000539   9.7584E+01 -3.9724E+02  1.0517E+02
0000540   3.6269E+02 -1.4785E+02  1.4419E+02
0000541   6.6395E+02  1.3820E+02  8.0726E+01
0000542   5.7846E+02  3.0717E+02  2.2386E+02
0000543   2.1172E+02 -3.5217E+02  4.5483E+02
0000544   3.6127E+02 -1.2910E+02 -2.7736E+02
0000545   5.4276E+01 -1.3051E+02 -1.8029E+01
0000546   5.6364E+02 -6.4879E+01 -2.4375E+02
0000547   3.8964E+02 -3.1949E+02  8.6000E+01
0000548   4.1928E+02 -5.2429E+02 -1.5974E+02
0000549   4.4982E+02  2.3366E+02 -2.2319E+02
0000550   2.3489E+02 -1.2310E+02  2.8022E+02
0000551   9.7786E+02 -6.0546E+02 -1.6424E+02
0000552   3.1771E+02 -8.6951E+01  6.3084E+01
0000553   1.0856E+02 -3.2655E-01 -9.7842E+01
0000555   4.0683E+01  1.9174E+02 -1.1341E+02
0000556   3.9042E+02  2.1998E+02  8.9962E+00
0000557   4.4468E+02  1.9999E+02 -2.8169E+02
0000558   2.6873E+02 -8.7635E+01  2.0519E+02
0000559   4.3437E+02  4.9992E+02  2.7821E+02
0000560   5.9439E+02  6.0756E+01  1.2760E+01
0000561   6.7305E+02 -3.4864E+02  2.1996E+02
0000562   2.2653E+02  5.7106E+01  1.6361E+02
0000563   2.2184E+02  3.2388E+01  5.6272E+01
0000565   3.0411E+02  2.6666E+02 -2.0557E+02
0000566   6.4314E+02 -3.0292E+02  7.3974E+00
0000567   6.9897E+02 -2.4880E+02  1.7655E+02
0000568   6.9236E+02 -2.9925E+02 -5.8348E+00
0000570   4.5547E+02  3.8716E+02 -8.6532E+01
0000571   6.7704E+02  1.7721E+02 -1.4270E+02
0000572   5.0905E+02 -5.5640E+01 -4.8755E+02
0000573   5.0773E+02 -4.1478E+02  1.0611E+01
0000574   1.1508E+02  1.5972E+02 -2.4349E+02
0000575   5.3061E+02 -5.5975E+01  3.8033E+02
0000576   1.7084E+02 -3.2055E+02 -9.2371E+01
0000577   5.0028E+02 -1.5715E+01 -1.4544E+02
0000578   2.1977E+02 -1.0974E+02 -2.5664E+02
0000579   2.0405E+02 -3.0185E+02 -2.5274E+01
0000580   8.6621E+02  2.3084E+02 -3.0145E+02
0000581   3.1725E+02  1.0260E+02 -1.6602E+02
0000582   6.2006E+01 -2.0620E+02 -3.3061E+02
0000583   2.8983E+02 -1.6127E+02 -5.9091E+01
0000584   1.8985E+02 -3.0138E+02 -5.0510E+02
0000585   3.4585E+02 -3.9317E+02 -1.6306E+02
0000586   5.1416E+02  2.8618E+02 -4.2788E+02
0000587   9.1906E+01 -1.2451E+02  5.7892E+01
0000588   3.8058E+02  3.0151E+02  1.3685E+02
0000589   6.0900E+02 -4.6706E+02  4.0905E+00
0000590   3.0051E+02 -2.2075E+02  1.6233E+01
0000591   2.0002E+02 -1.9536E+02 -3.7228E+02
0000592   5.6495E+02 -1.7839E+02 -1.2377E+02
0000593   4.8559E+02  1.6015E+02 -4.0215E+02
0000594   4.5272E+02 -5.1453E+01  1.4718E+02
0000595   2.8818E+02 -2.4780E+02  2.0559E+02
0000596   5.1139E+02  1.1125E+01 -4.7124E+01
0000597   4.6027E+02  3.1281E+02 -1.8556E+02
0000598   5.9516E+02  1.6456E+02  1.0955E+02
0000599   6.2482E+02  2.8388E+02 -2.8560E+02
0000600   1.3823E+02 -1.1598E+02  2.8924E+01
0000601   1.5567E+02 -2.9715E+01 -1.4354E+02
0000602   4.4713E+02  1.7562E+02 -5.4161E+01
0000603   6.3559E+02  6.3244E+01  2.5104E+02
0000604   4.5583E+02 -8.0947E+01 -1.4394E+01
0000605   2.9749E+02  2.3578E+02  2.9025E+02
0000606   6.2297E+02 -1.7841E+02  1.1524E+02
0000607   3.5560E+02 -1.6536E+02 -3.3002E+01
0000608   2.3128E+02 -1.7051E+02  1.4902E+02
0000609   4.3259E+02 -3.8763E+00  3.3023E+01
0000610   1.1080E+02  3.5877E+01  4.6005E+02
0000611   1.5148E+02 -6.6977E+01 -1.7892E+02
0000612   2.4957E+02  3.3461E+02  8.3530E+01
0000613   5.4709E+02 -2.1499E+02  5.0081E+02
0000614   4.1793E+02 -1.4304E+02  6.9280E+00
0000615   3.5518E+02  3.9961E+01  8.2074E+01
0000617   5.4125E+02  1.3357E+02  1.2605E+01
0000618   5.0983E+01  1.2805E+01  1.6598E+01
0000619   1.3908E+02  3.2683E+01 -1.6247E+02
0000620   6.5696E+02 -4.7855E+02  6.7969E+00
0000621   6.8185E+02 -8.5578E+01  2.8721E+02
0000622   3.7106E+02 -1.9481E+02 -1.6887E+02
0000623   4.4634E+02  3.4731E+02 -2.1858E+02
0000624   3.2459E+02  1.0888E+02  4.9791E+01
0000625   2.0845E+02  3.3976E+02  6.4571E+01
0000626   4.8294E+02  2.2023E+02 -3.7880E+02
0000627   3.5947E+02 -1.3596E+02  1.3065E+02
0000628   1.4367E+02  1.7012E+02 -2.1967E+02
0000629   5.2952E+02 -3.4562E+02  3.0077E+02
0000630   3.8046E+02 -1.6927E+02 -3.1799E+02
0000631   4.7135E+02 -1.3172E+02  1.4247E+02
0000632   6.7885E+02  4.5600E+02 -2.1544E+01
0000633   2.4018E+02 -4.0859E+01 -2.5807E+02
0000634   4.9611E+02 -8.2240E+01 -1.4637E+02
0000635   1.9840E+02  6.9214E+01  2.0287E+02
0000636   4.2429E+02 -6.9544E+02  2.0118E+02
0000637   4.9921E+02  1.4197E+02 -1.5028E+02
0000638   4.5630E+02 -1.3129E+02 -2.0152E+01
0000639   6.9395E+02  6.2498E+01  1.6325E+02
0000640   5.9280E+02  1.4370E+02  3.3306E+01
0000641   1.7389E+02 -2.0976E+02 -7.5065E+01
0000642   2.2955E+02  1.1587E+02 -2.4862E+02
0000643   3.5576E+02 -8.9292E+01  6.2736E+01
0000644   4.1198E+02  7.4845E+01  1.5307E+01
0000645   1.3454E+02  2.5910E+02  1.0433E+02
0000646   5.3990E+02 -9.5706E+01  4.1089E+01
0000647   5.0980E+02  1.3055E+02  9.4977E+01
0000648   8.6935E+02  2.7045E+02  5.5018E+01
0000649   5.7615E+02 -3.6792E+02 -2.4005E+01
0000650   5.6010E+02 -4.1428E+02 -6.4624E+01
0000652   8.2221E+02  8.4909E+01 -1.3645E+02
0000653   3.6769E+02 -3.0314E+02 -3.9546E+02
0000654   5.2176E+02 -1.0971E+02  9.6032E+01
0000655   1.8780E+02  6.3595E+00 -3.7268E+02
0000656   3.4510E+02 -1.3278E+02 -4.5340E+02
0000657   3.7451E+02  1.0255E+02  8.7053E+01
0000659   3.6826E+02 -9.8517E+01  2.0407E+02
0000660   2.2077E+02 -1.6086E+02  3.4091E+02
0000661   3.5718E+02  8.5930E+00  3.1035E+02
0000662   1.7432E+02 -2.9262E+01  2.2798E+02
0000663   1.4071E+02 -4.1947E+02  1.3965E+02
0000664   7.9894E+02  2.6288E+01 -4.5799E+02
0000665   2.1730E+02 -2.1181E+02  1.5512E+02
0000666   7.0371E+02 -2.1211E+02  6.6980E+01
0000667   6.2069E+02 -2.1772E+01  1.9697E+02
0000668   8.3486E+02 -2.1785E+02  3.4413E+02
0000669   6.1311E+02 -3.1355E+02  1.4648E+02
0000670   4.0808E+02  2.0290E+02  3.4314E+02
0000671   2.7103E+02  1.2669E+02 -2.6895E+02
0000672   7.5830E+02 -2.0495E+02  2.9568E+02
0000673   2.6665E+02 -3.9520E+00 -2.2748E+02
0000674   2.0044E+01 -3.6815E+02 -1.2655E+02
0000675   4.8480E+02 -9.0718E+01 -3.4387E+02
0000676   5.1073E+02  1.2957E+02  2.2353E+02
0000677   3.7360E+02 -1.7103E+02 -5.4430E+01
0000678   7.3318E+02  9.0143E+01 -3.6327E+02
0000679   3.9342E+02  6.8071E+01  2.9467E+02
0000680   1.7165E+02  1.0223E+02 -2.2363E+02
0000681   3.3270E+02 -2.4084E+02 -3.7632E+01
0000682   4.8785E+02 -1.4785E+02  2.6390E+02
0000683   7.7104E+02 -2.0661E+02 -6.6395E+01
0000684   2.8325E+02  8.0269E+01  5.2101E+02
0000685   2.2575E+02 -1.9508E+02  7.9415E+01
0000686   7.9151E+02  2.6110E+01 -3.0747E+02
0000687   1.3352E+01 -3.7850E+02  2.0991E+02
0000688   9.5386E+02 -2.6920E+01 -7.7651E+01
0000689   3.5581E+02 -3.2527E+02  1.7592E+02
0000690   4.3007E+02  1.2614E+02 -5.7250E+02
0000691   4.5266E+02  1.8375E+02  6.3333E+01
0000692   5.0573E+02 -2.7759E+02  2.8575E+02
0000693   4.6650E+02  5.1380E+02 -2.3006E+02
0000694   2.4286E+02  1.4008E+02 -3.7848E+01
0000695   3.5298E+02  1.5685E+02 -2.2247E+02
0000696   7.4209E+02 -2.3923E+02  3.4507E+01
0000697   1.6827E+02 -1.1054E+02 -2.2549E+02
0000698   4.7856E+02 -7.5541E+01  3.3228E+02
0000699   5.8657E+02  2.7106E+02  1.9056E+01
0000700   4.5931E+01  1.3146E+02 -3.7575E+02
0000701   1.8152E+02 -2.4364E+02  1.0196E+02
0000702   6.4467E+02 -1.0946E+02  4.9602E+01
0000703   2.4632E+02  1.6214E+02 -6.0356E+01
0000704   7.2284E+02 -7.0611E+01 -3.3169E+02
0000705   4.0953E+02 -3.3320E+02  4.0682E+02
0000707   4.6282E+02  1.6692E+02 -1.9944E+02
0000708   2.2821E+02 -1.6122E+02  1.5801E+02
0000709   4.4917E+02  1.8766E+01 -2.5231E+02
0000711   4.3860E+02  9.5551E+01 -2.2583E+02
0000712   3.2539E+02 -1.4385E+02 -3.1732E+02
0000713   2.4379E+02  7.6714E+01  1.1501E+02
0000714   2.9282E+02  2.1467E+02  3.1319E+02
0000715   4.5011E+02  1.0806E+02  9.2515E+01
0000716   3.2262E+02 -2.6384E+01  2.6179E+02
0000717   5.2145E+02  3.8174E+02  9.8375E+01
0000718   3.6780E+02  2.4274E+02 -2.7079E+02
0000719   1.6417E+02 -3.1988E+01  3.5735E+01
0000720   3.6027E+02 -2.5856E+00  2.5423E+02
0000721   2.1514E+02 -9.8465E+01  1.0402E+02
0000722   2.8185E+02  1.4032E+02  1.1412E+02
0000723   4.2079E+02 -1.3136E+01  1.1584E+02
0000724   1.3768E+02 -1.8724E+02  5.1953E+01
0000725   6.0218E+02 -6.3185E+01  2.1882E+02
0000726   3.7272E+02  5.3578E+01  3.5323E+01
0000727   3.8048E+02  1.0369E+02  1.5107E+02
0000728   5.6755E+02  9.6720E+01 -2.2635E+02
0000730   5.6465E+02  2.7984E+02  2.1247E+02
0000731   4.7655E+02  1.0040E+01  1.0226E+02
0000732   2.6354E+02  5.0108E+02  3.1656E+02
0000733   7.2957E+02 -1.9643E+02 -2.0149E+02
0000734   6.2187E+02 -3.1400E+02 -3.2192E+02
0000735   3.7428E+02 -4.4801E+01 -4.1680E+02
0000736   8.1256E+02  4.8227E+01  1.6460E+02
0000737   3.7077E+02  1.0343E+02 -3.7662E+02
0000738   4.0886E+02  1.8512E+02  8.2571E+01
0000739   4.4456E+01 -1.6877E+01  2.6420E+01
0000740   3.8682E+02 -1.7164E+02 -1.5822E+02
0000741   4.5691E+02  3.7004E+01 -5.7984E+01
0000742   4.4321E+02  2.0105E+02 -9.4200E+01
0000743   5.3680E+02 -1.1024E+02  2.6461E+01
0000744   7.0347E+01  4.5306E+01 -4.7293E+01
0000746   3.9060E+02  3.0319E+02  2.6230E+01
0000747   3.6039E+02  3.8421E+02  1.2133E+02
0000748   4.0822E+02  1.5319E+02  5.6160E+02
0000750   1.5682E+02 -3.5172E+02 -1.6762E+02
0000751   1.5439E+02  7.7554E+01  7.6598E+01
0000752   3.7548E+02 -3.6041E+02 -2.9562E+01
0000753   1.1872E+02 -1.5407E+02 -1.2904E+02
0000754   3.1997E+02 -9.4684E+01 -1.4700E+02
0000755   8.2585E+02 -1.8050E+02  3.6441E+02
0000756   1.9338E+02  1.7832E+01  1.0951E+02
0000757   5.7150E+01  2.6058E+02 -1.6699E+02
0000758   5.9084E+01 -1.2133E+02 -1.2253E+01
0000759   2.2439E+02  2.1469E+02  1.2441E+02
0000760   5.7476E+02  1.8913E+02 -3.6119E+02
0000761   3.9145E+02 -1.7240E+02 -1.7923E+02
0000762   4.8014E+02 -1.0003E+02 -9.4995E+01
0000763   6.4216E+02  2.7568E+02 -4.0879E+02
0000764   7.3459E+02 -3.5609E+01  1.2163E+02
0000765   6.2958E+02 -1.0176E+02  5.4893E+01
0000766   8.7497E+02 -6.1879E+01 -2.2170E+02
0000767   7.4314E+02  6.1694E+01 -1.1598E+02
0000768   6.2198E+02  3.6708E+02 -4.8566E+02
0000769   4.7997E+02  5.9841E+01  2.0772E-01
0000770   4.6560E+02 -1.0585E+02 -2.2131E+02
0000771   3.4896E+02  1.3097E+02 -9.3253E+00
0000772   2.5739E+02 -2.1484E+02 -1.1036E+01
0000773   2.8014E+02  1.7889E+02  1.1326E+02
0000774   4.0750E+02 -3.4292E+02  7.3434E+01
0000775   5.5025E+02  4.1740E+01 -4.0850E+02
0000776   3.3517E+02 -3.0127E+02 -2.2963E+01
0000777   6.5620E+02  2.2460E+01  8.9546E+01
0000778   8.5148E+01 -4.2040E+01 -1.8481E+02
0000779   5.4284E+02 -1.0745E+02 -6.3425E+01
0000780   6.7918E+02 -2.8494E+02  1.5183E+02
0000781   4.4352E+02  2.4998E+02 -5.8539E+02
0000782   4.4737E+02 -2.9300E+02 -1.9509E+02
0000783   6.1877E+02 -7.2203E+01  6.2726E+01
0000784   1.8152E+02  1.0479E+02 -3.9861E+01
0000785   3.5639E+02 -4.4707E+02  8.0125E+01
0000786   1.8636E+02 -2.6047E+02 -1.2609E+00
0000787   6.4125E+02  2.1699E+02 -2.6675E+02
0000788   2.7488E+02 -2.9044E+02 -2.0146E+02
0000789   1.2699E+02 -5.8765E+01  1.2542E+02
0000790   1.4069E+02  1.9492E+02  1.6512E+02
0000791   3.1633E+02 -6.9050E+01  2.1871E+02
0000792   7.1784E+02 -2.9091E+02 -6.6752E+01
0000793   5.5950E+02 -2.9504E+02 -1.5876E+02
0000794   2.5311E+02  1.5807E+01  2.1821E+02
0000795   1.9856E+02 -2.2860E+02  3.5089E+02
0000796   4.2679E+02 -5.1875E+01  3.5807E+01
0000797   2.8492E+02  1.1387E+02  6.4401E+01
0000798   2.7274E+02 -2.2216E+02  4.1415E+00
0000799   3.9270E+02  1.9717E+00  6.3851E+01
0000800   5.4295E+02 -1.5627E+02  1.6622E+02
0000801   4.7199E+02  4.4059E+02 -1.5031E+02
0000802   4.8618E+01 -1.3577E+02 -3.0448E+01
0000803   1.4571E+02 -9.3292E+01  2.1964E+01
0000804   2.9034E+02 -1.0249E+02 -1.7154E+02
0000805   5.4429E+02 -7.7605E+01  2.0139E+02
0000806   3.0964E+02  2.3787E+01 -1.6532E+02
0000807   4.3791E+02 -2.5577E+02  1.0972E+02
0000808   5.8072E+02  1.0377E+02 -4.8329E+01
0000809   3.5971E+02  2.5891E+02 -2.6065E+02
0000810   1.6248E+02 -1.2030E+02  6.0289E+01
0000811   2.7958E+02  3.0327E+02 -9.2321E+01
0000812   2.9519E+02  4.5136E+01 -1.3211E+02
0000813   5.1026E+02 -1.7132E+02 -2.0246E+01
0000814   2.6976E+02  1.1901E+02  2.7604E+01
0000815   4.7708E+02 -2.1838E+02 -3.7362E+02
0000816   3.7730E+02  1.1482E+02  8.9554E+01
0000817   2.9723E+02 -1.3700E+02 -1.5040E+02
0000818   5.5808E+02  1.7041E+02  5.6693E+01
0000819   5.4877E+01  2.7690E+02  7.6176E+01
0000820   4.5457E+02 -2.4797E+02 -1.6997E+02
0000822   9.8710E+02 -2.8978E+02  2.1046E+02
0000823   2.4140E+02 -4.2989E+01  2.9494E+02
0000824   6.5994E+01 -6.0244E+02  1.3595E+02
0000825   1.9811E+02  6.4440E+00  1.5311E+02
0000826   3.3589E+02 -3.0267E+02  1.8118E+02
0000827   1.2706E+02  4.7337E+01  1.2375E+02
0000828   8.4833E+02 -1.1333E+00 -3.6489E+02
0000829   1.8385E+01 -4.6884E+00 -2.8685E+02
0000831   5.3620E+02  4.3097E+00 -5.9555E+01
0000832   5.4636E+02 -3.3701E+02  4.8048E+01
0000833   1.1676E+02 -4.7713E+02  2.0671E+02
0000834   4.6201E+02 -1.5201E+02  2.7233E+01
0000835   2.5668E+02 -6.0733E+02  1.0663E+02
0000836   6.7837E+02  7.9318E+01  3.8817E+02
0000837   2.8554E+02  2.5816E+01  1.8922E+02
0000838   4.4104E+02  1.0140E+02 -4.8217E+01
0000839   4.5828E+02 -9.1712E+01  7.8617E+01
0000840   2.7587E+02  3.3530E+02 -1.9024E+01
0000841   4.8925E+02  7.5098E+01 -4.8343E+01
0000842   3.3476E+02  1.8508E+02 -1.6661E+02
0000843   5.2701E+02 -4.7527E+02  3.3214E+02
0000844   7.1302E+02  2.1379E+02 -1.8399E+02
0000845   3.9407E+02 -1.1176E+02 -1.3734E+02
0000847   8.9363E+01  1.2060E+02  3.9305E+01
0000848   6.2933E+02  3.1952E+01 -1.2562E+01
0000849   1.7624E+02  2.7148E+02  2.3334E+02
0000850   2.5784E+02  5.8154E+00  1.1352E+02
0000851   5.5129E+02 -1.3186E+02 -2.1217E+02
0000852   1.7405E+02  2.1437E+01  2.0780E+02
0000853   3.0097E+02 -2.8064E+02 -3.4715E+02
0000854   4.1434E+02  3.8722E+01  2.4938E+02
0000855   3.0891E+02 -3.4067E+02  2.4132E+01
0000856   5.8111E+02 -3.2567E+02  1.8022E+02
0000857   1.7790E+02  2.1393E+02 -2.1689E+01
0000858   2.3642E+02 -5.6545E+02 -5.3671E+01
0000859   5.0504E+02  1.9579E+02 -2.1412E+02
0000860   8.8621E+02 -3.5738E+02 -2.1039E+02
0000861   1.3727E+02 -1.9311E+02 -3.2609E+02
0000862   8.6568E+01 -7.0103E+01  3.0133E+01
0000863   1.5649E+02 -8.8368E+01 -2.5307E+01
0000864   3.4896E+02 -4.2944E+02 -2.6456E+02
0000865   3.1735E+02  1.8556E+02 -1.0200E+02
0000866   1.2627E+02 -1.4142E+02 -3.8500E+01
0000867   2.7672E+02 -4.5129E+01  2.5343E+02
0000868   5.5256E+02 -1.8620E+01 -3.1381E+00
0000870   6.3600E+02  4.3535E+01  1.2420E+02
0000871   6.2956E+02 -1.1696E+02 -6.6434E+01
0000872   4.3749E+02 -1.3873E+02 -1.2272E+01
0000873   4.7500E+02  2.1684E+02 -2.6767E+01
0000874   3.7298E+02 -1.3271E+02  5.1664E+00
0000875   3.2010E+02  6.8228E+01  1.1987E+02
0000876   1.7756E+02 -3.5374E+02 -1.6422E+02
0000877   4.3509E+02  1.5451E+02 -4.1719E+02
0000878   4.0309E+02  3.4215E+02 -1.0935E+02
0000879   2.7908E+02  1.8369E+02 -1.5587E+02
0000880   2.6617E+02 -8.9210E+01 -1.8470E+02
0000881   3.1201E+01 -5.7622E+01  9.1929E+01
0000882   1.8999E+02  3.0631E+02  6.5337E+01
0000883   3.6557E+02  1.0015E+02 -3.2378E+02
0000884   6.8266E+02 -1.6502E+02  2.2323E+01
0000885   4.8768E+02 -2.0675E+02  4.9133E+00
0000886   3.1293E+02 -5.7912E+01 -2.0809E+02
0000887   6.8825E+02  1.5799E+02 -2.6248E+02
0000888   3.0546E+01 -6.0700E+01  5.5988E+01
0000889   1.4399E+02  3.8432E+01  7.8335E+01
0000890   2.7907E+02  4.7016E+01 -2.6914E+01
0000891   4.4536E+02  2.9276E+02  2.9793E+01
0000892   5.9080E+02  4.6310E+02 -2.2698E+02
0000893   6.6877E+02  1.7370E+02 -9.8150E+01
0000894   1.6004E+02  5.0969E+01  4.9497E+01
0000895   5.8710E+02 -2.4347E+01 -2.9010E+02
0000896   3.8102E+02  3.7193E+01  2.3230E+02
0000897   3.3530E+02  2.1629E+01 -1.5399E+02
0000898   3.6614E+02  5.3894E+01  3.5962E+01
0000899   1.3514E+02  1.5662E+02  7.2146E+01
0000900   6.2429E+02  3.0314E+02  2.5496E+02
0000901   4.4520E+02 -9.6501E+01 -1.4499E+02
0000902   2.6283E+02  1.7564E+01 -2.8559E+02
0000903   5.4887E+02 -3.5629E+02  1.3233E+02
0000904   3.1843E+02  1.2468E+02 -1.5677E+02
0000905   2.3173E+02  4.1331E+02  1.1359E+02
0000906   7.5102E+02 -1.6193E+02 -1.2200E+02
0000907   2.9440E+02 -8.7274E+01 -4.5005E+00
0000908   1.6741E+02 -4.4097E+02  1.9091E+02
0000909   2.8475E+02  2.5338E+01  4.2063E+01
0000910   1.3418E+02 -4.8954E+01  8.7058E+01
0000911   8.0424E+02  3.4772E+02 -3.1204E+02
0000912   1.7354E+02 -6.1869E+02  2.7446E+02
0000913   3.9176E+02 -1.6607E+02  6.8351E+01
0000914   1.1902E+02  6.9637E+01 -7.5515E+01
0000915   2.9613E+02 -3.1674E+02  7.0628E+01
0000916   4.5751E+02  2.3274E+02 -1.4884E+02
0000917   3.8527E+02 -3.0721E+01  2.8371E+02
0000918   3.1721E+02  5.0915E+01  3.7213E+01
0000919   5.2675E+02  4.4724E+02 -8.9279E+01
0000920   4.7522E+02  1.5152E+02  1.7099E+01
0000921   5.2334E+02 -1.9591E+01 -1.7469E+02
0000922   6.3180E+02 -6.8783E+01  1.0381E+02
0000923   4.9831E+02  5.4496E+02 -3.1502E+02
0000924   4.4712E+02  6.9687E+01 -3.6164E+02
0000925   2.9175E+02 -3.3417E+02  1.0794E+02
0000926   1.1412E+02  2.0518E+02 -2.7409E+02
0000927   7.2909E+02 -2.0605E+02  4.7458E+01
0000928   2.5736E+02  7.9071E+01  5.2399E+01
0000929   4.5556E+02  2.7559E+01  1.4173E+02
0000930   4.8643E+02  2.6802E+02  1.4172E+02
0000931   9.1832E+02  3.3407E+02 -1.6275E+02
0000932   2.7150E+02 -8.1389E+01  2.4740E+02
0000933   2.8291E+02  1.0295E+02  2.8481E+02
0000934   4.0062E+02  3.3969E+01  4.4596E+01
0000935   2.7895E+02  2.4316E+01  7.3803E+01
0000936   3.3775E+02  3.4744E+02  3.6027E+02
0000937   7.6010E+02  5.5683E+01 -2.4178E+02
0000938   2.9311E+02  3.3196E+01  1.9251E+02
0000939   2.2821E+02  4.5606E+02 -3.2170E+01
0000940   4.9767E+02 -1.3709E+02 -1.2834E+02
0000941   3.3076E+02 -1.4327E+01  2.6287E+02
0000942   5.7942E+02  4.1232E+01 -1.7690E+02
0000943   4.9927E+02  8.6908E+01  3.2183E+02
0000945   4.2142E+02  2.9328E+01  1.7534E+01
0000947   5.8467E+02 -4.8005E+01 -2.5866E+01
0000948   3.2298E+02 -1.1646E+02 -2.6090E+02
0000949   7.9023E+02  1.1234E+02 -4.3493E+01
0000950   4.9013E+02 -1.6142E+02 -3.2602E+02
0000951   3.4149E+02 -4.5621E+02  6.3951E+01
0000952   4.6542E+02  2.7827E+02  1.9969E+02
0000953   6.0788E+02  1.4414E+02 -3.8157E+02
0000954   5.2695E+02 -1.9779E+02 -2.5210E+01
0000955   5.3091E+02 -1.0806E+00 -6.9157E+00
0000956   1.0409E+02 -2.4809E+02  1.5947E+02
0000957   5.3574E+02  2.2804E+02  5.3371E+02
0000958   2.4871E+02 -1.0340E+02  4.4938E+01
0000959   5.5174E+02  1.0456E+01 -2.4114E+02
0000960   3.3832E+02 -2.7324E+02  4.5268E+01
0000961   3.0157E+02 -3.3422E+02 -1.4141E+02
0000962   5.4977E+02  2.4994E+02  2.5646E+02
0000963   5.0057E+02 -6.6722E+01 -1.2395E+02
0000964   5.4079E+02 -3.7028E+02  2.1982E+02
0000965   2.3906E+02  6.3711E+02 -2.4540E+02
0000966   2.6968E+02  9.8434E+01 -5.7834E+01
0000967   1.4199E+02  2.6028E+02  5.6401E+02
0000968   6.0093E+01 -2.4805E+02 -1.9645E+01
0000969   4.2429E+02 -2.7288E+01  8.9730E+01
0000970   2.3351E+02  1.9077E+02 -1.6697E+02
0000971   8.3261E+02  1.5909E+02 -9.2910E+01
0000972   1.2656E+02 -2.2940E+02 -3.2984E+02
0000973   7.0461E+02  1.4984E+02  3.2419E+02
0000974   8.3204E+01 -1.5777E+02  2.2234E+02
0000975   5.4421E+02  1.8556E+02  2.3785E+02
0000976   4.2206E+02 -5.1219E+02  1.6413E+02
0000977   4.6355E+02 -2.5173E+02  1.8101E+01
0000979   8.7631E+02 -6.0503E+02 -1.5854E+02
0000980   4.1441E+02  3.5056E+02 -4.2901E+01
0000981   1.8885E+02 -2.4199E+02 -1.5112E+02
0000982   4.4149E+02  2.1754E+02  1.1012E+02
0000984   7.5361E+02 -3.6476E+01 -3.0717E+01
0000985   4.7511E+02  1.3470E+02  1.2249E+02
0000986   4.0725E+02 -3.6160E+02  6.0995E+00
0000987   1.1723E+01  7.4065E+01  1.2490E+02
0000988   2.2458E+02 -3.6254E+02 -1.5687E+02
0000989   2.3173E+02 -1.7653E+02 -9.1470E+01
0000990   8.9652E+01 -2.2437E+02 -5.6642E+02
0000991   1.6840E+02  2.6299E+02  1.6639E+01
0000992   9.4857E+02  4.4583E+01 -3.3894E+02
0000994   5.6394E+02  2.0169E+01  2.3737E+02
0000995   6.0552E+02 -3.1271E+02  2.2852E+02
0000996   6.4165E+02  1.2915E+02  9.2489E+01
0000997   9.7221E+02  1.9448E+01 -1.6073E+02
0000998   4.7571E+02  5.4301E+01  1.3052E+02
0001000   7.5352E+02  5.7741E+01  4.7000E+02
