============================== SRIM-2013.00 ==============================
==============================================================================
====== SRIM Outputs\RANGE_3D.txt : File of Final Ion Positions =====

Ion =  F (09)   Ion Mass= 018.9984
Energy  = 2000000.E-05 keV
Ion Angle to Surface = 00.0 degrees
==================== TARGET =======================
  Layer # 1 - None
  Layer # 1 - Bottom Depth=500000.E-01 A
  Layer # 1 - Density =0007.8700 g/cm3
  Layer # 1 -  100 % of Fe
様様様様様様様様様様様様様様様様様様様様様様様様様様
                                            
Ion       Depth  X   Lateral Y   Lateral Z  
Number    (Angstrom) (Angstrom)  (Angstrom) 
-------  ----------- ----------- -----------
0000001   1.7304E+02 -8.3268E+01 -2.1703E+02
0000002   3.2733E+02 -2.3501E+01  5.9017E+01
0000003   1.6290E+02 -1.2122E+02 -8.3789E+01
0000004   2.3438E+02 -7.7489E+01 -7.6436E+01
0000005   2.0632E+02  1.1041E+01  2.2960E+02
0000006   2.4065E+02 -2.2912E+02 -6.2774E+01
0000007   2.5866E+02 -9.8960E+01  1.0945E+02
0000008   1.7724E+02 -2.4319E+01 -5.7209E+01
0000009   1.6151E+02 -1.1556E+02  2.7521E+02
0000010   4.3968E+02 -7.1712E+01  2.8018E+01
0000011   1.8365E+02 -2.4144E+01  3.3373E+02
0000012   1.3771E+02 -4.5126E+01  4.5698E+01
0000013   8.9653E+01 -1.7202E+02  1.9550E+02
0000014   1.3546E+02 -5.3603E+01  1.0829E+02
0000015   1.7303E+02  1.5751E+02  9.7148E+01
0000016   2.1085E+02  1.3793E+02 -7.4834E+01
0000017   5.7853E+01 -1.1975E+02 -7.7688E+01
0000018   1.3659E+02 -1.4665E+02  2.1447E+01
0000019   1.5846E+02  6.3002E+01  1.2282E+02
0000020   4.1538E+02 -6.5921E+01  1.7588E+02
0000021   1.1258E+02 -1.0449E+02  2.5493E+02
0000022   2.9369E+02  2.6540E+01  2.2095E+01
0000024   9.3710E+00 -4.1001E+01 -7.4276E+01
0000025   1.6443E+02  1.1515E+02  1.0477E+02
0000026   1.4142E+02 -1.9678E+02  1.5472E+02
0000027   4.4326E+02 -3.0564E+01 -6.0969E+01
0000028   1.5523E+02 -1.1655E+02 -4.4675E+01
0000029   1.9269E+02  1.6388E+02 -5.0928E+01
0000030   3.2849E+02  1.0710E+02 -9.6180E+01
0000031   2.4531E+01 -4.8218E+01  6.4324E+01
0000032   8.3304E+01  2.0561E+00  3.3712E+01
0000033   2.7874E+02  6.7278E+01 -2.2554E+02
0000034   9.1625E+01  3.1917E+01 -8.6372E+01
0000035   2.6312E+02  6.2665E+01  5.4072E+01
0000036   3.6294E+02  1.7328E+02 -1.9318E+02
0000037   7.8025E+01 -8.5584E+01 -7.0721E+01
0000038   4.0485E+02 -2.1528E+01  8.1720E+00
0000039   1.2689E+02 -1.0783E+02  5.0990E+01
0000040   1.5076E+02  2.6176E+01 -9.7032E+01
0000041   2.5878E+02 -6.3588E+00 -1.5930E+01
0000042   1.7538E+02  8.1738E+01  6.5922E+01
0000044   4.0277E+02  2.7470E+01 -8.6443E+01
0000045   1.7462E+02  6.0739E+01  4.2054E+00
0000046   5.9156E+02 -3.6969E+01  3.1844E+02
0000047   1.9638E+02 -1.8402E+01 -1.0983E+02
0000048   2.8174E+02  1.3008E+02 -1.5921E+01
0000049   2.8983E+02 -6.9022E+01  2.7145E+00
0000050   1.7627E+02 -7.7294E+01 -1.7912E+02
0000051   3.0933E+02  1.7170E+02 -1.6221E+01
0000052   3.4113E+01 -8.8779E+01 -1.3819E+02
0000053   2.6213E+02  9.9791E+01 -1.7113E+00
0000054   3.1915E+02 -2.3582E+02 -2.4105E+02
0000055   2.3391E+02 -1.0280E+02  3.4805E+01
0000056   1.3291E+02  6.6799E+01  4.1717E+01
0000058   1.8753E+02 -5.1182E+01 -7.1552E+01
0000059   2.8853E+02  1.4036E+02  2.1944E+02
0000060   2.5410E+02 -5.4959E+00 -2.6739E+00
0000061   2.3669E+02  1.7984E+02 -4.0094E+01
0000062   2.0383E+02  2.8474E+02 -2.1962E+02
0000063   3.5215E+02 -4.6544E+01 -2.2542E+02
0000065   2.9547E+02 -2.1326E+02 -1.9658E+01
0000066   2.6968E+02 -1.8318E+02  9.3041E+01
0000067   2.0852E+01  9.3920E+01  1.8311E+01
0000068   3.0453E+02 -2.7470E+01 -2.4884E+02
0000069   1.2441E+02  1.2781E+01 -3.4262E+01
0000070   3.1134E+02 -1.9076E+02  1.5608E+01
0000071   1.8022E+02 -6.4121E+00  1.0891E+02
0000072   1.7902E+02 -1.2117E+02 -1.1586E+02
0000073   2.2690E+02 -3.9130E+01 -2.5235E+01
0000074   1.9690E+02 -5.6883E+01  9.7811E+00
0000075   2.3812E+02  1.7386E+02 -4.8469E+01
0000076   2.0857E+02 -8.3486E+01 -1.1489E+01
0000077   3.1714E+02  1.7529E+01 -1.1585E+02
0000078   2.1106E+01 -6.1448E+01 -4.7006E+01
0000079   4.6334E+01 -4.2600E+01 -8.9890E+01
0000080   4.1618E+02 -9.0834E+01  6.7343E+01
0000082   7.4487E+01  4.7121E+01 -1.5557E+02
0000083   2.9231E+02 -7.5407E+01 -1.4746E+02
0000084   3.1748E+02 -2.2690E+02 -1.8333E+02
0000086   1.9140E+02  8.7483E+00  3.1523E+02
0000087   1.1341E+02 -4.6920E+01 -4.0869E+01
0000088   9.8533E+01 -5.5126E+00 -1.0655E+02
0000089   1.9100E+02  5.1786E+01  2.4369E+02
0000091   1.8317E+02  5.1656E+01 -1.2978E+01
0000092   1.8204E+02  1.9609E+01  1.0270E+02
0000093   3.2669E+02 -4.4405E+01 -1.8110E+02
0000094   1.0417E+02 -1.3770E+02 -4.3966E+01
0000095   1.6299E+02 -4.2193E+01  1.2410E+02
0000096   2.2719E+02 -2.2238E+02 -2.9352E+01
0000097   5.5886E+01  1.6499E+01 -3.3618E+01
0000098   3.9312E+02 -2.0692E+02 -1.2514E+02
0000099   2.6004E+02 -4.0465E+01  1.6726E+01
0000100   2.2526E+02  2.1942E+02  1.0387E+02
0000101   1.8500E+02 -3.7972E+01  2.6864E+01
0000102   7.6131E+01 -7.9505E-01  2.1335E+01
0000103   2.8453E+02  1.5324E+02  2.6197E+02
0000104   8.8291E+01  7.1658E+01 -6.3334E+01
0000105   2.2159E+02  1.4204E+02  8.0764E+01
0000107   1.1696E+02  1.2916E+02 -2.0811E+02
0000108   2.1577E+02  2.0607E+01  1.7145E+00
0000109   2.1242E+02  2.3165E+02  1.2328E+01
0000110   2.5811E+02 -2.3120E+01 -3.5779E+01
0000111   8.5432E+01 -3.7935E+01  1.1411E+02
0000112   4.4702E+02  1.0464E+02 -1.1717E+02
0000113   1.7042E+02  5.9392E+01  3.6567E+01
0000114   1.4244E+02  6.5350E+01 -3.9554E+01
0000115   7.4149E+01 -6.4740E+01 -1.4454E+01
0000116   1.9770E+02 -3.7512E+01  5.6766E+01
0000117   1.8805E+02  2.7057E+01 -1.8392E+02
0000118   1.9212E+02 -6.1816E+01 -9.4547E+01
0000119   1.3150E+02  7.3520E+01 -1.7013E+02
0000120   3.0925E+01  6.6248E+01 -9.4742E+01
0000121   2.7486E+02  1.2390E+02 -3.8705E+00
0000122   2.8715E+02  8.6578E+01 -4.8915E+01
0000123   2.0291E+02 -3.8724E+00  7.8875E+00
0000124   7.6357E+01  3.4383E+01  3.9456E+00
0000126   1.2729E+02  6.4660E+00 -5.0647E+00
0000127   8.5102E+01  1.2060E+02  1.8805E+01
0000128   2.1250E+02  1.8001E+01 -1.1274E+01
0000129   3.0524E+02 -1.5561E+01  1.9025E+01
0000131   2.2465E+02  1.3567E+02 -9.1954E+01
0000132   2.6807E+02 -1.0824E+02  1.9616E+02
0000133   7.1882E+01  5.1322E+01  1.1667E+01
0000134   1.2828E+02 -1.1274E+02 -3.5448E+01
0000135   4.5711E+01  2.0052E+02  1.6755E+02
0000136   2.7697E+02 -1.8564E+02 -4.1548E+01
0000137   1.7179E+02 -3.6722E+01 -5.2055E+01
0000138   1.7392E+02  2.2849E+02  9.0098E+01
0000139   1.0408E+02 -5.8689E+01 -5.6537E+01
0000140   2.4352E+02  1.7158E+01 -1.3355E+02
0000141   1.4059E+02 -9.1909E+00  1.1992E+02
0000143   2.6285E+02  1.3325E+02 -1.4149E+02
0000144   2.1451E+02 -3.7972E+01 -2.0134E+02
0000145   3.8903E+02 -1.6801E+02 -3.6380E+00
0000146   2.1741E+02 -3.9578E+00 -1.0168E+02
0000147   3.4655E+02  1.9931E+01  3.4370E+01
0000148   3.7805E+01  3.8584E+01 -2.3503E+02
0000149   2.3799E+02 -3.1976E+02  6.7603E+01
0000150   1.2092E+02  1.8333E+02  1.6985E+02
0000151   3.7359E+02 -7.4024E+00 -6.9355E+01
0000152   5.9061E+01 -3.0660E+01  1.2157E+02
0000153   3.2228E+02 -9.9374E+01  9.9767E+01
0000154   8.3897E+01 -9.8209E+01 -1.1792E+01
0000155   1.8013E+02  4.5862E+01  1.3996E+01
0000156   3.2110E+02  9.8534E+01  2.5533E+02
0000157   2.7394E+02 -9.9786E+00 -8.2933E+01
0000158   3.8262E+02  7.5519E+00 -1.0140E+02
0000159   2.4419E+02  1.0488E+02 -7.5251E+01
0000160   1.2672E+02  1.8081E+01 -1.2570E+02
0000161   2.7022E+02  6.5980E+01  3.0484E+01
0000163   1.5398E+02  3.1670E+01 -2.0733E+02
0000164   1.5734E+02  1.0652E+01  2.1290E+02
0000165   5.1546E+01 -4.8376E+01  1.3022E+02
0000166   1.4918E+02 -5.2034E+01 -1.1787E+02
0000167   2.1437E+02 -4.1205E+01 -1.2801E+01
0000168   3.3886E+02  9.6584E+01 -1.0071E+01
0000169   2.0299E+02  3.7553E+01 -2.2498E+01
0000170   1.7157E+02 -1.3573E+02  2.0081E+02
0000171   3.2794E+02 -7.2557E+01  1.1730E+02
0000172   3.1767E+02 -8.3246E+00 -1.4474E+00
0000174   5.0174E+01  5.7533E+01 -1.9427E+02
0000175   1.5681E+02  1.7749E+02 -2.0157E+02
0000176   5.9350E+01  1.0533E+02  4.3806E+01
0000177   2.7164E+02  7.1211E+01 -1.2220E+02
0000178   4.8069E+01 -4.7668E+01 -2.1450E+02
0000179   2.0856E+02  2.4814E+02  1.4975E+02
0000181   1.3383E+02 -9.4492E+00  1.6381E+01
0000182   2.3532E+02 -2.2933E+02  9.2584E+01
0000183   3.0523E+02  9.8847E+00 -2.3366E+02
0000184   1.0785E+02  8.3873E+01  1.7823E+02
0000185   3.0161E+01  5.5450E+01  7.1033E+01
0000186   1.5718E+02 -1.7618E+02  2.9729E+01
0000187   4.2087E+01 -1.0217E+02  4.1449E+01
0000188   1.6556E+02 -2.9398E+01 -8.0840E+01
0000189   4.6094E+02 -1.2837E+02 -1.0888E+02
0000190   2.7750E+02  7.1410E+01  3.5411E+02
0000191   4.9486E+02 -8.4073E+01  1.0354E+02
0000192   2.5022E+02  1.9899E+01  9.8260E+01
0000193   2.1879E+02  8.8215E+00 -3.1241E+02
0000194   1.5302E+02 -5.4471E+01 -1.6042E+02
0000195   2.2414E+02  4.2253E+01 -8.4711E+01
0000196   1.4465E+02  1.0994E+02 -2.3738E+02
0000197   2.5904E+02 -3.1960E+01 -5.5417E+01
0000198   5.8354E+01  2.7276E+01  6.8091E+00
0000199   1.0499E+02  6.8085E+01 -2.9481E+02
0000200   1.8275E+02  2.4256E+01 -2.5238E+02
0000201   2.9176E+02  2.5378E+02  1.5018E+02
0000202   4.6795E+02  3.6830E+00  5.2798E+01
0000203   1.6099E+02  1.1145E+02  2.7573E+02
0000204   1.0350E+02  1.4801E+02  2.4249E+02
0000206   1.3124E+02 -7.0756E+01 -1.2263E+02
0000207   1.1016E+02  5.7602E+01  9.1945E+01
0000208   1.7981E+02  4.4466E+00 -1.1483E+02
0000209   3.0715E+02 -8.9262E+01 -2.0726E+02
0000210   1.6436E+02  7.1404E+01  2.7711E+02
0000211   2.0335E+02 -4.8806E+01 -1.9206E+02
0000212   1.1037E+02  2.5414E+02  3.9996E+00
0000213   2.2982E+02 -1.5959E+02  2.9173E+02
0000214   3.9894E+02  1.8670E+02 -1.2813E+02
0000215   2.0172E+02 -7.1973E+01 -4.0946E+01
0000216   2.2225E+02 -1.7499E+02  1.3825E+01
0000217   2.8349E+02 -2.5886E+01  6.4920E+00
0000218   2.0362E+02 -5.1424E+01 -1.4596E+02
0000219   2.1853E+02  2.5392E+01  1.4210E+02
0000220   1.4396E+02  2.4992E+01  4.9274E+01
0000221   2.6140E+02 -1.7353E+02  4.1175E+00
0000222   8.4771E+01  1.9838E+02 -1.1871E+02
0000223   5.2751E+02 -3.4035E+01 -2.1992E+02
0000224   3.7246E+02 -2.8309E+01 -1.3707E+02
0000225   2.8817E+02 -8.1476E+00  8.4233E+01
0000226   7.5896E+01  3.1494E+02 -3.8177E+01
0000227   3.6767E+02  2.9938E+01 -1.5049E+02
0000228   4.0823E+02  1.8703E+02  6.8601E+01
0000229   1.8978E+02 -9.2238E+01 -1.5063E+02
0000230   2.5522E+02  2.3147E+02  4.5544E+01
0000231   2.2126E+02 -1.2275E+02  1.2340E+02
0000232   3.8722E+02 -2.5894E+02 -1.9736E+02
0000233   2.5457E+02  2.7756E+01  8.9187E+01
0000234   4.8655E+02  2.5401E+02 -1.1330E+02
0000235   1.5783E+02 -1.3457E+02 -1.5621E+02
0000236   1.7838E+02  6.7595E+01  2.0400E+02
0000237   1.9898E+02  6.1449E+01 -6.0807E+01
0000238   3.5544E+02  3.0776E+01  1.8223E+00
0000239   1.1407E+02  1.9701E+02  2.8934E+02
0000240   1.4472E+02  2.8416E+02  2.1682E+02
0000241   3.2450E+02  8.1662E+00 -1.5722E+01
0000242   7.6773E+01 -4.4504E+01 -6.1203E+00
0000243   2.4806E+02 -9.7666E+01  1.7398E+02
0000244   9.0949E+01  1.3497E+01 -1.8667E+01
0000245   3.4332E+02  8.2736E+00 -2.2052E+01
0000246   1.7757E+02  1.7068E+02 -1.2443E+02
0000247   3.1438E+02 -5.2040E-01  2.6450E+02
0000248   9.0506E+01  1.0264E+02  9.2074E+01
0000249   3.5805E+02  1.0372E+02 -3.8639E+01
0000250   2.7234E+02  1.9393E+02 -1.2834E+02
0000251   1.1341E+02  1.0324E+02  1.8791E+02
0000252   2.0535E+02  1.0452E+01 -6.2609E+01
0000253   3.8190E+02  6.3689E+01  4.7620E-01
0000254   2.5780E+02 -1.6619E+01  6.9107E+01
0000255   1.5787E+02  3.7612E+01 -2.2528E+01
0000256   2.2407E+02 -5.9667E+01  8.3157E+01
0000257   3.6676E+02 -2.1769E+02 -1.0645E+01
0000258   2.8748E+02  1.6022E+02 -7.8681E+01
0000259   1.0418E+02 -6.4409E+01  1.8545E+02
0000260   3.2853E+02  9.6875E+01 -6.0138E+01
0000261   2.1713E+02 -6.2006E+01 -2.6917E+02
0000262   2.1793E+02  6.9252E+01 -7.3121E+01
0000263   1.9034E+02 -9.2155E+00 -3.0543E+01
0000264   1.3069E+02  1.2450E+02  8.7131E+01
0000265   2.3037E+02  7.1378E+00  7.6175E+01
0000266   5.5199E+00  9.2173E+01 -2.6404E+02
0000267   1.5874E+02 -3.0095E+02 -1.0908E+01
0000268   6.8612E+01  1.1925E+02 -9.9767E+01
0000269   1.8662E+02  2.1551E+02  2.5988E+01
0000270   1.9662E+02  8.1448E+01 -7.2301E+01
0000271   1.4788E+02  1.6026E+01 -2.8865E+01
0000272   2.0339E+02  5.8301E+01  1.2566E+02
0000273   1.9083E+02  1.3904E+02  1.2076E+02
0000274   3.1351E+02 -1.4182E+02 -2.3992E+02
0000275   2.3999E+02 -1.3171E+02 -4.3255E+01
0000277   2.6898E+02 -1.3873E+02  2.5644E+02
0000278   3.2386E+02 -1.9801E+02  1.0242E+02
0000279   1.2834E+02 -1.3070E+02  9.5596E+01
0000280   1.1343E+02  4.1686E+01 -3.5097E+01
0000281   3.6588E+02  7.8251E+01  5.3426E+01
0000282   4.6766E+00  4.6752E+01  1.0333E+02
0000283   1.0805E+02  7.4085E+01  9.0392E+01
0000284   1.3876E+02  2.2443E+00 -1.4269E+02
0000285   1.8144E+02 -7.6762E+00  1.7923E+02
0000286   2.5786E+02 -7.9596E+01 -6.1568E+01
0000287   2.6679E+02 -1.0368E+02  9.5045E+01
0000288   3.4182E+02  5.6817E+01  1.0751E+02
0000289   1.2087E+02  1.3218E+01  4.6815E+01
0000290   2.7944E+02 -1.8246E+02  1.8123E+02
0000291   3.2264E+02  3.8677E+01 -1.4884E+02
0000292   1.0917E+02  8.5617E+01 -2.9989E+02
0000293   7.1114E+01  1.5023E+02  8.8261E+01
0000294   2.4719E+02  5.1872E+01 -8.4560E+01
0000295   1.3033E+02 -1.4767E+01  1.2806E+02
0000296   2.8157E+02 -9.5833E+01 -1.3882E+02
0000297   1.2283E+02 -2.8977E+01  8.8275E+01
0000298   4.5126E+02 -4.1449E+01  1.4337E+02
0000299   3.7288E+02  1.4013E+02  7.3614E+01
0000300   1.3988E+02  1.4933E+02 -1.4647E+02
0000301   1.1932E+02  2.9498E+00 -6.6525E+01
0000302   1.3261E+02 -5.6689E+01  1.4707E+02
0000303   1.4434E+02  1.0029E+02 -1.2638E+02
0000304   3.8619E+01  1.5575E+02 -2.1364E+02
0000305   2.0460E+02 -1.7428E+01  6.2118E+01
0000306   6.3364E+01  1.2460E+02  1.3437E+02
0000307   1.8369E+02  6.1470E+00 -6.1542E+01
0000308   2.2800E+02  4.2163E+01  4.7087E+01
0000309   7.8901E+01  9.7739E+01 -3.0096E+01
0000310   4.6576E+01 -1.5140E+02  1.6252E+02
0000312   1.0437E+02 -5.8328E+01 -2.1667E+02
0000313   2.1879E+02 -2.4430E+02  7.2557E+01
0000314   3.2836E+02  4.8750E+01 -7.7804E+01
0000315   2.0391E+02  1.3600E+02 -2.7456E+01
0000316   1.2147E+02 -5.7944E+01 -8.0368E+01
0000317   4.4853E+00  4.2315E+01  3.0336E+01
0000318   1.1616E+02  6.1688E+01 -2.8377E+01
0000319   2.2977E+02  2.0724E+02 -1.6007E+02
0000320   3.1500E+02  1.3910E+02  6.1051E+01
0000321   9.4151E+01 -6.8649E+01 -6.2725E+01
0000322   7.5249E+01  1.0704E+02 -1.4205E+02
0000323   1.8132E+02  3.1687E+01 -2.6909E+01
0000324   4.5647E+02  7.4800E+01 -1.3449E+02
0000325   1.4893E+02  6.8049E+01 -1.2988E+02
0000326   1.6836E+02 -5.5921E+01 -1.6053E+02
0000327   6.7918E+01 -6.3579E+00 -3.6443E+01
0000328   2.2967E+02  7.0159E+00  6.4465E+01
0000329   5.2837E+01  5.3379E+01  1.2989E+02
0000330   4.0180E+01 -1.2606E+02 -1.2971E+02
0000331   3.5126E+02  4.3810E+01  1.1086E+01
0000332   2.3027E+02 -6.1647E+01  3.4500E+01
0000333   2.3000E+02 -1.1490E+02 -2.9486E+01
0000334   1.3513E+02 -4.3289E+01  2.0392E+02
0000335   2.6674E+02 -1.4217E+02 -1.0663E+02
0000336   2.6316E+02  1.2547E+02  2.8569E+01
0000337   1.7328E+02 -1.1773E+01  1.9588E+02
0000338   2.4194E+02  1.3327E+02 -4.9839E+01
0000339   3.2380E+02 -1.7815E+02  6.1568E+01
0000340   2.7600E+02 -9.6205E+01  1.1338E+02
0000341   1.7712E+02 -1.2335E+02  1.7277E+02
0000343   4.2645E+02  1.4110E+02 -1.7446E+02
0000344   1.0957E+02  4.4765E+01  4.4149E+01
0000345   2.6762E+02  1.2227E+02  7.1399E+00
0000346   2.5116E+02 -1.9513E+01 -1.5448E+02
0000347   1.7195E+02 -1.6832E+02  1.6198E+02
0000348   1.3673E+02  2.5892E+02 -3.7170E+01
0000349   4.2569E+01 -1.1327E+02 -1.4994E+02
0000350   2.0576E+02  6.0994E+01  4.8526E+01
0000351   1.9539E+02  1.4589E+00 -9.7251E+01
0000352   3.6311E+02  2.1624E+00 -3.7139E+01
0000353   2.7054E+02 -3.7247E+02  2.4666E+02
0000354   5.2780E+02  1.5090E+02  2.7670E+02
0000355   2.8354E+02  8.3580E+01 -4.0193E+01
0000356   1.3684E+02 -2.4543E+01  1.9637E+02
0000357   1.0117E+02  2.9159E+01 -1.2569E+02
0000358   2.8249E+02  5.2289E+01  6.2802E+01
0000359   3.1529E+02 -1.7210E+02  4.9556E+01
0000360   6.4177E+01 -1.2808E+02  1.1370E+02
0000362   2.5722E+02 -1.4925E+02  1.9925E+01
0000363   3.7409E+02  2.5761E+02 -8.8174E+01
0000364   1.5409E+02 -2.2472E+01 -6.4443E+01
0000365   9.9856E+01 -1.1225E+02 -9.6251E+00
0000366   2.4155E+02  5.4728E+01  8.1764E+01
0000367   2.4284E+02 -1.2570E+02 -7.8489E+01
0000368   2.8293E+02 -1.9277E+01 -9.5704E-01
0000369   2.3293E+02 -1.0990E+02 -9.6664E+01
0000370   1.0586E+02 -1.5894E+02  1.6019E+01
0000371   1.0441E+02  1.8825E+02  2.2898E+02
0000372   1.3388E+02  2.0221E+02 -5.5115E+01
0000373   4.5380E+02 -1.2313E+01  7.3268E+01
0000374   9.8563E+01  7.5145E+01  7.6181E+01
0000375   1.4329E+02  1.6845E+02 -9.9644E+01
0000376   3.6520E+01 -9.7487E+01  8.2498E+01
0000377   2.0154E+02 -4.4760E+01 -7.8045E+01
0000379   2.1431E+02  7.3275E+01  9.3866E+01
0000380   3.9985E+02 -7.7220E+01 -2.1719E+01
0000381   6.3975E+01  1.0757E+02  1.1355E+02
0000382   1.8883E+02  5.7905E+01  6.2435E+01
0000383   3.8094E+02 -1.6989E+02  3.5119E+01
0000385   2.1052E+02  5.7786E+01 -1.3585E+01
0000386   2.5854E+02  1.7189E+02 -1.2732E+02
0000387   1.3699E+02 -9.1851E+01  3.5969E+01
0000388   2.3726E+02 -2.9416E+02 -5.4529E+00
0000389   5.3597E+01 -2.3459E+02  1.3417E+01
0000390   2.6733E+02 -2.1524E+02  5.9492E+01
0000391   1.6128E+02 -9.6406E+01  2.9897E+02
0000392   3.4466E+02 -1.7842E+02  1.5386E+02
0000393   2.5915E+02 -1.2708E+02  1.2726E+02
0000394   2.8439E+02  7.0896E+01 -9.7053E+01
0000395   1.9142E+02 -1.3608E+02  2.5225E+02
0000396   2.1976E+01 -5.3530E+01 -5.8973E+01
0000397   1.9733E+02  1.2293E+01 -7.1691E+01
0000398   1.1173E+02 -1.2246E+01 -4.2678E+01
0000399   4.1141E+02 -2.6289E+01  2.4849E+01
0000400   2.4758E+01  3.4155E+01 -6.2568E+01
0000401   8.4718E+01 -9.3903E+01  1.7181E+02
0000402   2.2490E+02 -1.1899E+02  6.1484E+01
0000403   3.0786E+01  4.3873E+01 -6.9807E+01
0000404   2.1814E+02 -6.1738E+01  4.1791E+01
0000405   2.7494E+02 -4.8496E+01  2.2305E+01
0000406   8.4862E+01 -4.8220E+01  3.6420E+01
0000407   2.2444E+02 -1.1712E+02 -9.3054E+01
0000408   1.0740E+02 -1.1800E+00  1.3082E+02
0000409   1.1291E+02 -6.8739E+01 -1.1895E+02
0000410   1.8106E+01 -9.9129E+01 -4.0138E+01
0000411   2.3474E+02  8.9523E+01 -3.9466E+01
0000413   2.5478E+02 -9.2485E-01 -4.4910E+01
0000414   1.4549E+02  1.6255E+02 -7.2328E+01
0000415   1.9032E+02 -9.0284E+01  4.5395E+01
0000416   9.0604E+01  8.7616E+00  1.2541E+02
0000417   8.2561E+01 -2.7273E+01 -3.5418E+01
0000418   8.8952E+01  1.5873E+01 -3.4143E+02
0000419   1.6882E+02 -1.7008E+01  1.0936E+02
0000420   4.7014E+01 -4.6263E+01 -4.8644E+01
0000421   1.6288E+02  7.1694E+01  1.1117E+02
0000422   6.3346E+01  1.3926E+02  5.1116E+01
0000423   1.3386E+02  4.1279E+01 -7.5033E+00
0000424   2.5115E+02  1.0436E+02  8.1007E+01
0000425   3.1882E+01 -7.7268E+01 -8.6027E+01
0000426   1.7854E+02 -1.6043E+02  1.5730E+02
0000427   1.7685E+02 -5.9618E+01 -1.0221E+02
0000428   2.6857E+02  6.1257E+00 -1.4236E+02
0000430   5.0358E+02 -2.9650E+00  2.2160E+02
0000431   4.3769E+02  4.9094E+01  5.4913E+01
0000432   4.2190E+02  3.0649E+01  1.5905E+01
0000433   3.4767E+02  1.2760E+02 -5.6323E+00
0000434   3.0902E+02  3.2991E+01 -1.4420E+02
0000436   1.1008E+02  8.8486E+01  2.7254E+01
0000437   1.1847E+02  2.6210E+01 -2.3245E+01
0000438   1.1012E+02  1.1159E+00 -9.9299E+01
0000439   1.9325E+02 -1.4866E+02  1.2597E+02
0000440   6.5965E+01 -4.0100E+01  1.2175E+01
0000441   2.9678E+02  1.1681E+02 -1.0594E+02
0000442   2.3410E+02  2.7878E+02 -8.9269E+01
0000443   7.2407E+01  1.2375E+02 -6.1780E+01
0000444   1.1995E+02  1.2166E+02  2.9975E+02
0000446   2.3826E+02 -5.0059E+00 -2.1745E+01
0000447   3.9414E+02  6.2957E+00 -6.6933E+00
0000448   2.6522E+02 -3.6360E+01 -5.7790E+01
0000449   2.9271E+02 -1.2132E+02  1.7046E+02
0000450   2.4544E+02 -1.5549E+02 -9.6980E+01
0000451   2.6343E+02 -3.3289E+00 -4.9156E+01
0000452   1.2308E+02  1.5917E+01 -2.2949E+02
0000453   3.7184E+02 -2.8941E+01  1.8885E+02
0000454   6.0254E+01 -4.6853E+01  9.5835E+01
0000455   8.7734E+01 -2.7592E+01  1.3804E+02
0000456   9.0997E+01  5.1548E+01  4.0320E+01
0000457   1.2431E+02  1.3332E+02 -8.5750E+01
0000458   3.9196E+02  5.6385E+01  3.8540E+01
0000459   1.3781E+02 -2.3608E+01  9.0137E+01
0000460   1.9243E+02 -1.9459E+02 -1.1941E+02
0000461   2.1573E+02  4.4188E+01  5.9810E+01
0000462   1.2779E+02 -1.6212E+02 -2.3320E+01
0000463   1.1666E+02  2.7764E+01  5.2657E+01
0000464   6.0909E+01  9.7439E+01  3.2554E+01
0000465   2.7570E+02 -5.7127E+01 -6.8450E+01
0000466   2.8450E+02 -7.3583E+00  3.5564E+01
0000467   2.1275E+02  1.0789E+01  1.5606E+02
0000468   3.9426E+02  4.3160E+01  5.4535E+01
0000469   2.0492E+02  1.1148E+02  7.3477E+01
0000470   1.6922E+02 -5.9765E+01 -1.0864E+02
0000471   1.1911E+02  1.0092E+02 -4.9041E+01
0000473   7.4125E+01  1.5789E+02 -6.6877E+01
0000474   8.8378E+01  1.1914E+02 -1.7548E+02
0000475   1.9249E+02 -4.7582E+01 -2.7096E+02
0000476   3.2037E+02 -1.5800E+01  1.1839E+02
0000477   2.8525E+02  1.8062E+02 -4.4793E+01
0000478   2.0760E+02 -3.3982E+01 -1.9315E+01
0000479   2.6285E+02  2.5425E+02 -1.6828E+02
0000480   2.6348E+02 -8.1123E+01  5.5536E+01
0000481   2.8572E+02  2.0551E+02 -1.6948E+01
0000482   1.7924E+01 -4.0468E+01  6.1908E+01
0000483   3.6653E+02  8.8895E+01  9.4283E+01
0000484   3.3295E+02  9.5620E+01  6.5819E+01
0000485   7.6232E+01  1.2563E+01 -9.8582E+01
0000486   4.1129E+01 -3.3009E+01 -5.7795E+01
0000487   3.9927E+02 -3.6380E+01  8.6163E+01
0000488   1.9350E+02 -2.4112E+02 -2.5472E+02
0000489   3.2462E+02 -1.1461E+02 -9.7629E+00
0000490   1.6877E+02  3.5808E+01  5.3154E+01
0000492   2.6002E+02 -2.8979E+01  4.4574E+01
0000493   1.1070E+00  1.2310E+02  4.8926E+01
0000494   4.1662E+02 -5.2694E+01  1.2356E+02
0000495   2.2365E+02  7.8991E+01 -3.9882E+01
0000496   2.9572E+02 -2.8678E+01  1.2299E+02
0000497   2.4829E+02  9.2006E+01 -3.5710E+02
0000498   1.4923E+02 -3.7718E+01 -1.0386E+02
0000499   1.5902E+02  2.6518E+01 -1.5002E+02
0000500   3.6285E+02  9.1546E+01  2.0794E+01
0000501   5.0525E+01 -7.9009E+01 -6.8040E+01
0000502   8.9648E+01 -1.6812E+01 -1.0061E+01
0000503   2.2431E+01 -9.1290E+01  6.9158E+01
0000504   3.2974E+02 -2.4204E+02 -2.9521E+02
0000505   1.1504E+02  1.7129E+02 -1.3133E+02
0000506   1.6348E+02 -1.7432E+02 -7.3943E+01
0000507   9.0683E+01  3.5812E+01 -5.9547E+01
0000509   4.5993E+01  1.3991E+01 -1.3613E+02
0000510   2.5763E+02 -9.6751E+01  2.4724E+01
0000511   3.8308E+02 -1.0493E+02 -9.4053E+01
0000512   7.5759E+01  1.9291E+02  1.3717E+02
0000513   2.6394E+01  1.1318E+02  2.5650E-01
0000514   7.8241E+01 -6.6718E+01 -2.7647E+01
0000516   1.7303E+02  1.5757E+02 -4.6192E+01
0000517   2.3545E+02 -8.8500E+01  2.1591E+02
0000518   1.9618E+02  4.8040E+01  5.9533E+01
0000519   3.1241E+02  2.0542E+02 -2.9996E+01
0000520   2.9245E+02  1.8264E+01 -1.7787E+02
0000522   3.0825E+02  3.0491E+01  1.2668E+01
0000523   5.8300E+01 -6.1120E+01 -5.9755E+01
0000524   8.7213E+01 -1.1075E+02 -2.0980E+02
0000525   3.2457E+02  2.9118E+02 -1.1670E+02
0000526   2.1745E+02  3.3813E+01  3.4858E+01
0000527   8.8780E+01  2.8458E+02  6.2711E+01
0000528   1.7432E+02 -2.1852E+02 -1.9417E+02
0000529   2.4907E+02  2.2583E+01 -8.1149E+01
0000530   4.1435E+02  1.7241E+02 -5.4521E+01
0000531   8.8665E+01  4.1996E+01 -1.9994E+01
0000532   2.2629E+01 -4.0551E+01 -2.7532E+01
0000533   2.1011E+02 -1.3176E+02  2.3883E+01
0000535   5.4396E+01  7.6048E+01 -4.5356E+01
0000537   2.2932E+02 -3.7514E+02 -2.6782E+01
0000538   3.2512E+02 -3.3214E+01  8.1240E+01
0000539   3.9420E+01 -2.5037E+02  6.1934E+01
0000541   4.3793E+01 -1.9661E+02  3.5338E+01
0000542   1.1128E+02 -5.2665E+01 -9.1547E+00
0000543   3.5176E+02  7.5413E+01  2.1448E+02
0000544   1.5054E+02 -2.9743E+01  2.7585E+01
0000545   2.8081E+02 -1.0107E+02 -3.0859E+01
0000546   1.8102E+02  9.9548E+01  4.3787E+01
0000547   2.1165E+02 -3.0879E+02  7.5315E+01
0000548   3.1751E+02  1.2098E+02  2.0495E+02
0000549   2.0074E+02  1.3178E+01  8.8344E+01
0000550   2.7202E+02  1.8932E+01  1.2667E+02
0000551   2.4486E+02 -1.0445E+02  7.1038E+01
0000552   1.6008E+02  1.2269E+02  2.8518E+01
0000553   2.6585E+02 -8.8530E+01  4.4858E+00
0000554   1.4291E+02 -3.4307E+02 -4.7561E+01
0000555   1.8770E+02 -6.7611E+01 -2.3248E+02
0000557   2.3298E+02 -2.0185E+02  2.9602E+02
0000558   4.5370E+02  5.3776E+01  8.4257E+01
0000559   6.1416E+00  1.4094E+02 -8.4481E+01
0000560   1.0847E+02 -9.4358E+01  7.9775E+01
0000561   2.1070E+02 -1.1881E+00 -8.7138E+01
0000562   1.7432E+02  5.1348E+01  5.4072E+01
0000563   9.9315E+01 -6.6627E+01 -6.4745E+01
0000564   4.0120E+02  1.0378E+02 -2.1220E+02
0000565   1.1573E+02  1.5561E+02  8.2093E+01
0000566   4.5923E+02  1.8692E+02 -1.1781E+02
0000567   1.4526E+02 -9.1465E+01  1.1107E+02
0000568   3.4925E+02  1.5531E+01  6.4011E+01
0000569   2.4614E+02 -1.1775E+01 -5.7386E+01
0000570   3.0178E+02  1.5844E+02  1.8543E+02
0000571   1.3556E+02  6.8045E+01 -4.1440E+01
0000572   9.3013E+01 -8.3066E+01  3.3108E+01
0000573   5.3868E+01 -1.6740E+02 -1.0705E+02
0000574   1.1067E+02 -1.1114E+02  1.1672E+02
0000575   2.2474E+02  5.1584E+01  1.2959E+01
0000576   1.8261E+02  1.4318E+01  5.9317E+01
0000577   2.0703E+02  1.1731E+02  3.4687E+01
0000578   3.8557E+02  2.7810E+01  1.4097E+02
0000579   2.4107E+02 -9.0943E+01  1.5027E+01
0000580   1.1051E+02 -4.7813E+01  2.7908E+01
0000581   5.0103E+01  7.7729E+01 -6.3115E+01
0000582   3.0372E+02  5.6898E+01 -5.6747E+01
0000583   9.1793E+01 -1.9899E+02  1.3042E+02
0000584   3.0016E+02 -3.0511E+01  2.4146E+02
0000585   1.7928E+02  1.8877E+00  9.2831E+01
0000586   3.2604E+02  8.6185E+01  2.4460E+02
0000587   1.7410E+02 -5.9536E+01 -1.1210E+02
0000588   9.4141E+01  2.1221E+02 -1.3047E+01
0000589   1.5269E+01 -2.7243E+01 -1.4091E+02
0000590   1.9266E+02  5.1159E+02  1.3780E+02
0000591   1.2835E+02 -1.5101E+02  9.2813E+01
0000592   2.5916E+02  5.3999E+01 -1.5425E+02
0000593   1.6164E+02 -3.8116E+01  9.8451E+01
0000594   2.2955E+02  1.2283E+02 -9.9463E+01
0000595   2.5124E+02 -9.1674E+01 -2.1631E+02
0000596   2.1392E+02 -2.9577E-01 -1.9738E+01
0000597   3.8332E+02  2.5243E+01  1.3921E+02
0000598   1.9291E+02  1.0375E+02  4.9680E+01
0000599   4.4979E+02  1.5736E+02  1.1901E+01
0000600   8.6608E+01 -2.3950E+01 -1.3487E+02
0000601   2.4017E+01  4.3910E+01 -3.7906E+01
0000602   2.1359E+02  1.0034E+02  3.1590E+01
0000603   2.9375E+01  2.2333E+02  9.7557E+00
0000604   2.7438E+02 -1.6532E+02 -2.7845E+01
0000605   2.3509E+02 -2.3948E+01  1.1271E+02
0000606   2.2121E+02 -1.5488E+02  9.9871E+01
0000607   4.0345E+02  1.9205E+02  2.9377E+02
0000608   1.1183E+02 -1.9366E+01 -1.7807E+02
0000609   2.3125E+02  1.5683E+01  7.9989E+01
0000610   5.1737E+02  3.9498E+01 -6.3432E+01
0000612   2.9373E+02 -1.3063E+02  3.6048E+01
0000613   8.5123E+01  5.6011E+01 -1.6293E+02
0000614   1.4249E+02  5.1957E+01  8.4090E+01
0000615   1.9957E+02  1.4208E+02 -2.6431E+01
0000616   2.4744E+02  1.1131E+01  7.0876E+01
0000617   2.2857E+02  4.3336E+01 -7.6255E+01
0000618   2.3472E+02  9.5764E+01  5.7334E+01
0000619   2.5143E+02  1.4262E+02  1.1510E+02
0000620   4.3096E+01 -4.3292E+01  5.9647E+01
0000621   1.5103E+02  1.4295E+00 -3.6742E+01
0000622   8.3232E+01 -7.4674E+01 -3.3476E+01
0000623   6.4375E+01 -4.9608E+00  1.7104E+02
0000624   1.5762E+02  3.2893E+02 -8.2754E+01
0000625   4.0697E+02  1.8471E+02 -1.4684E+02
0000626   2.7301E+02  1.3011E+02 -1.3067E+02
0000627   1.9925E+01  1.7584E+02 -6.3836E+00
0000628   2.0319E+02 -7.2991E+01  1.1416E+02
0000629   8.2980E+00 -2.4171E+02 -9.3492E+01
0000630   3.0561E+02 -3.3551E+01  3.2039E+02
0000631   1.6458E+02 -9.0342E+01  6.0981E+01
0000632   1.8011E+02 -8.3773E+01 -1.5958E+02
0000633   2.6626E+02 -2.2633E+01  5.2858E+01
0000634   8.4816E+01  6.6412E+01 -8.1079E+01
0000635   2.7725E+02 -6.0237E+01 -1.8743E+01
0000636   2.5751E+02  2.2497E+02 -1.2868E+02
0000637   1.2684E+02  1.5773E+02  1.8643E+01
0000638   5.1259E+00  4.7982E+01  1.0466E+02
0000639   2.7359E+02 -3.8062E+01  1.9519E+02
0000640   3.2016E+02 -3.5749E+01 -7.8255E+01
0000641   9.1381E+01 -2.2928E+01 -8.3777E+00
0000642   1.7553E+02 -1.5665E+02 -2.7168E+02
0000643   4.9392E+02 -7.4278E+00 -7.2087E+01
0000644   2.1314E+02  1.4834E+02  2.9606E+01
0000645   1.5416E+02 -2.3475E+02  1.2100E+01
0000646   8.0773E+01 -1.7039E+02 -1.3604E+02
0000647   4.4654E+01  1.7570E+02 -3.4042E+01
0000648   3.0104E+02  2.1256E+02  1.0238E+02
0000649   2.3343E+02  3.1491E+01  4.2645E+01
0000650   1.9230E+02 -7.8209E+00 -2.9207E+01
0000651   2.8583E+02 -9.3902E+01  6.8139E+00
0000652   1.3370E+02 -2.4806E+01 -1.3761E+02
0000653   3.0514E+02 -3.0206E+00  2.6182E+01
0000654   4.5841E+02  1.4649E+02  1.1065E+02
0000655   2.8060E+02  5.1731E+01  2.3354E+02
0000656   1.5478E+02  2.5792E+02  1.1014E+02
0000657   2.1297E+02  8.3271E+01 -9.1281E+01
0000658   2.6549E+02  2.5773E+02 -1.6996E+02
0000659   1.7419E+02  6.5728E+00 -1.8131E+02
0000660   1.2957E+02 -3.1649E+01  3.6275E+01
0000661   3.2260E+02 -7.0818E+01 -3.6015E+01
0000662   1.6180E+02 -3.6991E+01 -1.7898E+02
0000663   5.9949E+01  1.5063E+02  3.4963E+01
0000664   7.0435E+01  1.0448E+02 -2.1798E+02
0000665   1.9051E+02  2.5364E+02 -2.1871E+01
0000666   1.2235E+02 -2.4318E+01 -1.4626E+02
0000667   8.4172E+01  1.2742E+02 -2.1075E+02
0000668   2.1974E+02  1.1206E+02  1.0955E+02
0000669   9.5002E+01  1.2938E+02  6.0723E+00
0000670   3.9494E+02 -1.5429E+02  2.9004E+00
0000671   1.8714E+02 -2.3136E+01 -4.1822E+01
0000672   1.4282E+02 -4.9375E+01 -2.2438E+00
0000673   1.9335E+02  6.4890E+01 -8.6197E+00
0000674   4.4388E+02 -1.4792E+02 -1.8363E+02
0000675   1.2088E+02 -8.5295E+01 -1.4938E+02
0000676   3.2218E+02 -2.3339E+02  1.5586E+02
0000677   3.9461E+02 -1.5308E+02  1.5921E+00
0000678   3.4527E+02  8.2226E+00 -8.3789E+01
0000679   1.5471E+02 -3.0778E+02 -4.2363E+01
0000680   2.6606E+02 -5.6250E+01 -2.0925E+02
0000681   8.9266E+01  2.0172E+02 -6.3664E+01
0000682   2.3679E+02  9.9457E+01 -7.1228E+01
0000683   3.0476E+02 -1.2049E+02 -1.0091E+01
0000684   1.4358E+02 -1.8599E+00 -9.0663E+01
0000685   4.1552E+02  1.0969E+02  1.7870E+02
0000686   6.6243E+01 -7.0037E+01  1.7115E+02
0000687   1.2663E+02  2.3961E+02 -3.7096E+01
0000688   1.8752E+02  1.4668E+02 -1.3620E+02
0000689   3.6174E+02  3.7145E+02  2.7372E+02
0000690   2.8451E+02 -8.7568E+01 -2.4851E+01
0000691   2.2245E+02 -1.8133E+02  1.0956E+02
0000692   3.3610E+02 -9.8271E+01  6.1828E+01
0000693   1.6494E+02 -8.4442E+01 -1.9132E+02
0000694   1.2904E+02  6.3681E+01  9.4239E+01
0000695   3.3546E+02  1.8965E+01  6.2379E+01
0000696   3.0072E+02 -1.7776E+02 -2.5675E+02
0000697   5.1075E+02  9.5575E+01 -7.9776E+01
0000698   1.3047E+02 -3.5279E+00 -6.3024E+01
0000699   3.0477E+02  2.0317E+01  2.8463E+01
0000700   1.8590E+02  1.5411E+02 -5.7001E-01
0000701   1.7320E+02 -6.1151E+01  5.7336E+01
0000702   1.8016E+01  7.0050E+01  9.1134E+01
0000703   4.5774E+02 -1.0266E+02 -1.7443E+02
0000704   1.5484E+02 -6.0472E+01 -3.0147E+01
0000705   1.3629E+02 -1.8047E+02  6.5497E+01
0000707   7.1973E+01  1.5758E+02 -3.1092E+01
0000708   1.1040E+02  9.3408E+01  2.4769E+01
0000709   3.4839E+02 -5.5862E+01  3.9842E+01
0000710   3.3765E+02 -1.4638E+02  1.6305E+02
0000711   3.6864E+02  2.3853E+02 -1.7817E+02
0000712   2.9328E+02  1.7283E+02  2.1961E+01
0000713   2.4512E+02 -1.4810E+02  7.4167E+01
0000714   3.4298E+02 -1.9174E+01 -9.6405E+01
0000715   3.3655E+02 -1.1998E+01  2.3802E+01
0000716   3.8516E+02  1.3975E+01  8.2810E+01
0000717   2.7289E+02  5.5785E+01  2.2822E+01
0000718   3.5748E+02 -8.5859E+01  1.5333E+02
0000719   2.0179E+02 -1.0622E+02 -9.0074E+01
0000720   3.5385E+02 -4.8400E+01 -2.0329E+02
0000721   3.2440E+02 -1.1185E+02  5.0664E+00
0000722   2.1550E+02  1.9649E+02 -2.5810E+02
0000723   2.6599E+02 -1.5084E+02  5.3004E+01
0000724   1.9562E+02  1.8291E+02  3.0944E+02
0000726   3.7423E+02  1.1374E+02  2.0646E+02
0000727   1.0406E+02  9.3247E+01  1.0604E+02
0000728   2.6665E+02 -1.0982E+02 -2.8085E+01
0000729   9.6220E+01 -2.4807E+02 -2.1607E+02
0000730   2.5108E+02 -1.1527E+02  3.8833E+01
0000731   9.6113E+01  7.0427E+01 -5.7292E+01
0000732   2.3980E+02  1.3576E+02 -2.6837E+01
0000733   3.3504E+02 -2.1978E+01  1.6473E+02
0000734   4.1247E+02  1.5027E+02 -6.4648E+01
0000735   2.5015E+02  1.0355E+02  1.2261E+01
0000736   2.0611E+01 -2.3792E+02 -3.4610E+01
0000737   4.2221E+01 -1.3530E+01  1.5205E+02
0000738   1.4382E+02  7.0723E+00  9.0568E+01
0000739   5.6860E+01 -1.0806E+02  1.7999E+02
0000740   1.0615E+02  2.5926E+02 -9.1667E+01
0000741   7.8751E+01 -6.7818E+00  9.5394E+01
0000742   1.3458E+02 -2.3493E+02 -3.9604E+01
0000743   9.9666E+01 -2.5678E+02  1.2449E+02
0000744   2.8198E+00 -1.3419E+02 -5.6754E+01
0000745   2.5002E+02  4.2453E+01  2.6973E+02
0000747   1.3571E+02  6.6665E+01  1.0372E+01
0000748   8.7708E+01  4.7250E+01 -5.4052E+01
0000749   1.0805E+02  5.9851E+01 -7.7994E+01
0000750   1.8585E+02 -5.8690E+01  3.5008E+01
0000751   2.6964E+02 -2.7186E+02 -7.8235E+01
0000752   1.9113E+01  1.1079E+02  1.9939E+02
0000754   7.8740E+01 -1.8616E+02 -8.7101E+01
0000755   4.3349E+02  3.4279E+00  2.3488E+02
0000756   5.4447E+02 -2.0987E+02  2.6305E+01
0000757   1.1593E+02 -5.5146E+01  5.4315E+01
0000758   2.7313E+01  3.4339E+01  3.4939E+01
0000759   8.3649E+01 -1.5874E+02  1.1179E+01
0000760   3.1185E+02 -1.0477E+02 -1.9143E+02
0000761   1.4446E+02 -1.1070E+01 -4.2181E+01
0000762   2.8040E+02  5.7430E+01  3.9224E+00
0000763   1.8017E+02  1.4148E+02 -3.4446E+01
0000764   5.9713E+01  4.9493E+01  1.3774E+02
0000765   3.7781E+02  1.1911E+02  7.5529E+01
0000766   6.3960E+01  1.9845E+02 -3.7827E+01
0000767   1.8490E+02  1.9421E+02  6.0651E+01
0000768   1.3027E+02  6.1459E+01  4.7302E+01
0000769   1.9896E+02  2.0150E+02 -1.8409E+01
0000770   4.4353E+02 -3.1032E+02 -1.0670E+02
0000771   3.0477E+02 -2.3668E+02  2.0005E+02
0000772   1.5003E+01 -5.4527E+01  4.8340E+01
0000773   2.0861E+02  9.8645E+01 -8.5908E+01
0000774   2.4599E+02 -1.5093E+01 -1.0100E+02
0000775   1.3023E+02 -5.8782E+01 -9.7204E+01
0000776   1.5584E+02  7.7049E+01  3.0211E+01
0000777   2.2061E+02 -1.1376E+01  1.1067E+02
0000778   2.4680E+02 -1.6049E+02  8.7164E+01
0000779   4.1953E+02  2.0582E+02 -1.6204E+02
0000780   2.8921E+02 -9.0572E-02 -2.2428E+02
0000781   1.2051E+02 -9.3903E+01  1.4638E+02
0000782   1.4602E+02  7.3915E+01 -9.3897E+01
0000784   1.3389E+02 -2.5911E+01  3.6878E+01
0000785   3.3314E+02 -2.4685E+02 -1.0236E+02
0000786   3.4842E+02  1.3573E+01 -6.6240E+01
0000787   4.7072E+01  1.0357E+02  1.8608E+02
0000788   2.0197E+02 -1.0574E+02 -3.6936E+02
0000789   2.6184E+02  7.6235E+01 -8.2464E+01
0000790   4.7078E+02 -1.4833E+01 -1.6698E+02
0000791   3.1631E+02  1.5295E+02 -1.9254E+01
0000792   2.4894E+02  1.9730E+02  3.1385E+02
0000793   1.6486E+02  1.3987E+02  1.0648E+02
0000794   2.4414E+02  1.5989E+02 -3.7291E+01
0000795   3.6709E+02  7.9214E+01  1.5312E+02
0000796   9.2903E+01  5.5745E+01 -9.3456E+01
0000797   1.1319E+01  5.2938E+01 -6.2186E+01
0000798   1.2038E+02  1.9931E+02 -2.7877E+01
0000799   4.1604E+02  1.0502E+02  7.0639E+01
0000800   6.1119E+01  1.6051E+02 -5.8518E+01
0000801   2.6495E+02 -1.4355E+00 -9.2677E+01
0000802   2.0468E+02 -6.1460E+01 -1.6346E+01
0000803   9.5714E+01  1.9882E+01 -1.2457E+02
0000804   2.9480E+02  1.3511E+02 -1.1773E+01
0000805   4.3370E+02 -7.3038E+01 -1.9094E+02
0000806   1.7318E+02 -1.6398E+02  3.0843E+01
0000807   1.5129E+02  2.7133E+01 -3.1287E+01
0000808   1.3326E+02  2.2223E+01  1.1155E+02
0000809   2.0838E+02 -1.0943E+02  2.4134E+02
0000810   8.1477E+01 -1.8856E+02 -7.0890E+00
0000811   1.1694E+01 -3.1537E+01 -1.1102E+02
0000812   2.3403E+02 -3.7542E+01 -3.1417E+01
0000814   5.7270E+01  6.1736E+00  8.7364E+01
0000815   1.3329E+02 -4.2611E+01  4.8690E+01
0000816   1.7283E+02  7.9165E+01  1.7643E+02
0000817   1.7094E+02 -2.2145E+02 -1.7899E+01
0000818   6.8904E+01 -1.7448E+02 -1.8090E+02
0000819   6.8513E+01  1.0174E+01  3.7558E+01
0000820   5.7345E+02 -5.0542E+01 -1.2125E+02
0000821   4.4943E+01 -5.6035E+00  1.2243E+02
0000822   2.5014E+02 -4.7846E+01  4.2064E+01
0000823   1.3566E+02 -9.7519E+01 -1.4875E+02
0000824   1.2928E+02  6.9731E+01  4.9842E+01
0000826   1.8790E+02  1.8426E+01  1.3184E+01
0000827   4.2538E+02 -1.9098E+02 -8.3488E+01
0000828   2.8660E+02 -1.9094E+02  7.1529E+00
0000829   1.3217E+02 -8.4400E-01 -2.0115E+02
0000830   1.4384E+00  7.6405E+01 -1.0839E+02
0000831   1.4635E+02  9.4679E+01 -1.1639E+02
0000832   2.1554E+02  4.2910E+01 -8.1239E+01
0000833   1.2387E+02  2.5078E+02  2.0288E+02
0000834   2.1875E+02 -2.8521E+02  2.6584E+02
0000835   5.7418E+02 -1.3601E+01 -1.5024E+02
0000836   2.3758E+02 -9.3252E+01  1.0299E+02
0000837   2.0675E+02  5.2623E+01  2.9355E+01
0000838   2.2457E+02 -1.4311E+02  5.3125E+01
0000839   2.0672E+02 -1.9881E+02  2.8015E+01
0000840   3.9528E+01  2.6426E+02  1.1556E+02
0000841   1.9089E+02 -3.7732E+00 -7.3273E+01
0000842   3.2151E+02 -1.7154E+01 -1.7320E+01
0000843   4.5152E+02 -1.5939E+02 -1.4630E+02
0000844   2.1451E+02  1.1177E+02  2.4502E+01
0000845   2.6663E+02  7.9938E+01 -1.8087E+02
0000846   1.5641E+02 -4.0378E+01  2.1133E+02
0000847   2.0462E+02 -1.6878E+02 -1.1025E+00
0000848   1.7314E+02 -9.5822E+00  8.7838E+01
0000849   2.7298E+02  4.3033E+01 -7.9900E+01
0000850   1.8001E+02 -1.7765E+02  1.5444E+01
0000851   3.5277E+02  6.2750E+01  7.5992E+01
0000852   5.7341E+01  7.8847E+01  1.3547E+02
0000853   5.4019E+01  5.3657E+01 -1.9169E+01
0000854   5.2022E+01 -1.3265E+02  4.2470E+01
0000855   1.4610E+02 -9.5902E+01  5.3469E+01
0000856   7.1898E+01  1.1962E+02  7.7480E+01
0000857   1.5670E+02 -3.5480E+01 -1.3434E+01
0000859   2.4335E+02 -4.5143E+01 -5.8514E+01
0000860   2.7135E+02  3.1046E+01  5.3045E+01
0000862   4.3178E+01 -4.4142E+01 -1.7826E+02
0000863   1.7178E+02  6.0312E+01  8.4975E+00
0000864   1.3897E+02  9.0491E+00 -2.5509E+01
0000865   6.6758E+01 -8.2149E+01  2.5922E+01
0000866   2.4516E+02 -1.0804E+02  9.1503E+01
0000867   3.7866E+02 -1.1968E+02 -1.0671E+02
0000868   3.0824E+02 -5.0498E+01 -9.8989E+01
0000869   2.0260E+02  1.0839E+02  1.2237E+02
0000870   3.0262E+02 -2.7075E+02  1.2053E+02
0000871   2.1232E+02 -1.9705E+02 -2.1689E+02
0000872   8.1966E+01 -2.6745E+01  9.9519E+01
0000873   7.5827E+01  1.1975E+02 -7.7552E+01
0000874   9.7795E+01 -2.8116E-01 -9.0441E+01
0000875   2.8236E+02  1.0302E+01 -8.0970E+01
0000876   1.2928E+02  2.2090E+00 -1.9869E+02
0000877   1.5909E+02  9.7468E+01 -6.8466E+01
0000878   1.7588E+02  5.1381E+01 -5.9272E+01
0000879   1.2829E+02  2.7278E+01  3.5086E+01
0000880   1.1245E+02 -1.4700E+01  1.4571E+02
0000881   4.8916E+01  2.8358E+01  2.5274E+02
0000882   1.5026E+02 -1.5689E+02  1.2507E+02
0000883   1.1877E+02  1.4853E+01 -1.3047E+02
0000884   3.0342E+01 -1.8047E+01 -2.3989E+01
0000885   1.3124E+02  3.5329E+01 -8.5120E+01
0000886   1.5850E+02  3.0608E+02 -1.5968E+02
0000887   2.3270E+01  4.9585E+01  2.1677E+01
0000888   1.8020E+02 -1.9078E+00  4.4680E+01
0000889   3.5426E+02  4.6993E+01 -6.9220E+01
0000890   2.4730E+02 -1.2703E+02  6.5420E+01
0000892   3.0123E+02 -3.9882E+01 -3.3775E+01
0000893   1.8579E+02  1.6997E+00  1.6984E+02
0000894   2.4914E+02  2.6364E+01 -2.0143E+02
0000895   1.6729E+02 -2.0874E+01 -3.4299E+01
0000896   7.4738E+01 -1.1615E+02  6.0917E+01
0000898   2.3700E+02  1.3275E+02  6.8241E+01
0000899   5.1092E+02 -2.2688E+02 -5.8739E+01
0000900   1.5161E+02  5.7459E+01 -6.9720E+01
0000901   3.6887E+02 -5.8250E+01  4.2588E+01
0000902   2.4589E+02 -2.4213E+02  1.6323E+02
0000903   7.6637E+01 -1.2129E+02 -3.5097E+01
0000904   3.5647E+02  1.7845E+01  6.3653E+01
0000905   2.3683E+02  1.7052E+01 -1.9137E+02
0000906   2.1221E+02  1.3785E+02  9.4231E+01
0000907   2.3995E+02  3.2237E+01 -1.7618E+01
0000908   2.0159E+02 -8.1781E+00 -2.2230E+02
0000909   1.1921E+02 -1.3273E+02  1.6192E+01
0000910   1.3935E+02  5.5424E+01 -1.3381E+02
0000911   2.4572E+02 -2.2248E+01  3.2527E+01
0000912   1.6231E+02  6.6154E+00  2.2436E+02
0000913   3.3074E+02  2.3487E+02  2.3481E+02
0000914   3.0705E+02 -4.4666E+01  8.3881E+01
0000915   7.8605E+01  7.4011E+01  1.9601E+02
0000916   2.5575E+02 -1.0232E+01  9.9630E+01
0000917   1.1897E+02 -7.6936E+01 -1.0939E+02
0000918   3.4613E+02 -2.2560E+02  7.2911E+01
0000919   5.2854E+01  7.0629E+01  1.5983E+02
0000920   2.4829E+02 -1.4814E+01  3.0195E+01
0000921   3.1974E+02 -2.4421E+01  2.4310E+02
0000922   2.0514E+02 -1.8994E+01 -5.1582E+01
0000923   2.2662E+02 -1.0044E+02 -1.1279E+02
0000924   3.3982E+02 -1.7574E+02 -2.0687E+02
0000925   4.1690E+01  1.5846E+02  7.2148E+01
0000926   2.5097E+02 -6.3631E+01  1.3306E+02
0000927   3.7262E+02 -3.3473E+01 -7.4663E+01
0000928   2.1004E+02  1.4455E+01 -1.9401E+00
0000929   1.5995E+02 -1.3946E+00 -3.7568E+01
0000930   6.8734E+01 -4.6922E+01 -5.9324E+00
0000931   2.3161E+02  3.2211E+01 -1.5011E+02
0000932   2.3757E+02  3.3449E+01 -4.0397E+01
0000933   4.5204E+02 -4.9727E+01  6.6381E+01
0000934   3.6076E+02  1.2358E+02  9.2922E+01
0000936   6.6633E+01  1.2106E+01  1.0528E+02
0000937   2.5702E+02 -1.8595E+02 -3.7663E+01
0000939   3.1091E+02  1.1339E+02  1.0902E+02
0000940   2.4844E+02  5.8232E+01  1.3959E+00
0000942   1.3091E+02  8.4454E+01 -1.3918E+01
0000943   2.5522E+02 -9.7395E+01  5.5117E+01
0000944   1.4606E+02 -1.5863E+01  5.3762E+01
0000945   4.3696E+02 -7.1281E+01 -1.0138E+01
0000946   2.6649E+02 -1.8715E+02  6.9122E+01
0000947   2.2574E+02 -9.1336E+01  8.1022E+00
0000948   1.4856E+02  3.2905E+01 -6.6803E+01
0000949   9.3113E+01  1.1259E+02 -1.2558E+02
0000950   2.3590E+02 -5.6722E+01  3.3132E+01
0000951   2.6997E+02  5.2995E+01  1.4846E+01
0000952   2.6407E+02 -1.4776E+02 -1.4474E+02
0000953   8.4376E+01 -1.4141E+02  4.7005E+01
0000955   1.8648E+02 -2.3390E+01 -5.1647E+01
0000956   5.7594E+01 -8.4909E+01 -7.9843E+01
0000957   4.5041E+02  1.3283E+02 -1.2224E+02
0000958   2.6339E+02 -1.4377E+02  1.4620E+02
0000959   2.7046E+02  1.8648E+02  4.2127E+00
0000960   7.0878E+01  1.3612E+02 -3.1066E+01
0000961   2.5812E+02  3.5809E+01  4.6537E+01
0000962   4.8092E+02 -6.7356E+01  3.3473E+01
0000963   1.6825E+02 -1.0825E+01 -1.7501E+00
0000964   2.5901E+02  3.8434E+01  1.0753E+02
0000965   2.3201E+02 -2.2818E+02  1.3922E+02
0000966   3.0584E+02  1.1838E+02 -6.8799E+01
0000967   6.0052E+01 -1.5566E+02  8.2470E+01
0000968   1.3817E+02  9.1804E+01 -8.3671E+00
0000969   4.9340E+02 -2.6399E+01 -3.1702E+02
0000970   1.8488E+02 -1.5010E+01  1.5514E+02
0000971   2.3686E+02 -2.3118E+02 -1.0127E+02
0000972   1.2882E+02 -5.5176E+01 -1.3966E+02
0000974   2.7587E+02 -3.1368E+01 -2.1974E+02
0000975   3.5988E+02  8.2828E+01  1.5665E+02
0000976   3.1552E+02  1.0959E+02 -2.3403E+00
0000977   3.2899E+02  1.5067E+02  1.1773E+02
0000978   2.7597E+01 -1.4803E+02  4.5175E+01
0000979   2.1098E+02 -1.1090E+02  1.0337E+02
0000980   1.3884E+02 -6.7685E+01  1.5992E+02
0000981   5.2056E+01  7.8256E+00  5.0946E+01
0000982   3.0607E+02  1.8687E+02 -3.8259E+01
0000984   2.7493E+02  1.2160E+02 -4.7493E+01
0000985   3.7848E+02  7.6530E+01  2.0708E+02
0000986   2.3066E+02 -2.3151E+02  1.6135E+02
0000987   4.4466E+01  6.8278E+01 -1.2988E+02
0000988   1.9903E+02 -1.9215E+02 -1.4907E+02
0000989   2.0955E+02 -4.4824E+01 -4.0833E+01
0000990   2.2852E+02 -5.0085E+01  1.9709E+02
0000991   1.6542E+02 -1.4647E+02 -1.3929E+02
0000993   6.7659E+00 -4.1837E+01 -4.1058E+01
0000996   1.8079E+02  6.8285E+01 -1.4082E+02
0000997   2.4229E+01 -3.2890E+01  5.4099E+01
0000998   2.7045E+02 -1.7710E+02  6.2369E+01
0000999   3.5498E+02 -4.1852E+01 -2.4620E+01
0001000   9.0414E+01 -1.6685E+02  1.2051E+02
