============================== SRIM-2013.00 ==============================
==============================================================================
====== SRIM Outputs\RANGE_3D.txt : File of Final Ion Positions =====

Ion =  F (09)   Ion Mass= 018.9984
Energy  = 4000000.E-05 keV
Ion Angle to Surface = 00.0 degrees
==================== TARGET =======================
  Layer # 1 - None
  Layer # 1 - Bottom Depth=500000.E-01 A
  Layer # 1 - Density =0007.8700 g/cm3
  Layer # 1 -  100 % of Fe
様様様様様様様様様様様様様様様様様様様様様様様様様様
                                            
Ion       Depth  X   Lateral Y   Lateral Z  
Number    (Angstrom) (Angstrom)  (Angstrom) 
-------  ----------- ----------- -----------
0000001   1.7422E+02  3.5866E+02 -1.2346E+02
0000002   7.6922E+02  3.0522E+02 -4.9258E+02
0000003   2.0883E+02 -4.2688E+02  3.5959E+00
0000004   6.7058E+02 -1.1502E+02  3.8157E+02
0000005   3.9549E+02 -2.6548E+02 -1.1946E+02
0000007   5.2946E+02  1.7137E+02  5.6107E+01
0000008   2.9391E+02 -3.6609E+01 -1.6446E+02
0000009   3.5664E+02 -9.6257E+01 -4.8455E+01
0000010   2.9699E+02  7.7010E+01  2.7796E+02
0000011   5.6609E+02 -4.2422E+02  1.9260E+02
0000012   2.1823E+02  7.0920E+01 -2.1445E+02
0000013   3.8420E+02  4.4594E+02 -1.6274E+02
0000014   2.9299E+02  1.0213E+02 -2.2397E+02
0000015   3.0457E+02  2.5990E+01  3.2647E+02
0000016   5.5803E+02 -1.0130E+02  1.0655E+02
0000017   4.3745E+02 -9.0844E+01 -6.4833E+02
0000018   1.5344E+02  7.5164E+01  1.1962E+02
0000019   1.8511E+02  1.5357E+02 -1.2651E+02
0000020   3.4493E+02 -4.1415E+01 -4.3318E+02
0000021   3.5863E+02  1.2692E+02  4.7049E+01
0000022   5.3956E+02  1.7442E+02  4.1354E+02
0000024   3.6843E+02 -2.1637E+02  6.2208E+01
0000025   3.5664E+02 -3.1544E+02  1.4517E+02
0000026   1.8958E+01 -2.2017E+02 -1.0586E+02
0000027   2.2554E+02 -7.9372E+01  3.1913E+02
0000028   3.9410E+02  6.0323E+02  2.2372E+02
0000029   1.2770E+02  2.7312E+02 -5.1174E+02
0000030   2.2747E+02  2.1203E+01 -1.1893E+02
0000031   5.3005E+02 -1.6111E+02  7.3392E+01
0000032   3.1538E+02 -2.4636E+02 -1.3101E+02
0000033   6.6292E+02  1.3079E+02  5.4865E+02
0000035   4.0378E+02 -1.6520E+02 -9.1779E+01
0000036   2.9421E+02 -2.7918E+02 -2.7761E+02
0000037   4.2092E+02  2.4046E+02 -2.9794E+02
0000038   4.6050E+02  3.8002E+02  1.5255E+02
0000039   3.0631E+02 -1.2852E+02 -1.1858E+02
0000040   3.3547E+02 -3.7538E+01  1.6205E+02
0000041   2.6199E+02 -1.3178E+02  1.4521E+02
0000042   5.9734E+02 -1.2562E+02  1.5129E+02
0000043   7.0185E+02 -1.5555E+02  1.1052E+02
0000044   4.7761E+02 -2.4006E+02 -1.8178E+00
0000045   4.8528E+02  1.0821E+01 -1.1041E+02
0000046   3.9858E+02 -2.1699E+02  2.7804E+02
0000047   2.1877E+02  2.1101E+02 -9.1873E+01
0000048   3.2871E+02  1.9053E+02 -2.6106E+02
0000049   3.0333E+02 -1.2377E+02 -9.4251E+01
0000050   2.8193E+02 -9.4904E+01 -6.3570E+01
0000051   3.7465E+02  2.4754E+02  2.8881E+02
0000052   1.1910E+02  5.0646E+01  7.9046E-01
0000054   3.0785E+02 -2.7977E+02 -5.2145E+00
0000055   5.6608E+02 -2.2842E+02 -3.6203E+02
0000056   7.9272E+02 -2.9549E+02  3.5969E+01
0000057   2.7859E+02 -3.2950E+01  1.3436E+02
0000058   4.8705E+01  1.4503E+02 -1.0951E+02
0000059   4.0752E+02  1.1190E+02  5.1055E+01
0000060   6.9547E+02  1.1381E+02 -2.8285E+01
0000061   4.4256E+02  5.0443E+02  3.6442E+02
0000062   5.6714E+02  1.2936E+02  2.1397E+02
0000063   8.7614E+02  3.1287E+01 -5.7020E+01
0000064   6.2524E+02 -2.4815E+02 -4.0969E+02
0000065   2.9412E+02 -5.6497E+01  1.2897E+02
0000066   5.9327E+02  7.4253E+01  2.5273E+02
0000067   3.9624E+02  4.0399E+02  3.9133E+00
0000068   9.4235E+01  2.4370E+02  5.5400E+01
0000069   7.0645E+02  3.4190E+02  3.6991E+00
0000070   5.1521E+02 -5.9749E+01 -1.5893E+02
0000071   5.0235E+01  1.3876E+02 -4.6824E+01
0000072   3.1406E+02 -3.9168E+02 -4.8043E+02
0000073   5.1337E+02 -2.0705E+02 -2.4147E+02
0000074   8.1152E+01  3.5697E+02 -3.9427E+02
0000075   1.8069E+02  8.8992E+01  2.0917E+02
0000076   4.4901E+02  2.3569E+02  1.0274E+02
0000078   6.1761E+02  2.7533E+02  7.3476E+01
0000079   3.5787E+02 -1.4863E+01 -4.5382E+01
0000080   3.7862E+02 -1.1963E+02 -2.0228E+02
0000081   1.6318E+02  3.7040E+02 -5.7412E+01
0000082   3.1855E+02  4.6728E+02 -5.5712E+02
0000083   7.4670E+02 -4.0031E+02 -6.3065E+01
0000084   4.1830E+02  1.7897E+02  4.4344E+02
0000085   4.8256E+02 -1.7975E+01  3.2174E+02
0000086   3.3169E+00  1.9764E+02  2.0903E+02
0000087   3.3913E+02 -2.7510E+01 -2.4783E+02
0000088   7.5419E+02 -2.8744E+01 -3.0843E+02
0000090   1.3317E+02  9.7127E+01 -1.0549E+02
0000091   3.3885E+02 -8.7714E+01  1.9295E+02
0000092   4.9256E+02  1.1580E+02 -1.3951E+02
0000093   5.8125E+02 -8.0229E+01 -2.1730E+02
0000094   7.3557E+02  2.7820E+02 -1.2906E+02
0000095   5.6732E+02  2.4088E+01  1.3416E+02
0000096   2.6719E+02 -6.1647E+02  3.0245E+01
0000097   1.7239E+02  3.6199E+01 -7.2127E+00
0000098   1.0089E+02  2.5131E+01  3.5584E+02
0000099   9.4896E+01 -2.1976E+01  1.8653E+02
0000100   7.9091E+01  1.1327E+02  2.2910E+00
0000101   8.3900E+01  5.4748E+00 -1.7372E+02
0000102   5.1474E+02 -3.7210E+02 -2.6141E+02
0000103   1.6676E+02 -1.9344E+01 -1.3573E+02
0000104   8.2025E+02 -3.6135E+02  1.3581E+02
0000105   6.5371E+02  2.1180E+01 -1.9194E+02
0000106   3.8905E+02 -2.5379E+02 -5.0665E+01
0000107   8.4376E+01 -1.1561E+02  2.4195E+02
0000108   2.3599E+02  1.8516E+01  2.1996E+02
0000109   7.3372E+01  1.4294E+02  1.2496E+02
0000110   3.5347E+02  3.9283E+01  7.2000E+01
0000111   2.3318E+02  3.9057E+02 -3.7869E+01
0000112   7.9442E+00  1.6882E+02 -9.7192E+00
0000113   3.0067E+02  1.1819E+01  3.6453E+02
0000114   3.8458E+02  5.1769E+01  6.6425E+02
0000115   3.2153E+02 -3.4229E+01  1.3722E+02
0000116   5.7447E+02  3.5478E+02  1.1956E+02
0000117   4.5499E+02 -1.8159E+02  4.9502E+01
0000118   5.2788E+02 -2.1265E+02  3.7690E+02
0000119   8.2894E+01 -6.6461E+00  1.0377E+02
0000120   4.1222E+02  1.7335E+02 -7.2247E+01
0000121   6.0480E+02 -1.3623E+02 -1.7419E+02
0000122   4.2677E+02  1.1708E+02  3.0069E+02
0000123   1.2207E+02  1.2063E+02  8.7949E+01
0000124   4.1787E+02  1.1951E+02  1.6195E+01
0000126   7.4668E+02  2.5656E+02  1.8670E+02
0000127   1.3077E+02 -7.6675E+01 -4.2090E+02
0000128   7.2068E+02 -1.1153E+02  2.0057E+02
0000129   4.1506E+02 -4.0500E+02  3.6470E+01
0000130   3.9807E+02  5.4883E+02 -1.7838E+02
0000131   5.3198E+02  4.3326E+01  6.6198E+01
0000132   2.5974E+02  6.3357E+01 -6.7147E+01
0000133   2.1093E+02  3.8471E+02  6.6019E+01
0000134   3.5040E+02  3.5634E+02 -2.5662E+02
0000135   2.3395E+02  8.8697E+01  3.0162E+01
0000136   2.9941E+02 -1.3687E+02 -1.9801E+02
0000137   4.1339E+02 -1.2861E+02  2.6931E+02
0000138   1.4010E+02 -1.3744E+02  1.8409E+02
0000139   6.7856E+02  2.1392E+02 -2.2728E+02
0000140   4.5235E+02  2.0773E+02  1.1774E+02
0000141   6.1401E+02  7.2564E+01 -8.0359E+01
0000142   2.5143E+02 -2.9084E+02 -1.1377E+02
0000143   7.0100E+02 -2.2607E+02  8.3020E+01
0000144   6.0541E+02  5.9651E+01  2.2488E+02
0000145   5.9595E+02 -4.4014E+02  1.0917E+02
0000146   8.3103E+01  1.1742E+02 -2.7245E+02
0000147   6.8361E+02 -6.2659E+01  1.0413E+01
0000148   2.6593E+02 -2.3277E+02 -6.7566E+01
0000149   7.5446E+02  3.7626E+02 -2.0709E+02
0000150   8.2017E+02  3.0655E+01 -3.3053E+02
0000151   5.0273E+02 -3.1019E+02 -1.3774E+02
0000152   3.4049E+02  1.7795E+02  1.0741E+02
0000153   3.0433E+02 -2.7483E+02 -1.6350E+02
0000154   3.9091E+02  9.7920E+01  1.3885E+02
0000155   2.7331E+02  5.7632E+01  4.2526E+01
0000156   8.7180E+02 -3.1094E+02 -4.4616E+02
0000157   1.7747E+02 -3.6348E+02 -2.3120E+02
0000158   2.3410E+02  1.1570E+02 -2.9281E+02
0000159   9.2448E+02 -1.2770E+01 -2.6964E+02
0000160   5.9015E+02  3.0589E+02 -7.4964E+00
0000162   1.2849E+02 -1.5278E+02  5.6820E+02
0000163   2.6758E+01 -6.4055E+01 -1.3107E+02
0000164   3.8711E+02 -6.8444E+01 -4.9035E+01
0000165   1.8201E+02  2.2070E+02  5.1938E+02
0000166   4.8102E+02 -2.6313E+02  3.7738E+02
0000167   4.2665E+02 -7.7309E+01 -1.2581E+02
0000168   8.2848E+02 -9.7831E+01 -2.9684E+00
0000169   4.5574E+02  1.9444E+02 -4.9451E+02
0000170   3.9548E+02  2.5852E+02 -1.0394E+02
0000171   2.0263E+02  6.5968E+01  2.4815E+02
0000172   4.2228E+02 -1.2642E+02 -2.3334E+02
0000173   6.9946E+02 -2.1786E+02 -5.0515E+01
0000174   3.9485E+02 -1.7267E+01  1.3199E+02
0000175   4.4578E+02 -8.4858E+01  1.1564E+02
0000176   4.1549E+02  1.4960E+02  7.7634E+01
0000177   2.7020E+02  1.7241E+02  1.9292E+02
0000178   5.0105E+02 -3.2962E+02  2.2852E+02
0000179   4.4834E+02 -1.4976E+02 -2.1703E+02
0000181   1.6855E+02 -2.8267E+02 -1.7188E+02
0000182   3.4606E+02 -1.1430E+02  8.9523E+01
0000183   5.4876E+02 -6.2827E+01  2.2491E+02
0000184   4.3394E+02 -1.9329E+02  4.1849E+01
0000185   6.7072E+02  2.0405E+02  4.8768E+02
0000186   2.9596E+02  2.5861E+02  1.1327E+02
0000187   4.7256E+02  3.8755E+02  5.4824E+01
0000188   2.7532E+02  1.3735E+02 -2.9253E+02
0000189   1.8483E+02 -1.6428E+02 -1.4954E+02
0000190   5.8470E+02 -4.5557E+01 -7.4000E+01
0000191   1.9140E+02 -1.7675E+02  1.4678E+02
0000192   2.3638E+02 -1.3550E+02  1.3329E+02
0000193   3.5320E+02  1.3032E+01 -1.4416E+02
0000194   1.5608E+02 -9.1983E+01  2.7119E+02
0000195   6.4341E+02 -2.1361E+02  1.4773E+02
0000196   2.6281E+02 -1.0137E+02 -2.2988E+02
0000197   6.7780E+02 -3.6536E+02  2.8911E+02
0000198   2.4956E+02 -4.9473E+01  1.3279E+02
0000199   1.1158E+02  8.9972E+01 -2.2050E+02
0000200   5.5308E+02 -4.7931E+01  6.5106E+01
0000201   2.4875E+02  1.2388E+02  2.0812E+02
0000202   2.8372E+02 -5.3686E+01 -6.3111E+01
0000203   2.8381E+02 -6.1017E+02  4.4980E+02
0000204   6.4583E+02 -1.4083E+02 -1.8868E+02
0000205   2.5451E+02 -5.1312E+02  9.5554E+01
0000206   4.8428E+02  2.2359E+02  3.0035E+02
0000207   5.4303E+02  8.3617E+00  9.6991E+01
0000208   5.1100E+02 -1.2976E+02 -6.3842E+01
0000209   4.4710E+02  6.2584E+01  4.8749E+02
0000210   4.4901E+02 -2.5442E+02 -6.4423E+01
0000211   2.4228E+02  1.3528E+02  3.1099E+02
0000212   3.1857E+02 -1.9884E+02 -2.0608E+02
0000213   5.3968E+02 -1.1056E+02 -3.6527E+02
0000214   2.4604E+02 -3.1920E+02 -3.8348E+02
0000215   1.3829E+02 -1.5295E+01  1.6111E+02
0000216   3.0391E+02  1.3629E+02 -2.1820E+02
0000217   4.5396E+02 -5.8467E+01 -1.4025E+02
0000218   1.8027E+02 -1.7842E+01 -1.3462E+01
0000219   2.6436E+02 -9.5240E+01  2.6583E+02
0000220   2.4120E+02 -1.5246E+01  2.4645E+02
0000221   1.7682E+02 -1.4810E+02  2.3274E+01
0000222   4.9266E+02 -7.9322E+01 -3.5371E+01
0000223   3.0220E+02  1.1848E+02  4.9967E+01
0000224   9.1010E+02  1.7924E+01 -7.4275E+01
0000225   3.4839E+02  1.1460E+02 -2.8287E+01
0000226   3.4824E+02 -1.7191E+02  5.8198E+01
0000227   1.9789E+01 -1.0128E+00  3.5097E+01
0000228   2.1078E+02 -6.0848E+01 -1.8952E+02
0000229   1.6222E+02  5.2823E+01  2.2518E+02
0000230   1.7576E+02 -1.3132E+02 -2.4665E+02
0000231   3.3715E+02 -5.7397E+01  2.0638E+01
0000232   5.9779E+02  1.1444E+02  4.2700E+02
0000233   8.2374E+01  1.1747E+02 -1.9771E+02
0000234   1.5137E+02 -1.0791E+02 -2.2181E+02
0000235   4.2411E+02  3.0232E+01  3.3123E+02
0000236   5.7918E+02  1.8125E+02 -1.3374E+02
0000237   5.4145E+02  1.4825E+02 -2.0185E+02
0000238   2.6906E+02  2.9488E+02  1.4914E+02
0000239   5.2189E+02 -3.0218E+02  1.1851E+00
0000240   4.2616E+02  2.2857E+02 -1.7577E+02
0000242   2.9935E+02  1.8627E+01  2.4702E+02
0000243   4.1190E+02  1.4149E+02 -3.8371E+02
0000244   6.1176E+02 -1.2455E+02  2.9640E+02
0000245   6.1885E+02 -1.1140E+02  3.6967E+02
0000246   4.5434E+02  9.8155E+01  3.0101E+02
0000247   6.1763E+02  9.1616E+01 -3.5768E+01
0000248   4.8058E+02  3.9396E+01  7.3030E+01
0000249   1.4196E+02 -9.8895E+01 -1.0724E+02
0000250   1.4485E+02 -1.0351E+02 -3.8320E+01
0000251   3.8106E+02 -1.1038E+02  2.8266E+01
0000252   4.7051E+02 -1.6713E+02 -3.2219E+02
0000253   5.1575E+02 -6.4466E+01 -6.3333E+01
0000254   4.7071E+02 -1.0838E+02 -3.8047E+02
0000255   1.0215E+02 -8.9758E+00 -2.7961E+02
0000256   6.1185E+02  2.0396E+02  2.5284E+01
0000257   5.6746E+02  2.3328E+02  2.5857E+01
0000258   4.1638E+02  1.1879E+02 -7.1518E+01
0000259   4.7039E+02  2.0705E+02  8.0944E+01
0000260   4.7377E+02  3.9283E+02  1.6092E+02
0000261   5.0378E+02 -1.5216E+02  2.8464E+02
0000262   4.5044E+02  4.9977E+02 -8.2966E+01
0000263   6.7188E+02  2.2196E+02 -8.5626E+01
0000264   4.0326E+02  3.6746E+02  3.5626E+02
0000265   3.4733E+02 -1.1782E+02  6.5335E+01
0000266   3.9860E+02 -2.6142E+02  1.0603E+02
0000267   5.5382E+02 -2.6082E+02 -1.7437E+02
0000268   2.4406E+02 -1.7667E+02 -2.7906E+02
0000269   6.2664E+02  7.4462E+01  1.0642E+02
0000270   6.0484E+02  2.7956E+02  1.8380E+02
0000271   6.5065E+02  3.8021E+01 -2.5966E+01
0000272   5.0095E+02 -4.5497E+01  2.3993E+01
0000273   8.2363E+02 -9.1618E+01  1.0256E+02
0000275   4.5383E+02  2.6630E+02 -2.6338E+02
0000276   2.3674E+02 -2.2029E+02 -1.5645E+02
0000277   1.9493E+02 -4.2180E+00  4.4836E+01
0000278   2.8510E+02 -7.2803E+01 -2.3830E+02
0000279   1.9732E+02 -5.3391E+02  2.2589E+02
0000280   4.3400E+02  3.0251E+01 -1.0081E+02
0000281   1.9565E+02  5.4818E+01  6.2499E+01
0000282   6.8189E+02 -1.7218E+02 -1.3066E+02
0000283   1.8839E+02 -2.1162E+02 -9.7956E+01
0000285   2.1467E+02 -3.8192E+00  6.9437E+02
0000286   5.4634E+02 -3.0206E+02 -3.4836E+00
0000287   2.3523E+02 -2.8818E+02  3.6704E+01
0000288   6.8449E+02  2.8175E+02  8.6611E+01
0000289   2.4926E+02  3.8634E+02  3.7113E+01
0000290   6.5083E+02  2.9905E+02  7.8341E+01
0000291   2.1657E+02  3.1603E+02 -4.0750E+02
0000292   3.3626E+02 -6.2652E+01 -2.6024E+02
0000293   4.2226E+02 -2.3156E+01 -3.3181E+02
0000294   4.1449E+02 -3.6318E+02  6.7360E+00
0000295   6.6152E+01 -5.5794E+01  3.9152E+01
0000296   3.1361E+02 -4.9319E+02  1.6841E+02
0000297   7.6423E+02  1.0986E+02  4.5478E+01
0000298   6.0771E+02 -2.2215E+02  3.2820E+01
0000299   2.5016E+02 -2.0741E+01 -3.1488E+02
0000300   4.6353E+02 -2.9881E+01  1.5904E+02
0000301   5.2805E+02  1.1082E+02  7.3335E+01
0000302   5.8316E+02 -4.8778E+01 -1.4037E+02
0000303   5.1891E+02  3.6497E+02 -3.4165E+02
0000304   3.9181E+02 -4.6198E+01 -1.7534E+02
0000305   4.3032E+02 -2.2595E+02  2.4783E+02
0000306   1.2750E+02  2.8407E+02 -3.8765E+02
0000307   1.9017E+02  1.7124E+02 -1.1740E+02
0000308   6.3164E+02  2.3735E+02  1.1279E+02
0000309   7.3756E+02  7.1034E+01  1.8081E+02
0000310   3.6091E+02 -2.9512E+01 -2.4425E+02
0000311   5.7725E+02 -8.4629E+01 -4.7726E+01
0000312   4.0644E+02 -1.6035E+02 -1.6668E+02
0000313   7.6730E+02 -2.1621E+02  1.8104E+01
0000314   6.8910E+02  1.1328E+02 -2.6790E+02
0000315   3.6424E+02  2.2887E+02  1.2119E+02
0000316   6.2006E+02 -9.7810E+01 -2.0900E+02
0000317   2.6226E+02  9.1285E+00  1.7053E+02
0000318   3.6113E+02  2.2064E+02  1.2309E+02
0000319   4.1410E+02 -2.0987E+02  2.8820E+02
0000320   2.8543E+02  2.3149E+02  1.2783E+02
0000321   2.2212E+02  1.6832E+02 -2.5654E+02
0000322   4.3091E+02 -1.1110E+02 -1.1419E+02
0000323   1.4482E+02  6.2480E+01  1.0399E+02
0000324   5.9842E+02 -4.8287E+02  2.0521E+02
0000325   1.6857E+02 -1.0092E+02  3.8956E+02
0000326   7.3846E+02  4.0047E+01  4.8670E+01
0000327   2.9807E+02 -3.0281E+02  8.1119E+01
0000328   5.2443E+02  1.1134E+01  4.9696E+02
0000329   4.0074E+02 -1.0970E+02  1.3165E+02
0000330   3.4948E+02 -4.7105E+02  1.4133E+01
0000331   6.6054E+02  9.5840E+01 -9.8092E+01
0000332   4.5477E+02  1.2702E+02 -6.0278E+01
0000333   1.7690E+02  5.4654E+01  3.6650E+02
0000334   6.2312E+02  1.9632E+01 -1.8043E+02
0000335   3.2003E+02  2.1056E+02  2.9068E+02
0000336   3.2705E+02  1.7628E+01  7.1982E+01
0000337   1.9268E+02 -1.4982E+02 -1.4655E+01
0000338   3.1588E+02 -5.2614E+02 -1.0712E+02
0000339   6.3217E+02  3.0429E+02  2.2314E+02
0000340   6.5019E+02  1.4943E+02 -1.0057E+02
0000341   1.8433E+02  1.4403E+02 -1.5219E+02
0000342   4.2249E+02  1.2863E+02  9.8374E+01
0000343   3.9423E+02 -1.0511E+01  4.9159E+01
0000344   8.9821E+01  1.7289E+02  9.7228E+01
0000345   4.6926E+02 -2.1488E+02  1.7847E+02
0000346   3.5022E+02  2.6455E+02  3.3462E+01
0000347   4.7276E+02 -2.8983E+02 -1.5830E+02
0000348   2.5277E+02 -3.6684E+02  2.1986E+01
0000349   3.0920E+02 -6.2481E+01  1.5907E+02
0000350   3.7488E+02  1.0388E+02 -1.3116E+02
0000351   4.3196E+02  2.3149E+02  1.2951E+02
0000352   1.7452E+02  1.8715E+02 -1.0844E+02
0000353   6.3755E+02 -9.7942E+01 -2.1455E+02
0000354   2.7500E+02 -1.5541E+02  2.9886E+02
0000355   5.8450E+02 -3.9956E+02  3.9899E+01
0000356   3.4253E+02 -2.2787E+02  9.8839E+01
0000357   4.0901E+02  3.3514E+01 -3.8200E+02
0000358   6.2065E+02 -1.5918E+02 -2.5204E+01
0000359   4.4037E+02 -1.4359E+02  2.6354E+02
0000360   3.9210E+02  4.1261E+00  1.8626E+02
0000361   3.2886E+02 -3.7673E+02 -7.9579E+01
0000362   4.1707E+02 -3.7317E+01  3.7306E+01
0000363   1.7095E+02 -2.3424E+02 -1.8659E+01
0000364   2.3331E+02  2.8124E+01  2.1364E+02
0000365   5.0456E+02 -7.8830E+01 -2.0594E+02
0000366   2.6248E+02 -5.3409E+02  1.0323E+01
0000367   3.4428E+02  3.5518E+02  2.4664E+02
0000368   1.1118E+02  7.0287E+01 -3.6300E+01
0000371   6.9306E+02  3.2339E+02  2.4329E+02
0000372   1.7470E+02 -3.8452E+01  1.3631E+02
0000373   6.3503E+02  7.5766E+01  5.2949E+01
0000374   1.0690E+02 -3.1282E+02  9.4974E+01
0000375   3.0815E+02 -3.3625E+01  8.9318E+01
0000376   4.2816E+02 -2.0738E+02 -1.2738E+01
0000377   1.4443E+02  3.8190E+01 -3.8294E+01
0000378   4.1001E+02  2.0602E+01  2.0395E+02
0000379   3.4382E+02 -3.3347E+01 -2.0022E+01
0000380   2.5386E+02  2.0033E+02  1.3359E+02
0000381   5.7845E+02  8.4161E+01  3.1977E+01
0000382   4.2443E+02  5.4938E+02  3.7634E+02
0000383   6.6274E+02  1.1455E+02  2.1233E+02
0000384   8.5576E+01 -5.3994E+01  2.0592E+02
0000385   2.6653E+02  3.4779E+01 -4.2053E+01
0000386   5.8598E+02 -3.4290E+02  3.3133E+02
0000387   3.4674E+02  1.1519E+02 -1.4092E+02
0000388   5.3234E+02  1.1244E+02  4.1769E+01
0000389   1.8870E+02  4.0308E+01  2.8040E+02
0000390   5.5086E+02  9.4855E+01  7.8152E+01
0000391   3.9348E+02  1.9120E+02 -8.2798E+01
0000392   3.7995E+02  1.0606E+02 -1.6350E+02
0000393   1.2476E+02  5.6718E+01 -6.4424E+01
0000394   3.5406E+02 -2.4206E+00 -3.6448E+02
0000395   2.6229E+02 -1.8860E+02 -2.2487E+02
0000396   4.8404E+02 -7.5730E-02  3.5593E+02
0000397   3.1927E+02  1.0109E+02 -3.8717E+02
0000398   3.4906E+02 -2.2173E+02  9.2844E+01
0000399   3.3185E+02  1.0600E+02 -2.0766E+02
0000400   4.1774E+02  1.1616E+02 -1.9893E+02
0000402   4.6466E+01  1.3861E+01 -2.6296E+01
0000403   7.3770E+02  1.9139E+02  4.1008E+02
0000404   1.7202E+02  9.5555E+01 -5.6974E+02
0000405   1.4023E+02  3.1322E+02 -2.2533E+02
0000406   6.8298E+02  1.4933E+02 -1.9291E+02
0000407   1.1968E+02  2.0849E+02 -1.5556E+02
0000408   1.2792E+01 -2.7521E+02  6.3628E+01
0000409   6.6659E+02  2.0639E+02 -1.2914E+02
0000410   1.6865E+02  8.8837E+01  1.6209E+02
0000411   3.3013E+02  4.8025E+00 -1.0076E+02
0000412   6.1449E+02 -1.6475E+02 -1.2447E+02
0000413   2.5811E+02  2.0512E+02 -1.8334E+02
0000414   3.1181E+02 -9.2332E+01 -1.3736E+02
0000415   4.0417E+02 -1.4440E+02  2.3082E+02
0000416   5.2542E+02 -1.6750E+02 -3.2665E+02
0000417   2.8018E+02  1.1766E+02  1.1540E+02
0000418   2.8233E+02 -3.5744E+02  1.9079E+02
0000419   7.3457E+02 -1.3542E+02 -1.8027E+02
0000420   6.1156E+02 -2.9304E+02  3.6666E+02
0000421   3.6212E+02 -2.2720E+02 -1.5512E+02
0000422   5.9461E+02 -4.5758E+02  2.6977E+02
0000423   6.6547E+02 -8.7198E+01  5.9041E+02
0000424   2.0142E+02  3.3334E+02 -2.1986E+02
0000425   4.6209E+02  1.4107E+02  2.0035E+02
0000426   3.3801E+02 -1.1663E+02  1.1601E+02
0000427   7.9160E+02  1.1294E+02  3.2891E+01
0000428   3.7303E+02  5.8002E+02 -2.0239E+02
0000429   3.0085E+02  1.2916E+02  1.3678E+02
0000430   1.3526E+02 -3.6742E+02 -3.0303E+02
0000431   4.4349E+02  7.9793E+01 -1.1087E+02
0000432   2.0389E+02 -4.5080E+02  1.7551E+02
0000433   6.2467E+02 -4.1649E+02 -4.1036E+00
0000434   4.0431E+02 -1.8738E+02 -5.1355E+00
0000435   8.3427E+02  1.4811E+02  5.8677E+00
0000436   4.5729E+02 -3.1189E+02 -9.6148E+01
0000437   4.0276E+02 -2.6754E+02  2.1039E+02
0000438   8.1934E+02 -1.1937E+02  1.3567E+02
0000439   4.7483E+02 -9.5411E+00  4.9384E+01
0000440   3.8906E+02  2.2602E+02 -1.6823E+02
0000442   2.7404E+02  2.4448E+02  5.8620E+01
0000443   1.0349E+02 -4.9431E+02 -1.4525E+02
0000444   2.6288E+02  1.3899E+02  2.2519E+02
0000445   4.7806E+02  1.2257E+02 -4.5319E+02
0000446   2.3983E+02 -8.0433E+01 -1.8666E+02
0000447   3.8412E+02 -3.3580E+02 -1.8052E+02
0000448   8.0809E+02 -3.0310E+01  4.6600E+02
0000449   3.0567E+02  7.2998E+01  4.5514E+02
0000450   5.5209E+02  8.3417E+01  1.2376E+02
0000451   3.2992E+02 -3.0342E+02  1.4785E+02
0000452   3.6036E+02  4.3199E+02  1.6362E+01
0000453   1.7604E+02  4.4329E+02  1.2571E+02
0000454   3.9566E+02 -3.3759E+01 -7.7885E+01
0000455   7.1246E+02  1.4979E+02 -2.3621E+02
0000456   2.1486E+02 -8.5848E+01  8.7346E+01
0000457   4.7097E+02 -1.0639E+02 -1.3031E+02
0000458   3.8241E+02  5.7048E+00 -1.6906E+02
0000459   1.4430E+02  5.5779E+01  1.5280E+02
0000461   1.3279E+02 -2.1616E+02 -1.7220E+02
0000462   2.6461E+02 -1.2935E+02 -2.8567E+01
0000463   2.6696E+02 -2.4880E+02 -6.1832E+01
0000464   2.0276E+02  1.0782E+02  2.7938E+01
0000465   2.8476E+02 -2.7166E+01  1.2248E+02
0000466   8.4518E+01  1.8192E+02  3.2107E+02
0000467   1.8189E+02  1.6879E+02 -1.2084E+02
0000468   6.7332E+02 -1.3080E+02 -7.8799E+01
0000470   3.0026E+02 -7.9506E+01 -1.8134E+02
0000471   2.1432E+02 -7.4799E+00  3.0204E+00
0000472   4.6287E+02  1.4243E+02  6.8120E+01
0000473   3.1201E+02  1.2764E+02  3.8499E+02
0000474   3.4360E+02 -2.3704E+02  1.5510E+02
0000475   4.1756E+02  2.6474E+02  6.7294E+01
0000476   3.5381E+02  3.5525E+00 -4.4295E+01
0000477   2.1465E+02  8.9642E+01 -2.0665E+02
0000478   4.3155E+02  1.9210E+01  4.9237E+01
0000479   2.1493E+02 -3.8638E+01  4.9156E+01
0000480   2.4537E+02 -2.3379E+02 -7.6064E+01
0000481   3.5371E+02  3.4126E+01 -2.0979E+02
0000482   2.2747E+02 -1.2651E+01  5.5007E+01
0000483   2.3568E+02 -5.4843E+01 -2.6506E+02
0000484   5.1712E+02 -4.4621E+02  1.7483E+02
0000485   2.9090E+02  7.9600E+01  3.8989E+01
0000486   6.2971E+02  6.6250E+01 -3.0179E+02
0000487   2.8101E+02 -9.6423E+01  5.0352E+01
0000488   4.0534E+02 -2.2489E+02 -1.7516E+02
0000489   1.5034E+02 -1.9333E+02  3.8438E+02
0000490   5.3358E+02 -1.0803E+02  5.7283E+02
0000491   8.1470E+02  1.4195E+02 -5.6650E+02
0000492   9.3394E+01 -2.2901E+01 -1.3009E+02
0000493   7.4733E+01 -6.5098E+01 -7.3969E+01
0000494   4.3876E+02  5.1959E+01  5.4660E+02
0000495   4.6199E+02 -1.1512E+02 -1.5731E+01
0000496   2.5677E+02 -2.8502E+02 -3.9434E+02
0000497   7.2416E+02 -2.0964E+01  1.1850E+02
0000498   2.5884E+02  1.7056E+02 -9.2450E+01
0000499   5.2353E+02 -2.0758E+02 -1.5507E+02
0000500   2.7029E+02 -7.7955E+01  8.9659E+01
0000501   4.3507E+02 -2.5593E+02  3.2165E+02
0000502   4.2048E+02  7.3252E+01 -4.8427E+02
0000503   8.6195E+01  5.7023E+01 -4.2330E+01
0000504   5.0419E+02  3.2697E+01  3.9122E+02
0000505   3.6767E+02 -4.6831E+01  2.7010E+02
0000506   4.8891E+02 -3.1759E+02 -1.6276E+02
0000507   2.5771E+01  1.7491E+02 -1.5059E+02
0000508   3.2422E+02 -1.0708E+02 -4.9651E+02
0000509   7.0536E+02 -2.0394E+02  2.8847E+02
0000510   2.1882E+02  7.0395E+02  5.6393E+01
0000511   2.6919E+02  1.3411E+02  1.2144E+02
0000512   2.3139E+02  3.1313E+02  3.2990E+02
0000513   1.4797E+02  1.8210E+02  3.4752E+01
0000514   3.6859E+02  2.3428E+02  1.6504E+02
0000515   4.7684E+02 -1.0175E+02  2.5751E+02
0000516   6.1532E+02 -2.3613E+02 -2.0826E+02
0000517   3.5733E+02  1.0682E+02 -2.3495E+02
0000518   2.9759E+02 -4.5197E+02  2.9935E+01
0000519   5.0828E+02  1.8945E+02 -1.0544E+02
0000520   5.0889E+02 -5.9044E+01  6.9981E+01
0000521   7.8741E+02 -5.2986E+01 -2.6875E+02
0000522   3.1115E+02  4.3105E+01  4.7094E+02
0000523   4.3997E+02 -1.9288E+02 -2.5726E+02
0000524   7.4867E+02  2.9884E+02  1.7772E+02
0000525   8.3314E+02 -3.7636E+02  2.4192E+02
0000526   4.3791E+02 -6.1250E+01 -2.1782E+02
0000527   2.8625E+02 -3.0569E+02  9.2603E+01
0000528   3.4977E+02  9.9494E+01 -2.1033E+02
0000529   2.6657E+02  3.7519E+02  3.7822E+02
0000530   8.1977E+02 -3.2690E+02 -9.6857E+01
0000531   4.3725E+02  4.0718E+02  2.3868E+02
0000532   4.8433E+02 -1.2364E+02 -2.6806E+02
0000533   1.2580E+02  4.9430E+01  8.0715E+01
0000534   5.1026E+02 -3.7511E+02  1.7749E+02
0000535   2.7570E+02  3.3140E+01 -3.2562E+01
0000536   3.4606E+02  2.9333E+02 -4.3752E+01
0000537   1.7920E+02 -9.9886E+01 -1.0526E+01
0000538   1.6371E+02 -1.4880E+02 -1.0816E+02
0000539   7.6179E+02 -1.9957E+01  2.3507E+01
0000540   3.2992E+02  3.8355E+02 -7.5657E+01
0000541   4.7275E+02  2.2093E+02  2.5112E+02
0000542   9.2246E+02 -5.5421E+01  4.3749E+02
0000543   5.7792E+02  1.9121E+02  1.0906E+00
0000544   2.8565E+02  9.4450E+00 -2.3547E+02
0000545   2.2560E+02  2.8197E+02  1.6174E+02
0000546   5.9173E+02 -2.7969E+02  6.6249E+01
0000547   2.4269E+02 -2.1195E+02 -1.8251E+02
0000548   4.9470E+02 -6.2769E+01 -3.5109E+02
0000549   3.6499E+02  1.5625E+02  1.4986E+01
0000550   6.6945E+02  1.0980E+02  5.7741E+01
0000551   7.3417E+02  5.2211E+01  3.7465E+01
0000552   5.9731E+02  2.4998E+01  8.9928E+01
0000553   4.8439E+02 -2.2191E+02  4.9664E+02
0000554   5.6714E+02 -5.7508E+01  1.4691E+01
0000555   9.5480E+01 -2.6677E+02  7.0232E+01
0000556   5.5052E+02 -1.0138E+02 -2.3596E+01
0000558   1.0046E+02  1.3120E+02  1.4485E+02
0000559   6.9925E+02 -2.4470E+02  2.2681E+02
0000560   1.7122E+02  7.5098E+01  8.3301E+01
0000561   8.5944E+02 -1.0523E+02  2.4765E+01
0000562   6.0704E+02 -8.1968E+01 -2.6110E+02
0000563   2.7950E+02  4.1729E+02 -2.0017E+01
0000564   4.3967E+02  1.4641E+02 -2.9437E+02
0000565   7.3030E+02  5.0654E+01 -2.9044E+01
0000566   1.8006E+01 -1.2578E+02 -5.2950E+00
0000567   6.3753E+02 -2.0276E+02  9.0957E+01
0000568   4.7139E+02  4.9968E+02 -5.7891E+01
0000570   5.4132E+02  1.0737E+02  5.8620E+01
0000571   2.8630E+02  2.5939E+02  4.0874E+02
0000572   5.6069E+02 -1.9099E+01  4.7221E+02
0000573   3.5498E+02 -1.9756E+02  3.2098E+02
0000574   1.3941E+02 -8.5887E+01 -4.0211E+02
0000575   3.8523E+02 -1.5652E+02  3.9560E+02
0000576   3.0972E+02 -1.5737E+02  2.8823E+02
0000577   4.3672E+02  1.6782E+02 -1.0612E+01
0000578   6.2175E+02 -2.4114E+01 -6.6602E+01
0000579   1.8714E+02  2.2985E+00  2.2890E+01
0000581   5.4316E+02 -3.2615E+01  1.3124E+02
0000582   3.5397E+02  2.8024E+02  8.9030E+00
0000583   4.0010E+02  3.3274E+02 -3.3446E+02
0000584   4.7771E+02 -2.2573E+01 -3.9189E+01
0000585   5.1424E+01  1.4796E+02 -2.0694E+02
0000586   9.3497E+01  5.0089E+01 -2.6049E+02
0000587   1.4005E+02  1.0464E+01  1.6040E+01
0000588   2.6111E+02  1.9122E+02  2.6209E+02
0000589   4.6554E+02  4.6895E+02 -1.9563E+02
0000590   4.7099E+02  1.1481E+02  9.2078E+01
0000591   3.4100E+02  2.3019E+02  1.1413E+02
0000592   1.9110E+02 -2.7364E+02 -8.7290E+01
0000593   6.6132E+02 -3.7337E+02 -4.4188E+01
0000594   2.1456E+02 -1.1137E+02 -2.6057E+01
0000595   8.2722E+02 -1.1924E+02 -8.0863E+01
0000596   3.5857E+02  4.7608E+00 -1.1444E+02
0000597   5.6470E+02  2.0527E+02 -2.0739E+02
0000598   6.8820E+01  6.4922E+01 -2.0898E+02
0000599   2.9508E+02 -3.0757E+02  2.6481E+02
0000600   5.5141E+02  1.4339E+02  9.9136E+01
0000601   4.9514E+02 -4.4570E+02 -1.4731E+02
0000602   4.9721E+01  4.9044E+01 -6.6035E+01
0000603   5.6332E+02  4.0669E+02  2.2612E+02
0000604   2.2480E+02  2.7131E+02 -6.6156E+01
0000606   3.1584E+02  4.4098E+01 -1.4156E+02
0000607   5.3564E+02  1.0689E+02 -9.4034E+01
0000608   7.0830E+02  3.3623E+01 -3.9397E+02
0000609   3.7527E+02 -1.2693E+02  1.0417E+02
0000610   2.8020E+02 -1.1133E+02  3.4844E+02
0000611   4.8916E+02 -1.4608E+01 -5.7332E+01
0000612   5.3914E+02 -1.0505E+02 -4.9577E+01
0000613   4.3123E+02 -1.4524E+02 -6.7094E+02
0000614   5.9540E+02  3.4096E+01 -2.0079E+02
0000615   1.8047E+02  9.8383E+01 -2.6653E+02
0000616   5.5957E+02 -1.1156E+02 -2.4336E+02
0000617   3.2081E+02 -2.3057E+02 -1.0021E+02
0000618   4.1445E+02  2.3352E+02 -3.4238E+02
0000619   5.4587E+02 -2.0090E+01 -6.7914E+01
0000620   4.3223E+02 -3.4073E+02 -2.9224E+02
0000621   1.9798E+02 -9.6254E+01  8.0223E+01
0000623   4.5949E+02  1.9436E+02  2.9804E+02
0000624   4.1961E+02  2.4155E+02 -5.0979E+02
0000625   5.3712E+02  9.9261E+00  2.5918E+02
0000626   6.2833E+02  1.2054E+02  9.2141E+01
0000627   3.6037E+02 -6.7634E+01  1.9859E+00
0000628   3.4506E+02 -3.4631E+02 -1.1877E+02
0000629   2.8755E+02  1.9100E+02 -5.9133E+01
0000630   1.5516E+02  1.8340E+02 -2.7560E+02
0000631   4.3691E+01  3.5129E+02 -9.5341E+01
0000632   4.5073E+02 -2.3977E+02  7.4278E+01
0000633   2.5950E+02 -3.4703E+02 -3.5752E+02
0000634   3.4411E+02 -7.1042E+01 -1.0624E+02
0000635   1.8066E+02 -1.9070E+02  6.1938E+01
0000636   6.4652E+01 -1.0990E+02  6.5741E+01
0000637   5.5328E+02 -2.9765E+02  3.8579E+02
0000638   1.9365E+02  2.4424E+02  1.3347E+02
0000639   2.1492E+02 -1.7385E+02  1.4406E+02
0000641   3.0003E+02 -3.6277E+02 -3.0989E+02
0000643   3.7906E+01 -4.0489E+01 -8.3898E+01
0000644   4.5044E+02  7.4049E+01 -3.6733E+01
0000645   2.4224E+02  9.8549E+01  4.0119E+01
0000646   5.9389E+02  1.9078E+02 -2.5457E+02
0000648   3.8636E+02  2.6415E+02  1.0245E+02
0000649   3.4829E+02  8.3024E+01 -9.2477E+01
0000650   7.3910E+02 -2.1655E+02  1.9636E+02
0000651   1.6731E+02 -3.4314E+02  1.0040E+02
0000652   5.4126E+02 -8.2972E+01  3.4024E+02
0000653   2.6819E+02  4.2439E+01 -1.6570E+02
0000654   2.2632E+02  1.7694E+02 -4.5956E+01
0000655   6.6829E+02  2.0748E+02 -2.3124E+02
0000656   3.2196E+02 -2.0943E+02  1.4110E+02
0000657   4.0330E+02 -9.0822E+01 -5.3787E+01
0000658   1.7216E+02 -9.0454E+01 -9.8051E+01
0000659   4.5682E+02 -7.8001E+01 -1.0855E+02
0000660   8.6075E+02  3.4764E+01 -4.0575E+00
0000661   1.7067E+02  1.0835E+02 -1.8788E+02
0000662   6.3093E+02  2.9803E+02 -3.6840E+02
0000663   2.4907E+02  2.4442E+01 -2.3474E+01
0000664   2.5531E+02 -1.5951E+02 -9.6823E+01
0000665   4.0940E+02  1.3066E+02  9.1701E+01
0000666   2.1623E+02 -3.4200E+01  7.0422E+01
0000667   2.8012E+02 -3.1041E+01  2.2161E+02
0000668   2.6292E+02 -1.8150E+01  6.1284E+01
0000669   2.9183E+02  4.4519E+01 -3.5854E+02
0000670   2.4644E+02 -3.5675E+02  3.2767E+02
0000671   4.0279E+02 -7.6599E+01  2.9223E+01
0000672   5.3682E+02 -3.0347E+02 -1.6056E+02
0000673   4.3539E+02 -1.8699E+02 -1.0284E+02
0000674   2.6377E+02  1.4473E+01  2.8877E+02
0000675   7.7768E+02  2.5616E+02  8.2338E+01
0000676   4.8765E+02 -4.4399E+01 -3.1473E+02
0000678   2.9444E+02 -3.2839E+02  1.1203E+02
0000679   3.0955E+02 -3.0430E+02 -2.0012E+02
0000680   4.4927E+02 -2.0325E+02  2.9482E+01
0000681   3.7013E+02  1.1793E+02  2.4347E+02
0000683   3.2698E+02 -4.3709E+02 -7.0052E+01
0000684   3.4676E+02 -3.8303E+00 -2.9839E+02
0000685   3.4652E+02 -1.8447E+02 -1.5870E+01
0000686   5.4908E+02 -4.2538E+01  3.7123E+01
0000687   4.6628E+02 -1.8008E+02 -2.8229E+02
0000688   2.4460E+02 -3.3475E+02  1.0893E+02
0000689   4.6007E+02  3.4844E+02  2.4088E+01
0000690   5.1127E+02 -1.7563E+02 -8.0690E+00
0000691   4.5345E+02 -2.5606E+02  1.1806E+02
0000692   4.5812E+02  2.8525E+02  1.9995E+02
0000693   5.4301E+02  9.5202E+01  1.4582E+02
0000694   5.0294E+02  5.2351E+01  8.0753E+01
0000695   3.9178E+02  3.4453E+02 -2.1334E+01
0000696   5.2656E+02  3.8481E+02 -2.4465E+01
0000697   5.7655E+02  1.6844E+02  1.8692E+02
0000698   2.3546E+02 -1.0929E+02  1.1950E+02
0000699   4.4399E+02  1.2624E+02  2.4389E+02
0000700   5.1436E+02 -2.9912E+02  2.7599E+02
0000702   5.3434E+02 -1.8313E+02 -3.0965E+02
0000703   3.4925E+02  4.9523E+01 -3.6411E+01
0000704   4.7504E+02  1.4358E+02 -2.1681E+02
0000705   3.1719E+02 -3.3943E+02  8.6925E+01
0000706   3.9579E+02  2.8809E+02  3.1706E+02
0000707   2.4770E+02  3.5468E+02  1.0161E+00
0000708   2.1935E+02  1.6868E+02 -1.8332E+01
0000709   1.0287E+02 -1.0870E+02  3.8617E+01
0000710   2.9942E+02  2.9609E+02 -3.8727E+01
0000711   1.0126E+02  2.4648E+00  9.3017E+01
0000712   3.3095E+02  1.7641E+02 -3.2240E+02
0000713   4.3078E+02  1.6455E+02  6.6484E+01
0000714   2.7482E+02 -6.4134E+01  1.8029E+01
0000715   2.9022E+02  2.0753E+02  1.2364E+02
0000716   5.9948E+02  3.8742E+01 -2.3734E+02
0000717   1.8527E+02  1.0234E+01  1.3540E+02
0000718   4.9972E+02 -1.7781E+02 -2.5938E+01
0000719   5.7886E+02  1.7459E+02  3.4015E+02
0000720   1.7861E+02  1.7072E+02 -3.2815E+02
0000721   2.6372E+02  8.6813E+01 -7.3333E+01
0000722   5.5478E+02 -2.6230E+02 -2.3503E+02
0000723   3.9678E+02 -1.0433E+02  1.8240E+02
0000724   3.4908E+02 -1.8986E+02 -3.2385E+02
0000725   5.8115E+02 -1.4766E+02  4.6860E+02
0000726   3.2347E+01 -8.3256E+00 -8.2832E+01
0000727   5.4474E+02  1.5346E+01  2.9147E+02
0000728   3.4807E+02 -9.4427E+01  1.4294E+02
0000730   3.1573E+02 -1.3362E+02 -1.3983E+01
0000731   4.8924E+02 -6.6011E+00  1.1027E+02
0000732   5.1278E+02 -5.6348E+01  3.0940E+02
0000733   4.9037E+02  2.6207E+01 -1.7861E+02
0000734   3.4880E+02 -5.3353E+01 -1.7584E+02
0000735   2.5912E+02  3.9165E+02 -2.0744E+02
0000736   2.1259E+02 -3.0062E+02 -3.6898E+02
0000737   3.1421E+02  3.8965E+02  3.9308E+02
0000738   2.6186E+02 -2.0459E+01 -2.1061E+02
0000739   5.4964E+02 -6.0121E+02  1.5481E+02
0000740   5.3501E+02 -2.2297E+00 -2.2492E+02
0000741   9.5882E+01 -6.3231E+01  1.7210E+02
0000742   3.8802E+02  3.4866E+02  1.7628E+02
0000743   5.6866E+02  1.4967E+02 -2.3020E+02
0000744   3.7143E+02  4.8007E+02 -3.0586E+02
0000745   8.0046E+02 -1.4327E+02 -2.2380E+02
0000746   1.4390E+02  2.2709E+02  3.7542E+02
0000747   6.2254E+02 -6.4147E+02 -1.3877E+02
0000748   2.2143E+02  9.5124E+01 -1.9958E+02
0000749   2.2358E+02  2.7198E+02  1.0189E+02
0000750   5.7639E+02  1.2531E+02 -1.1916E+01
0000751   3.5105E+02  3.1328E+02 -6.9076E+00
0000752   7.1463E+02  3.2010E+02  2.4015E+02
0000753   5.3496E+02  4.7070E+02 -9.4335E+01
0000755   3.4341E+02 -7.0425E+01  5.4422E+01
0000756   2.4129E+02  2.5438E+02 -1.3823E+02
0000757   4.5340E+02 -1.6815E+02  5.8232E+01
0000758   4.3828E+01  2.2845E+02 -6.2682E+01
0000759   2.7209E+02 -5.5683E+01 -2.6079E+02
0000760   3.9780E+02 -1.3181E+02  3.9457E+02
0000761   1.4501E+02 -1.4988E+02 -1.9063E+02
0000762   6.9011E+02 -1.7890E+02  9.0840E+01
0000763   3.0775E+01  5.3790E+01 -3.9452E+02
0000764   2.2646E+02  1.0066E+02  4.8558E+01
0000765   2.8777E+02 -2.5219E+02  5.7056E+01
0000766   4.8954E+02 -2.5424E+02  1.0023E+02
0000767   3.0842E+02  6.1240E+01  1.8024E+02
0000768   2.3302E+02 -7.2771E+01 -1.1936E+01
0000769   3.9827E+02  1.1947E+02 -1.9643E+02
0000770   3.5490E+02 -2.2496E+02  2.4482E+02
0000772   4.3515E+02  2.4848E+02  3.5959E+02
0000773   2.6810E+02  1.0829E+01 -7.7794E+01
0000774   4.0798E+02  2.8608E+02 -3.1845E+02
0000775   4.3880E+02 -2.0949E+01 -1.6180E+02
0000776   5.1275E+02 -3.0768E+02 -8.1877E+01
0000777   1.5712E+02 -1.0846E+02  6.3170E+01
0000778   3.3502E+02 -2.9779E+01  1.2261E+02
0000779   3.1942E+02 -3.3709E+02 -9.4955E+01
0000780   3.1400E+02  2.3159E+02  1.5375E+02
0000781   4.7688E+02  1.9662E+02 -1.3722E+02
0000782   7.7362E+02  1.8472E+02 -1.6364E+02
0000783   1.5721E+02  1.5315E+02 -1.3090E+02
0000784   4.1919E+02  2.1101E+02  1.2548E+02
0000785   3.8003E+02  1.1206E+02 -3.0581E+00
0000786   3.1336E+02  5.1939E+01  4.2039E+01
0000787   2.8237E+02  1.7343E+02  4.1611E+02
0000788   2.4824E+02 -1.0686E+01  1.0606E+02
0000789   4.0656E+02 -1.5061E+02  4.2952E+02
0000790   7.7141E+02  9.8301E+00  1.6922E+02
0000791   2.6835E+02  4.8788E+01 -6.0247E+01
0000792   4.8677E+02 -1.4433E+02  7.9713E+01
0000793   6.0137E+02  3.8879E+02 -1.6085E+02
0000794   1.7786E+02 -7.6933E+01 -1.8333E+01
0000795   3.1319E+02  2.1596E+02  3.3764E+02
0000796   1.5830E+02  2.0680E+02 -3.0322E+02
0000797   3.8299E+02 -1.0649E+02  3.4307E+02
0000798   3.8033E+02  6.3082E+02  4.6703E+00
0000799   3.8895E+01  8.2326E+01  1.1563E+02
0000800   2.9454E+02 -1.5831E+02 -6.9812E+01
0000801   4.2780E+02  2.5188E+02  6.5274E+01
0000802   1.5349E+02  2.0114E+02 -1.1369E+02
0000803   2.1468E+02 -1.8826E+01 -1.7457E+02
0000804   2.7712E+02  1.0003E+02 -4.0735E+01
0000805   5.7162E+02 -1.8193E+02  2.1655E+02
0000806   2.8976E+02  2.0309E+02 -8.8490E+00
0000807   3.9501E+02  4.3148E+02 -1.5125E+02
0000808   1.7430E+02 -1.6657E+02 -1.8705E+02
0000809   3.2727E+02 -3.9692E+02  1.0473E+01
0000810   2.4380E+02 -1.1851E+02 -1.7099E+02
0000811   8.6663E+01 -4.9494E+01  7.0706E+01
0000812   5.8001E+02  1.5132E+02 -1.5418E+02
0000813   3.5209E+02  1.3746E+02  2.5505E+02
0000814   7.3206E+02  1.6714E+02 -3.6455E+02
0000815   5.4967E+02  9.9704E+01  3.4049E+01
0000816   5.7641E+02 -2.5396E+02 -1.1385E+02
0000817   3.9603E+02  2.0425E+02  1.9806E+02
0000818   2.2571E+02 -4.3770E+01  5.1666E+01
0000819   3.1028E+02 -8.2122E+00  3.1508E+02
0000820   5.4666E+02  9.8412E+00 -2.3084E+02
0000821   3.4080E+02 -2.0576E+01 -2.2252E+02
0000822   1.8451E+02  1.7143E+01  2.0694E+02
0000823   4.6226E+02  1.9818E+02 -2.3181E+02
0000824   5.1486E+02 -2.9372E+02 -1.3347E+02
0000825   6.0581E+01 -2.2066E+02 -1.3248E+02
0000826   1.1677E+02 -1.1270E+02  2.2666E+02
0000827   4.3011E+02 -3.0567E+02 -7.6006E+01
0000828   3.8760E+02  5.1414E+02 -6.6023E+01
0000829   1.7884E+02  3.3449E+02  2.3907E+02
0000830   1.5609E+02 -1.2970E+01  9.8952E+01
0000831   5.4921E+02  1.1696E+02 -1.5562E+02
0000832   6.1317E+02  2.3536E+02  4.6527E+01
0000833   6.0826E+02 -1.4994E+02  1.6418E+02
0000834   2.7756E+02 -1.6769E+02  6.3805E+01
0000835   6.1451E+02 -6.7186E+01 -3.3783E+02
0000836   3.8055E+02  1.4470E+02  5.0802E+01
0000837   1.9083E+02  6.4652E+01  1.6747E+02
0000838   3.1827E+02 -1.8544E+02  9.5706E+01
0000839   4.6413E+02 -5.3887E+02 -9.2471E+01
0000840   3.8422E+02  6.0495E+02  4.7902E+02
0000841   7.0028E+02  1.4596E+02  1.7476E+02
0000842   3.4977E+02  2.4476E+02 -2.3700E+02
0000843   3.8024E+02  6.9556E+00  1.7588E+02
0000844   3.5115E+02 -5.2560E+02  2.0691E+02
0000845   1.9340E+02 -2.4799E+02 -1.8735E+02
0000846   2.2680E+02 -3.4969E+01  4.9692E+01
0000847   7.0874E+02  1.9381E+02 -1.9712E+01
0000848   3.9632E+02  2.9674E+02  4.4737E+01
0000849   5.3712E+01  2.8292E+02  2.1221E+02
0000850   8.4372E+02  1.1155E+02  3.1840E+02
0000851   7.8614E+01 -3.6645E+02  1.0609E+02
0000852   3.1818E+02 -2.2709E+02  1.2646E+02
0000853   3.0686E+02  4.3916E+01  1.6765E+02
0000854   5.5790E+02  2.8883E+02 -1.1188E+01
0000855   6.1666E+02  2.1837E+02 -7.0413E+01
0000856   4.2461E+02 -1.7667E+02 -4.8900E+02
0000857   5.1143E+02 -3.5189E+01  2.6741E+02
0000858   3.9426E+01 -2.5732E+01  6.9112E+01
0000859   5.8141E+02 -3.4538E+02 -2.5783E+01
0000860   3.6514E+02 -1.2632E+02  9.1708E+01
0000861   2.6445E+02 -1.3479E+01 -3.2837E+02
0000862   2.6128E+02  1.8514E+02 -2.1064E+02
0000863   2.6248E+02 -1.9611E+02  1.5548E+02
0000864   4.5458E+02 -9.4494E+00 -1.8672E+02
0000865   8.1658E+01 -1.0506E+02  1.6331E+02
0000866   2.7267E+02  2.6531E+00 -3.5275E+02
0000867   1.1423E+02  1.1865E+02  1.4689E+02
0000868   3.1814E+02  1.4010E+02 -2.7034E+02
0000869   3.4376E+02  1.7448E+02  2.3095E+02
0000870   3.1345E+02 -1.2156E+02 -2.9962E+02
0000871   4.4290E+02  1.3070E+02  9.1316E+01
0000872   3.2740E+02  4.0704E+02  1.1977E+02
0000873   2.3611E+02 -1.4060E+01 -5.3282E+02
0000874   2.7601E+01 -3.0932E+02 -4.1159E+02
0000875   1.9306E+02 -6.8330E+01  2.9574E+02
0000876   4.1781E+02 -1.1105E+02  1.3970E+02
0000877   3.9500E+02  3.9823E+02  4.0457E+01
0000878   2.2089E+02  1.9608E+02  1.8883E+02
0000879   2.1456E+02 -3.9107E+02 -2.6594E+02
0000880   5.7143E+02  2.3699E+02 -2.8357E+02
0000881   6.6353E+02 -3.3764E+02 -8.4664E+01
0000882   5.0488E+02 -6.4082E+01  2.3716E+02
0000883   6.4592E+02  3.3577E+02 -2.4908E+02
0000884   3.0368E+02  3.8023E+02  6.1842E+00
0000885   6.0235E+02 -2.2407E+02  4.0212E+01
0000886   5.9196E+02  3.3421E+02  2.8269E+02
0000887   5.8457E+02 -6.4611E+01 -3.2333E+01
0000888   3.8032E+02  1.0459E+02 -4.6542E+00
0000889   5.5495E+02  4.6564E+01 -2.4099E+02
0000890   3.0246E+02 -3.1618E+02  2.3651E+02
0000891   1.2003E+02 -1.2306E+02 -3.3468E+02
0000892   5.1064E+02 -1.8315E+00 -1.1348E+02
0000893   1.0547E+02  5.6048E+01 -1.0566E+00
0000894   2.4233E+02  1.0532E+02  1.5764E+02
0000895   6.7224E+02 -2.3498E+02 -3.3730E+02
0000897   3.2771E+02  2.0636E+02 -1.9510E+02
0000898   3.2781E+02  1.3542E+02 -6.2486E+01
0000899   3.4733E+02  2.1378E+02  4.5842E+01
0000900   1.7652E+02 -1.5498E+02  7.8705E+01
0000901   3.6088E+01 -4.1417E+02 -6.8126E+01
0000902   7.4696E+02  2.7887E+02  2.8159E+02
0000903   5.1717E+02  7.7104E+01  3.8334E+02
0000905   7.1633E+02  1.5982E+02  1.9738E+02
0000906   2.3466E+02 -5.7725E+00 -2.1943E+01
0000907   4.5742E+02 -1.3305E+02  2.7201E+02
0000908   4.1789E+02 -3.4687E+02 -2.9227E+02
0000909   6.2116E+02  1.6533E+02 -1.2802E+02
0000910   6.5454E+02 -6.5917E+00 -4.3022E+01
0000911   6.0971E+02  1.3357E+02 -2.4826E+02
0000912   3.5938E+02  2.0801E+02 -1.0958E+02
0000913   6.3497E+02  3.1800E+01 -3.9809E+01
0000914   3.6957E+02 -2.0754E+01  1.4219E+02
0000915   3.8632E+02 -1.7494E+02 -7.6439E+01
0000916   4.4006E+02  4.5336E+02  2.5518E+02
0000917   1.5550E+02 -4.7940E+02  1.0859E+02
0000918   1.1400E+02 -1.9845E+02  1.9296E+02
0000919   4.5361E+02  3.5354E+02  4.6428E+02
0000920   8.9321E+01 -3.2893E+02 -9.1377E+01
0000921   4.2207E+02  3.3967E+00  9.6309E+01
0000923   3.1054E+02 -5.8378E+02 -2.3356E+02
0000924   3.4628E+02 -1.4919E+02  3.5040E+01
0000925   6.1388E+02  1.7428E+02  1.1184E+02
0000926   2.1410E+02 -2.3566E+01 -2.4840E+02
0000927   8.5121E+01  1.1158E+02 -1.5675E+02
0000929   8.9479E+02 -2.1445E+02  5.2794E-01
0000930   5.2905E+02 -4.8352E+02 -6.0462E+01
0000931   6.7187E+02 -3.2771E+02  8.9286E+01
0000932   3.5517E+02  3.2403E+02  3.2902E+02
0000933   4.8796E+02  7.1836E+01 -2.5036E+02
0000934   5.8332E+02 -3.9378E+02 -2.4713E+02
0000935   4.7481E+02 -7.4028E+01 -6.7138E+01
0000936   8.9115E+01 -1.8998E+01 -4.2982E+01
0000937   4.2207E+02 -1.5947E+02 -5.5761E+00
0000939   3.4117E+02 -1.7956E+02  1.0700E+02
0000940   7.0489E+02 -2.2875E+02 -1.5710E+02
0000941   5.1453E+02  1.1638E+02 -4.1993E+00
0000942   3.6715E+02  5.3528E+02  3.7374E+02
0000943   3.4493E+02 -6.9541E+01 -1.9270E+02
0000944   3.9402E+02  1.0068E+02 -2.4147E+02
0000945   6.2066E+02 -1.7313E+02 -1.5968E+02
0000946   5.7084E+02 -4.5766E+02 -1.0014E+02
0000947   3.2569E+02 -2.5111E+02  4.5442E+02
0000948   4.7901E+02  2.2830E+02 -1.3772E+02
0000949   5.6423E+02  7.8386E+01 -1.8916E+02
0000950   4.6011E+02 -5.9141E+01  1.0889E+02
0000951   3.3580E+02  3.3738E+02  1.6974E+02
0000952   3.3928E+02 -3.7616E+02 -6.0944E+01
0000953   3.5385E+02  2.0950E+02  2.3664E+02
0000954   4.6997E+02 -5.3871E+01  2.5522E+02
0000955   2.9213E+02 -2.0167E+02  7.4744E+01
0000956   1.2345E+02  2.4088E+01 -1.5055E+02
0000957   2.7485E+02 -1.6676E+02  1.5544E+02
0000958   3.8540E+02 -1.3082E+02 -3.2347E+02
0000959   5.7065E+02  9.1660E+00 -1.7979E+02
0000960   2.9592E+02  3.2973E+02  4.9674E+01
0000961   1.5500E+02 -4.4377E+02 -1.6750E+02
0000962   5.2785E+02 -9.9395E+01 -3.6284E+01
0000963   6.4433E+02  2.5826E+01  4.0582E+02
0000964   1.8821E+02  9.0864E+01  1.3257E+02
0000965   2.8925E+02 -8.8192E+01 -1.0140E+02
0000966   2.0338E+02  2.4995E+02 -1.6994E+02
0000967   4.0772E+02 -9.5005E+00  1.5613E+02
0000968   8.5476E+01  1.6902E+01 -8.4595E+01
0000969   5.5653E+02  1.2912E+02 -1.5218E+02
0000970   3.5796E+02 -1.1495E+02 -8.3498E+01
0000971   1.0841E+02 -1.0321E+02  3.5274E+02
0000972   4.8337E+02  1.4525E+02  1.0027E+02
0000974   1.7690E+02  2.9946E+01 -7.0063E+01
0000975   3.3586E+02 -1.1532E+02  1.1697E+02
0000976   4.5590E+02 -2.8895E+02  4.8552E+01
0000977   2.3471E+02  2.1767E+02  5.6654E+01
0000978   2.2091E+02  1.1512E+02 -1.4474E+02
0000979   4.6715E+02  1.5081E+02  1.6115E+02
0000980   1.5198E+02 -8.4862E+01 -9.4833E+01
0000981   3.3026E+02 -1.8376E+02 -6.9942E+01
0000982   3.6010E+01  2.7571E+01  1.0416E+02
0000983   1.4713E+02 -1.1268E+01  3.3419E+01
0000985   3.1935E+02 -1.5919E+02  2.8818E+02
0000986   1.8393E+02 -1.4176E+02  6.7362E+01
0000987   7.1955E+02 -1.4194E+02  3.0472E+02
0000988   6.1037E+01 -3.5913E+02  1.0928E+01
0000989   4.7656E+02  3.1670E+02  7.5368E+01
0000990   5.1359E+02 -5.3821E+01  7.8709E+01
0000991   1.9028E+02  7.6466E+01 -3.4038E+02
0000992   6.0607E+02 -1.6151E+02 -1.9118E+02
0000993   8.2080E+02  8.2205E+01 -2.1790E+02
0000994   4.3080E+01  4.0878E+02  9.5727E+01
0000995   4.8586E+02  3.0531E+02  1.1728E+01
0000996   4.1937E+02  2.7125E+02  7.4670E+01
0000997   1.4285E+02  4.3177E+02  1.0015E+02
0000998   4.5735E+02  1.6302E+02  1.5811E+02
0000999   4.1041E+02 -5.0241E+02  5.0298E+02
0001000   3.5512E+02  2.3105E+01  7.4698E+01
