============================== SRIM-2013.00 ==============================
==============================================================================
====== SRIM Outputs\RANGE_3D.txt : File of Final Ion Positions =====

Ion =  F (09)   Ion Mass= 018.9984
Energy  = 4000000.E-05 keV
Ion Angle to Surface = 00.0 degrees
==================== TARGET =======================
  Layer # 1 - None
  Layer # 1 - Bottom Depth=500000.E-01 A
  Layer # 1 - Density =0007.8700 g/cm3
  Layer # 1 -  100 % of Fe
様様様様様様様様様様様様様様様様様様様様様様様様様様
                                            
Ion       Depth  X   Lateral Y   Lateral Z  
Number    (Angstrom) (Angstrom)  (Angstrom) 
-------  ----------- ----------- -----------
0000001   6.9541E+02  1.3205E+02 -1.3433E+02
0000002   4.6475E+02 -1.0953E+02 -1.2932E+02
0000003   5.2917E+02 -3.7858E+02 -7.1438E+00
0000004   3.2884E+02  3.2731E+02 -2.4854E+02
0000005   2.2303E+02  2.5136E+01 -3.3108E+02
0000006   4.4679E+02 -2.9602E+00  1.0209E+02
0000007   3.3699E+02 -1.1701E+01  6.3272E+01
0000008   2.0632E+02 -1.0144E+02 -2.1980E+02
0000009   5.3082E+02  3.2376E+02 -1.1138E+02
0000010   4.7247E+02 -4.1129E+01  7.4830E+01
0000011   1.6073E+02 -2.2302E+02 -1.0079E+02
0000012   4.9677E+02 -2.8252E+02 -2.7880E+02
0000013   2.3467E+02 -1.7137E+01  2.4718E+01
0000014   1.3828E+02 -1.3021E+02 -6.3819E+01
0000015   5.6155E+02 -6.4757E+01  3.1809E+02
0000016   4.9785E+02  5.5928E+01 -2.1171E+02
0000017   3.3160E+02 -6.1927E+01 -1.2275E+02
0000018   7.0352E+02 -9.2319E+01 -3.0512E+02
0000019   4.1312E+02 -1.2195E+02  3.4804E+02
0000020   4.3533E+02 -8.3404E+00 -2.2112E+02
0000021   4.5185E+02  6.3671E+01 -3.6276E+00
0000022   6.1982E+02 -6.2956E+01 -2.9500E+01
0000023   5.9822E+02 -2.7618E+02  3.8090E+01
0000024   5.4984E+02  3.3307E+02 -1.8166E+02
0000025   3.6041E+02  3.8377E+02  2.5337E+02
0000026   6.3240E+02 -9.0277E+01 -5.8884E+02
0000027   4.2247E+02  9.1563E+00  4.0357E+02
0000028   9.5452E+01 -2.7248E+02  1.3279E+02
0000029   5.5234E+02 -3.5839E+02  2.4872E+01
0000030   4.7542E+02  5.5228E+02  1.0810E+02
0000031   3.3213E+02  4.1854E+01  2.5487E+02
0000032   6.9434E+02  4.1934E+02  2.5496E+02
0000033   6.7502E+02  2.4573E+02  1.0096E+02
0000034   8.0317E+02 -3.2108E+02  2.8261E+02
0000035   3.8371E+02 -7.6788E+01 -2.6522E+02
0000036   3.5652E+02  2.9774E+02 -1.5774E+01
0000037   1.9735E+02  3.6202E-01 -1.2785E+01
0000038   4.2388E+02  5.8193E+02 -1.2041E+02
0000039   3.3809E+02  3.4033E+02 -1.3786E+02
0000040   5.6946E+02 -5.7664E+00  4.3138E+01
0000041   5.4631E+02  2.9903E+02 -2.8902E+02
0000042   5.0969E+02  4.0244E+02  1.0278E+02
0000043   4.1159E+02  9.0288E+01 -3.2712E+02
0000044   6.7825E+02 -3.2769E+02 -4.1075E+02
0000045   3.7327E+02 -6.4711E+01  5.9496E+02
0000046   6.5580E+02  1.6620E+02  4.1181E+02
0000047   2.2747E+02  1.6044E+02  1.8520E+02
0000049   4.3797E+02  1.9750E+01  7.8290E+01
0000050   5.0599E+02  2.6632E+02 -8.0355E+01
0000051   8.2705E+01  2.7081E+02  1.8984E+02
0000052   4.5224E+02 -3.3676E+01 -6.3093E+01
0000054   3.9230E+02 -6.6209E+01 -9.5066E+01
0000055   3.8121E+02 -2.5730E+02  1.7744E+02
0000056   6.2535E+02  1.2605E+02 -1.9159E+01
0000057   6.0789E+02  5.2659E+01 -3.2436E+02
0000058   3.0483E+02  2.7314E+02 -3.5982E+02
0000059   3.3184E+02  9.8624E+01 -9.9724E+01
0000061   3.1231E+02  9.7065E+01  1.5173E+02
0000062   5.0247E+02  1.6328E+02  4.3753E+02
0000063   1.6835E+02  2.5517E+02  2.9033E+02
0000064   3.4377E+02 -1.6182E+02 -5.3108E+01
0000066   5.9050E+02  4.7758E+02 -4.7045E+01
0000067   1.6169E+02 -1.5035E+02 -1.1190E+02
0000068   1.0354E+02 -7.5017E+01 -1.8328E+02
0000069   5.3728E+02  2.3954E+02 -1.2128E+02
0000070   6.0212E+02 -7.3454E+01  1.3702E+02
0000071   4.6391E+02  2.4636E+02  9.2181E+01
0000072   6.0175E+02 -5.8840E+02  3.6737E+02
0000073   3.6906E+02  2.3539E+02  4.4275E+02
0000074   6.7180E+02  2.9657E+02  1.2418E+02
0000075   4.7748E+02  3.3960E+02  9.3719E+00
0000076   7.0387E+01 -2.3416E+01 -8.2512E+01
0000077   7.5813E+02  2.9582E+02  1.2602E+02
0000078   5.3314E+02  2.3547E+01  1.0201E+02
0000079   1.3186E+02 -6.8666E+01 -2.4377E+02
0000080   3.1386E+02 -4.1834E+01  1.7453E+02
0000083   7.5909E+02 -1.1665E+02 -3.3193E+02
0000084   4.5741E+02 -2.2996E+02  3.5447E+02
0000085   3.0698E+02  2.6863E+01  2.5190E+02
0000086   2.0144E+02 -5.9450E+01  4.5614E+02
0000087   2.5917E+02  1.0408E+02  2.2628E+02
0000088   6.6264E+02  2.3971E+02  1.4855E+02
0000089   2.7963E+02 -1.9146E+02 -1.9973E+02
0000090   2.3979E+02 -1.1604E+02  2.3869E+01
0000091   2.3383E+01  3.0047E+02  2.4534E+02
0000092   4.2368E+02  1.4618E+02  3.9428E+01
0000093   3.4854E+02 -4.1021E+02  8.2986E+01
0000094   2.1037E+02  1.4732E+02  8.3574E+01
0000095   8.1802E+02  6.8492E+01 -1.4919E+02
0000096   4.6737E+02 -1.2242E+02 -8.7639E+01
0000097   3.6782E+02  1.1150E+02  3.4856E+02
0000098   3.1358E+02 -5.5789E+01  2.7008E+02
0000099   4.2897E+02 -1.2731E+02 -2.5927E+01
0000100   9.1246E+02  1.0633E+02  1.2052E+01
0000101   7.8668E+02  5.4216E+02  1.8838E+02
0000103   2.2146E+02  5.9418E+00 -4.6353E+00
0000104   2.3844E+02 -9.8558E+01  2.9625E+01
0000105   2.2784E+02 -3.3393E+02 -1.0970E+02
0000106   4.8971E+02 -3.7814E+02 -8.6453E+01
0000108   1.8175E+02  1.3493E+01  1.3300E+00
0000109   7.2311E+01  2.6882E+02 -2.1537E+02
0000111   4.1804E+01  8.8468E+01  2.9291E+02
0000112   5.8890E+02  9.0260E+01 -1.6035E+02
0000114   5.2988E+02 -1.0734E+02 -1.9926E+01
0000115   5.1480E+02 -1.8067E+02  2.1013E+02
0000116   1.2916E+02  1.3227E+02  6.1862E+01
0000117   5.7765E+02 -1.0709E+02 -3.3830E+02
0000118   4.4614E+02  1.3512E+01 -2.0613E+02
0000119   8.5866E+02 -1.0028E+02  4.1962E+01
0000120   5.7881E+01  7.8531E+01 -8.0587E+01
0000121   4.7529E+02  1.4979E+02 -1.8397E+02
0000122   2.6440E+02  1.4656E+01  2.9570E+01
0000123   3.1607E+02  1.3615E+02 -1.8515E+02
0000124   1.8675E+01 -3.2314E+02  3.4026E+01
0000125   5.5614E+02 -2.1086E+02 -2.4741E+02
0000126   3.9524E+02 -1.9800E+02 -9.0632E+01
0000127   4.4342E+02  9.4426E+01 -1.7055E+02
0000128   3.7015E+02 -5.6418E+02 -2.6488E+02
0000129   5.1795E+02  5.4250E+01  6.8260E+01
0000130   1.2428E+02  3.2335E+02  2.9360E+02
0000131   4.3188E+02  2.0752E+01  3.0193E+01
0000132   5.8982E+02  4.6977E+01  2.6461E+01
0000133   6.0300E+02 -8.5191E+01  1.0975E+02
0000134   3.6342E+02  1.1371E+02 -2.2865E+02
0000136   3.4656E+02 -3.0265E+02  3.8024E+02
0000137   3.0889E+02  2.4497E+01  6.3587E+01
0000138   2.5357E+02 -4.5865E+01  1.6445E+02
0000139   1.3442E+02  9.2281E+01 -6.2871E+01
0000140   5.6362E+02  1.8315E+02 -2.1219E+02
0000141   2.4164E+02  4.0016E+02  1.6620E+02
0000142   1.2194E+02  2.2143E+02  3.6214E+02
0000144   3.4394E+02  1.4516E+02 -1.5826E+02
0000145   1.4764E+02 -3.4803E+02 -3.1633E+02
0000146   6.2747E+02  1.3920E+02 -1.6747E+02
0000147   3.9460E+02  2.7107E+02  1.7364E+02
0000148   6.4310E+02  3.9084E+01 -2.5650E+02
0000149   5.9697E+02 -1.4846E+02 -1.0812E+02
0000150   5.9085E+02 -8.0841E+01  4.4617E+02
0000151   2.3969E+02  2.9531E+02 -1.7904E+02
0000152   1.4530E+02  1.2955E+02  1.0617E+02
0000153   4.6806E+02  7.4688E+01 -1.0622E+02
0000154   2.5868E+02 -2.7055E+02 -1.0579E+02
0000155   3.3529E+02 -2.5702E+02  4.1461E+02
0000156   4.4293E+02  1.8085E+02  1.5649E+02
0000157   4.2844E+02  2.3564E+01 -3.4471E+02
0000158   1.9063E+02 -3.2021E+02  1.6111E+02
0000159   4.5949E+02  6.4025E+01  1.3200E+02
0000160   2.1481E+02  3.0093E+02  4.5864E+02
0000161   2.1941E+02  2.3253E+02  9.8383E+01
0000162   5.7487E+02  2.7168E+01  3.1028E+00
0000163   2.3628E+02  2.0557E+01  1.8669E+02
0000164   4.7640E+02 -1.6495E+02 -1.5845E+02
0000165   3.3276E+02 -1.1203E+02  1.8961E+02
0000166   7.7966E+01  1.5144E+02  8.8629E+01
0000167   3.0967E+02  7.7440E+01  1.3240E+02
0000168   5.2974E+02  1.7593E+01 -4.3880E+02
0000169   4.4050E+02 -3.9254E+02 -1.7272E+02
0000171   4.0419E+02 -3.3389E+02 -8.2558E+01
0000172   2.2917E+02 -3.8847E+01 -3.2079E+02
0000173   3.2595E+02 -2.0506E+01  2.1007E+02
0000174   6.1449E+02 -7.0586E+01 -6.8443E+01
0000175   5.8364E+02  1.0609E+01 -4.0347E+01
0000176   2.3074E+02 -1.2909E+02 -4.7447E+01
0000177   3.2826E+02  3.2226E+01 -1.4841E+01
0000178   2.7552E+02 -2.0754E+02 -2.8555E+02
0000179   5.9609E+02  6.0809E+01  1.2461E+01
0000180   4.9580E+02 -3.7978E+02  4.3089E+02
0000181   6.1883E+02  7.4112E+01  1.1050E+02
0000182   8.7939E+02 -3.4774E+01 -1.6152E+02
0000183   8.6628E+01 -2.8091E+02 -1.3604E+02
0000184   4.7283E+02 -2.5652E+02  4.4855E+01
0000185   4.6456E+02  2.9320E+02 -8.2980E+01
0000186   1.5348E+02 -1.1366E+02  7.1349E+01
0000187   6.6796E+02  3.8353E+01 -2.8326E+02
0000188   1.6289E+02  1.8521E+02 -3.9901E+01
0000189   2.1226E+02  3.4769E+02 -7.8513E+01
0000190   4.7668E+02 -6.8001E+01 -1.5191E+02
0000191   5.0033E+02  1.9871E+01 -6.0586E+01
0000192   6.9073E+02 -5.0219E+01 -3.5214E+01
0000193   3.7751E+02  9.5439E+01 -9.6561E+01
0000194   4.8080E+02  1.4288E+02  6.8267E+01
0000195   4.1225E+02  1.1680E+02 -1.1611E+02
0000196   5.0745E+02 -2.3024E+02 -3.7823E+02
0000197   5.1417E+02  2.6986E+02 -6.8286E+01
0000198   1.6682E+02 -2.8167E+01 -6.1615E+01
0000199   4.0910E+02 -2.2570E+02  4.3297E+02
0000200   4.8230E+02 -6.0161E+01 -3.6799E+01
0000201   8.0423E+01 -1.9380E+01  8.3709E+01
0000202   2.0673E+02  2.4704E+02  5.7948E+02
0000203   5.2597E+01 -3.5504E+02 -7.3528E+01
0000204   2.6955E+02 -1.0659E+02 -1.1123E+02
0000205   4.0650E+02 -2.0508E+02 -1.2405E+02
0000206   9.3026E+01 -1.5508E+02 -2.6100E+02
0000207   5.6027E+02  1.5598E+02 -6.2885E+01
0000208   2.9078E+02 -3.1628E+02 -4.9954E+01
0000209   4.7823E+02 -3.4772E+02  3.9908E+01
0000211   5.0871E+02 -2.6123E+02  1.9575E+02
0000212   4.6421E+02  2.9889E+02  1.1972E+01
0000213   4.0207E+02 -1.1432E+02 -3.6098E+02
0000214   1.8958E+02  3.9870E+01 -1.6470E+02
0000215   5.6340E+02 -2.2525E+02  5.1329E+01
0000216   2.5032E+02 -3.2942E+00 -2.0642E+02
0000217   3.9103E+02  6.4742E+01 -3.2746E+01
0000218   4.1422E+02  1.0869E+02 -1.6178E+02
0000219   5.7034E+02 -3.4479E+02 -1.8255E+02
0000220   4.8992E+02 -1.0412E+02  5.1375E+02
0000221   3.7283E+02 -1.1395E+02 -1.1263E+02
0000222   7.7809E+02  3.9180E+01  4.1705E+01
0000223   8.1979E+02  1.8614E+02  5.4216E+01
0000224   1.6517E+02  8.4784E+01 -2.4639E+02
0000225   4.1571E+02  1.7323E+02  1.7693E+02
0000226   2.7225E+02  1.6533E+02 -1.4446E+02
0000227   5.1628E+02  2.3542E+02 -2.9103E+02
0000228   6.9430E+02 -5.4650E+01  2.3740E+01
0000229   6.4576E+02 -1.8886E+02 -2.6647E+01
0000230   5.3785E+02  2.6325E+02  1.3236E+02
0000231   4.3705E+02  2.8305E+01 -1.5617E+02
0000232   5.2917E+02 -1.4809E+02  2.4374E+02
0000233   4.1138E+02 -1.0767E+01  2.3782E+02
0000234   6.2731E+02 -4.1478E+02 -4.0603E+01
0000235   2.6329E+02 -1.2037E+02 -1.0579E+02
0000236   2.7834E+02  6.1897E+00 -6.8108E+01
0000237   6.9104E+02  3.5176E+02 -3.2885E+02
0000238   3.6493E+02  3.8698E+02  2.9816E+02
0000239   6.3192E+01  4.2737E+02  3.5864E+02
0000240   5.6971E+02  9.2847E+01  1.2068E+02
0000241   3.5243E+02 -3.2222E+02  1.2973E+01
0000242   1.2035E+02 -2.3133E+01 -1.5718E+01
0000243   1.4129E+02 -1.2107E+02  1.8165E+01
0000244   8.7455E+02 -1.7491E+02  3.5935E+02
0000245   4.0641E+02 -3.0218E+00 -5.5521E+01
0000246   5.2110E+02  8.5893E+01  1.6643E+02
0000247   7.9929E+02  1.6379E+02 -1.9036E+02
0000248   6.5713E+02  6.8807E+01  2.8338E+02
0000249   2.3640E+02  2.0436E+01  1.9492E+02
0000250   2.6626E+02 -3.7196E+02  2.1059E+02
0000251   3.9466E+02  1.7761E+02 -1.4640E+02
0000252   5.4626E+02 -2.8597E+02  4.2324E+01
0000253   9.8396E+01 -1.5327E+02  1.2169E+01
0000254   4.1970E+02 -3.6638E+02  1.3243E+02
0000255   1.1205E+02  6.3385E+02  9.2854E+01
0000256   4.2236E+02 -2.7139E+01  3.5618E+02
0000257   1.2784E+02 -4.8002E+01 -2.1073E+02
0000259   3.7172E+02  2.8873E+02  2.9440E+02
0000260   2.2950E+02 -1.9904E+02 -1.3933E+01
0000261   2.3212E+02  2.2996E+02 -2.1253E+01
0000262   9.5159E+01 -1.3155E+01  2.3818E+02
0000263   6.0367E+02  2.0577E+01  1.2759E+02
0000264   4.5435E+02 -3.7290E+01  1.9719E+02
0000265   4.6340E+02  2.2813E+02 -4.1149E+01
0000266   5.7492E+02 -1.5559E+02  6.3477E+01
0000267   5.2644E+02  3.3711E+01 -1.3361E+02
0000268   1.0715E+02 -2.1070E+02  4.2441E+01
0000269   5.6082E+02  3.8625E+02  3.1236E+02
0000270   6.7889E+01 -1.6286E+02 -9.0788E+01
0000271   4.1674E+02 -2.1294E+02  6.7573E+01
0000272   5.8667E+02 -2.1405E+02 -1.7594E+01
0000273   3.4289E+02 -2.1995E+02  4.0785E+01
0000274   4.2780E+02 -2.4458E+02  9.0934E+01
0000275   3.7972E+02 -2.6248E+02 -8.6235E+01
0000276   4.8847E+02 -3.8838E+01 -1.4912E+02
0000277   2.2315E+02 -1.7958E+02 -2.1042E+02
0000278   2.1534E+02  9.5897E+01 -2.4242E+02
0000279   6.4490E+02 -2.1324E+02 -1.3370E+02
0000280   5.8217E+02  4.2917E+01 -3.0712E+01
0000281   5.0339E+02 -3.1170E+01 -4.6482E+02
0000282   5.5230E+02  5.8514E+02 -1.8656E+02
0000283   3.9558E+02  1.1531E+02  2.6626E+02
0000284   1.8873E+02 -2.1792E+02 -3.7501E+02
0000285   2.2206E+02  1.6533E+02 -2.2219E+02
0000286   5.1033E+02  5.8405E+01  8.5861E+01
0000287   5.2678E+02 -4.8721E+02 -1.5192E+02
0000288   6.5570E+02  1.0349E+02  2.7836E+02
0000289   2.3674E+02  4.1732E+00 -2.1543E+02
0000290   2.0749E+02 -1.8109E+02  2.9334E+02
0000291   5.1050E+02 -2.8081E+01  2.6361E+01
0000292   2.5835E+02  3.2840E+02  1.1783E+02
0000293   5.1222E+02 -3.9005E+02  7.8044E+01
0000294   4.8927E+02 -5.0890E+02 -2.7933E+02
0000295   2.8343E+02 -9.6706E+01  1.5939E+02
0000296   3.7226E+02  1.6114E+01  5.6652E+01
0000297   2.1975E+02  2.0735E+02 -1.5772E+02
0000298   5.6699E+02 -1.2583E+02  2.7148E+02
0000299   6.0952E+02  2.4750E+02 -1.1390E+01
0000300   6.0270E+02 -1.0381E+02 -3.3053E+02
0000301   3.0637E+02 -3.7835E+01  6.8716E+01
0000302   3.1930E+02  4.5688E+01 -7.1406E+00
0000303   1.4095E+02 -8.8925E+01  2.0701E+02
0000305   7.8712E+02  1.6210E+02 -2.4923E+02
0000306   1.2921E+02 -1.8613E+00  1.4609E+02
0000307   4.9412E+02  4.5820E+02  1.1426E+02
0000308   3.2170E+02  2.8453E+02 -3.1404E+02
0000309   3.6130E+02 -2.8214E+02  1.7010E+02
0000310   2.7891E+02  5.4721E+00  5.4862E+02
0000311   4.5054E+02  3.2962E+02  3.5048E+02
0000312   1.4524E+02 -2.2428E+01  5.3321E+01
0000314   4.1645E+02  5.0038E+00 -3.1201E+02
0000315   1.6168E+02  2.2104E+02 -3.9534E+01
0000316   3.8473E+02 -3.7780E+02 -5.4735E+02
0000317   2.1012E+02 -4.3238E+02 -1.2979E+02
0000318   2.5338E+02 -7.4061E+01 -2.5183E+02
0000319   2.5457E+02  1.2649E+02  2.7596E+02
0000320   4.8342E+02  3.1900E+02  2.3461E+02
0000321   3.4897E+02 -1.2453E+02  1.9298E+01
0000322   1.9950E+02  9.2786E+01  6.4377E+01
0000323   7.3162E+02 -1.1731E+02  6.6610E+01
0000324   6.3668E+01  1.3469E+02 -7.9704E+01
0000325   4.6673E+02 -5.7802E+02  1.3905E+02
0000326   5.7698E+02 -2.0395E+02  1.3992E+02
0000327   6.6931E+02 -1.1837E+02  4.0999E+02
0000328   2.1993E+02 -9.5398E+01  1.9075E+02
0000329   3.7867E+02  3.9965E+01  9.7764E+01
0000330   6.9189E+01 -4.1711E+01  3.9190E+02
0000331   4.6661E+02  2.7166E+01 -2.1504E+01
0000332   7.5513E+02 -3.0398E+01 -1.0317E+02
0000333   5.3335E+02  8.3067E+01  3.5698E+02
0000334   2.6195E+02  1.1922E+02 -5.0912E+01
0000335   3.0020E+02  1.8806E+02 -1.7156E+02
0000336   2.3176E+02 -4.1127E+02 -3.5949E+02
0000337   4.9059E+02  8.1591E+01  8.2376E+00
0000338   3.3223E+02 -2.8450E+02 -3.8733E+01
0000339   3.5323E+02  2.6519E+02 -1.6175E+02
0000340   5.1082E+02 -2.2969E+02  2.5126E+02
0000341   2.3106E+02  1.5704E+02  4.2849E+01
0000342   3.5622E+02 -1.1832E+02 -1.6024E+02
0000343   2.3695E+02 -2.7855E+01  1.8025E+02
0000344   5.2626E+02  7.6814E+01  2.0092E+01
0000345   1.8184E+02 -4.3618E+02  3.2565E+02
0000346   2.4101E+02 -1.9623E+02 -1.1835E+02
0000347   4.3355E+02 -1.2823E+02  4.5827E+02
0000348   3.2040E+02 -6.6314E+01  2.7487E+02
0000349   5.4620E+02 -1.4599E+02  3.3562E+01
0000350   1.7430E+02 -1.3080E+00  2.8380E+02
0000351   6.1218E+02  8.5322E+01 -3.2755E+01
0000352   3.5847E+02 -3.3103E+01 -1.9002E+02
0000353   1.1144E+02 -1.4665E+02 -4.7728E+01
0000354   4.6812E+02 -9.1501E+01  2.4853E+02
0000355   7.9391E+02 -2.3235E+01 -6.4389E+01
0000356   1.1761E+02  1.3941E+01 -1.0941E+01
0000357   4.2698E+02 -9.2608E+01  1.1911E+02
0000358   5.7729E+02  8.6853E+01  1.1648E+02
0000359   1.0813E+02 -2.9659E+02 -4.0783E+01
0000360   6.6158E+02  1.6232E+02  5.7327E+02
0000361   2.7272E+02  1.7489E+02  1.2510E+02
0000362   2.4970E+02  1.0882E+02 -1.7781E+02
0000363   3.9195E+02 -2.1014E+02  4.0301E+02
0000364   1.5894E+02 -1.5310E+02  1.9696E+02
0000365   3.5836E+02 -5.1716E+02  4.6239E+00
0000366   3.8107E+02  1.3655E+01 -2.2607E+01
0000367   4.5947E+02 -1.3862E+02  1.3740E+02
0000368   7.2516E+01 -3.4764E+02 -3.6487E+02
0000369   4.6096E+02 -6.2989E+01  9.1561E+01
0000370   1.8155E+02 -2.6671E+01  2.1643E+02
0000372   3.5886E+02  4.2687E+02  2.7404E+02
0000373   4.1527E+02  2.4037E+02 -2.3643E+02
0000374   6.7082E+02  6.1953E+01 -9.5275E+00
0000376   7.1063E+02 -1.8512E+02  1.0714E+01
0000377   4.8740E+02 -6.7405E+01  2.5022E+02
0000378   2.1616E+02 -9.0506E+00  9.4214E+01
0000379   4.5596E+02 -5.7852E+02  5.9400E+01
0000380   2.8750E+02 -2.4832E+02 -1.5470E+02
0000381   2.2653E+02  1.2437E+02  2.3563E+02
0000382   3.4441E+02  6.5764E+01 -3.3726E+02
0000383   5.0709E+02 -1.1141E+02  3.0741E+02
0000384   1.4408E+02 -1.4321E+02 -4.1390E+02
0000385   5.1508E+02 -3.6123E+02  1.6910E+02
0000386   3.8619E+02 -9.7841E+01 -4.6087E+01
0000387   6.5319E+02  1.2702E+02 -2.1654E+02
0000389   3.2774E+02 -1.6072E+02  2.2317E+02
0000390   4.4197E+02  1.6683E+00 -4.2971E+01
0000391   5.2343E+02  1.3239E+01 -1.1978E+02
0000392   4.5855E+02 -4.4505E+01  6.8508E+01
0000394   3.6462E+02  1.1981E+02  4.3422E+01
0000395   5.1633E+02 -4.2015E+02  3.6908E+02
0000396   3.6970E+02 -2.9301E+02  4.1999E+02
0000397   3.2377E+02  1.1303E+02 -8.2349E+01
0000398   1.2052E+02  3.4010E+01 -2.6788E+02
0000399   5.4151E+02  2.9081E+01  3.0157E+02
0000400   3.0654E+02  8.6357E+01  3.9704E+02
0000401   4.5488E+02 -6.3182E+01 -8.6771E+00
0000402   1.1822E+02  5.4679E+01 -1.0894E+02
0000403   3.3041E+02 -3.9793E+01  1.5228E+02
0000404   5.6986E+02  1.3063E+02  3.0308E+02
0000405   3.1072E+02 -4.6523E+01 -5.4821E+02
0000406   4.1972E+02  4.8711E+01  2.7716E+01
0000407   1.9311E+02  2.7799E+02  1.6789E+02
0000408   4.7331E+02  9.4401E+00 -1.4992E+02
0000409   3.9225E+02 -1.1189E+02  3.6620E+01
0000410   5.4228E+02  2.0645E+02 -3.0553E+02
0000411   4.2138E+02 -1.1277E+02 -5.7529E+01
0000412   2.0372E+02  1.2611E+01  6.7772E+01
0000413   1.0012E+02 -7.1407E+01 -7.3944E+00
0000414   5.0037E+02  2.0059E+01 -2.7374E+01
0000415   9.9733E+01 -8.0178E+01 -1.4565E+02
0000416   3.4308E+02  2.4140E+01 -2.8709E+01
0000417   6.1392E+02  1.7697E+02 -1.9530E+02
0000418   3.0269E+02 -1.6964E+02 -4.9365E+01
0000419   4.0484E+02  4.0733E+02 -2.7353E+02
0000420   3.2318E+02 -2.1311E+02  2.4007E+02
0000421   7.2480E+01  3.6555E+01  1.1636E+02
0000422   4.0410E+02 -5.8436E+01  1.8456E+02
0000423   1.6061E+02  1.8890E+02  2.7142E+02
0000424   4.9201E+02 -3.2418E+02 -4.5380E+02
0000425   5.6298E+02 -9.6994E+01  4.2909E+02
0000426   7.9916E+02  2.7936E+02 -1.2095E+02
0000427   1.5586E+02  2.5719E+02 -2.6063E+02
0000428   4.4441E+02 -3.6565E+02 -2.4036E+02
0000429   3.4779E+02  1.5058E+02  2.4735E+02
0000430   3.2998E+02 -6.3023E+01  5.8637E+01
0000431   6.1877E+02 -1.3942E+02 -9.5949E+01
0000432   2.2595E+02  3.4215E+02  4.2985E+01
0000433   6.3662E+02  2.3277E+02  8.9175E+01
0000434   2.5074E+02 -9.8237E+01  2.9310E+02
0000435   2.9741E+02 -6.0805E+01 -1.4856E+02
0000436   5.3607E+01  4.0259E+02  2.6230E+01
0000437   3.8289E+02 -3.3520E+02 -2.2118E+02
0000438   7.2825E+02  1.0163E+02  2.0529E+01
0000439   5.2276E+02  2.6720E+02  3.5632E+01
0000440   6.3294E+02 -2.3187E+01  2.0481E+02
0000442   5.5122E+02 -9.6888E+01  1.3499E+02
0000443   3.0855E+02  2.0413E+02  4.7997E+01
0000444   6.3174E+02 -1.6185E+02  2.2775E+02
0000445   7.1650E+02 -3.5566E+02 -1.2969E+01
0000446   5.3924E+02  3.4836E+01  2.5195E+02
0000447   5.5311E+02  2.3897E+01  1.5044E+02
0000448   4.4488E+02  6.5603E+01 -8.1465E+01
0000449   6.5236E+02  5.2794E+01 -1.8162E+02
0000450   6.1480E+02 -4.6756E+02  6.7615E+01
0000451   4.2646E+02  2.5647E+02  5.3523E+02
0000452   1.1801E+02 -1.5325E+02  1.8707E+02
0000453   1.7231E+02 -3.5058E+01  2.7553E+01
0000454   1.2616E+02  4.6389E+01 -1.8871E+02
0000455   3.2772E+02 -2.4448E+01  7.6122E+01
0000456   1.1277E+01  1.8039E+02 -2.7890E+02
0000457   4.8479E+02 -6.5897E+02 -9.9428E+01
0000458   3.0756E+02  1.8697E+02  1.2443E+02
0000459   5.7715E+02  2.0329E+02  3.3745E+02
0000460   8.4225E+01  4.6250E+00 -1.7951E+02
0000461   1.4426E+02  2.6324E+02  1.7920E+02
0000462   3.7617E+02  2.2557E+02 -1.3849E+02
0000463   2.8190E+02  2.6676E+02 -1.6600E+02
0000464   2.2423E+02  1.5134E+02  1.4197E+02
0000465   8.0607E+02  3.0053E+02 -1.3934E+02
0000466   5.7877E+02  1.6174E+01 -1.1984E+02
0000468   2.1518E+02  2.6972E+02  7.5964E+01
0000469   2.8613E+02 -2.7778E+01  1.8001E+02
0000470   8.1671E+02  3.6583E+02  3.9656E+02
0000471   4.3791E+02  3.1471E+02 -2.9266E+02
0000472   2.6745E+02  3.0981E+01  5.0655E+02
0000473   4.6616E+02  1.8710E+01  6.4954E+01
0000474   3.5634E+02 -2.1553E+02 -1.5148E+02
0000475   5.6588E+02  1.2410E+01  2.4670E+02
0000476   2.1155E+02 -1.6560E+02  1.9614E+00
0000477   5.6471E+02 -2.1832E+02  2.7992E+02
0000478   1.9197E+02 -6.0318E+01 -3.9755E+01
0000480   3.5202E+02 -4.7609E+01 -1.6690E+02
0000483   3.6179E+02 -4.6028E+02  8.4079E+01
0000484   3.9969E+02  9.2019E+01 -5.1609E+00
0000485   5.8831E+02 -2.5940E+02  2.9260E+02
0000487   4.2215E+02  1.8494E+01 -3.8182E+02
0000488   3.5031E+02 -1.5896E+02 -2.0612E+01
0000489   2.7990E+02 -2.7385E+02  1.1362E+02
0000490   7.0041E+02  4.2610E+02 -1.5790E+02
0000491   3.0236E+02 -4.5440E+02  4.4812E+02
0000492   3.5805E+01 -1.5394E+02  1.1581E+02
0000493   4.2003E+02 -4.7207E+01  4.7847E+01
0000494   8.7049E+02  3.7080E+02 -3.7129E+02
0000495   3.0092E+02 -2.7374E+02  5.2756E+02
0000496   5.7581E+02 -1.7710E+02  4.1011E+02
0000497   1.1686E+02 -2.0366E+02 -1.9001E+02
0000498   2.8443E+02 -4.4837E+02  1.8066E+01
0000499   2.4752E+02 -3.4390E+00 -6.6620E+01
0000500   4.6070E+02 -1.4491E+02  1.0711E+02
0000501   1.0757E+02  1.1145E+02 -9.9651E+00
0000502   3.4225E+02  2.7281E+02 -1.7928E+02
0000503   5.3714E+02 -2.4942E+02 -2.7757E+02
0000504   7.0932E+02 -6.0759E+00 -3.6143E+02
0000505   3.9117E+02  1.4031E+02 -2.8952E+02
0000506   4.6753E+02  2.7790E+01 -2.3373E+02
0000508   5.1448E+02  1.3085E+02 -3.1634E+00
0000509   7.1164E+02 -2.4539E+02 -9.7001E+01
0000510   2.5488E+02  4.0833E+01 -7.0592E+01
0000511   1.2379E+02 -5.1871E+01 -3.4911E+01
0000512   8.1973E+02  3.2412E+02  3.4799E+00
0000513   6.7621E+02 -1.0513E+02  7.1189E+01
0000514   2.5369E+02  8.6527E+00  3.9071E+02
0000515   2.2262E+02  3.9156E+02 -1.1704E+02
0000516   2.0994E+02 -1.5358E+02 -1.2033E+01
0000517   6.4160E+02  1.8567E+01  5.1757E+01
0000518   4.7750E+02 -2.1291E+02 -3.8199E+01
0000519   3.7208E+02  2.6809E+02 -1.2829E+02
0000520   1.2320E+02 -2.5723E+02  2.3320E+02
0000521   1.3977E+02 -3.9524E+02  1.0999E+02
0000522   2.1020E+02 -5.9989E+01 -4.1934E+01
0000523   4.6913E+02 -1.4188E+01  4.4598E+02
0000524   7.2902E+02 -1.8714E+01  2.7124E+02
0000525   4.6755E+02  3.8871E+01  2.5472E+02
0000526   4.8357E+02 -2.5680E+02  1.7957E+02
0000527   1.7413E+02  4.0906E+01 -1.7255E+02
0000528   4.1403E+02  1.8583E+02  1.5063E+02
0000529   5.5296E+02 -1.4457E+02 -4.3118E+02
0000530   2.3488E+02  2.3047E+02  5.0451E+01
0000531   2.7943E+02 -9.6740E+01 -5.7271E+01
0000532   5.6031E+02 -6.3696E+01  1.3978E+02
0000533   1.2867E+02  2.4264E+02  1.1618E+02
0000534   3.7139E+02  1.6758E+02  9.0156E+01
0000535   3.4493E+02  3.9839E+02  8.9934E+00
0000536   4.0861E+02 -1.9856E+02  1.3904E+02
0000537   4.2936E+02  4.7479E+02 -5.0805E+01
0000538   3.8559E+02  1.4672E+01 -1.0168E+02
0000539   5.7505E+02  2.2649E+02 -7.0671E+01
0000540   1.5397E+02 -3.2060E+02  5.7646E+01
0000541   3.3372E+02  3.2939E+02  1.6381E+02
0000542   5.0016E+02 -1.7337E+01 -2.3956E+02
0000543   3.5214E+02  1.8069E+02  2.0247E+02
0000544   1.7455E+02  2.2110E+02 -2.4503E+02
0000545   2.1210E+02  1.6867E+02 -3.0964E+02
0000546   1.5207E+02 -1.3990E+02 -5.4502E+01
0000547   8.3788E+02  3.2993E+02  4.6072E+01
0000548   6.2194E+02  1.3715E+02 -5.3955E+02
0000549   2.1560E+02  4.8634E+02 -8.2027E+01
0000550   7.8679E+01  7.9091E+01  1.4036E+02
0000551   3.1222E+02  7.3381E+01 -4.3735E+02
0000552   3.4603E+02  1.5821E+02 -3.5574E+02
0000554   5.6415E+02 -3.0003E+02 -5.8320E+02
0000555   1.3347E+02 -9.1591E+01 -1.1312E+02
0000556   5.2482E+02  1.5983E+02  1.5582E+02
0000557   2.6228E+02  2.2855E+01  1.6299E+02
0000558   3.3853E+02  8.1925E+01  2.6728E+02
0000559   5.0278E+02  1.7149E+02  4.1534E+02
0000560   1.8640E+02 -2.3591E+02 -3.2908E+02
0000561   3.5396E+02 -5.5657E+01 -5.4717E+00
0000562   5.6664E+02 -3.8576E+02 -3.2942E+01
0000563   4.3562E+02 -1.4394E+02 -1.9253E+02
0000565   5.1128E+02  7.0158E+01  3.2726E+02
0000566   7.9123E+02 -2.2334E+01  1.8125E+02
0000567   7.4163E+02  7.4040E+01 -3.3422E+02
0000568   3.8706E+02 -2.6801E+02  2.2621E+02
0000569   2.8179E+02 -8.4799E+01  5.4990E+02
0000570   6.6404E+02  2.8378E+02  1.2395E+02
0000571   6.0244E+02 -1.6644E+02 -2.1897E+02
0000572   1.9060E+02  7.4228E+01 -2.8600E+02
0000573   6.0861E+02 -9.1336E+01  2.5988E+02
0000574   3.8170E+02  1.8665E+02  1.6891E+02
0000575   6.7317E+01 -2.4072E+02  3.3205E+02
0000576   5.1189E+02 -2.5162E+02  1.1083E+02
0000577   3.4547E+02  5.0128E+02  3.7520E+01
0000578   1.8879E+02 -3.4795E+02 -1.5208E+02
0000579   3.9059E+02  1.6739E+02  1.9695E+02
0000581   5.8743E+02  5.2583E+02 -3.9441E+02
0000582   1.6941E+02 -9.5724E+00  6.2776E+01
0000583   3.0853E+02 -1.9989E+02  4.6735E+01
0000584   7.3483E+02 -7.1212E+01  1.5451E+02
0000585   1.9934E+00  4.2401E+02  3.7851E+01
0000586   5.3741E+02 -3.4359E+02 -4.4092E+01
0000587   9.1035E+02 -3.0175E+02  1.9966E+02
0000588   1.6209E+02 -1.1269E+02 -2.7065E+02
0000590   3.6808E+02  1.2315E+01 -2.7073E+02
0000591   4.4388E+02 -1.0406E+02  1.5429E+02
0000592   1.7600E+02  2.7239E+02 -2.2230E+02
0000593   4.4442E+02 -5.3052E+01  2.3306E+02
0000594   6.5128E+02  2.1592E+02  8.9686E+01
0000595   6.4406E+02 -3.7111E+02 -1.5062E+02
0000596   3.0090E+02  3.3388E+02  2.5953E+02
0000597   4.5838E+02  3.2107E+01 -1.5693E+02
0000598   2.8304E+02  1.0378E+02  2.7449E+02
0000599   4.5507E+02 -6.6389E+01  3.8075E+01
0000600   2.5571E+02  6.9817E+01  7.2570E+01
0000601   4.3301E+02  7.8649E+01  1.2173E+02
0000602   7.5729E+02  4.8520E+01  6.5654E+01
0000603   3.2692E+02 -3.0958E+02  3.0781E+02
0000604   3.8742E+02 -9.4701E+01  5.0589E+01
0000605   7.5325E+02 -3.9846E+02  6.0919E+01
0000606   5.1294E+02 -5.8373E+01 -2.4827E+02
0000607   2.9378E+02  4.3010E+02 -1.0604E+02
0000608   2.8863E+02 -3.7461E+02  3.4837E+02
0000609   5.3125E+02  2.1609E+02  1.6434E+02
0000610   4.8682E+02  3.5779E+01  3.5077E+02
0000611   4.7776E+02 -4.0845E+02 -2.0801E+02
0000612   8.0071E+01 -6.1439E+01  1.2675E+02
0000613   5.0184E+02 -1.4932E+02 -1.7269E+02
0000614   4.9313E+02 -6.1146E+02  7.8015E+01
0000615   4.3458E+02  4.2400E+02  3.0901E+02
0000616   5.7017E+02 -1.7985E+02 -4.9391E+01
0000617   9.8204E+02 -1.1573E+02 -2.4737E+02
0000618   2.7191E+02  2.3777E+02  2.4464E+02
0000619   4.3004E+02  2.3722E+02  2.7475E+02
0000620   5.2006E+02 -4.9062E+02  1.9267E+02
0000621   2.0788E+02  2.3143E+02 -1.0671E+02
0000622   1.4762E+02  1.9568E+02 -9.2854E+01
0000623   6.1204E+02 -5.6631E+02  1.0096E+01
0000624   3.6013E+02 -1.0366E+02  3.3759E+02
0000625   3.6541E+02  2.0894E+02 -9.0644E+01
0000626   5.1989E+02  2.9380E+02  4.5153E+01
0000627   1.6227E+02  9.2970E+01  2.6545E+02
0000628   4.7829E+02 -3.4471E+02  1.1421E+02
0000629   3.8760E+02 -1.2879E+02 -3.0372E+02
0000630   3.2119E+02  5.1057E+01 -3.2159E+02
0000631   8.4096E+01 -3.0645E+01  3.6049E-03
0000632   1.0278E+03  2.1631E+02 -5.3545E+01
0000633   5.4840E+02 -1.1306E+02  5.9018E+02
0000634   1.2104E+02 -3.0891E+02  1.3829E+02
0000635   2.8952E+01  3.6134E+01  1.6831E+02
0000636   2.7772E+02  6.1228E+02 -1.0548E+02
0000637   8.5678E+02 -4.5600E+02 -7.7451E+01
0000638   2.2788E+02  5.5692E+02 -7.5454E+01
0000639   4.3448E+02 -7.6748E+01  1.9204E+01
0000640   5.3169E+02  1.1448E+02  2.5745E+02
0000641   3.3472E+02  5.0238E+01  1.4026E+01
0000642   2.5163E+02  6.9941E+01  8.8020E+01
0000643   4.7681E+02  1.9265E+02 -3.5579E+01
0000644   4.2854E+02  3.0626E+01  1.9423E+02
0000645   3.0635E+02  4.0987E+01  6.3840E-01
0000646   4.0315E+02  1.1017E+02  1.0924E+02
0000647   2.0679E+02  2.1944E+02 -4.7508E+02
0000648   5.7881E+02 -6.1060E+01 -1.1370E+02
0000649   2.7908E+02 -3.3313E+02 -3.5021E+02
0000650   6.9601E+01 -1.5778E+02 -2.9055E+01
0000651   5.2343E+02  1.2747E+02  3.5234E+01
0000652   4.2890E+02 -2.1248E+02 -1.0619E+02
0000653   4.5152E+02  4.1202E+02 -9.0257E+01
0000654   2.7937E+02  7.9891E+01  5.6905E+01
0000655   7.2385E+02  8.9793E+01  2.0714E+02
0000656   4.4644E+02 -1.5779E+02 -1.1932E+02
0000657   6.6525E+02  3.5668E+02  3.5595E+02
0000658   4.3816E+02 -6.8889E+01 -2.5115E+02
0000659   1.7341E+02  1.5684E+02  5.6454E+00
0000660   6.1147E+02  1.6904E+02 -4.0951E+02
0000661   3.0164E+02  2.3467E+02  4.8995E+02
0000663   2.5100E+02 -4.9135E+01  1.1171E+02
0000664   2.4162E+02  1.6513E+02  2.8908E+00
0000665   5.0355E+02  4.3891E+02  2.1820E+02
0000666   7.5607E+01 -7.2293E+01 -1.9654E+02
0000667   4.3106E+02 -3.3065E+02 -1.5161E+01
0000668   3.0815E+02  8.2403E+01 -4.5099E+02
0000669   7.6948E+02 -1.5718E+02  3.4491E+02
0000670   2.2137E+02  1.0916E+01  3.5978E+02
0000671   6.3355E+02  5.0916E+02 -2.1499E+02
0000672   3.2595E+02 -1.2552E+02 -1.0309E+01
0000673   4.4572E+02 -2.2106E+02 -1.3863E+02
0000674   4.0611E+02  8.6533E+01  3.5290E+02
0000675   1.1598E+01  1.4123E+01  2.3312E+01
0000676   3.4382E+02  1.8937E+02 -1.1639E+01
0000677   3.8494E+02  2.1644E+02 -7.7400E+01
0000678   4.7061E+02 -1.2628E+02 -5.7376E+01
0000679   7.4234E+02  1.3852E+02 -3.4534E+01
0000680   5.9371E+01  1.3849E+02  6.5399E+01
0000681   8.5376E+01  2.5913E+01  2.3593E+01
0000682   3.3417E+02 -1.3072E+02  2.2415E+02
0000683   4.4221E+02  1.1927E+00 -4.1777E+02
0000684   5.2990E+02 -3.1878E+02  3.6236E+02
0000685   5.5340E+02  1.5442E+02 -2.5120E+02
0000686   2.5998E+02  4.2790E+02 -5.3044E+01
0000687   4.8546E+02 -2.0973E+02 -6.3307E+01
0000688   1.4702E+02  9.6024E+01  2.6828E+02
0000689   1.7553E+02  1.1180E+02 -2.6265E+02
0000690   5.1140E+02 -9.8941E+01  3.9715E+02
0000691   8.8290E+01 -3.7062E+01  2.5671E+02
0000692   1.7732E+02 -1.6053E+02  9.9511E+01
0000693   4.7258E+02  2.9635E+02  1.8075E+02
0000694   5.3399E+02  2.8959E+01 -1.4313E+02
0000695   1.5453E+02  1.1340E+00 -3.2983E+02
0000696   5.2588E+02 -2.8169E+02 -1.0954E+02
0000697   2.4015E+02 -6.1997E+01  3.2903E+02
0000698   1.9141E+02  3.3757E+02  2.9367E+02
0000699   5.2462E+02 -1.4772E+02 -4.6159E+02
0000700   4.9331E+02  7.8615E+01 -1.5501E+01
0000701   2.9392E+02 -1.4039E+02 -7.5709E+01
0000702   3.9386E+02 -2.6034E+02 -1.7558E+02
0000703   6.1252E+02  1.4640E+02 -2.2105E+02
0000704   5.7771E+02  1.0417E+02 -1.4682E+02
0000705   5.7678E+02 -6.5689E+00 -2.5882E+02
0000706   4.1670E+02 -3.0363E+01  2.5924E+02
0000707   1.3391E+02 -1.2203E+02 -2.4551E+02
0000708   2.1366E+02 -3.2715E+02  1.6820E+01
0000709   2.6367E+02  1.3888E+02  2.8672E+02
0000710   1.6945E+02  5.9181E+02 -2.0398E+02
0000711   1.1298E+02  1.1245E+02  5.3548E+01
0000712   1.7392E+02 -4.3102E+02 -1.8964E+02
0000713   3.6816E+02  1.9041E+02  1.0503E+02
0000714   5.2554E+02 -3.2633E+02  7.9490E+01
0000715   6.5391E+02  2.3575E+02  7.5400E+00
0000716   2.6417E+02 -1.0722E+01 -3.5096E+02
0000717   3.8766E+02  4.5006E+02  1.5518E+02
0000718   1.2044E+02 -3.5123E+02  3.7487E+00
0000720   7.1745E+02  2.5136E+02 -3.4290E+02
0000722   4.5352E+02  6.9884E+00 -1.9560E+02
0000723   2.0425E+02 -2.3718E+01 -1.6591E+01
0000724   2.2710E+02 -1.1667E+02  4.1694E+01
0000726   4.1917E+02 -1.0439E+02 -8.1665E+01
0000727   3.4028E+02 -1.8344E+02  1.3716E+02
0000728   4.6721E+02 -1.6389E+02 -2.0026E+02
0000729   2.3596E+02  6.1201E+01 -2.0236E+02
0000730   5.0140E+02 -8.9643E+01  2.5089E+02
0000731   5.8898E+02 -6.5550E+01  1.2422E+02
0000732   2.7088E+02 -4.7865E+01 -2.0785E+02
0000733   4.1793E+02  3.3898E+01 -3.8088E+02
0000734   2.6210E+02 -2.3824E+02  2.1916E+02
0000735   4.2071E+02 -3.1303E+01  5.6773E+01
0000736   2.9658E+02 -5.3524E+02  4.5626E+02
0000737   6.3863E+02  5.6419E+01  6.1588E+02
0000738   7.3229E+02 -4.4283E+02 -3.4915E+01
0000739   2.2544E+02 -1.0429E+02 -3.5568E+01
0000741   4.4157E+02 -1.2038E+02 -2.0708E+02
0000742   2.2502E+02  3.2899E+02 -2.1671E+02
0000743   4.0830E+02 -2.6330E+02  3.1364E+02
0000744   6.6898E+02  1.8160E+02 -1.5731E+02
0000745   6.6472E+02 -9.9573E+01 -2.8038E+02
0000747   4.0140E+02 -1.1161E+02  9.0733E+01
0000748   4.5102E+02 -2.1691E+02  4.3524E+02
0000749   3.3738E+02  3.6172E+01  6.4568E+01
0000750   5.2639E+02 -2.5797E+02 -1.5662E+02
0000751   6.3817E+02  2.4789E+02 -2.6631E+02
0000752   5.1698E+02 -3.4473E+01  2.2275E+02
0000753   2.9328E+02  8.7931E+01 -1.7629E+02
0000754   8.2352E+02  1.9587E+02  6.2882E+01
0000755   1.8004E+02  4.0076E+02 -2.2100E+01
0000756   6.1440E+02 -1.2634E+02  3.0723E+02
0000757   3.6493E+02 -1.6386E+02 -3.7034E+02
0000758   5.6747E+02  2.0313E+02  4.2960E+01
0000759   2.4238E+02  1.7896E+02  2.7515E+02
0000760   4.3225E+02  3.3650E+02  2.8115E+02
0000761   7.0111E+02 -5.7748E+01 -1.1576E+02
0000763   1.2807E+02  1.8779E+02 -1.0301E+02
0000764   2.1449E+02  2.1310E+02  1.6674E+02
0000765   2.9522E+02  9.9715E+01 -2.5133E+02
0000766   4.1891E+02  1.8424E+02 -1.0303E+02
0000767   1.8615E+02 -1.0156E+02 -2.4377E+02
0000768   3.6507E+02 -2.6255E+02  3.4729E+02
0000769   4.2121E+02  4.0787E+02 -2.6238E+01
0000770   7.0360E+02  6.7209E+01 -4.8265E+01
0000771   4.9194E+02 -5.2356E+01  1.5562E+02
0000772   5.0009E+02  3.3284E+02 -3.3014E+02
0000773   4.5081E+02 -5.8547E+01  4.8037E+01
0000774   1.8875E+02  7.5219E+01  2.0342E+02
0000775   7.6282E+02  5.0201E+01 -1.7550E+01
0000776   4.0203E+02  3.8134E+02 -4.3313E+01
0000777   5.4104E+02 -2.7870E+02  3.9221E+02
0000778   7.3094E+02  3.1460E+02  5.6413E+01
0000779   4.1412E+02  1.8986E+01  1.2911E+01
0000780   5.5216E+02  2.8247E+02 -5.0708E+01
0000782   3.4976E+02 -1.6855E+02  5.1117E+01
0000783   3.5578E+02 -1.2420E+02  5.6721E+01
0000784   3.8339E+02  3.6360E+02  1.2460E+02
0000785   6.2574E+02  9.3958E+01  2.7813E+02
0000786   2.6110E+01  2.0106E+02 -2.3659E+02
0000787   6.4544E+02  1.7108E+02 -1.3081E+02
0000788   6.1302E+02 -5.4896E+01 -6.7811E+01
0000789   5.9144E+02  1.2598E+02 -1.8093E+02
0000790   3.8998E+02 -4.7323E+01 -8.8503E+01
0000791   2.7420E+02  5.2782E+02 -6.6537E+01
0000793   4.7359E+02  1.2200E+02  3.3427E+02
0000794   6.1156E+02 -1.2224E+02  1.1260E+02
0000795   6.4759E+02  6.3703E+01 -2.2421E+02
0000796   5.3462E+02  2.7563E+02 -1.4089E+02
0000797   3.9193E+02  1.1623E+02 -3.1919E+02
0000798   7.2181E+02 -5.1633E+02 -2.5657E+02
0000799   4.6706E+02  5.9272E+01  1.5014E+02
0000800   2.4544E+02 -3.1713E+02 -1.8684E+01
0000801   4.5254E+02 -3.0264E+02  4.7452E+02
0000802   1.0879E+03 -2.3306E+02 -2.1127E+02
0000803   5.1215E+02 -3.7131E+02 -1.8444E+02
0000804   1.5669E+02 -3.1578E+01 -3.7808E+02
0000805   2.7837E+02 -1.3330E+02 -3.7359E+02
0000806   3.0526E+02  2.8626E+02  2.7719E+02
0000807   3.2154E+02 -2.8465E+02 -4.6474E+02
0000808   3.5769E+02 -2.0117E+02 -5.0035E+02
0000810   5.8165E+02 -1.4751E+02  2.3580E+02
0000811   3.6638E+02 -9.2084E+01 -2.2730E+02
0000812   3.7765E+02 -1.0279E+02 -4.7192E+01
0000813   6.3626E+02 -3.5233E+02 -1.8075E+01
0000814   1.6510E+02 -5.2019E+01  2.2528E+02
0000815   4.1769E+02 -1.3464E+02  2.2677E+02
0000816   5.1237E+02 -6.1399E+01 -4.3681E+02
0000817   1.0263E+03 -3.1004E+02 -1.2002E+02
0000818   5.2973E+02 -5.2729E+00 -2.5979E+02
0000819   1.3424E+02  2.9194E+02 -1.8936E+02
0000820   7.9264E+02 -1.8520E+02  1.4124E+02
0000821   1.7933E+02 -2.2517E+02  6.7295E+01
0000822   2.2798E+02 -1.8538E+02  1.6079E+02
0000823   3.4926E+02 -1.6772E+02  1.5351E+02
0000824   3.1124E+02  7.6419E+01 -3.1602E+02
0000825   7.5183E+02 -1.4174E+02 -8.5050E+01
0000826   2.9353E+02 -5.4757E+01  6.4355E+02
0000827   4.5457E+02 -1.1970E+02 -3.6822E+02
0000828   4.9931E+02  5.4930E+01  9.9966E+01
0000829   3.9856E+02  4.4750E+02 -1.4238E+02
0000830   7.0712E+02  8.7972E+01  4.9751E+02
0000831   2.5645E+02 -1.7245E+02  3.4915E+02
0000832   3.9828E+02 -8.8449E+01 -2.1100E+02
0000833   5.4244E+02  7.1428E+01 -2.5616E+02
0000834   8.5269E+01 -2.9205E+02  1.2333E+02
0000835   4.0325E+02 -4.4657E+01 -2.6757E+01
0000836   4.0359E+02 -6.8105E+01  3.2409E+02
0000837   4.8254E+02 -3.6772E+02 -3.7000E+02
0000838   3.3361E+02 -2.7543E+02  3.7615E+02
0000839   2.6708E+02  1.4814E+02 -2.1079E+02
0000840   4.2327E+02 -2.7207E+01  1.8501E+02
0000841   3.4351E+02  4.2494E+01 -4.0083E+01
0000842   1.0167E+02 -1.2215E+02 -9.4332E+01
0000843   5.3046E+02 -2.1504E+02 -1.2788E+00
0000844   7.4146E+02 -4.5833E+02 -2.1318E+01
0000845   6.5234E+02  2.3451E+02 -2.6354E+02
0000846   1.4960E+02 -2.2204E+01 -5.6706E+02
0000847   2.4239E+02 -1.7215E+01 -4.3086E+01
0000849   8.9377E+01  2.6497E+02 -2.0558E+02
0000850   5.3113E+02 -1.8262E+02  8.8732E+01
0000851   2.0305E+02 -1.7955E+01  1.4013E+00
0000852   3.6829E+02  1.5111E+02 -7.7828E+01
0000853   5.5747E+02 -2.3645E+02  8.7108E+00
0000854   1.0777E+02 -3.5420E+01 -4.6537E+00
0000855   3.4267E+02  3.2129E+02  8.1740E+01
0000856   8.2450E+02  2.2615E+01 -6.5949E+01
0000857   3.2424E+02  1.1634E+02  1.6540E+02
0000858   1.4786E+02  2.4917E+02  3.0567E+01
0000859   6.5869E+02 -9.7155E+01 -2.8541E+02
0000860   3.3327E+02 -1.8563E+00 -2.4952E+01
0000861   6.3611E+02 -1.8917E+02  1.3803E+02
0000862   3.7812E+00 -1.5147E+02 -4.7410E+01
0000863   5.3614E+02 -6.4061E+01  3.6270E+02
0000864   3.6862E+02 -1.5297E+02  4.7642E+01
0000865   2.2654E+02  1.8735E+02 -1.1233E+02
0000866   5.4536E+02 -1.8801E+00  5.7554E+01
0000867   2.2424E+02  2.0077E+02 -9.1152E+01
0000868   4.4430E+02 -1.6821E+01  2.0085E+02
0000869   6.1591E+02  1.8329E+02 -7.8541E+01
0000870   8.4828E+02  5.7477E+01 -1.1014E+01
0000871   2.5966E+02 -3.8707E+02  7.3858E+01
0000872   5.7068E+02  3.4420E+02 -3.8928E+01
0000873   4.5498E+02  1.5343E+02 -4.4179E+02
0000874   3.7019E+02  2.0948E+02 -1.0392E+02
0000875   4.6216E+02  1.0669E+02  3.6330E+02
0000876   5.1782E+02 -2.3496E+02  6.3752E+01
0000877   4.1772E+02 -1.2990E+02  3.4570E+02
0000878   2.8636E+02 -5.5545E+01 -1.1130E+02
0000879   4.7292E+02  2.2513E+02  2.0583E+02
0000880   4.6894E+02 -3.4017E+01  6.5742E+01
0000881   1.1602E+02 -1.0536E+02 -1.6601E+02
0000882   2.3655E+02  2.4626E+02  6.0319E+01
0000883   5.2000E+02  2.4240E+02  4.8961E+02
0000884   3.7457E+02  6.2356E+02  1.7102E+02
0000885   1.9695E+02  3.9116E+01  1.0262E+02
0000886   6.7270E+02  2.3295E+02  3.6782E+02
0000887   6.9347E+02 -2.1216E-01  1.8251E+02
0000888   4.6706E+02 -2.3931E+02 -2.1106E+02
0000889   6.3889E+02 -1.5512E+02  1.1068E+02
0000890   4.5251E+02  2.8502E+01 -1.2016E+02
0000891   5.7534E+02  6.0636E+00 -2.4978E+02
0000892   4.0208E+02  3.6948E+02  5.5227E+01
0000893   8.3253E+02 -2.3876E+02  2.5997E+01
0000894   2.0262E+02 -2.9464E+02  9.7500E+01
0000895   4.2861E+02  1.4939E+01  3.4842E+02
0000896   4.8247E+02 -6.6136E+01 -2.3028E-01
0000897   7.2855E+02  6.3682E+01  9.4476E+01
0000898   3.9215E+02 -7.8286E+01 -2.0199E+02
0000899   1.9837E+02  1.6494E+01 -2.0166E+01
0000900   3.8368E+02  7.2611E+01  6.2827E+00
0000901   1.8415E+02 -4.8215E+02 -1.2221E+02
0000902   9.3574E+02  2.0928E+02  2.4964E+02
0000903   4.8608E+02  4.2424E+02 -2.9532E+02
0000904   4.0280E+02 -7.1037E+01 -1.3274E+02
0000906   3.9732E+02 -7.8548E+01 -4.0761E+01
0000908   3.8350E+02  1.3255E+02 -1.7132E+02
0000910   3.5562E+02  3.3703E+02  4.1810E+02
0000911   5.7556E+02  4.1113E+02 -5.4180E+02
0000912   3.6540E+02 -5.7038E+00  3.2828E+02
0000913   5.1786E+02 -1.6306E+02  9.9533E+01
0000914   1.5727E+02  1.4422E+02  4.6314E+01
0000915   3.3980E+02  2.5449E+01  3.5759E+02
0000916   5.3340E+02 -2.8878E+02 -4.7013E+01
0000917   6.0297E+02  1.2650E+02  2.3136E+01
0000918   3.0470E+02  1.6587E+02 -4.9992E+01
0000919   5.4689E+02 -2.5449E+02  6.6475E+01
0000921   1.4705E+02  1.4676E+02  1.5964E+02
0000922   5.6215E+02  8.6572E+01  2.0447E+02
0000923   3.2552E+02 -6.1804E+01 -5.6551E+01
0000924   2.5204E+02  3.2489E+02 -1.1270E+02
0000925   6.5457E+02 -1.9081E+02 -1.0065E+02
0000926   3.3834E+02 -2.7634E+02 -1.8768E+02
0000927   2.1683E+02 -9.1987E+01  2.0656E+02
0000928   2.6116E+02 -2.0357E+02 -8.1721E+01
0000929   4.0564E+02 -5.1479E+02 -5.7317E+01
0000930   2.7886E+02  2.4375E+02 -1.9792E+02
0000931   6.0838E+02 -1.5431E+02  2.1741E+02
0000932   3.8590E+02 -2.6668E+02  7.1741E+01
0000933   2.8159E+02 -5.2467E+02 -3.3775E+02
0000934   4.0358E+02  5.6256E+02 -1.0217E+02
0000935   4.3095E+02 -1.1046E+02  1.2878E+02
0000936   3.6668E+02 -1.4423E+02  3.2671E+02
0000937   5.2314E+02 -5.9856E+01  5.2043E+02
0000938   6.2214E+02 -2.4245E+02  6.0582E+02
0000939   4.6139E+02 -5.2679E+01 -2.3116E+02
0000940   5.8624E+00 -1.2331E+01 -1.7334E-01
0000941   4.5755E+02  8.3379E+01 -1.6806E+02
0000942   3.9483E+02 -3.5021E+02  1.2843E+02
0000943   3.7376E+02 -4.3572E+02 -3.4039E+00
0000944   8.5522E+01  1.3580E+02 -4.3863E+01
0000945   7.9637E+02  1.0105E+02  3.4366E+02
0000946   6.6525E+02  1.8827E+02 -7.5937E+01
0000947   2.9877E+02 -9.5984E+01  1.0987E+02
0000948   1.4940E+02  9.0410E+00 -5.5608E+00
0000949   4.0799E+02 -1.1779E+02 -6.9390E+01
0000950   6.8183E+02  1.6154E+02  9.5433E+01
0000951   4.1858E+02  1.4568E+02 -8.2774E+01
0000952   1.9891E+02  1.3144E+02  3.5862E+02
0000953   1.2969E+02 -2.0221E+02 -1.7080E+02
0000954   3.7030E+02 -1.6481E+02 -1.0784E+02
0000955   5.8334E+02  2.0581E+02 -1.4200E+02
0000956   3.4881E+02  2.8048E+01  1.0767E+02
0000957   2.7073E+02  5.0298E+01 -5.3617E+01
0000958   2.1065E+02  9.7910E+01 -1.3825E+02
0000959   1.3283E+02  3.0322E+01 -6.9604E+01
0000960   2.0155E+02 -8.7542E+00  1.9022E+02
0000961   4.1163E+02  2.2381E+02  5.0983E+02
0000962   5.2193E+01  9.3995E+01  2.5526E+02
0000963   4.7363E+02 -1.9757E+02  3.9231E+02
0000964   3.6074E+02 -1.3939E+02  1.8937E+02
0000965   4.3884E+02 -1.7500E+02 -2.3158E+02
0000966   2.6683E+02 -9.1062E+01  1.9637E+01
0000967   2.0692E+02  3.4149E+02  1.3847E+02
0000968   4.8575E+02 -9.5894E+01 -9.1929E+01
0000969   4.3177E+02  3.0761E+02 -7.2018E+01
0000971   3.3139E+02 -2.8153E+02 -1.3170E+01
0000972   8.2721E+02  3.6808E+02 -1.3751E+02
0000973   2.9710E+01  1.0420E+02  4.7858E+01
0000974   5.6895E+02  1.4808E+02 -4.9314E+02
0000975   3.9195E+01 -1.3815E+02 -1.3555E+02
0000976   3.9822E+02  5.4281E+01 -5.7434E+01
0000977   1.9660E+02 -1.7828E+02 -4.1324E+01
0000978   3.1748E+02 -2.8133E+01 -2.0023E+01
0000979   5.0414E+02  3.5010E+02 -1.4950E+02
0000980   4.4649E+02 -3.6213E+02  4.1562E+02
0000981   2.8057E+02  8.8410E+01  2.5279E+02
0000982   1.2802E+02  3.3585E+01  1.1416E+02
0000983   2.8300E+02 -2.7082E+02  3.7028E+02
0000984   7.3310E+01  2.3161E+01 -2.0518E+01
0000985   4.6194E+02 -9.6861E+01 -4.8116E+00
0000987   7.4904E+02 -3.3206E+02 -6.8944E+01
0000989   4.0070E+02  8.0578E+00 -6.4634E+01
0000990   7.2417E+02 -1.1806E+02  1.1104E+02
0000991   3.0232E+02  1.5715E+02 -2.6091E+02
0000992   3.5566E+02 -1.6107E+02 -7.3351E+01
0000993   9.0274E+01 -1.8037E+01 -1.3860E+02
0000994   6.2852E+02 -3.0393E+02 -3.8580E+00
0000995   5.9077E+02  1.1276E+02  1.5844E+02
0000996   3.5126E+02 -2.1515E+02  8.6684E+01
0000997   4.4931E+02  2.3680E+02 -6.2443E+01
0000998   2.8942E+02  5.7482E+01 -2.6543E+02
0000999   8.4416E+02  2.9759E+02  9.9210E+01
0001000   3.4711E+02  5.7679E+01  1.6465E+02
