============================== SRIM-2013.00 ==============================
==============================================================================
====== SRIM Outputs\RANGE_3D.txt : File of Final Ion Positions =====

Ion =  F (09)   Ion Mass= 018.9984
Energy  = 2000000.E-05 keV
Ion Angle to Surface = 00.0 degrees
==================== TARGET =======================
  Layer # 1 - None
  Layer # 1 - Bottom Depth=500000.E-01 A
  Layer # 1 - Density =0007.8700 g/cm3
  Layer # 1 -  100 % of Fe
様様様様様様様様様様様様様様様様様様様様様様様様様様
                                            
Ion       Depth  X   Lateral Y   Lateral Z  
Number    (Angstrom) (Angstrom)  (Angstrom) 
-------  ----------- ----------- -----------
0000001   2.0048E+02 -1.9900E+02  4.6610E+01
0000002   2.1093E+02  2.3255E+02 -2.2715E+02
0000003   2.3587E+02 -7.0127E+01 -1.3325E+02
0000004   4.0065E+02 -1.0606E+02 -2.5663E+02
0000005   3.3737E+02 -5.5432E+01 -2.4544E+01
0000006   1.5066E+02 -9.0576E+01 -1.2252E+02
0000007   1.9221E+02 -1.5254E+02  8.4851E+01
0000008   2.5356E+02  9.9200E+01  1.5127E+02
0000009   2.1256E+02 -9.2011E+01 -6.0855E+00
0000010   2.9945E+02 -2.1020E+02 -1.2493E+02
0000011   1.2347E+02  1.7152E+00  2.0045E+01
0000012   1.0849E+02 -1.9735E+02 -3.2048E+01
0000013   1.4910E+02  5.6502E+01 -8.0742E+01
0000014   1.0125E+02  1.7902E+02 -4.4248E+01
0000015   1.5823E+02 -1.0399E+02  9.6335E+01
0000016   2.0974E+02  9.0521E+01 -7.3703E+00
0000017   1.7603E+02 -2.6103E+01  2.1607E+02
0000018   1.6170E+02 -1.0047E+01 -1.4129E+02
0000019   2.4143E+02  2.2068E+01 -1.1273E+02
0000020   1.5362E+02  1.6550E+02 -9.5450E+01
0000021   5.0544E+02  1.4931E+02  3.2945E+01
0000022   1.1355E+02 -9.2480E+01 -3.4416E+01
0000023   3.1547E+02 -7.8331E+01  7.7776E+01
0000024   2.1742E+02  5.0782E+01  1.5216E+02
0000025   2.7256E+02 -1.2992E+01  1.2294E+02
0000026   1.7394E+02  5.8446E+01  2.6687E+02
0000027   1.1050E+02 -1.3763E+02  9.8183E+01
0000028   1.8024E+02  1.4738E+02 -3.2180E+01
0000029   1.6892E+02  1.3145E+02  6.1802E+01
0000030   3.3008E+02 -1.3482E+02  9.6930E+01
0000031   2.6900E+02 -7.3228E+01  7.5688E+01
0000032   1.6526E+02  1.9814E+02  4.3936E+01
0000033   1.3466E+02 -9.4440E+01  1.6870E+02
0000034   2.5923E+02 -1.0592E+01 -1.1662E+02
0000035   2.5556E+02  7.0783E+01  1.2593E+02
0000037   3.0432E+02 -8.6092E+01 -4.6864E+01
0000038   4.1719E+02 -1.0456E+02 -8.5158E+01
0000039   4.9064E+02 -1.8778E+02  2.4710E+02
0000040   2.4944E+01  4.5660E+00 -2.2362E+02
0000041   2.7138E+02  5.5147E+01 -2.2273E+01
0000042   1.1777E+02 -1.9060E+02 -1.4759E+02
0000043   3.2544E+02 -1.0787E+02 -4.1799E+01
0000044   4.4778E+02  1.2517E+02 -4.4425E+01
0000045   2.1003E+02 -4.7853E+01 -9.7163E+01
0000046   2.1458E+02  8.5077E+01 -1.2986E+02
0000047   2.0325E+02 -1.6189E+02 -1.9177E+01
0000048   1.8394E+02  4.7469E+01 -2.8133E+01
0000049   2.0310E+02 -9.3377E+01  1.8917E+02
0000050   4.0517E+02 -1.4247E+02  1.1159E+02
0000051   1.2410E+02  5.8855E+01 -1.1497E+01
0000052   1.7014E+02  1.3715E+02 -1.2892E+02
0000053   1.1470E+02 -2.8003E+00  1.8783E+01
0000054   1.1255E+02 -5.5119E+01 -4.8657E+02
0000055   1.2776E+02 -6.6753E+00 -4.7992E+01
0000056   1.8270E+02 -2.4501E+02  8.3770E+01
0000057   1.7872E+02 -2.4415E+02  1.2786E+02
0000058   6.8729E+01 -1.1335E+02  2.1599E+01
0000059   3.4755E+02 -1.1500E+02  9.9773E+01
0000060   1.8058E+02  1.1867E+01 -1.6755E+02
0000061   1.6143E+02 -4.5380E+01  2.3471E+01
0000062   2.7354E+02  1.0472E+02  5.4814E+01
0000063   3.2826E+02 -3.5380E+02 -1.4520E+02
0000064   7.5896E+01 -1.1714E+02  2.4561E+01
0000065   1.3749E+02 -3.0246E-01  6.4624E-01
0000067   1.9951E+02 -2.1329E+02 -1.5624E+02
0000068   3.1291E+02  8.4189E+01 -6.2682E+01
0000069   2.9469E+02  1.2524E+02  2.1118E+02
0000071   3.8682E+02 -1.3544E+02 -1.1570E+02
0000072   2.7684E+02 -7.7811E+01 -9.7266E+01
0000073   5.1824E+01  4.1228E+01 -1.0782E+02
0000074   1.8133E+02  1.6588E+02  3.3371E+01
0000075   8.1850E+01 -4.8291E+01 -1.3197E+02
0000076   3.1772E+02 -8.8070E+01  3.1750E+01
0000077   2.6118E+02 -1.8785E+01  5.0357E+01
0000078   2.3817E+01 -8.7604E+00  2.8646E+01
0000079   1.3306E+02  3.3983E+02 -1.3114E+02
0000080   2.2134E+02 -5.8811E+00 -1.4728E+01
0000081   2.6393E+02 -3.3321E+01 -1.5393E+02
0000082   2.1412E+02 -5.0621E+01  1.3138E+02
0000083   5.9535E+01  1.9387E+01 -2.7887E+01
0000084   5.3816E+01 -2.1688E+01 -2.9782E+01
0000085   3.1706E+02 -9.6811E+01 -1.5033E+02
0000086   3.1257E+02  9.5734E+01 -8.3223E+01
0000087   2.3922E+02 -1.6143E+02 -2.2133E+02
0000088   1.6881E+02 -1.2499E+02  1.9597E+01
0000089   5.4568E+01 -5.7552E+01  5.2139E+00
0000090   1.7128E+02  1.7486E+02  1.8977E+00
0000091   4.9508E+02  3.5929E+00  3.1121E+01
0000092   2.9615E+01  1.0404E+01 -1.0385E+01
0000093   2.6097E+02  9.1811E+01  2.1696E+01
0000094   2.3582E+02 -1.2080E+02  4.9634E+01
0000095   8.7974E+01 -1.6439E+02 -2.1849E+01
0000098   4.4971E+01 -7.3454E+01  3.0221E+01
0000099   1.5104E+02  9.3913E+01 -8.0343E+01
0000100   2.4120E+02  5.3076E+01 -1.0158E+02
0000101   2.5249E+02  1.2092E+01 -1.1478E+02
0000102   1.5339E+02  1.8200E+02 -1.4068E+02
0000103   1.8702E+02  9.7962E+01 -3.9864E+01
0000104   2.5686E+02  4.2751E+01 -1.7292E+01
0000105   2.8953E+02 -9.4609E+01  5.1974E+01
0000106   2.3654E+02  7.4202E+01  1.0429E+01
0000107   2.5851E+02 -1.1057E+02 -1.9725E+02
0000108   6.8875E+01 -4.4662E+01  4.0840E+01
0000109   1.5072E+02  1.7163E+02  2.9016E+01
0000110   3.0037E+02 -1.0277E+01 -1.3556E+02
0000111   1.2969E+02  5.2577E+01  7.2251E+01
0000113   1.6724E+02 -7.3379E+01 -7.1003E+01
0000114   2.4584E+02 -1.4249E+01  2.4146E+02
0000115   2.4051E+02  9.7553E+01  2.6850E+01
0000116   1.8511E+02  1.4098E+02  1.0713E+02
0000118   1.6625E+02  1.0135E+02  1.3391E+02
0000119   2.8016E+02  1.8464E+02 -2.7134E+01
0000120   1.0536E+02  4.3467E+01 -1.3905E+02
0000121   2.3340E+02  6.9803E+01  5.8249E+01
0000122   3.1641E+02 -1.2735E+02 -1.3745E+02
0000123   3.0437E+02  1.5565E+02 -1.2747E+01
0000124   2.8149E+02  1.1692E+02 -7.0913E+01
0000126   4.0533E+02  6.8477E+01 -5.0007E+01
0000127   3.1041E+02  5.7239E+01 -8.0643E+01
0000128   1.6828E+02 -1.4697E+02 -2.1543E+02
0000129   1.3689E+02 -1.3287E+02  1.8359E+02
0000130   1.5252E+02 -1.1040E+02 -1.7537E+02
0000131   4.4601E+02  2.4587E+02 -6.1249E+01
0000132   2.4533E+02  2.1178E+01  1.1643E+01
0000133   3.2458E+02  1.0066E+02 -1.6558E+02
0000134   1.9038E+02 -3.7742E+01 -1.1680E+02
0000135   2.4186E+02 -1.7210E-01  1.1084E+02
0000136   2.1586E+02 -4.6649E+01 -6.9732E+00
0000137   3.4196E+02 -4.7390E+00 -2.6029E+01
0000138   1.7734E+02  7.6076E+01 -1.7822E+02
0000139   1.9553E+02 -1.2321E+01 -2.7657E+01
0000140   1.6722E+02 -5.5154E+01  4.5387E+01
0000141   2.3008E+01  1.1467E+01  5.5477E+00
0000142   1.4268E+02 -1.6691E+02  8.7948E+00
0000143   3.6470E+02  2.5027E+02 -6.3379E+01
0000144   2.9202E+02 -6.7294E+01  6.5259E+01
0000145   1.2912E+02 -1.3040E+02  3.3384E+01
0000146   5.4254E+02  1.5016E+02 -2.0057E+01
0000147   3.5958E+02 -3.7520E+01 -6.5306E+01
0000148   1.7100E+02 -1.5768E+02 -5.1775E+01
0000149   1.2029E+02  2.1821E+02 -2.4964E+02
0000150   3.5698E+02  2.6295E+02  8.1512E+01
0000151   2.4027E+02 -1.4187E+02 -2.0227E+01
0000153   4.5816E+01 -6.1532E+01  3.7624E+01
0000154   2.7240E+02  9.4645E+01  9.6668E+01
0000155   4.9195E+01 -2.3561E+01 -6.4761E+01
0000156   3.3552E+02 -4.9138E+01 -4.4681E+01
0000157   3.8924E+02 -1.5415E+01  2.1475E+02
0000158   1.2921E+02 -3.7142E+00 -1.0387E+02
0000159   3.3478E+02 -1.0259E+01 -1.3499E+02
0000160   2.5457E+02  3.0686E+01  1.7444E+02
0000161   8.9085E+01  7.8858E+01 -4.1322E+01
0000162   3.2079E+02 -1.0295E+02 -1.8553E+02
0000163   2.6941E+02  5.8992E+01 -3.9607E+01
0000164   3.4322E+02 -1.6138E+02 -8.9226E+01
0000165   1.8948E+02 -1.6297E+02  4.7307E+01
0000166   1.1499E+02  2.0428E+02 -1.0886E+02
0000167   1.5364E+02 -9.5803E+01 -2.1572E+02
0000168   1.1307E+02 -9.6785E+01 -1.2155E+02
0000169   2.6808E+02  2.4241E+01 -1.3367E+02
0000170   4.6631E+02 -2.7156E+01 -1.9343E+02
0000171   3.0156E+02  1.3675E-02 -2.8785E+01
0000172   9.9369E+01 -1.1048E+02  6.0377E+01
0000173   1.5733E+02 -2.9568E+01 -3.1438E+02
0000174   1.5668E+02 -5.1267E+01 -1.9856E+02
0000175   6.8773E+01  5.5283E+01 -2.5019E+02
0000176   5.4434E+01 -5.6632E+01 -6.3364E+01
0000177   2.8919E+02 -5.1062E+01 -1.6159E+02
0000178   3.7816E+02  4.8091E+00  1.6960E+01
0000179   7.0227E+01  9.4869E+01 -1.5527E+00
0000180   1.0893E+02  9.9552E+01 -5.5016E+01
0000181   2.6310E+02  2.5885E+02  1.6103E+02
0000182   2.1465E+02 -6.4807E+01  3.4110E+01
0000184   2.4450E+02  4.2702E+01 -6.8955E+01
0000185   2.2714E+02  1.1788E+02 -1.4475E+01
0000186   3.9929E+02  6.6222E+01  2.0483E+02
0000187   1.6870E+02  1.9786E+02 -1.2278E+01
0000188   8.8155E+01  5.8447E+01 -1.0874E+02
0000189   3.4149E+02  3.4352E+01 -4.6216E+01
0000190   7.4103E+01  6.7422E+01 -5.2630E+01
0000191   8.2277E+01 -1.2875E+02 -1.0956E+02
0000192   9.7786E+01  5.2467E+01 -1.2561E+02
0000193   2.9678E+02 -2.1398E+02 -1.6444E+02
0000195   1.0837E+02  3.7195E+01  3.3131E+01
0000196   1.5916E+02  8.6512E-01  1.4710E+01
0000197   3.7350E+02 -2.7338E+01 -2.0040E+01
0000198   1.3654E+02 -1.9578E+02 -8.4695E+01
0000199   1.6056E+02 -8.2013E+01 -2.3890E+01
0000200   3.4733E+02  1.4754E+02 -1.7346E+02
0000201   9.4256E+01  2.2228E+01 -3.1030E+02
0000202   3.8029E+02  9.8940E+01  7.3307E+00
0000203   6.3399E+01  5.5831E+00 -7.2848E+01
0000204   2.2629E+02 -1.1833E+02  9.6948E+01
0000205   2.6583E+02  9.9239E+01  5.8015E+01
0000206   3.4800E+02  1.4923E+02 -2.6640E+01
0000207   2.5774E+02 -2.5088E+01  1.3616E+02
0000208   1.8757E+02 -2.3174E+02  1.0453E+02
0000209   1.6141E+02 -1.4679E+01 -8.5629E+01
0000210   1.3197E+02  9.4898E+01  5.5668E+01
0000211   1.9341E+02 -1.1147E+02 -8.0953E+01
0000212   1.6495E+02 -5.6352E+01 -1.0791E+02
0000213   2.2664E+02 -3.5749E+00  3.5753E+01
0000214   5.9534E+01 -9.1660E+01  2.0689E+02
0000215   2.8666E+02  2.1639E+01 -1.4783E+02
0000216   4.0784E+02  1.4321E+01  4.4232E+00
0000217   7.0939E+01 -9.1877E+01 -7.4847E+01
0000218   1.6087E+02 -1.1971E+02 -3.4625E+01
0000219   8.9317E+01  7.9296E+01  1.0705E+02
0000220   2.7526E+01 -3.8427E+01 -7.7378E+01
0000221   6.2259E+01  1.7505E+02 -2.2576E+02
0000222   1.5005E+02 -3.6312E+01 -1.1181E+02
0000223   9.0930E+01 -2.7593E+01 -4.9887E+01
0000224   1.1734E+02 -2.3186E+02 -7.1980E+01
0000225   4.0894E+02 -1.1444E+02  1.9324E+02
0000226   2.3855E+02 -3.0455E+02  7.3678E+01
0000227   4.0208E+02  2.1915E+01 -2.9163E+02
0000228   1.5904E+02 -2.7298E+02 -1.6056E+01
0000229   1.0940E+02 -5.3263E+01  1.8411E+02
0000230   3.3330E+02 -1.7173E+02 -9.5844E+01
0000231   1.5294E+02 -1.7067E+02 -1.8833E+01
0000232   1.5662E+02 -2.4263E+01  1.6426E+02
0000233   1.6959E+02 -1.7444E+02 -7.2166E+01
0000234   2.5216E+02  7.7539E+01 -8.2234E+01
0000235   2.7578E+02  7.2108E+01 -1.3812E+02
0000236   2.3649E+02  2.1913E+02  1.0891E+02
0000237   2.2951E+02 -1.0900E+02 -7.6434E+01
0000238   1.9053E+02 -7.5250E+01 -1.9087E+02
0000239   2.6265E+02  1.1364E-01 -2.0697E+02
0000240   1.6599E+02 -1.1566E+02  3.7636E+02
0000241   1.3249E+02  1.1318E+02  1.3967E+00
0000242   3.0705E+02 -6.2132E+01  5.5440E+00
0000243   1.5221E+02 -1.0693E+02 -3.4197E+00
0000244   2.5616E+02  2.3083E+01 -1.5058E+02
0000245   4.4307E+02 -4.3462E+00  5.6809E+01
0000246   2.6685E+02  2.1225E+02  5.8093E+01
0000247   1.5961E+02 -3.7076E+01  6.3605E+01
0000249   2.8775E+02 -1.1962E+02  1.9546E+01
0000250   2.3338E+02  1.6434E+02  6.1393E+01
0000251   1.4580E+02 -2.3563E+01  2.2742E+01
0000252   5.6771E+01  7.6957E+01 -2.1216E+01
0000253   3.2511E+02  1.2232E+02  1.2164E+01
0000254   1.4956E+02  7.5971E+01 -3.9209E+01
0000255   2.5677E+02 -1.2706E+02 -9.7548E+00
0000256   2.4657E+02  8.2537E+01 -1.1514E+02
0000257   2.5345E+02 -4.0938E+01 -5.9463E+01
0000258   1.7433E+02  9.1659E+00 -1.5744E+01
0000259   1.9331E+02  3.2211E+01  9.2003E+01
0000260   1.5960E+02  6.6571E+01  1.1167E+02
0000261   1.2184E+02 -1.0253E+02 -4.2885E+00
0000262   1.2434E+02  3.1002E+01 -4.0124E+01
0000263   9.6326E+01 -2.1090E-01  8.4789E+01
0000264   1.5220E+02 -1.2626E+02  5.5140E+01
0000265   7.9372E+01  3.7845E+01  1.5160E+02
0000266   2.0387E+02 -1.5057E+02  1.7682E+02
0000267   2.8520E+02  1.5906E+02 -8.9178E+01
0000268   3.5844E+02 -8.2458E+01  4.7430E+01
0000269   5.0536E+01 -1.3856E+02 -1.3017E+02
0000270   2.4876E+02  5.4091E+01 -2.1386E+02
0000271   4.8805E+01 -1.4554E+02  9.8679E+01
0000272   2.6722E+02 -7.7678E+01  6.0794E+01
0000273   2.8972E+02 -8.5962E+01 -6.4722E+01
0000274   1.6248E+02 -8.6385E+01  5.0611E+01
0000275   2.9159E+02 -6.6766E+01  9.9493E+01
0000276   4.0225E+02  6.5922E+01 -3.7584E+01
0000277   1.3240E+02 -6.5664E+01  2.0379E+02
0000278   3.6365E+02 -3.7359E+01 -1.1003E+02
0000279   3.2709E+02  3.2847E+01 -9.2896E+00
0000281   1.9254E+02  2.1460E+02  5.6639E+00
0000282   1.8531E+02  9.6578E+01 -4.2867E+01
0000283   2.4158E+02  6.9197E+00 -3.5504E+01
0000284   2.6253E+02  3.1676E+01  1.3062E+02
0000285   1.2979E+02 -6.0067E+01  6.4980E+01
0000286   2.8026E+02  5.1350E+01 -5.3615E+01
0000287   1.3390E+02  8.8202E+00  4.1063E+01
0000288   1.6157E+02  3.9034E+00 -5.5358E+00
0000289   2.1796E+02  3.8381E+01 -9.5171E+01
0000290   1.7257E+02  4.3338E+01  1.4184E+02
0000292   4.1771E+02  8.8190E+01 -1.0856E+02
0000293   2.6728E+02 -8.3713E+01  7.3492E+01
0000295   1.3761E+02  2.3710E+02  2.1426E+02
0000296   9.4864E+01 -4.7680E+01  4.0415E+01
0000297   1.4673E+02  1.9937E+02  8.4831E+01
0000298   1.4341E+02  3.3828E+01  2.2787E+01
0000299   2.3402E+02  1.3044E+02 -5.0703E+00
0000300   1.6983E+02  8.3262E+01 -1.0628E+02
0000303   2.4196E+02 -2.5052E+01 -1.6643E+02
0000304   6.2691E+00 -3.9490E+01  2.7347E+02
0000305   9.9272E+01 -1.1334E+00  1.0743E+02
0000306   2.9706E+02 -3.7097E+01 -1.2321E+01
0000307   2.0762E+02 -3.2496E+01  1.8108E+02
0000308   9.7384E+01 -3.9840E+01 -5.9467E+00
0000309   2.9430E+02  2.9621E+02 -2.6292E+01
0000310   1.7032E+02 -4.9775E+00 -1.0900E+02
0000311   5.2947E+01 -8.1527E+01 -9.6384E+01
0000312   2.4322E+02  5.8610E+01 -4.0410E+01
0000314   3.6646E+02 -5.8876E+01 -1.6538E+02
0000315   2.2220E+02 -2.6183E+02  5.5343E+01
0000316   1.2046E+02 -7.2352E+00  1.7211E+00
0000317   2.8055E+02 -3.7061E+01 -3.1330E+01
0000318   9.3141E+01 -9.2919E+00 -1.3801E+02
0000319   1.4059E+02 -4.2356E+01 -1.5817E+02
0000320   1.3765E+02  5.9687E+01  1.9235E+00
0000321   2.9016E+02  1.4468E+02  2.7079E+01
0000322   2.0601E+02  1.3205E+02 -2.9298E+01
0000323   2.3495E+01  1.8922E+01 -5.8848E+01
0000324   1.5757E+02  1.1392E+02  1.7967E+02
0000325   2.1377E+02 -1.9194E+02 -2.0495E+01
0000326   5.9181E+01 -8.2303E+01  1.2083E+02
0000327   1.5482E+02  1.2583E+02  6.8728E+00
0000328   3.1670E+02 -7.7448E+01 -2.3836E+01
0000329   2.3848E+02 -3.6153E+00  1.3179E+02
0000330   1.0011E+02  6.2904E-01 -5.3873E+00
0000331   3.8663E+02  5.9158E+01  2.5433E+02
0000332   3.3938E+02  6.5114E+01  8.0499E+01
0000333   6.9678E+01 -2.8632E+01  1.4350E+02
0000334   4.2668E+02  1.4979E+02 -2.5943E+02
0000335   2.3826E+02  1.3936E+01  2.1757E+02
0000336   2.2740E+02 -4.1331E+01 -2.6917E+02
0000337   1.9918E+02  2.6029E+00 -3.7353E+01
0000338   2.7323E+02  1.4699E+02 -1.6510E+02
0000339   1.3744E+02 -1.6313E+02  6.4215E+01
0000340   1.8413E+02  3.2069E+01 -2.1908E+02
0000341   2.5445E+02 -3.2928E+02  7.5949E+01
0000342   5.8718E+00 -1.5085E+02  8.9796E+01
0000343   1.2608E+02  2.2672E+02 -1.2025E+02
0000344   1.4965E+02 -6.7877E+01 -7.5090E+00
0000345   1.3744E+02 -1.8834E+01 -1.8624E+02
0000346   2.8873E+02  1.5667E+02  2.1212E+02
0000347   1.5742E+02  8.7448E+01 -9.0441E+01
0000348   1.4635E+02 -1.1745E+02 -1.5033E+02
0000349   2.6324E+02  1.0863E+02  3.3749E+01
0000350   1.2017E+02  2.6148E+02 -5.2679E+01
0000352   2.3724E+02  1.7195E+02 -1.4406E+02
0000353   2.1479E+02  8.3700E+01 -1.1404E+02
0000354   3.2666E+02 -1.6392E+02 -2.6254E+01
0000355   2.0158E+02  1.2472E+02  2.6622E+02
0000357   1.5392E+02  3.4490E+00  1.5137E+02
0000358   3.5785E+02 -1.3448E+02 -2.5610E+02
0000359   2.1761E+02  1.4329E+02 -1.0801E+02
0000360   3.1478E+02 -8.1243E+01 -1.2726E+02
0000361   1.4986E+02 -1.6284E+02  7.5799E+01
0000362   2.9985E+01  1.8431E+02 -2.6207E+02
0000363   3.1287E+02 -5.3677E+01  7.7785E-01
0000364   3.4258E+02 -2.1379E+02  4.3912E+01
0000365   6.9016E+01 -1.1629E+02 -2.2428E+01
0000366   1.8867E+02 -1.9259E+02 -1.5659E+02
0000367   7.8890E+01 -1.6081E+02 -1.7406E+02
0000368   8.7104E+01  1.6935E+02 -7.1471E+01
0000369   2.8960E+02  9.5820E+01 -7.0978E+01
0000370   3.0310E+02  4.9952E+01  6.4947E+01
0000371   6.0919E+01 -1.6445E+00 -5.2495E+01
0000372   2.4986E+02  6.3347E+01 -1.1109E+01
0000373   1.3843E+02  7.2489E+01  1.1982E+02
0000374   4.4345E+02  4.7317E+01 -3.2031E+02
0000375   3.0267E+02  2.0964E+02 -9.2790E+00
0000376   9.4454E+01  2.1444E+02  3.2799E+01
0000377   1.1862E+02 -2.1839E+02  4.9380E+01
0000379   2.5617E+02  8.0149E+01 -1.8257E+01
0000380   2.1167E+02 -9.7238E+01 -7.4263E+01
0000381   2.4541E+02 -1.0247E+02 -3.3518E+01
0000382   3.0725E+02 -4.3356E+01 -1.7463E+02
0000384   2.2015E+02  7.1160E+01 -3.5343E+02
0000385   1.8248E+02 -8.7670E+01 -1.7203E+02
0000386   1.9844E+02 -8.7815E+01 -2.7559E+01
0000387   8.4424E+01  1.2721E+02 -5.7838E+01
0000388   4.4090E+02  1.1949E+02 -5.1995E+01
0000389   4.8483E+02 -4.9706E+01  5.0096E+01
0000390   3.4075E+02 -3.3913E+01 -7.0387E+01
0000391   1.8289E+02  3.4033E+01  2.1769E+01
0000392   1.3084E+02 -5.9193E+01  8.0097E+01
0000393   1.7016E+02  1.0255E+02 -1.1015E+02
0000394   1.6996E+02  8.2607E+01 -4.8656E+01
0000395   3.7689E+01 -7.8760E+01 -9.4510E+00
0000396   2.9137E+02  3.8833E+02  1.6007E+02
0000397   3.2948E+02 -9.1842E+01 -1.3888E+02
0000398   2.9829E+02 -5.9162E+01  1.1702E+02
0000399   3.7214E+02  2.4182E+01 -7.6116E+01
0000400   3.9528E+02  1.7385E+02  7.2655E+01
0000401   1.0972E+02  2.9590E+01 -3.6981E+01
0000402   2.0611E+02  3.1470E+01  6.7660E+01
0000404   2.0239E+02 -7.1535E+01 -1.2532E+02
0000405   2.3186E+02  1.3939E+02  9.9374E+00
0000406   4.9663E+02 -1.0008E+00  6.4599E+00
0000407   2.5650E+02  1.5799E+02 -8.6816E+00
0000408   1.7929E+02  3.2564E+01 -1.2680E+02
0000409   1.8233E+02 -1.2349E+01 -2.1066E+02
0000410   2.6315E+02  5.0412E+01 -8.8801E+01
0000411   3.1992E+02 -1.2058E+01 -1.5439E+02
0000412   2.6532E+02  1.6956E+02  1.9311E+02
0000413   2.5859E+02 -5.5148E+01 -5.7799E+00
0000414   3.3751E+02 -1.9674E+02  4.4698E+01
0000415   1.0159E+02 -3.7560E+01  2.6876E+01
0000416   2.5541E+02  2.6146E+02 -2.4522E+02
0000417   1.6862E+02  1.2571E+02 -4.7173E+01
0000418   1.9455E+02 -1.0130E+02  4.7051E+01
0000419   4.2468E+01  1.0886E+01  4.9987E+01
0000420   2.7812E+02  2.0675E+02  1.2204E+02
0000421   1.8340E+02  1.8419E+01 -3.6035E+01
0000422   3.9094E+02 -2.8747E+02 -6.2347E+01
0000423   3.0241E+02  8.5921E+01  2.0047E+01
0000424   2.3933E+02  3.5174E+01 -1.8751E+02
0000425   2.1218E+02  2.1115E+02  9.5994E+01
0000426   2.3574E+02 -3.6891E+01 -1.5647E+02
0000429   1.9265E+02 -1.3110E+02  1.9656E+02
0000430   1.2898E+02  1.1965E+02  2.4192E+02
0000431   1.9829E+02 -1.5461E+00 -1.4088E+02
0000432   1.4789E+02 -4.8624E+01  8.8906E+00
0000433   3.8108E+02 -1.2303E+01  1.4662E+02
0000434   7.8754E+01 -1.7904E+01 -4.6513E+01
0000435   1.4592E+02 -4.7526E+01  1.1512E+02
0000436   1.0836E+02  1.4363E+01 -5.9839E+01
0000437   1.8775E+01 -9.1405E+01  7.1303E+01
0000439   4.8996E+02  1.5438E+01  1.4784E+02
0000440   1.7580E+01  2.1223E+01 -3.5426E+01
0000442   2.8054E+02 -1.6567E+02  6.3718E+01
0000443   1.0034E+02  1.7227E+02 -3.5479E+01
0000444   2.2080E+02 -2.9674E+01 -1.5014E+02
0000445   2.3125E+02  2.9827E+02  4.5295E+01
0000446   2.4107E+02 -1.7123E+01 -9.3214E+00
0000447   4.1544E+02 -2.3837E+01 -6.0527E+01
0000448   2.3201E+02  1.6480E+02 -5.2319E+00
0000449   1.4975E+02 -8.6279E+01  5.2466E+01
0000450   1.8350E+02 -6.9293E+01 -6.7483E+01
0000451   8.0513E+00 -3.3592E+01  2.8876E+01
0000452   2.8302E+01  1.1458E+02 -1.1939E+02
0000453   2.8009E+02 -6.3411E+01 -2.0196E+02
0000454   3.2614E+01 -1.8834E+02  1.7451E+02
0000455   4.0945E+02  8.5648E+01 -8.3161E+00
0000456   5.9723E+01 -7.2472E+01 -2.9622E+02
0000457   1.7227E+02 -9.6757E+01 -1.0742E+02
0000458   2.7697E+02 -9.1689E+01  1.4325E+02
0000459   3.5238E+02 -1.1142E+02 -1.4341E+02
0000460   1.8052E+02  1.3128E+01  9.3504E+01
0000461   1.8560E+02  1.8621E+01  2.4627E+01
0000463   6.1131E+01 -8.1256E+01 -1.4632E+02
0000464   8.6866E+01  1.0616E+02 -1.5637E+01
0000465   2.9238E+02  1.2335E+02 -1.4106E+01
0000466   2.4208E+02 -1.5860E+02 -9.7051E+01
0000467   1.9551E+02  3.4859E+01 -8.3000E+01
0000468   7.0146E+01  7.1604E+01 -8.2013E+01
0000469   3.9655E+02 -3.1852E+01 -7.1873E+01
0000470   2.6195E+02  1.9839E+01 -2.4593E+01
0000471   2.9468E+02 -6.1873E+01 -2.3807E+02
0000472   1.9168E+02  2.4952E+01  9.8195E+01
0000474   9.6675E+01 -2.6372E+01  2.5936E+02
0000475   1.7928E+02  7.5146E+01  3.8495E+01
0000476   2.8558E+02 -4.4162E+01 -1.8014E+02
0000477   1.9483E+02  8.8202E+01  9.3225E+01
0000478   9.0115E+01  2.1703E+02  1.1767E+02
0000479   1.1169E+02  1.1902E+01  1.0380E+02
0000480   3.4294E+02 -4.0395E+01  9.4126E+00
0000481   2.7223E+02 -1.1235E+02  1.1192E+02
0000482   2.8857E+02 -1.9771E+02  5.2244E+01
0000483   2.4047E+02  7.2185E+01 -2.5560E+01
0000484   3.2224E+02  6.3441E+01  8.7577E+01
0000485   3.8191E+02 -1.0565E+02 -8.9576E+01
0000486   2.8089E+02  4.4630E+01 -7.8909E+01
0000487   1.2985E+02  9.6926E+00  9.9515E+01
0000488   4.7500E+01  2.3802E+02  1.4662E+02
0000489   1.6561E+02  9.1803E+01  1.1195E+02
0000490   6.2094E+01 -1.1111E+02  2.6130E+02
0000491   1.2547E+02  4.1120E+01 -5.9138E+01
0000494   2.4353E+02  9.3336E+01  4.5877E+01
0000495   1.6636E+02 -1.0850E+01  2.4309E+01
0000496   1.3540E+02  5.0311E+00  4.0054E+01
0000497   1.7864E+02  8.4667E+01 -1.3895E+01
0000498   3.4309E+02 -1.9832E+02  1.1339E+02
0000499   1.6725E+02  2.5468E+01  2.1145E+02
0000500   3.2265E+02 -4.5924E+01 -1.3841E+01
0000501   1.9698E+02  2.2962E+00 -7.8655E+01
0000502   1.1216E+02  2.1767E+02 -1.5723E+02
0000503   7.2759E+01 -1.5396E+02 -9.3897E+01
0000505   2.0294E+02 -3.2806E+02  2.7941E+01
0000506   8.4557E+01 -4.3810E+01  7.1285E+01
0000507   1.6538E+02 -1.0133E+02 -8.2843E+01
0000508   6.9088E+01  1.1508E+02  1.0134E+02
0000509   2.2002E+01  8.6357E+01  1.6979E-01
0000511   3.6153E+01  2.1874E+02  1.4070E+02
0000512   1.2178E+02 -1.6155E+02 -6.2832E+01
0000513   3.8079E+01 -3.4577E+02 -2.0205E+02
0000514   4.1664E+02 -9.5824E+00 -6.6504E+01
0000515   2.8148E+02  6.4205E+01  7.4633E+01
0000516   2.9856E+02 -1.0803E+02 -1.3065E+01
0000517   1.8911E+02 -6.6872E+00  1.0492E+01
0000518   1.0602E+02  6.8348E+01 -8.6642E+00
0000520   1.5860E+02 -1.7174E+02 -6.1316E+01
0000521   1.0346E+02 -2.8883E+01 -1.8420E+02
0000522   2.4979E+02  6.9770E+01 -8.8091E+01
0000523   1.2753E+02 -9.1842E+01 -6.5395E+01
0000524   1.2840E+02  3.3574E+01 -5.5377E+00
0000525   3.0661E+02  1.6748E+02  1.2485E+02
0000526   1.1297E+02 -8.8342E+00 -6.7701E+01
0000527   1.4709E+02 -9.6878E+01 -1.6987E+02
0000528   2.5903E+02  1.5133E+01 -9.8730E+01
0000530   2.3859E+02 -1.9662E+02 -2.3210E+02
0000531   2.3647E+02  1.3306E+02  1.0272E+02
0000532   5.6459E+01  2.2507E+02 -6.0452E+01
0000533   2.3935E+02 -4.2529E+01 -6.3549E+01
0000534   6.6972E+01  5.7691E+01  2.6946E+01
0000535   4.0106E+02 -2.6323E+01 -5.9107E+01
0000536   1.0237E+02  2.1298E+02 -1.5016E+02
0000537   1.9929E+02  4.1840E+01 -6.8187E+01
0000538   7.4274E+01  7.7437E+01 -5.9039E+01
0000539   1.9988E+02 -9.3755E+01  1.6917E+02
0000540   1.7913E+01  6.5281E+01 -1.5856E+02
0000541   3.4187E+02  8.1549E+01 -1.8252E+01
0000543   2.3106E+02 -7.2740E+01  1.4657E+02
0000544   7.7212E+01  8.4106E+01 -7.4097E+01
0000545   1.7342E+02  1.7898E+01  2.4159E+02
0000546   2.7391E+02  6.2742E+01 -9.1540E+01
0000547   2.1669E+02  2.7114E+02 -3.6352E+01
0000548   1.8888E+02 -1.4221E+02  1.0641E+02
0000549   1.6502E+02  2.9147E+02 -1.6011E+02
0000550   2.2216E+02 -6.9352E+01 -4.5238E+01
0000551   2.1220E+02  8.3913E+01 -1.9209E+02
0000552   1.7510E+02  6.5731E+01  1.8809E+02
0000553   3.9694E+02  7.3985E+00  1.9313E+02
0000554   3.2110E+02 -5.9226E+01  4.3183E+01
0000555   3.0521E+02  5.9954E+01 -2.1270E+02
0000556   1.9997E+02 -6.6342E+01 -8.1955E+01
0000557   3.6508E+02 -9.5125E+01  2.3565E+02
0000558   2.2780E+02  5.4123E+01 -4.3918E+01
0000560   2.1071E+02 -2.0249E+01 -2.7299E+01
0000561   1.7773E+02  1.9006E+01 -1.3093E+02
0000562   2.7995E+02  5.3630E+00 -2.2930E+02
0000563   3.6558E+02 -1.3422E+01 -5.5624E+01
0000564   2.0471E+02  1.0351E+02  1.6487E+02
0000565   1.7169E+02 -1.6952E+02  1.2241E+02
0000566   3.6804E+02  2.8316E+01 -1.2451E+02
0000567   3.5941E+02 -1.6604E+01  9.1219E+01
0000568   3.4848E+02  2.7226E+02  9.3576E+01
0000569   9.2116E+01 -1.2539E+01 -1.7362E+02
0000570   3.1437E+02  1.2466E+02 -1.3278E+02
0000571   2.5161E+02  1.0881E+02 -1.3300E+02
0000572   1.7732E+01 -1.7978E+02 -1.6535E+02
0000574   1.4809E+02  2.2839E+01  1.3412E+01
0000575   6.9806E+01 -3.5507E+01 -3.0339E+01
0000576   9.9637E+01  2.7368E+01 -4.9034E+01
0000577   3.3723E+01  4.1217E+01  2.0668E+02
0000578   1.5180E+02 -8.8440E+01  2.7552E+02
0000579   7.8710E+01  1.0976E+01  8.4808E+01
0000580   2.0957E+02 -4.7094E+01 -4.9054E+01
0000581   1.2541E+02  2.6292E+01  8.7371E+01
0000582   2.2331E+02 -2.2507E+02 -1.8268E+01
0000584   6.1077E+00 -8.6283E+01  8.8459E+01
0000585   1.9498E+02  4.4027E+01 -8.9562E+01
0000586   2.1878E+02 -5.2893E+01  1.2018E+02
0000587   6.0914E+01  3.3597E+01  1.8365E+02
0000588   3.5585E+02  2.4768E+01  1.3980E+02
0000589   2.1411E+02  1.4815E+02 -1.5498E+02
0000591   2.0436E+02 -3.7408E+00  7.6091E+01
0000592   5.5115E+01 -6.5694E+01 -2.6770E+01
0000593   3.7814E+02  1.5930E+02  4.9668E+00
0000594   3.6638E+02 -1.8045E+02  2.9600E+01
0000595   1.9605E+02 -6.0355E+01  2.3053E+01
0000596   3.2840E+02  4.7297E+01 -4.8942E+01
0000597   2.9041E+02 -9.6758E+01 -1.9023E+02
0000598   1.9997E+02  1.4693E+02  3.6984E+01
0000599   3.8586E+02 -1.6649E+01 -2.2153E+02
0000601   2.2386E+02 -7.0601E+01  1.3942E+02
0000602   6.5631E+02 -2.3965E+02 -2.8949E+01
0000604   1.3572E+02  8.3891E+01  3.4219E+01
0000605   1.3854E+02 -1.6874E+02 -6.6121E+01
0000606   2.8584E+02  1.1864E+02  1.5591E+02
0000607   1.7814E+02 -4.4833E+01 -5.3527E+01
0000608   3.3334E+02 -7.9720E+01 -2.1867E+02
0000609   3.0871E+02 -4.1172E+01  8.2829E+01
0000610   1.3178E+01 -4.0223E+01 -1.3071E+02
0000611   1.2249E+02 -2.3347E+02 -3.2000E+01
0000612   1.7276E+02 -1.4545E+02  1.0429E+02
0000613   7.4268E+01  1.8043E+02  4.5167E+01
0000614   3.4959E+02 -6.9410E+01  2.0066E+02
0000615   1.7081E+02  8.8504E+01 -9.2343E+01
0000616   2.2166E+02  1.2420E+02 -1.3751E+02
0000617   4.0537E+02 -2.0503E+02  8.2542E+01
0000619   2.1644E+02  1.8091E+02 -6.7528E+01
0000620   4.1512E+02 -2.6578E+01  1.2312E+02
0000621   2.4733E+02 -7.9745E+01 -6.8318E+01
0000622   3.3073E+02 -2.3372E+02  1.0759E+02
0000623   1.0751E+02 -6.0884E+01  1.1883E+02
0000624   9.0570E+01 -1.9375E+02 -1.9705E+02
0000626   4.2348E+02  5.0359E+01  9.4835E+01
0000627   2.3746E+02 -9.7326E+01  9.8153E+01
0000628   5.2739E+02  2.1514E+01 -2.8288E+01
0000629   7.0019E+01 -9.0696E+01 -6.5752E+01
0000630   3.6152E+02 -1.3128E+01 -1.2470E+01
0000631   5.9125E+01 -5.2402E+01  4.1159E+00
0000632   2.6829E+02 -1.0269E+02  8.4118E+00
0000633   4.5780E+02 -2.6293E+01 -1.3592E+01
0000634   3.3995E+02  1.0630E+02  9.6408E+01
0000635   1.8243E+02  5.2423E+01  1.2027E+02
0000636   3.1397E+02  2.3898E+02 -3.5589E+01
0000637   1.1276E+02 -7.3183E+01 -3.3356E+00
0000638   1.8569E+02 -2.2274E+02  4.1589E+01
0000639   2.0571E+02  3.4871E+01  2.6102E+02
0000640   3.4568E+02  2.6106E+01 -1.5416E+02
0000642   1.1738E+02 -4.2881E+01  1.9680E+02
0000643   3.2382E+02 -1.0305E+02  4.1291E+01
0000644   1.7136E+02 -1.3900E+02  8.2576E+01
0000645   5.1373E+01 -9.3420E+01  1.2811E+02
0000646   1.8745E+02 -1.0945E+02 -2.7082E+01
0000647   2.0803E+02 -9.5145E+01 -1.9912E+02
0000648   4.5599E+01  1.7861E+02 -2.0291E+01
0000649   3.1042E+02  7.8178E+01 -9.0080E+00
0000650   1.4421E+02 -4.8357E-01  1.2281E+02
0000651   1.3262E+02 -6.1649E+01 -2.9618E+01
0000652   2.1755E+02 -1.3186E+02 -4.8963E+00
0000653   3.0965E+02 -2.6532E+02 -4.8442E+01
0000654   7.2742E+01  1.5734E+02 -2.1587E+01
0000655   1.0174E+02 -5.9726E+01  7.2636E+01
0000656   6.8040E+01  1.4551E+02 -1.2813E+01
0000659   1.1261E+02 -4.2143E+01  1.6134E+02
0000660   2.6045E+02 -3.0245E+01 -6.1505E+01
0000661   2.5561E+02  6.6614E+01 -2.1690E+02
0000662   1.8953E+02 -6.2084E+01  2.4677E+01
0000663   3.1663E+02 -2.4148E+02  5.0885E+01
0000664   8.5568E+01  1.8715E+02 -2.0753E+02
0000665   3.5564E+02  8.4988E+01  8.2025E+01
0000666   9.2781E+01 -1.0229E+02  3.6770E+01
0000667   7.2207E+01 -1.0787E+02  1.3661E+02
0000668   2.5380E+02 -2.7876E+01 -8.6705E+01
0000669   7.5388E+01 -2.6570E+02  6.5545E+01
0000670   1.1067E+02 -1.1101E+02 -6.2119E+01
0000671   3.4027E+02  7.3759E+01  1.9159E+02
0000672   4.6789E+02  6.8427E+01  4.6609E+01
0000673   1.3021E+02  5.1474E+01  7.3458E+01
0000674   3.4358E+02 -1.7890E+02  2.1483E+02
0000675   3.6439E+02  2.3775E+02  6.0572E+01
0000676   1.9560E+02  6.8509E+01 -5.7119E+01
0000677   3.6399E+02 -1.5951E+02 -3.7862E+01
0000678   3.1909E+02  3.3817E+01 -1.5711E+01
0000679   1.3889E+02 -6.0885E+01 -3.5852E+01
0000680   2.9521E+02 -4.3781E+01  7.7294E+01
0000681   2.4985E+02  1.2069E+02  5.6953E+01
0000683   3.1610E+01 -5.3041E+01  4.2414E+01
0000684   5.6915E+01  1.3151E+02  7.5032E+00
0000685   1.7049E+02 -1.8841E+01  7.6441E+01
0000687   1.3907E+02  2.8495E+01 -1.3824E+02
0000688   2.2808E+02 -4.4920E+01  1.3104E+02
0000689   1.9557E+02  1.0884E+01 -1.4640E+00
0000690   1.6300E+02  2.8069E+01 -1.6332E+02
0000691   3.3688E+02 -9.4227E+01  1.7249E+02
0000692   5.2446E+01  5.8455E+01  1.4416E+02
0000693   2.1229E+02 -4.1614E+01 -1.3805E+02
0000694   2.7445E+02  2.4774E+02 -2.1108E+02
0000695   3.0548E+02 -2.0587E+02  6.6060E+01
0000696   1.3766E+02  1.6007E+02  7.9663E+01
0000697   9.7837E+01  1.7248E+02  1.4426E+01
0000698   1.6964E+02 -3.1567E+01  1.4533E+02
0000699   1.0416E+02  8.3017E+01  1.5377E+01
0000700   5.7708E+01  5.8863E+01  6.3338E+01
0000701   2.0925E+02 -1.7726E+02 -8.1608E+01
0000702   2.8637E+02 -9.1048E+01 -7.2819E+01
0000703   2.5329E+01 -1.0544E+01 -8.8708E+01
0000704   4.2463E+02 -2.3847E+02  1.9949E+02
0000705   1.2184E+02 -9.1484E+00  7.7236E+01
0000706   1.3322E+02  5.9358E+01  4.8217E+01
0000707   6.5064E+01 -8.0505E+01 -1.4422E+02
0000708   1.0644E+02  2.8000E+02  7.9973E+01
0000709   1.4601E+02  9.2064E+01 -3.2437E+01
0000711   2.5750E+01  2.3854E+00  1.5453E+02
0000712   1.2109E+02  1.9067E+02 -5.9619E+01
0000713   3.9375E+02  2.4310E+01  8.0045E+01
0000714   9.9430E+01 -1.0738E+02 -2.8950E+00
0000715   1.3076E+02  9.1371E+01  9.1442E+01
0000716   2.8960E+02  1.0531E+02  1.5164E+01
0000717   2.0296E+02 -1.3855E+02 -7.2905E+01
0000718   8.9852E+01 -2.3923E+01 -1.0434E+02
0000719   1.6438E+02  2.0671E+02  1.4961E+02
0000720   3.3160E+02 -1.6038E+01 -3.5405E+01
0000721   3.5534E+02 -2.0439E+02  1.4527E+02
0000722   3.8793E+02  1.2536E+02 -9.5257E+00
0000723   3.0456E+01 -1.9562E+01 -4.4717E+01
0000724   1.0530E+02  3.5152E+01  2.3973E+01
0000725   1.9616E+01  5.5632E+01 -5.6705E+01
0000726   2.8840E+02 -1.7862E+02  3.6026E+01
0000727   3.9403E+02  8.7159E+01  4.4193E+00
0000728   1.8712E+02  1.4259E+02 -1.2893E+02
0000729   2.4621E+02 -1.0887E+02  1.6878E+01
0000730   1.4394E+02  8.2482E+01  1.2008E+02
0000731   2.9401E+02 -1.4463E+02  1.5914E+02
0000732   2.7573E+02  5.1035E+01 -1.2931E+02
0000733   1.1923E+02 -7.3499E+01 -1.7057E+02
0000734   7.5242E+01  3.4081E+01  8.0494E+01
0000735   4.4470E+02  7.1979E+01 -2.0406E+02
0000736   1.0082E+02 -7.9648E+01 -1.2426E+02
0000737   1.7610E+02  1.5934E+02 -9.7318E+01
0000738   1.7837E+02 -1.4725E+02 -5.0895E+01
0000739   1.6897E+02 -1.3587E+01 -4.5522E+01
0000740   8.1854E+01  9.9595E+01  7.9477E+01
0000741   4.3492E+01  6.3686E+01  3.1736E+01
0000742   3.3270E+01  9.3090E+01  1.9736E+02
0000743   3.5780E+02 -2.0762E+01 -1.6019E+02
0000744   4.0904E+01 -4.5794E+01 -8.3532E+01
0000745   1.6022E+02 -5.8929E+01  9.7104E+01
0000747   2.6594E+02 -1.2558E+02  2.0528E+01
0000748   1.6978E+02 -1.3411E+02 -2.5805E+00
0000749   3.2569E+02  1.9803E+02 -5.8664E+00
0000752   1.2922E+02 -1.2369E+02 -2.0900E+00
0000753   1.2573E+02 -8.1370E+01 -4.4121E+01
0000755   1.7512E+02 -1.6894E+01 -1.2759E+01
0000756   4.8220E+01  1.1039E+01  6.2269E+01
0000757   1.4933E+02  5.1117E+01 -3.2475E+00
0000758   1.2900E+02 -2.8572E+01 -1.9385E+02
0000759   2.1493E+02  7.2329E+01  1.7847E+02
0000761   2.1789E+02 -7.5644E+00 -2.4707E+01
0000763   7.3450E+01 -1.2743E+02  1.4428E+02
0000764   3.3554E+02  2.4950E+02 -1.8311E+02
0000765   2.4543E+02  1.6784E+02 -3.2272E+02
0000766   1.9037E+02 -3.2057E+01  1.4150E+01
0000767   1.9526E+02  2.5507E+01 -7.3902E+01
0000768   1.9718E+02 -1.2543E+02 -1.3715E+02
0000770   1.3373E+02 -1.0425E+02 -4.6476E+01
0000771   3.8346E+02 -2.1657E+01 -7.9102E+01
0000772   2.0050E+02  2.4351E+02  3.6785E+01
0000773   1.1375E+02 -8.1520E+01  9.8547E+01
0000774   6.9751E+01 -1.0201E+02 -4.7726E+01
0000775   3.8481E+02 -1.9404E+01  1.7942E+02
0000776   1.5632E+02 -1.2746E+02  1.2166E+02
0000777   6.5137E+01  2.3451E+01 -4.2808E+01
0000778   2.0276E+02  6.6612E+01  1.0066E+02
0000779   1.4583E+02  1.7994E+02  2.6248E+02
0000780   2.0651E+02  1.1530E+02  5.4432E+00
0000781   2.6750E+02 -1.6595E+02 -2.4490E+02
0000782   2.5674E+02 -1.0660E+02  3.5655E+01
0000783   3.3645E+02 -1.7775E+02 -5.9463E+01
0000784   1.7740E+02  9.0150E+01  1.4139E+02
0000785   1.5848E+02 -3.2544E+01 -4.1908E+01
0000787   6.7327E+01 -2.5059E+02 -2.0454E+01
0000788   1.6332E+02 -6.6037E+01 -3.2463E+01
0000789   1.4172E+02  7.7472E+01  1.2451E+02
0000790   6.7892E+01 -1.9325E+00 -1.3976E+02
0000791   1.8619E+02 -1.0638E+02 -2.6844E+02
0000792   1.6331E+02 -2.7557E+00  9.2838E+01
0000794   1.9884E+02 -1.5407E+02  6.3221E+01
0000795   1.7098E+02 -4.6525E+01 -1.3027E+00
0000796   1.1981E+02 -4.5236E+01 -5.0644E+01
0000797   2.0555E+02  1.8735E+02  5.8988E+01
0000798   2.8720E+02  1.0934E+02 -1.4099E+02
0000799   3.0262E+02 -1.1613E+02 -9.1898E+01
0000800   3.5336E+02  4.2442E+01  1.0058E+02
0000801   1.3330E+02 -1.5928E+02 -1.3085E+02
0000802   2.0368E+02  1.1181E+02  1.3365E+02
0000803   4.5986E+02  6.8935E+01  9.4265E+01
0000804   6.7656E+00 -1.1570E+01  6.7898E+00
0000806   3.4610E+02  1.7182E+01  4.4169E+01
0000807   1.1609E+02 -1.9299E+01  5.2294E+01
0000808   1.4346E+02  7.1813E+01  1.8232E+02
0000809   1.2915E+02  2.0422E+02  4.3629E+01
0000810   6.9808E+01 -1.8234E+02 -4.1928E+01
0000811   5.5540E+01 -1.2241E+02  8.3405E+01
0000812   1.7704E+02  1.0974E+02 -9.0254E+01
0000813   2.1880E+02 -1.7344E+01 -1.2994E+02
0000814   7.3767E+01  1.0968E+02  1.2392E+02
0000815   7.8287E+01 -1.3576E+02 -4.7404E+01
0000816   2.7181E+02  1.4598E+02 -1.5996E+02
0000817   3.0744E+02 -5.2297E+00 -5.5971E+01
0000818   2.0100E+02  3.3492E+01  2.5201E+02
0000819   2.0430E+02 -4.2875E+01 -2.6220E+02
0000820   1.2767E+02 -3.8177E+01  1.6591E+02
0000821   1.7753E+02 -1.5515E+02 -3.6748E+01
0000822   9.6262E+01  1.8216E+02 -1.3376E+02
0000823   2.3724E+02  1.0533E+02 -7.9678E+01
0000824   7.7995E+00 -6.7937E+01 -1.7481E+02
0000825   3.9108E+02 -4.4395E+01  1.3597E+02
0000826   1.1490E+02 -2.2014E+01  2.1112E+01
0000827   5.1360E+02 -1.0087E+02  5.5199E+01
0000828   4.0214E+02  4.5497E+01  2.0116E+02
0000829   9.1542E+01  2.8037E+02  3.0820E+02
0000830   2.4215E+02 -2.6697E+02 -2.2831E+02
0000831   1.7547E+02 -2.7847E+01  1.6855E+02
0000832   1.3541E+02 -1.7864E+01  6.4334E+01
0000833   2.8957E+02  1.8520E+01 -6.6277E+00
0000834   3.2522E+02  1.0302E+01  1.1174E+02
0000835   2.8308E+02 -9.8996E+01 -1.1612E+02
0000836   1.8052E+02  3.3549E+02  4.4242E+01
0000837   2.9512E+02  2.5164E+01  2.5155E+01
0000838   6.8163E+01  1.5835E+02  6.7287E+01
0000839   3.3709E+02 -3.3604E+01 -5.3770E+01
0000841   1.0693E+02 -3.3149E+01 -6.8226E+01
0000842   2.7376E+02  2.0160E+02  1.1626E+02
0000843   4.7225E+02 -1.5572E+02  1.4371E+00
0000844   3.3296E+02 -1.0245E+02 -1.6056E+02
0000845   2.1203E+02 -2.3835E+01  4.0912E+01
0000846   1.0151E+02  1.5563E+01  1.2706E+02
0000847   7.2294E+01 -1.4072E+02 -1.1565E+02
0000848   1.2473E+02  1.9982E+01 -2.1544E+02
0000849   7.5589E+01  6.2788E+00 -5.4050E+01
0000850   1.7896E+02  8.3873E+01 -1.9495E+01
0000851   3.2833E+02 -3.9987E+01 -1.3974E+02
0000853   3.0885E+02 -9.6549E+01 -1.2724E+02
0000854   3.6620E+02 -8.2632E+01  6.3152E+01
0000855   3.9282E+02 -1.2060E+02  2.4928E+01
0000856   2.3495E+02 -1.8058E+02 -2.8927E+01
0000857   7.8074E+01  4.4451E+01  1.5295E+02
0000858   1.4210E+02  5.8819E+01 -7.4387E+00
0000859   3.7924E+02  1.0778E+02 -9.3130E+01
0000860   3.2324E+02 -4.5476E+01 -1.8235E+01
0000861   1.8853E+01 -8.2383E+01  3.9601E+01
0000862   2.0128E+02 -1.3794E+02  2.3782E+02
0000864   3.5464E+02 -1.5903E+02  1.2698E+02
0000865   3.5641E+02  1.7205E+02 -1.5986E+02
0000867   3.6765E+01 -6.1034E+01  1.6568E+02
0000868   2.5355E+02  7.3728E+01 -1.6597E+02
0000869   2.7960E+02  1.8260E+02 -9.3256E+01
0000870   1.2726E+02 -2.3250E+02  7.3081E+01
0000871   2.3229E+02 -1.3441E+02  4.5768E+01
0000872   1.8135E+02  3.5769E+01 -1.0469E+01
0000873   3.3589E+02 -9.3221E+01  1.9056E+02
0000874   2.8520E+02 -2.0191E+02  1.5597E+02
0000875   2.8565E+02  3.1529E+00 -2.5215E+01
0000876   3.9455E+02  1.5064E+02 -2.1018E+02
0000877   1.3611E+02 -2.3688E+02 -1.8301E+02
0000878   4.5871E+02  6.5335E+01  2.0851E+02
0000879   7.7506E+01  1.4415E+00 -1.4604E+01
0000880   2.6290E+02  7.7772E+01  1.5016E+02
0000881   3.5535E+01 -7.6413E+00 -6.6151E+01
0000882   2.6037E+02  1.8803E+02 -9.6528E+00
0000883   1.3226E+02  9.6410E+01  2.1387E+02
0000884   3.1841E+02 -6.1684E+01  9.3275E+01
0000886   1.5539E+02 -6.1461E+01  1.5084E+02
0000888   2.6819E+02  1.0248E+02 -1.5993E+02
0000889   1.2590E+02 -1.8266E+01  1.9903E+02
0000890   2.9442E+02  8.6602E+01  1.9519E+02
0000891   9.9399E+01  1.6041E+02 -6.5019E+01
0000892   2.1872E+01 -1.3013E+02  2.8493E+01
0000893   1.0419E+02 -9.1233E+00 -9.6365E+01
0000894   1.5123E+02  2.0009E+02 -3.7449E+01
0000895   2.5462E+02 -1.0733E+02  2.4409E+02
0000896   2.2882E+02  1.4791E+02  6.3964E+01
0000897   2.2498E+02  8.4328E+01 -7.2899E+01
0000898   3.3522E+02 -8.8607E+01 -3.3865E+01
0000899   1.2656E+02  1.3510E+02  1.4707E+01
0000900   8.8646E+01  2.3475E+02  4.7172E+01
0000901   2.5742E+02  5.9935E+01 -1.8499E+02
0000902   6.4748E+01 -1.9236E+01 -1.9075E+01
0000903   3.8844E+02  7.4720E+01  1.9697E+02
0000904   2.4535E+02  1.4037E+02  6.9459E+01
0000905   1.2643E+02 -3.3636E+01  1.0717E+02
0000906   1.7861E+02  1.0441E+02 -9.9479E+01
0000907   1.8323E+02 -1.3434E+02 -2.0931E+02
0000908   1.2052E+02  1.1726E+02 -1.2496E+02
0000909   8.0910E+01  2.8941E+01  4.8399E+01
0000910   3.6237E+02 -6.8873E+01 -8.9948E+01
0000911   2.6887E+02  1.1220E+02 -1.8788E+01
0000912   1.5010E+02  4.9134E+01  4.4331E+01
0000913   2.6810E+02 -6.1566E+01 -5.3003E-01
0000914   2.1734E+01  2.7169E+01  6.0713E+01
0000916   2.6430E+02 -2.0006E+01  7.5583E+00
0000917   1.3150E+02  2.7784E+01  1.9346E+02
0000918   2.5288E+02 -1.0590E+02  1.3286E+02
0000919   1.0091E+02 -1.5823E+00  1.5010E+02
0000920   2.0779E+02  6.9227E+01 -3.1080E+02
0000921   3.9669E+02  1.9123E+02  3.7792E+01
0000922   3.1581E+02  2.0284E+02 -9.6741E+01
0000923   2.7015E+02 -2.2473E+02  2.5712E+02
0000924   1.9532E+02 -5.2496E+01 -6.8541E+01
0000925   1.1866E+02 -7.1302E+01  1.1721E+02
0000926   6.6302E+01 -8.1660E+01 -1.2903E+02
0000927   1.5202E+02  6.1613E+01  1.1017E+02
0000928   2.9451E+02 -2.1272E+02  8.5828E+01
0000929   2.1161E+02  2.1567E+02  1.3054E+02
0000930   8.6419E+01 -3.2339E+01 -1.3530E+02
0000931   7.8006E+01 -5.3647E+01  5.7768E+01
0000933   1.7317E+02 -7.9235E+01  9.5673E+01
0000934   1.7339E+02 -1.5668E+02 -9.6807E+01
0000935   1.3784E+02  6.8850E+01  1.9046E+02
0000936   1.6810E+02 -6.8957E+01  7.1789E+00
0000937   1.8500E+02 -2.3467E+02  1.1446E+02
0000938   7.7406E+01  1.1802E+02  1.2274E+02
0000939   3.4993E+02 -2.4872E+01 -8.8609E+01
0000940   1.7872E+02  1.2225E+02 -1.3203E+02
0000941   2.2732E+02 -8.8847E+01 -2.7545E+02
0000942   1.0035E+02  9.1872E+01 -9.1697E+01
0000943   4.3142E+02 -2.1736E+01 -1.5416E+02
0000944   3.0507E+02 -8.1210E+01 -4.0244E+01
0000945   1.4077E+02  5.4147E+01 -9.1267E+00
0000946   3.8570E+02 -9.2000E+01  9.0909E+01
0000947   2.0814E+02 -7.6788E+01 -1.3395E+02
0000948   1.4005E+02 -8.8803E+01 -5.2716E+01
0000949   2.5475E+01 -1.0352E+02  7.4623E+01
0000950   7.3217E+01 -3.9732E+00 -3.3895E+01
0000951   8.4090E+01  2.4639E+02  1.5620E+02
0000952   9.1883E+01 -8.8825E+01  1.9219E+01
0000953   1.7071E+02 -1.4093E+02 -1.9451E+02
0000954   1.4243E+02  5.1998E+01 -4.8729E-01
0000955   2.5043E+02  1.2793E+02 -1.0314E+02
0000956   3.5139E+02 -1.3006E+02  1.3265E+02
0000957   8.9228E+01 -1.9638E+02 -1.0502E+02
0000958   6.5570E+01 -7.2615E+01 -1.9446E+02
0000959   1.5936E+02  1.5670E+02  1.6623E+02
0000960   2.5615E+02 -1.7106E+01  7.9102E+01
0000961   1.6248E+02 -1.2224E+01 -8.0602E+01
0000962   3.3431E+02 -1.3442E+02 -2.4211E+01
0000963   2.0392E+02 -2.9725E+01  2.1363E+02
0000964   1.6026E+02 -5.8107E+01  7.2196E+01
0000965   4.7346E+01 -1.0234E+01 -5.8299E+00
0000966   3.1589E+02 -1.2025E+02 -6.9254E+01
0000967   3.0389E+01 -2.0994E+02  8.7192E+01
0000968   2.5445E+02 -1.2353E+02  7.4352E+01
0000969   1.5913E+02  1.4980E+01 -9.4692E+01
0000970   8.7419E+01 -9.1736E+01 -2.0719E+02
0000971   8.6474E+01  4.9879E+01 -2.0468E+01
0000972   3.4567E+02 -1.7267E+02 -2.3582E+01
0000973   2.7359E+02  4.1826E+01 -8.0635E+01
0000974   3.6565E+02  6.6242E+00 -1.0989E+02
0000975   2.3113E+02  1.8465E+02 -5.5598E+01
0000976   1.1592E+02 -1.2524E+02  3.7915E+01
0000977   3.3797E+02  9.8240E+01 -4.9642E+01
0000978   6.3607E+01 -3.4882E+01  8.2719E+01
0000979   1.2861E+02 -9.5245E+00  3.5277E+01
0000980   3.4426E+02  1.1878E+02  1.0287E+02
0000981   1.9254E+02  7.9799E+01  1.8683E+02
0000982   1.9131E+02  1.3426E-01 -2.6439E+01
0000983   1.7972E+02  1.0327E+02  6.5976E+01
0000984   2.7693E+02  8.1628E+01 -9.8306E+01
0000985   2.3411E+02  1.9358E+02 -2.7665E+02
0000986   2.8514E+02  3.0719E+01 -4.2052E+01
0000987   1.6000E+02 -2.3557E+01 -4.3674E+01
0000989   1.1056E+02  8.5091E+01 -4.2269E+01
0000990   1.4649E+02  8.0083E+01 -1.2562E+02
0000991   1.5124E+02 -1.5330E+02 -8.8568E+01
0000992   3.0051E+02 -2.2443E+02  1.2835E+02
0000993   2.7111E+02 -6.6698E+01  1.4519E+02
0000995   3.0539E+02 -1.8056E+02  3.8824E+01
0000996   2.5574E+02 -1.1822E+02  8.2456E+01
0000997   1.9866E+02 -2.0256E+02  1.5004E+02
0000998   1.7119E+02 -2.5907E+01 -1.2594E+02
0000999   3.4399E+02 -9.8108E+01 -1.5809E+02
0001000   1.5851E+02 -9.7667E+01 -5.9293E+01
