============================== SRIM-2013.00 ==============================
==============================================================================
====== SRIM Outputs\RANGE_3D.txt : File of Final Ion Positions =====

Ion =  F (09)   Ion Mass= 018.9984
Energy  = 2000000.E-05 keV
Ion Angle to Surface = 00.0 degrees
==================== TARGET =======================
  Layer # 1 - None
  Layer # 1 - Bottom Depth=500000.E-01 A
  Layer # 1 - Density =0007.8700 g/cm3
  Layer # 1 -  100 % of Fe
様様様様様様様様様様様様様様様様様様様様様様様様様様
                                            
Ion       Depth  X   Lateral Y   Lateral Z  
Number    (Angstrom) (Angstrom)  (Angstrom) 
-------  ----------- ----------- -----------
0000001   3.8020E+01  1.1367E+02 -2.6280E+01
0000002   1.6535E+02  2.1813E+02 -1.8543E+02
0000003   8.3451E+01 -5.9614E+01  5.2013E+01
0000004   4.0125E+01  4.0874E+01  3.7022E+02
0000005   3.5125E+02 -1.8031E+02  1.3666E+02
0000006   2.6264E+02  1.3476E+02 -2.2799E+02
0000008   1.4656E+02 -1.3000E+02 -4.5761E+01
0000010   4.4744E+01 -1.7792E+01  6.9335E+01
0000011   2.4729E+02 -1.7237E+02  1.1958E+02
0000012   2.6581E+01  5.3931E+01  5.9371E+01
0000013   2.2090E+02 -1.6882E+02  2.7721E+01
0000014   1.4063E+02  3.8672E+01  4.3592E+01
0000016   5.1376E+02  1.9680E+02  1.9513E+02
0000018   1.2975E+02 -2.7134E+02  2.4475E+02
0000019   4.0211E+02 -1.9923E+02  3.8198E+01
0000020   1.3172E+02  9.8340E+01 -1.9501E+01
0000022   1.5558E+02 -1.4684E+02 -1.5638E+02
0000023   1.9578E+02  7.4234E+01 -6.7950E+01
0000024   9.4930E+00  1.8652E+02 -2.0509E+01
0000025   1.6558E+02 -5.9332E+01 -3.8320E+01
0000026   1.7300E+02  9.1731E+01  3.3590E+01
0000027   2.5089E+02  1.9708E+02 -3.6178E+01
0000028   1.6254E+02 -5.9071E+01  1.5039E+02
0000029   4.0428E+02 -2.6055E+01 -7.2618E+01
0000030   1.9687E+02 -6.7318E+01  1.0893E+02
0000031   2.2955E+02 -9.0049E+01  2.1463E+02
0000032   1.8055E+02  3.4846E+01 -7.6794E+01
0000033   2.5569E+02 -6.9215E+00  8.1850E+01
0000034   2.0917E+02  1.0222E+02 -5.0046E+01
0000035   2.6486E+02 -1.1494E+02  1.2566E+02
0000036   2.7307E+02  3.2171E+00 -4.2307E+01
0000037   2.5324E+02 -4.1957E+02 -1.5974E+02
0000038   1.6499E+02  1.2841E+02 -4.0123E+01
0000039   2.7222E+02  1.7618E+02  1.5028E+02
0000040   3.7362E+02  1.1438E+02  6.5946E+01
0000041   2.6104E+02 -2.6303E+02 -1.1981E+02
0000042   2.7852E+02 -2.3349E+02 -1.1682E+02
0000043   4.1890E+02 -1.0311E+02  3.5303E+01
0000044   1.2896E+02 -5.2182E+01  5.1089E+00
0000045   9.3176E+01 -1.8386E+02 -3.9164E+01
0000046   1.9142E+02 -1.9835E+02  1.5207E+02
0000048   1.4075E+02 -1.1066E+02 -2.1235E+01
0000049   1.2144E+02 -8.8860E+01  3.5914E+01
0000050   1.6818E+02  1.6744E+02 -1.7753E+01
0000051   2.8241E+02 -4.8511E+01  7.8873E+01
0000052   9.6165E+01 -1.6608E+02  3.0419E+02
0000053   6.3919E+01  2.0085E+01  6.2980E+01
0000054   2.1885E+02 -2.1961E+02  1.1493E+02
0000055   2.0233E+02  1.9696E+02  1.9810E+02
0000056   2.0294E+01  1.8898E+02  1.1278E+02
0000057   1.6173E+02  5.3274E+01  5.5323E+01
0000058   2.6500E+02 -5.8943E+01  3.4375E+01
0000059   1.7786E+02  2.2500E+02 -1.6772E+02
0000060   3.4246E+02  1.3791E+02  1.8682E+01
0000061   3.0293E+02  2.0469E+02  1.1220E+02
0000062   2.9505E+02  1.9338E+02  4.8805E+01
0000063   1.3079E+02  1.0134E+02 -2.9950E+00
0000065   1.8159E+02 -9.7248E+00  7.3794E+01
0000066   1.1117E+01  4.3201E+01  3.9540E+01
0000067   1.3046E+02  8.6642E+01  1.5260E+01
0000068   3.1663E+02 -3.7996E+01  4.6567E+01
0000069   7.9130E+01 -5.7787E+01 -2.9891E+01
0000070   3.7978E+02 -1.3648E+01  6.2188E+01
0000071   3.7254E+01  8.7231E+01 -2.2906E+01
0000072   1.3926E+02 -3.0291E+01  3.8783E+01
0000073   2.6469E+02  7.6746E+01 -2.1610E+02
0000074   2.3026E+02 -7.3237E+01 -3.1951E+02
0000076   1.6304E+02  3.0608E+01  6.5850E+01
0000077   3.2494E+02  9.4287E+01  2.0796E+00
0000078   1.2616E+01  1.1485E+02 -1.4494E+01
0000079   2.1930E+02 -2.9729E+01  1.4817E+02
0000080   1.1266E+02  5.6998E+01 -1.5617E+02
0000082   1.1787E+02  8.5865E+01  1.2310E+02
0000083   9.4588E+01  1.5740E+02  2.1032E+01
0000084   5.5004E+01  1.2823E+02  1.2608E+02
0000085   1.5652E+02  3.1608E+01 -2.2437E+01
0000086   3.4875E+02  9.8667E+01  6.2140E+01
0000087   2.5258E+02  1.1494E+02 -3.4066E+01
0000088   4.1980E+02 -9.4090E+01  1.8597E+02
0000089   2.6459E+02 -2.9571E+01 -9.0781E+01
0000090   2.9546E+02  2.4393E+02  1.7935E+02
0000091   4.2972E+02 -1.1777E+02  6.6899E+01
0000092   1.2610E+02 -1.5464E+02 -8.5789E+01
0000093   1.6756E+02 -7.3194E+01  1.0245E+01
0000094   2.1651E+02  2.3747E+01 -3.1920E+01
0000095   1.0199E+02 -2.0189E+01  6.5955E+01
0000096   9.3056E+01 -7.2590E+01 -6.7814E+01
0000097   4.7663E+02  7.4684E+01  1.6799E+02
0000098   2.9428E+02  1.9291E+02 -2.4908E+01
0000099   2.5828E+02 -1.5771E+02  1.5978E+02
0000100   3.9558E+02 -4.9793E+01  2.6735E+01
0000101   1.5397E+02 -2.2039E+02 -5.3751E+01
0000102   3.0698E+02  2.1609E+02 -4.9644E+01
0000103   3.0696E+02 -1.2790E+02  4.2502E+00
0000104   1.3356E+02  3.2168E+02 -2.6222E+02
0000105   2.9868E+02 -2.1185E+01 -2.0192E+02
0000106   1.7365E+02 -8.7591E+01 -1.3947E+01
0000107   2.6942E+01 -3.0877E+01 -1.7926E+02
0000108   3.5641E+02  1.4227E+02  1.1661E+02
0000109   7.4584E+01 -6.8138E+00 -2.1654E+02
0000111   3.7745E+01 -4.9719E+01  1.4455E+02
0000112   1.2329E+02 -2.0389E+02  6.6536E+01
0000113   2.0482E+02 -1.1563E+02  2.3114E+02
0000114   2.3236E+02 -1.8437E+02 -1.3857E+01
0000115   1.3165E+02 -6.5076E+01  2.2518E+00
0000116   2.7044E+02 -1.4510E+02  2.0174E+02
0000117   2.9362E+02 -8.3904E+01 -7.2307E+01
0000118   1.5593E+02 -3.0279E+01  8.6911E+01
0000119   4.1184E+02 -9.8085E-01 -3.2664E+00
0000120   2.1570E+02 -1.2478E+02 -2.6362E+02
0000121   1.5163E+02  1.0690E+02  1.9988E+01
0000122   3.2876E+02 -5.0978E+00  3.7429E+01
0000123   3.1573E+02  3.7328E+01  1.4942E+02
0000124   2.1871E+02  3.3537E+00 -9.9685E+01
0000125   4.0810E+01  1.8132E+01 -6.4357E+01
0000126   1.9667E+02 -1.5533E+02 -1.6699E+02
0000127   5.7995E+01 -8.0731E+01 -7.8371E+01
0000128   9.7405E+01  1.9446E+02 -8.8869E+01
0000129   1.5813E+02 -2.8465E+01 -5.4799E+01
0000130   2.9417E+02 -1.1630E+01  1.1817E+02
0000131   1.9980E+02  8.0550E+00  2.6252E+01
0000132   3.4399E+01 -6.6588E+01  1.2829E+01
0000133   4.7507E+02 -2.8127E+02 -5.9555E+01
0000134   7.8455E+01 -2.7242E+01 -1.9320E+02
0000135   2.2623E+02  1.0930E+02 -1.3840E+02
0000136   8.9859E+01  9.2958E+01  2.1634E+01
0000137   1.9610E+02  5.7268E+01  1.9050E+02
0000138   3.3158E+01  3.8474E+01 -1.0338E+02
0000139   1.3183E+02 -1.3387E+02 -1.3374E+02
0000140   1.9816E+02 -1.6095E+02  6.0095E+00
0000141   1.1943E+02 -6.5363E+00  1.0514E+02
0000142   9.6813E+01  1.1345E+02  1.2402E+02
0000143   2.0156E+02 -9.9433E+01 -1.9293E+02
0000145   1.9651E+02 -8.0325E+00  2.4480E+02
0000146   1.7525E+02  5.2504E+01  6.5142E+01
0000147   1.3737E+02 -4.3786E+01  1.0876E+01
0000148   2.2152E+02  5.3756E+01  1.2854E+02
0000149   1.7377E+02 -2.4425E+02 -1.0744E+02
0000151   1.1013E+02 -3.6656E+01 -2.9396E+01
0000152   2.5076E+01  1.7821E+02 -7.5680E+01
0000153   3.3048E+02  7.9094E+01  3.9623E+01
0000154   3.0145E+02  2.0644E+02 -1.8201E+02
0000156   3.9979E+01 -1.6675E+02  2.5700E+01
0000157   3.0085E+02  4.0980E+01 -6.5944E+01
0000158   1.9211E+02  1.0488E+02 -5.7369E+01
0000159   1.6559E+02  4.0265E+00  1.4084E+02
0000160   2.1599E+02 -1.3922E+02 -6.1553E+01
0000161   2.4221E+01 -1.0379E+02  3.8004E+00
0000162   2.2673E+02 -3.7134E+01  9.5697E+01
0000163   3.4233E+02 -7.2657E+00  4.6210E+01
0000164   1.7227E+02 -5.9137E+01 -1.5864E+02
0000165   2.7574E+02 -6.4298E+01 -1.0604E+02
0000166   1.6835E+02  2.0256E+02  1.4705E+02
0000168   3.8667E+02  5.6097E+00 -9.9025E+01
0000169   1.9697E+02 -6.0153E+01 -9.5167E+01
0000171   3.7231E+02 -2.2553E+02 -8.2220E+01
0000172   1.4194E+02 -1.3643E+02  2.4346E+02
0000173   3.4212E+02  1.0444E+02  1.6863E+01
0000174   3.8883E+02 -8.4625E+01 -2.0407E+02
0000175   1.6250E+02 -1.6692E+01  7.6037E+01
0000176   1.9142E+02  5.1068E+01  4.9225E+01
0000177   1.4584E+02 -2.2797E+02 -1.2150E+01
0000178   1.4722E+02  7.4734E+00 -8.0029E+01
0000179   3.1944E+02  1.0783E+02  5.3311E+01
0000180   2.6166E+02 -3.3834E+01  7.3966E+01
0000181   2.2530E+02 -1.4627E+02 -1.8123E+02
0000182   2.1413E+02  8.5583E+01 -1.1432E+02
0000183   6.2975E+01  5.0329E+01 -1.0521E+02
0000184   6.4352E+01  1.0968E+02  4.7094E+01
0000185   9.5795E+01  4.3113E+01  1.2406E+02
0000186   3.8178E+02  1.4481E+00 -1.5520E+02
0000187   2.3828E+02  5.2501E+01  2.5430E+02
0000188   3.8316E+02 -1.0585E+02  1.2458E+02
0000189   1.4178E+02  1.2215E+02 -1.9186E+01
0000190   2.9219E+01 -5.8487E+01 -4.6103E+01
0000191   3.2747E+02 -1.2742E+02  6.3704E+01
0000193   2.3035E+02 -7.0220E+01  9.6499E+01
0000194   9.5354E+01 -3.9697E+02 -7.2363E+01
0000196   3.5353E+02  7.2420E+00 -1.7249E+01
0000197   1.5969E+02 -1.2339E+02 -7.8419E+01
0000198   1.0380E+02  5.8723E+01 -3.9955E+01
0000199   1.9440E+02 -9.7731E+01 -1.8861E+02
0000200   5.2925E+01  6.8264E+01  9.1396E+00
0000201   7.3470E+01 -4.0843E+00  5.0982E+01
0000202   3.6302E+02 -8.3155E+01 -2.9174E+01
0000203   2.4130E+02 -2.1387E+02  1.3952E+01
0000204   2.1400E+02  3.3719E+01  4.4305E+01
0000205   1.8757E+02  4.0886E+01 -1.7228E+02
0000206   3.0983E+02  1.7940E+02  1.9046E+01
0000207   4.1634E+02 -1.1778E+02  2.9778E+02
0000208   4.6949E+02 -6.3951E+01 -1.4966E+01
0000209   2.8318E+02 -5.5334E+01  8.9016E+01
0000210   3.5084E+02 -3.0885E+02  2.1470E+02
0000212   2.9655E+02 -2.9267E+00 -9.9698E+01
0000213   9.4097E+01 -2.3330E+01 -5.2451E+01
0000215   1.9763E+02  1.1190E+02 -3.0201E+02
0000216   2.0054E+02 -1.0273E+02  3.4114E+02
0000217   2.5861E+02 -1.8479E+01  6.7903E+01
0000218   2.9182E+02  1.6791E+02 -3.0628E+02
0000219   1.3703E+01  1.4438E+02 -9.6048E+00
0000221   1.2151E+02 -7.8609E+01 -4.2012E+01
0000222   1.0695E+02  5.3372E+01  2.8566E+01
0000223   8.3860E+01  2.7077E+02 -1.2285E+02
0000224   3.0185E+02  1.3380E+02 -6.1429E+01
0000225   5.3901E+01 -5.7935E+01 -9.2494E+01
0000226   2.4473E+02 -3.5163E+01 -1.1738E+02
0000227   2.0216E+02 -1.3890E+02  3.5011E+01
0000228   1.9692E+02 -8.1865E+01  1.2109E+02
0000229   3.9667E+02  8.3491E+00 -1.9180E+02
0000230   1.6059E+02  2.1559E+02  2.3200E+02
0000231   3.9215E+02 -1.7564E+02  1.0522E+01
0000232   1.2819E+02 -1.2271E+02  5.8315E+01
0000233   2.2073E+02 -3.1916E+01 -1.5262E+02
0000234   9.9456E+01 -1.7601E+02 -1.7979E+02
0000235   1.9356E+02  5.6609E+01 -3.6780E+01
0000236   9.5424E+01  6.2592E+01  1.2006E+02
0000237   3.3658E+02  1.9147E+01 -3.7372E+01
0000238   1.9866E+02  9.8447E+01  8.2543E+01
0000239   5.6134E+02 -1.5027E+02  2.1390E+01
0000240   3.1447E+02  9.8645E-01 -4.0944E+01
0000242   4.5035E+02 -8.6564E+01  2.6556E+02
0000243   9.6362E+01 -2.3553E+02 -9.4370E+01
0000244   3.8645E+02  1.0228E+02  9.7239E+01
0000245   3.2159E+02  3.1356E+01  9.4778E+01
0000246   1.8860E+02 -2.2567E+02  8.6995E+01
0000247   9.7909E+01 -9.7607E+00  2.6601E+00
0000248   4.6833E+02 -2.2715E+02  1.3552E+02
0000249   1.0531E+02  3.8182E+01 -1.8582E+02
0000250   1.3482E+02  1.0915E+02 -6.2465E+01
0000251   1.0087E+02  2.0631E+02 -8.0159E+01
0000252   4.6679E+01  1.0994E+02 -6.7875E+01
0000253   3.1182E+02  7.1770E+01  1.6193E+01
0000254   1.4653E+02  1.7297E+02 -4.4354E+01
0000255   2.1313E+02 -7.6088E+01  1.3463E+02
0000256   1.3741E+02  1.3201E+02  3.1966E+01
0000257   1.7069E+02  1.0238E+02 -7.4190E+01
0000258   7.8456E+01  2.2881E+02 -7.3743E+01
0000259   3.1916E+02  7.8686E+00  6.7267E+01
0000260   9.8046E+01 -1.6764E+02 -2.2495E+02
0000261   3.4085E+01 -7.3575E+01 -6.5519E+00
0000262   1.6397E+02  6.2408E+01  8.6391E+01
0000263   2.9214E+02  2.6357E+02 -2.0497E+02
0000264   2.6701E+02  1.7694E+02  1.5504E+02
0000265   8.7865E+01  1.0749E+01  3.8034E+01
0000267   3.6194E+02 -3.8630E+01  5.9025E+01
0000268   1.9546E+02 -2.4234E+01  1.1370E+02
0000269   1.5831E+02  9.8385E+01 -2.4796E+01
0000270   3.1978E+02  7.5700E+01  8.3026E+01
0000271   8.3207E+01 -4.6155E+01 -1.3600E+02
0000272   2.4557E+02  2.9831E+01 -1.0288E+02
0000273   1.7976E+02 -3.9659E+01 -4.6287E+01
0000274   2.1954E+02  2.7262E+02 -5.1916E+01
0000275   3.5303E+02  4.3837E+01 -8.1548E+01
0000276   3.4295E+02  1.2001E+02 -1.0203E+02
0000277   1.5217E+02 -5.1890E+01  1.4533E+02
0000278   5.6236E+01 -2.2820E+01 -2.8815E-01
0000279   1.9753E+02  2.1515E+00  4.0589E+01
0000280   4.9105E+02  1.6108E+02  8.4324E+01
0000281   3.6343E+02  8.5270E+01  1.1516E+01
0000282   5.9300E+01 -1.0981E+02  1.1468E+02
0000283   8.1605E+01 -1.0847E+02  1.1287E+02
0000284   1.8512E+02  6.2532E+01  1.4978E+02
0000285   2.1449E+02  1.1101E+02  1.4811E+02
0000286   1.5720E+02 -2.0817E+02  4.9674E+01
0000287   5.0702E+01 -3.5458E+01  1.0422E+02
0000288   9.5924E+01  1.2263E+02  7.5209E+01
0000289   1.0084E+02 -2.0428E+01 -7.5254E+01
0000290   2.1890E+02  4.8866E+01 -1.4014E+02
0000291   1.3234E+02  4.7443E+01  1.7040E+01
0000292   2.4877E+02  1.8973E+02 -2.0958E+02
0000293   6.3879E+01 -7.7339E+01 -4.5377E+01
0000294   4.3327E+02  9.2311E+01 -1.5745E+02
0000295   1.9960E+02  3.0387E+02  1.9780E+02
0000296   1.6376E+02  5.3307E+01 -5.1683E+00
0000297   1.9182E+02 -4.3797E+01 -9.6428E+01
0000298   3.6124E+02 -1.0654E+02  7.1556E+01
0000299   1.7233E+02  3.2217E+01 -1.2103E+01
0000300   1.9518E+02  2.1549E+02 -2.2468E+02
0000301   2.3141E+02 -1.5213E+02 -9.6131E+01
0000302   1.8654E+02  1.1925E+02 -2.7183E-01
0000303   9.0586E+01  1.7888E+02 -2.6323E+02
0000304   2.6719E+02 -1.8268E+02 -1.0509E+02
0000305   2.6692E+02  8.4171E+01  2.4490E+01
0000306   3.9612E+02  1.4226E+02  8.9048E+01
0000307   9.7538E+01 -4.5087E+01  3.7702E+01
0000309   1.7831E+02 -2.7279E+01  7.1798E+01
0000310   2.6768E+02  1.6914E+02  6.7784E+01
0000311   3.1064E+02  7.4047E+01  1.4600E+02
0000312   2.9354E+02 -2.4193E+02  1.6843E+01
0000313   1.0577E+02  5.2371E+01 -1.9213E+01
0000314   3.4892E+02  1.6104E+01 -1.3045E+01
0000315   6.5814E+01 -1.9435E+01 -1.5262E+02
0000316   3.9793E+02  2.3496E+01  1.9458E+01
0000317   2.7446E+01 -1.0112E+01  3.2872E+01
0000318   2.1790E+02  1.1870E+02  2.1496E+02
0000319   2.3224E+02  3.5788E+01  2.0874E+02
0000320   1.8569E+02 -1.7519E+02 -9.2499E+01
0000321   1.6062E+02  1.4489E+02  8.1237E+01
0000322   1.7489E+02  1.9551E+02  1.6696E+02
0000323   2.8213E+02  1.3862E+01  2.2161E+02
0000324   4.1891E+02 -1.0397E+02 -1.1863E+02
0000325   2.4920E+02  2.0404E+02 -1.9051E+02
0000326   1.7609E+02 -1.5168E+02 -6.1364E+01
0000327   2.4990E+02 -1.8448E+02 -2.0453E+02
0000328   4.1906E+02  1.9030E+01 -1.3058E+02
0000329   3.4253E+02  4.8494E+00 -4.5273E+01
0000330   1.5037E+02 -8.8563E+00 -9.4412E+01
0000331   2.4801E+02 -2.3299E+01 -1.1418E+02
0000332   2.0437E+02  2.6099E+02 -1.7425E+02
0000333   1.0975E+02 -6.7120E+01  3.0154E+01
0000334   1.0164E+02  9.4311E+00 -9.0262E-02
0000335   1.5335E+02  9.3324E+01  1.8566E+02
0000336   1.6272E+02  1.6896E+02 -2.9085E+00
0000337   1.6198E+02 -1.3508E+02  8.6971E+00
0000338   2.1673E+02 -1.6025E+02 -1.6229E+02
0000339   4.3442E+02  7.5779E+01  9.1974E+01
0000340   3.7889E+02  6.9496E+01 -1.8167E+02
0000341   3.4490E+02  6.3529E+01 -1.3957E+02
0000342   1.9371E+02 -1.5307E+01  2.3982E+02
0000343   2.0052E+02 -2.1809E+01 -7.5534E+01
0000344   3.3938E+02  8.7480E+01  9.6463E+01
0000345   1.8750E+02  4.5903E+01 -1.5598E+02
0000346   2.2951E+02  9.1106E+01 -1.2352E+02
0000347   1.3457E+01  1.1482E+01  3.9809E+01
0000348   1.6555E+02 -5.6306E+01  1.6098E+02
0000349   2.0859E+02 -3.9509E+00 -2.1474E+01
0000350   2.6943E+02 -1.9366E+01 -2.4889E+01
0000351   1.2333E+02 -1.0047E+02 -1.8930E+02
0000352   2.5218E+01 -7.1836E+01 -1.1042E+02
0000353   2.1340E+02 -7.6207E+00 -3.2652E+02
0000354   3.7009E+02 -3.2014E+01 -3.3901E+01
0000355   1.0271E+02 -2.7688E+01 -1.5564E+02
0000356   2.0420E+02  4.1332E+01  6.4146E+01
0000358   1.3125E+02  1.9678E+02  7.8525E+01
0000359   1.8881E+02 -8.7999E+01  8.7010E+01
0000360   1.7436E+02 -1.3358E+01 -6.1197E+01
0000361   1.6133E+02  7.3367E+01  9.0874E+01
0000362   1.3757E+02  2.8816E+01 -7.3950E+01
0000363   3.5655E+02  6.2796E+01  1.2497E+01
0000364   1.6985E+02  7.5875E+01  1.0333E+02
0000365   3.7836E+01  1.0526E+02  1.6028E+02
0000366   1.5405E+02  1.9603E+02  6.8934E+00
0000367   2.1113E+02  3.1744E+01  6.6571E+01
0000368   2.8325E+02  4.9847E+00  2.4404E+01
0000369   1.6331E+01 -3.3210E+01 -4.2816E+01
0000370   2.6027E+02  1.5130E+01 -4.7233E+01
0000371   2.2565E+02  1.5871E+02 -1.3426E+02
0000372   2.2023E+02  1.5537E+02  1.0504E+02
0000373   3.4594E+02  1.1470E+02 -3.7994E+01
0000374   1.1660E+02  3.6711E+01 -2.2162E+02
0000375   2.1049E+02 -7.1605E+01  8.1599E+01
0000376   1.1199E+02  1.7949E+02  4.8824E+01
0000377   1.9668E+02  1.5006E+02 -2.0624E+02
0000378   1.2326E+02  2.0269E+02 -1.1465E+02
0000379   1.4453E+02 -8.9378E+01 -2.4900E+00
0000380   2.6400E+02  1.6297E+02  1.7848E+02
0000381   1.2989E+02 -2.1879E+02  1.3670E+01
0000382   3.2204E+02  8.4134E+01 -8.1015E+00
0000383   9.4619E+01  3.2622E+01 -1.3163E+02
0000384   1.6983E+02  1.0938E+02 -8.4113E+01
0000385   1.3593E+02  1.1580E+02 -3.8613E+01
0000386   9.5393E+01 -9.7256E+01  5.0873E+01
0000387   1.0202E+02  1.6009E+02 -1.1972E+02
0000388   3.1223E+02  1.3227E+02  1.8186E+01
0000389   1.6387E+02  4.2088E+01  2.3689E+01
0000390   3.1307E+02  5.7480E+01 -9.6396E+01
0000391   2.2043E+02 -1.2682E+02 -3.3837E+01
0000392   8.1031E+01  1.2547E+01  1.1806E+02
0000393   2.4582E+02  8.4618E+01 -1.9694E+02
0000394   9.0488E+01 -5.9818E+01  8.0619E+01
0000395   3.2451E+02  5.9398E+00  8.9678E+01
0000396   1.6817E+02  2.0165E+02  8.5591E+01
0000397   2.5599E+02 -1.3271E+02  1.6873E+02
0000398   1.9246E+02  1.2862E+02 -1.9423E+02
0000399   6.2530E+01 -2.3567E+01 -3.6762E+01
0000400   1.0081E+02 -2.8800E+01  9.4055E+01
0000401   2.4761E+02 -2.2313E+02 -1.9825E+01
0000402   4.1415E+01  4.2260E+01  3.4836E+01
0000403   1.9080E+02  1.3832E+02 -6.4833E+01
0000404   1.9923E+02  6.5311E+01 -7.6692E+01
0000405   7.7336E+01 -7.5860E+01 -2.3200E+01
0000406   1.9638E+02  2.4219E+01  1.3644E+02
0000407   1.7430E+02  1.4662E+02 -4.7213E+01
0000408   9.2641E+01  1.4449E+02 -1.2628E+02
0000409   1.9714E+02 -5.7407E+01 -7.2598E+00
0000410   1.7026E+02  4.6978E+01 -1.3383E+02
0000411   2.4757E+02  5.2205E+01  2.1001E+02
0000412   3.0719E+02  1.6512E+02  1.6984E-01
0000413   3.6589E+02 -6.6691E+01  8.3848E+01
0000415   3.3769E+01  2.1865E+02  3.7797E+00
0000416   2.4377E+02  1.0571E+02 -1.9097E+02
0000417   2.1162E+02 -1.8809E+02 -1.2186E+02
0000418   3.2535E+02  1.2190E+02 -7.7858E+01
0000419   2.8171E+02 -3.4948E+01  2.6881E+01
0000420   1.6932E+02 -9.2075E+00  1.1488E+02
0000421   7.8137E+01 -9.7658E+01 -1.0120E+02
0000422   1.7842E+02 -3.9600E+01  1.3172E+01
0000423   1.7163E+02  2.9513E+02  4.4897E+01
0000424   3.4750E+01 -5.3641E+01  6.3052E+01
0000425   1.8355E+02 -4.5580E+01 -8.5741E+01
0000426   8.9665E+01 -8.4588E+01 -1.1776E+02
0000427   3.1269E+02 -3.4585E+00 -1.0975E+02
0000428   8.5572E+01 -9.0796E+01 -8.7721E+01
0000429   1.5413E+02 -6.3671E+01  1.2615E+01
0000430   3.1905E+02 -1.8365E+01 -5.7131E+01
0000431   4.2968E+02  1.4990E+02 -1.3657E+00
0000432   1.9389E+02 -1.3949E+02 -1.3328E+02
0000433   1.5799E+02 -4.2141E+00 -1.0162E+02
0000434   3.2223E+02  7.5705E+01 -5.4091E+01
0000435   3.6861E+02 -7.6578E+01 -4.5304E+01
0000436   3.4167E+02  2.5756E+02 -2.6024E+02
0000437   9.4649E+01 -1.5612E+02 -7.3687E+01
0000438   2.7579E+02  9.6689E+01  1.0829E+02
0000439   1.6942E+02 -1.8662E+02 -5.3770E+01
0000440   1.8149E+02  1.5187E+02  2.4241E+02
0000441   2.0454E+02 -8.2908E+01  8.4771E+01
0000442   1.5434E+02 -1.1927E+02  2.8984E+01
0000443   2.7625E+02 -5.7653E+01  1.7858E+02
0000444   2.0096E+02 -2.0353E+02  8.6631E+01
0000445   1.2259E+02  4.5362E+01 -1.6566E+02
0000446   1.4678E+02 -5.1012E+01 -1.7529E+01
0000447   1.9222E+02 -1.0515E+02 -2.9027E-01
0000448   1.5057E+02 -1.8267E+02 -1.5736E+02
0000449   9.2542E+01  9.7416E+00  5.2962E+01
0000450   2.5626E+01  6.2665E+01  8.2331E+01
0000451   2.7705E+02 -1.4342E+02 -1.7053E+02
0000452   5.5118E+01  9.5192E+01  2.3576E+01
0000453   3.5673E+01 -8.1458E+01  8.6456E+01
0000454   2.7855E+02 -2.8924E+01  2.3588E+01
0000455   3.4772E+02 -1.6869E+02  1.9335E+01
0000456   4.5768E+02  7.5912E+01  9.2870E+01
0000457   1.3064E+02  2.4955E+02 -6.9009E+01
0000458   9.7132E+01  4.8624E+01 -1.8727E+02
0000459   1.3218E+02 -1.8976E+02  1.7860E+02
0000460   1.7913E+02  1.3900E+02 -1.9647E+01
0000462   2.4996E+02  9.8962E+01 -7.5213E+01
0000463   3.1809E+02  8.0616E+01 -2.7970E+02
0000465   3.4226E+02  1.1407E+02 -3.9574E+00
0000466   2.0563E+02 -6.6975E-01 -3.5591E+02
0000467   1.5189E+02  5.7474E+01 -8.8054E+01
0000468   1.1291E+02 -2.2981E+02  2.1247E+02
0000469   2.6839E+02 -8.3980E+01  6.4134E+01
0000470   2.1447E+02  1.9075E+01  1.8210E+02
0000471   2.7198E+02 -6.0013E+00 -8.3014E+01
0000472   2.8240E+02 -3.5224E+02 -1.2117E+02
0000473   1.7212E+02  4.5425E+01 -2.5575E+01
0000474   7.8702E+01 -2.0660E+01 -1.1226E+01
0000475   4.6383E+01  1.1354E+02  1.9635E+01
0000476   1.5574E+02 -1.6728E+02 -7.7651E+01
0000477   3.2926E+02  3.4623E+01  1.1852E+02
0000478   2.1258E+02 -2.0219E+02 -7.9767E+01
0000479   1.4238E+02 -6.0194E+01  8.6694E+01
0000480   1.5919E+02  1.7726E+02 -8.4447E+01
0000481   2.1671E+02 -5.1537E+01 -2.6696E+01
0000482   7.1118E+01  1.6810E+02 -1.7205E+02
0000484   1.7147E+02  1.9966E+02  4.0492E+01
0000485   1.5344E+02 -9.5536E+01  7.5819E+01
0000486   1.1123E+02 -1.5114E+02 -1.4494E+02
0000487   3.4732E+01 -1.1031E+02  4.2316E+02
0000488   1.0747E+02 -2.9572E+02  8.5525E+01
0000489   3.8841E+02  6.4205E+01  2.8756E+02
0000490   1.7057E+02  2.9691E+01 -1.4924E+02
0000491   2.8492E+02 -1.1635E+02 -1.1890E+02
0000492   6.4715E+01 -1.1542E+02 -1.3889E+02
0000493   3.3533E+02  2.5527E+02  5.0565E+00
0000494   3.4416E+02 -1.3236E+02  2.1550E+01
0000495   3.5933E+02  2.5533E+02  1.2202E+02
0000496   1.1437E+02 -3.3464E+01  1.6285E+02
0000497   2.1476E+02 -8.2497E+01  1.1401E+02
0000498   1.9492E+02  1.3652E+02 -2.3923E+01
0000499   7.5206E+01  5.1347E+01 -1.3944E+02
0000500   3.5432E+02  1.0083E+02  7.7307E+01
0000501   2.6794E+01 -1.5537E+02 -9.1855E+01
0000502   4.5542E+02 -1.2015E+02  2.2032E+02
0000503   4.2459E+02 -1.1191E+01 -9.7284E+01
0000504   1.1700E+02  6.1885E+01  2.6203E+02
0000505   1.7200E+02 -1.4236E+02  1.3560E+02
0000506   8.1279E+01  2.4065E+02  6.4365E+01
0000507   2.4660E+02  9.5647E-01 -7.7335E+01
0000508   2.8010E+02 -7.7024E+01 -5.4160E+01
0000509   2.2674E+02  3.0666E+01  1.7108E+02
0000510   2.2110E+02 -2.3494E+01  3.3800E+01
0000511   1.7082E+02 -2.0204E+02  1.3391E+02
0000512   7.0214E+01 -4.0886E+01 -4.9337E+01
0000513   7.4788E+01  5.1730E+01 -5.7110E+01
0000514   1.4956E+02 -1.0816E+02  6.7127E+01
0000515   1.2379E+02  8.5319E+00 -8.1383E+01
0000516   2.5179E+02  3.7070E+01  1.0498E+00
0000517   2.3164E+02 -3.3640E+01  2.6967E+02
0000518   2.6024E+02  7.8794E+01  9.9599E+01
0000519   2.5534E+02  1.7655E+02  1.5437E+02
0000520   5.0729E+01 -1.8966E+01 -1.3389E+02
0000521   1.4000E+02  3.8718E+00  3.3369E+01
0000522   3.1510E+02 -8.6500E+01  1.0566E+02
0000523   1.3093E+02 -6.2903E+01  1.1189E+02
0000524   2.1704E+02  5.4052E+01 -2.9407E+02
0000525   3.2700E+02  9.1834E+01 -4.0481E+01
0000526   2.5577E+02 -2.0299E+02  1.5794E+02
0000527   2.0048E+02 -6.1192E+01  2.9330E+01
0000528   1.1708E+02 -1.8786E+02 -1.5035E+02
0000529   2.2812E+02 -2.2221E+01  6.2813E+01
0000530   3.1530E+02  4.0433E+01  1.4618E+01
0000532   3.2178E+02  9.8076E+01 -3.3370E+01
0000533   1.9773E+02  1.6005E+02  5.2496E+01
0000534   2.2999E+02  1.2473E+02  1.1300E+02
0000535   2.8566E+02 -4.1987E+01 -2.3502E+02
0000536   2.0507E+02  6.3460E+01 -3.5946E+01
0000537   3.1190E+02 -2.3420E+02  2.2349E+02
0000538   1.7064E+02  5.9544E+01 -3.2083E+02
0000539   3.1256E+02  8.0981E+01 -4.8822E+01
0000540   5.0570E+02  1.2047E+02 -4.0020E+01
0000541   1.9764E+02  1.8535E+02  1.7915E+01
0000542   1.2099E+02 -1.4605E+01  1.4534E+02
0000543   2.0041E+02 -4.4946E+01 -6.6330E+01
0000544   7.8307E+01  1.1783E+02 -2.2590E+01
0000545   1.3392E+02 -3.1137E+01  1.6229E+01
0000546   1.7371E+02  1.2355E+02 -3.3870E+01
0000547   1.0474E+02 -1.3505E+01  1.7607E+01
0000548   2.2671E+02 -7.3987E+01  5.3251E+01
0000549   1.1864E+02 -1.1170E+02  8.9443E+01
0000550   3.8870E+02  4.6531E+01  4.6173E+01
0000551   3.1846E+01 -4.0580E+01  9.9975E+01
0000552   2.3383E+02 -6.0850E+01  9.5169E+01
0000553   2.0756E+02 -8.1511E+01  1.4455E+02
0000554   1.1176E+02 -1.4361E+02  1.1555E+02
0000555   3.6955E+02 -1.3314E+02 -1.9960E+02
0000556   1.5723E+01 -1.9044E+01  2.2678E+01
0000557   1.8153E+02 -2.5260E+01 -5.4343E+01
0000558   2.2251E+02 -1.3285E+02  1.4439E+02
0000559   2.5276E+02  1.6859E+02  5.6736E+00
0000560   9.4863E+01 -1.9277E+02 -1.0957E+02
0000561   2.7319E+02 -1.2594E+02  7.5999E+00
0000562   2.8025E+02  1.3680E+02  8.3769E+01
0000563   7.1661E+01  1.7219E+02 -5.6168E+01
0000564   2.3410E+02 -6.0413E+01  1.9515E+02
0000565   1.0534E+02  7.6420E+01  8.7877E+01
0000566   3.1448E+02 -2.8262E+01  4.4470E+01
0000567   1.8737E+02 -5.0328E+01 -8.9821E+01
0000568   4.9691E+01 -1.3522E+02 -1.9176E+02
0000569   2.1665E+02 -1.8646E+02  2.3536E+02
0000570   1.9906E+02 -7.8611E+01 -5.4997E+01
0000571   1.0343E+02 -7.3195E+01  6.3913E+01
0000572   2.2976E+02  3.1706E+02  1.0059E+01
0000573   3.1955E+02 -3.9119E+00  1.5038E+02
0000574   2.3758E+02 -4.3269E+01 -8.9938E+01
0000575   2.5655E+01  4.2044E+01  4.7380E+01
0000576   5.1835E+01  7.2585E+01  2.1688E+01
0000577   4.0798E+01 -2.1286E+02  1.0651E+02
0000578   2.8927E+02  9.3292E+01 -1.4181E+02
0000579   1.9435E+02  1.2983E+02  6.7201E+01
0000580   2.4209E+02  1.3275E+01  7.2654E+01
0000581   1.4601E+02 -1.5649E+01  3.7258E+01
0000582   1.6733E+02 -3.2697E+01  6.4656E+00
0000583   2.7742E+02  2.9332E+01 -2.1530E+02
0000584   1.7688E+02  7.0467E+01  9.8455E+01
0000585   1.0140E+02  1.6619E+02  6.8802E+01
0000586   8.3130E+01  1.0214E+02 -6.4048E+01
0000587   2.3272E+02 -2.5396E+02 -1.3174E+02
0000588   1.5993E+02 -2.6635E+01  9.3367E+01
0000589   1.6022E+02  1.0485E+01 -1.1221E+02
0000590   3.8494E+02 -1.7924E+01  1.7540E+02
0000591   9.1157E+01 -9.8466E+01 -4.3868E+01
0000592   3.4874E+02  5.8588E+01 -2.1154E+00
0000593   1.7870E+02 -2.3452E+02 -3.2166E+01
0000594   2.5107E+02 -7.8553E+01 -2.2264E+00
0000595   1.9623E+02 -2.0012E+02  9.8854E+00
0000597   1.0708E+02  1.0346E+02 -9.5446E+01
0000598   3.1863E+02  9.2356E+01 -3.3376E+01
0000599   3.4272E+01  2.4668E+01 -1.1913E+02
0000600   2.4601E+02  6.7836E+01 -1.6408E-01
0000601   2.0463E+02 -5.7392E+01 -1.1740E+01
0000602   1.0878E+02 -8.8987E+01  4.4471E+01
0000603   2.1177E+02  7.9273E+01 -1.1460E+02
0000604   7.0340E+01  8.2781E+01 -2.0024E+02
0000605   2.2278E+02  1.2477E+02  1.3004E+02
0000606   3.3789E+02  1.2310E+02  8.5177E+01
0000607   3.7012E+02  9.9771E+01 -2.8925E+02
0000608   3.7655E+02  5.9669E+01  1.2191E+02
0000609   7.7523E+01 -2.8026E+01 -1.2006E+02
0000610   4.1978E+02 -2.2397E+01  3.0434E+01
0000611   2.7927E+02  6.3085E+00 -4.7002E+01
0000612   2.4783E+02  6.1695E+01 -7.8553E+01
0000613   3.1083E+02  4.4048E+01  4.2525E+01
0000614   4.2621E+02 -1.3371E+02 -2.5144E+02
0000615   1.8935E+02  1.3031E+02  3.7066E+01
0000616   2.3809E+02 -1.4117E+02 -1.5748E+02
0000617   1.3563E+02 -2.6380E+02 -7.1670E+01
0000618   4.1449E+02 -1.1476E+02  1.7890E+02
0000619   2.6425E+02 -1.0089E+02  2.9157E+01
0000620   1.2747E+01 -4.9265E+01 -1.1612E+02
0000621   9.4917E+01 -3.3982E+00 -7.0992E+01
0000622   2.4679E+02 -1.2462E+02  1.4298E+02
0000623   2.7135E+02  4.1200E+02  5.8931E+00
0000625   8.7488E+01  8.2652E+01 -7.7638E+01
0000626   2.8454E+01  2.2224E+01 -1.3836E+01
0000627   2.8719E+02  5.3687E+01 -1.2999E+02
0000628   7.2015E+01  6.6810E+01 -2.4109E+01
0000629   3.0125E+02 -5.3193E+00 -3.4707E+01
0000630   1.2595E+02 -6.3419E+01  2.0239E+02
0000631   1.4114E+02  4.7319E+01  2.1350E+01
0000632   4.3072E+01 -4.4977E+01 -3.1071E+01
0000633   3.0079E+02  7.5113E+01 -3.0169E+00
0000634   1.6790E+02 -6.8120E+01 -1.4567E+02
0000635   2.6684E+02  1.7072E+02 -5.1667E+01
0000636   2.3822E+02  1.7530E+02 -1.5926E+02
0000637   1.1094E+02 -1.7905E+01 -7.8033E+00
0000638   3.0170E+02  1.0659E+01 -5.5472E+01
0000639   4.6292E+01  8.8966E+01  2.0507E+01
0000640   6.8749E+01  9.3168E+00 -7.1708E+01
0000641   2.2427E+02 -7.9065E+01  4.7365E+01
0000643   2.9864E+02 -9.5647E+01  4.7313E+01
0000644   3.5487E+02 -1.2681E+02 -2.0264E+02
0000645   1.2668E+02 -2.4412E+01  1.9765E+02
0000646   3.3198E+02  2.1619E+02  1.6071E+02
0000647   2.8982E+02 -2.0761E+02 -7.5445E+01
0000648   1.1554E+02 -3.4381E+01 -6.0657E+01
0000649   1.5001E+02  5.8511E+01 -4.9998E+01
0000650   5.5193E+01  5.4963E+00  5.7374E+01
0000651   2.9800E+02 -5.6411E+01  7.6052E+01
0000652   1.4642E+02  8.9484E+01  1.7602E+02
0000653   3.9380E+02  2.1384E+01  1.4848E+02
0000654   1.0509E+02  1.2443E+02  1.2380E+02
0000658   1.1853E+02 -3.7163E+00  5.5313E+01
0000660   1.4972E+02  1.7627E+01 -3.7476E+01
0000661   2.2503E+02 -6.8841E+01 -8.9661E+00
0000662   4.1773E+01 -4.7677E+01 -5.6905E+01
0000663   5.8941E+01 -3.0755E+01  3.9879E+02
0000664   2.0358E+02 -6.0710E+01 -5.4009E+01
0000665   1.1018E+02  8.3384E+01 -1.5697E+02
0000666   2.0501E+02  1.7684E+01  8.2661E+01
0000668   1.6081E+02 -2.0377E+02 -9.1414E+01
0000669   5.6074E+01 -2.1676E+02  1.0025E+02
0000670   5.2280E+02 -1.1678E+02 -4.4326E+01
0000671   4.3389E+02  2.4183E+01 -5.2937E+01
0000672   2.9457E+02 -4.8462E+01  2.6071E+01
0000673   1.5076E+02  1.8653E+02  8.9504E+01
0000674   3.2500E+02  2.3460E+01  7.8407E+01
0000675   5.5428E+01 -1.0686E+02  4.1786E+01
0000677   3.3127E+02 -1.2327E+02  1.4122E+02
0000679   1.8333E+02 -1.0574E+02  2.8869E+01
0000680   7.8423E+01 -1.4279E+02  7.7716E+00
0000681   2.7765E+02  1.4735E+02 -1.2893E+02
0000682   1.5077E+02 -2.0149E+02  7.4372E+01
0000683   1.7693E+02  2.6012E+01 -4.2863E+01
0000684   2.0652E+02 -1.0089E+02  9.3069E+01
0000685   3.4449E+02 -2.6547E+02 -5.1178E+01
0000686   1.1242E+02 -2.6770E+02  1.2864E+02
0000687   1.5678E+02 -3.6520E+01 -5.9332E+01
0000688   2.1580E+02  3.5337E+01  2.2900E+02
0000689   2.8900E+02  1.0489E+02 -1.6443E+02
0000690   2.1698E+02  9.3151E+01 -1.6412E+02
0000691   1.6138E+02 -1.0057E+02 -1.8986E+01
0000692   1.8728E+02 -8.9332E+01  2.7008E+01
0000693   1.1918E+02  1.9308E+02  3.6988E+00
0000694   3.1457E+02 -1.4567E+02 -7.0685E+01
0000695   1.4469E+02 -5.5643E+01 -9.9912E+01
0000696   7.7946E+01 -8.3570E+01  4.3397E+01
0000697   2.6601E+02 -3.8718E+00 -5.4199E+01
0000698   1.8390E+02  1.0695E+02 -3.3201E+01
0000699   2.2572E+01 -3.6548E+00 -4.9315E+00
0000700   4.8775E+02 -2.0551E+02  2.9654E+02
0000701   3.2333E+02 -8.1710E+00 -4.8863E+01
0000702   2.3153E+02 -1.9578E+02 -6.5496E+01
0000703   7.4847E+01  2.3286E+02  1.4248E+02
0000704   5.0070E+02  4.4061E+00  5.7399E+01
0000705   4.4951E+02 -1.8581E+02  5.7547E+01
0000706   1.8065E+02  8.5422E+01 -1.9008E+02
0000707   2.0972E+02 -1.7017E+02  3.2131E+00
0000708   2.0269E+02  1.1964E+01  1.7824E+02
0000709   3.9298E+01 -3.9309E+01 -1.5715E+02
0000710   1.6673E+02 -1.1341E+02  2.8473E+01
0000711   2.6081E+02  6.4164E+01 -1.5803E+02
0000712   2.1404E+02  2.9038E+02  9.2372E+00
0000713   7.7342E+01  8.8456E+01  1.1102E+02
0000714   3.0537E+02  2.3971E+02  2.3290E+01
0000715   1.7307E+01 -1.7851E+02  6.2490E+01
0000716   3.1400E+02  8.0310E+01 -1.3694E+02
0000717   1.0168E+02 -1.3562E+02  9.6576E+00
0000718   1.6811E+02 -2.8886E+01  1.5203E+02
0000719   3.9499E+02 -8.1591E+01  1.1504E+02
0000720   4.8275E+02  1.7532E+02 -8.4813E+01
0000721   3.4496E+02 -1.8591E+02  1.9911E+02
0000722   3.1535E+02  1.6439E+02  1.3099E+02
0000723   2.3107E+02  8.8446E+00 -4.5935E+01
0000724   3.0876E+02 -3.7757E+01  9.3314E+01
0000725   1.3531E+02 -4.1905E+01 -1.2100E+02
0000726   1.9572E+02 -1.3914E+02  1.8809E+01
0000727   2.0506E+02  8.5682E+01  7.6791E+00
0000728   1.2964E+02 -1.8820E+02  1.4994E+02
0000729   1.4539E+02  1.1218E+02  9.8285E+01
0000730   2.3797E+02 -5.6480E+01 -1.9493E+02
0000731   1.2588E+02 -3.2907E+00  1.1893E-01
0000733   3.9841E+02  1.3159E+02 -9.5795E+00
0000734   2.3905E+02 -1.2385E+02 -1.0261E+02
0000735   2.2748E+02  1.8523E+02  1.0332E+02
0000736   3.1188E+02  1.5480E+02  9.3430E+01
0000737   1.3366E+02 -3.5126E+01 -1.2400E+02
0000738   2.4807E+02  2.2834E+00 -9.3214E+01
0000739   1.9310E+02 -8.7087E+01  1.4921E+02
0000740   9.1501E+01 -3.2906E+02  1.9613E+02
0000741   1.6940E+02  2.9359E+02 -4.8112E+01
0000742   4.4878E+02 -1.4357E+01  2.6012E+01
0000743   5.9446E+02  5.6217E+01 -2.3187E+01
0000745   3.9471E+02  4.5892E+01  2.3279E+02
0000746   2.9088E+02  2.5231E+00 -2.5679E+01
0000747   3.0039E+02 -1.6581E+02 -2.3779E+01
0000748   8.4762E+01 -6.0477E+01  2.9246E+01
0000749   3.0109E+02 -2.1454E+01  1.3027E+02
0000750   1.9652E+02  1.6657E+02  1.3362E+02
0000751   1.0482E+02 -1.5022E+02  1.0910E+02
0000752   1.3539E+02 -1.0345E+02  1.4620E+02
0000753   3.9613E+01 -8.8874E+01  2.4021E+02
0000754   2.5858E+02  1.8144E+02 -1.5063E+02
0000755   1.7521E+02 -5.0980E+01  5.5878E+01
0000757   1.6981E+02 -1.3882E+02 -6.1112E+01
0000758   3.2666E+02 -5.8410E+01  2.3590E+01
0000759   9.1499E+01 -1.5537E+02  1.9263E+01
0000760   8.8716E+01 -2.5927E+02 -1.7556E+02
0000761   2.7429E+01 -5.9349E+01  5.6884E+01
0000762   4.7900E+01 -8.3776E+01  2.0925E+02
0000763   9.9556E+01  5.9617E+01  6.8557E+01
0000764   6.0335E+01  9.7766E+01  4.9607E+00
0000765   2.7806E+02  8.3941E+01 -1.6478E+01
0000766   7.1783E+01 -8.3710E+00  1.3315E+01
0000767   2.8785E+02  1.2842E+02  1.5984E+02
0000768   3.3714E+01 -3.3045E+01  8.7385E+01
0000769   3.0684E+02 -8.3145E+01 -2.5662E+02
0000770   6.3586E+00  3.4654E+01  1.5767E+02
0000771   3.4209E+02  1.9813E+01 -1.5060E+01
0000772   2.5480E+02  1.8490E+01  2.6573E-02
0000773   4.0090E+02  8.6789E+01  1.5177E+02
0000774   9.0300E+01  2.5061E+02 -1.2744E+02
0000775   4.0651E+02 -2.0049E+02 -8.0431E+01
0000776   1.8971E+02 -1.0912E+02 -9.7823E+01
0000777   2.9105E+02  4.0898E+01 -2.2904E+02
0000778   1.2353E+02 -2.9787E+01 -4.9812E+01
0000779   2.9585E+02 -5.9335E+01  2.9815E+01
0000780   3.7294E+02  1.8781E+02  2.8282E+01
0000781   2.4314E+02  1.5650E+02 -2.2543E+02
0000782   2.3704E+02  7.8534E+01 -3.5251E+01
0000784   1.9713E+02 -6.8135E+01 -8.5538E+01
0000785   1.5546E+02  2.0249E+02  8.0512E+01
0000786   4.8037E+02  8.7762E+01 -1.4850E+01
0000787   2.9601E+02  7.5736E+01  7.7133E+01
0000788   3.5161E+02  7.9307E+01 -7.8234E+01
0000789   4.1212E+02  1.6507E+02 -3.2635E+01
0000790   2.2729E+02 -5.1336E+01 -1.0288E+02
0000791   4.4741E+02 -8.8486E+01  1.3002E+02
0000792   3.3123E+02  2.3483E+02  1.3936E+02
0000793   3.2475E+02 -2.7140E+02 -1.0144E+02
0000794   1.0502E+02  2.7184E+01  9.3835E+01
0000795   2.6276E+02 -4.3785E+01 -5.0718E+01
0000796   2.3935E+02 -2.2573E+02 -1.2365E+02
0000797   1.2970E+02 -1.9706E+02  2.6817E+02
0000798   1.9537E+02  9.8787E+01 -6.6007E+01
0000799   4.4829E+02  8.4165E+01  1.4543E+02
0000800   1.7260E+02  5.6926E+01 -2.5853E-01
0000801   2.2868E+02  1.0480E+02 -2.0323E+02
0000802   1.4597E+02 -7.1958E+01  4.3166E+01
0000803   1.8752E+02  3.1297E+00 -7.6997E+01
0000804   2.9536E+02 -2.9326E+02  1.4184E+02
0000805   1.8906E+02 -2.0698E+02  2.6981E+02
0000806   1.9708E+02 -2.7973E+01  6.2096E+01
0000807   1.7307E+02 -7.9755E+01  1.9721E+01
0000808   2.5626E+02  1.3195E+02 -1.0851E+02
0000809   1.7386E+02 -1.6323E+02 -1.6338E+02
0000810   2.8524E+02 -3.2146E+02 -9.7536E+01
0000811   1.4641E+02 -5.5395E+01 -1.6727E+02
0000812   1.3581E+02 -5.0024E+01 -1.1955E+00
0000813   3.9794E+02 -5.6906E+01 -4.1544E+01
0000814   2.8224E+02 -4.1287E+00  1.1796E+01
0000815   1.1136E+02 -3.4080E+01  1.0160E+02
0000816   2.8712E+02 -1.3183E+02 -1.3174E+02
0000817   3.0147E+02 -1.9539E+01 -9.5376E+01
0000818   7.1127E+01 -4.8400E+01  4.7134E+01
0000819   8.0866E+01 -7.1444E+01  3.3887E+01
0000821   1.6073E+02 -7.7528E+01 -4.8624E+01
0000822   2.3348E+02  1.8737E+01 -5.0691E+01
0000823   1.9146E+02 -6.4256E+01 -1.0213E+00
0000824   4.9417E+01 -3.4995E+00 -1.7145E+02
0000827   2.3407E+02 -2.5522E+01 -1.7733E+02
0000829   1.6792E+02 -1.1509E+02 -3.2167E+01
0000830   1.2618E+02 -7.8921E+01 -6.5513E+01
0000831   2.7978E+01  1.5476E+02  8.3338E+01
0000832   3.3627E+02  1.0379E+02 -1.4183E+02
0000833   2.4343E+02 -8.4054E+01 -2.0048E+02
0000834   2.1826E+02  3.9148E+01  5.7887E+01
0000835   4.1242E+02 -7.3386E+01 -1.1350E+02
0000836   7.6789E+01  1.0644E+02 -2.7842E+01
0000837   1.9283E+02  9.2849E+01  4.7492E+01
0000838   2.0383E+02 -1.8005E+02 -8.8659E+01
0000839   2.6065E+02 -2.4267E+02  2.1474E+02
0000840   2.6945E+02  4.4525E+01  5.8183E+01
0000841   4.5351E+01 -1.4827E+01  2.6350E+01
0000842   1.0087E+02 -1.5615E+02 -4.8265E+00
0000843   1.8500E+02  9.1985E+01  9.6631E+01
0000844   6.6030E+01 -9.1714E+01 -2.1191E+02
0000845   2.0310E+02 -3.2343E+01  1.6325E+01
0000846   9.8438E+01 -1.5838E+02 -1.3669E+02
0000847   5.3946E+01 -1.0058E+02 -9.4724E+01
0000849   6.2717E+01 -2.3883E+01  1.5917E+02
0000850   3.2545E+02 -4.5249E+01  1.5801E+02
0000851   2.2285E+02  8.3969E+01 -1.0094E+01
0000852   1.8885E+02 -8.4936E+01  8.4842E+00
0000853   1.7095E+02 -2.0473E+02  1.8431E+02
0000854   3.6116E+02 -2.6256E+02  4.0604E+01
0000855   3.2879E+02  1.4617E+01 -9.7240E+01
0000856   2.8468E+02  1.3031E+02  8.5725E+01
0000857   2.5185E+02  2.8857E+01 -5.6405E+01
0000858   1.3647E+02 -2.5028E+02  7.9694E+01
0000859   1.0048E+02  1.6217E+01  5.5963E+01
0000860   1.3106E+02 -1.2883E+01 -7.2537E+00
0000861   2.1402E+02 -7.8112E+01 -1.1811E+02
0000862   1.2633E+02 -8.3970E+01 -7.0114E+00
0000863   2.9776E+02 -1.7905E+02  1.5528E+02
0000866   3.1833E+02 -1.6078E+01 -8.6372E+00
0000867   3.1483E+02  2.4144E+01  1.7696E+02
0000868   1.2664E+02 -2.0653E+02  2.2080E+01
0000869   2.8666E+02 -2.8016E+01 -1.2192E+01
0000870   2.0645E+02 -1.0821E+02  1.1025E+02
0000871   1.4785E+02 -3.2146E+01  1.1080E+01
0000872   2.6064E+02 -3.9862E+01  6.3122E+01
0000873   3.7390E+02 -1.3052E+00  1.2306E+00
0000874   1.0179E+02 -1.1656E+02 -7.8827E+00
0000875   3.6407E+02 -8.9208E+01  3.6833E+01
0000876   4.1450E+02  1.4974E+02 -1.3372E+02
0000877   1.9890E+02 -1.0847E+02  5.7164E+01
0000878   1.7842E+02  8.7326E+01 -1.0382E+00
0000879   1.8166E+02 -6.1303E+01 -3.4115E+01
0000880   2.6710E+01 -1.0736E+02  3.1409E+01
0000881   3.5360E+02 -1.0779E+02  1.1789E+02
0000882   2.9906E+02  8.9161E+00  1.7396E+01
0000883   2.8348E+02 -2.1815E+01  1.3414E+02
0000884   3.1189E+02  1.2620E+02  1.6866E+02
0000885   1.6841E+02 -2.3332E+02 -7.2150E+01
0000886   3.3431E+02  4.2572E+01  7.1071E+00
0000887   2.8679E+01  1.4243E+02 -2.4718E+02
0000888   1.7361E+02  1.9760E+02 -4.9692E+01
0000890   3.6559E+02 -2.1749E+01 -3.6018E+01
0000891   2.8467E+02 -2.5583E+02  2.4018E+02
0000892   1.4020E+02 -1.2524E+02 -2.9368E+01
0000893   3.8730E+02  9.0042E+01 -1.6046E+01
0000894   1.9072E+02  6.9712E+01  2.1754E+02
0000895   3.5907E+02 -3.1357E+01  5.9860E+01
0000896   1.9005E+02  6.1467E+01  3.4855E+02
0000897   1.8253E+02  1.1568E+02  1.2024E+02
0000898   2.5960E+02  1.5221E+01 -1.4119E+02
0000899   9.6266E+01  8.2127E+01 -1.3042E+02
0000900   1.2405E+02 -4.6405E+01 -5.7869E-03
0000902   1.8313E+02  3.4541E+01 -1.2817E+00
0000903   3.1014E+02  9.3368E+00  3.0256E+01
0000904   1.0537E+02 -1.1117E+02 -2.6438E+01
0000905   7.2711E+01 -9.0093E+01  1.1138E+02
0000906   1.3428E+02 -8.1919E+00 -9.4144E+00
0000907   8.0202E+01 -1.1336E+02 -2.9658E+01
0000908   4.1530E+02  1.5479E+01  3.1078E+01
0000909   1.9000E+02  1.9330E+01  9.1696E+01
0000910   3.2938E+02  9.6309E+01 -2.1550E+02
0000911   1.9043E+02  4.0715E+01  2.1300E+02
0000912   1.4424E+02 -1.1417E+02 -2.5023E+01
0000913   1.2534E+02  5.3926E+01 -2.5589E+02
0000914   3.6847E+02  2.1951E+01  1.7865E+02
0000915   5.0952E+02  9.1283E+01 -3.4342E+02
0000916   1.0706E+02  6.0219E+00 -3.7645E+00
0000917   3.9166E+02  6.2376E+01  6.2260E+01
0000918   2.9617E+02  5.4645E+01 -9.3569E+01
0000919   3.6572E+02 -6.4964E+01 -1.1511E+01
0000920   2.6250E+02 -9.3200E+01 -1.6657E+01
0000921   1.7294E+02  3.3273E+01 -1.0896E+02
0000922   7.6441E+01 -1.5345E+01 -1.0526E+02
0000923   1.1346E+02 -7.5029E+00 -7.1996E+01
0000924   2.5104E+02 -3.6391E+01  2.2946E+02
0000925   8.4759E+01 -2.3533E+01 -5.1377E+01
0000926   1.2182E+02  1.2870E+02  1.4147E+02
0000927   2.4222E+02  4.0498E+01 -1.4728E+02
0000928   2.3698E+02  1.9545E+02 -6.2441E+01
0000929   1.1788E+02  1.6628E+02  6.3906E+01
0000930   2.9070E+02 -2.0372E+02  1.3291E+02
0000931   1.6120E+02  1.1571E+02 -1.9468E+01
0000932   3.2015E+02 -3.1920E+01 -7.2633E+01
0000933   3.0965E+02 -5.7914E+01 -1.5113E+02
0000934   9.2350E+01  1.4377E+02 -1.0957E+02
0000935   1.1986E+02  3.1320E+01  3.0034E+02
0000936   2.5946E+02  2.4335E+02 -1.9116E+01
0000937   1.4356E+02 -6.9359E+00 -5.0032E+01
0000939   8.2089E+01  5.4110E+00  2.0018E+01
0000940   1.7759E+02 -9.3742E+00  5.8475E+01
0000943   2.6878E+02  3.1658E+01  3.4710E+01
0000944   3.7867E+02  6.7721E+01  1.6774E+02
0000945   3.2314E+02 -1.1378E+01  1.8124E+01
0000946   2.4333E+02 -1.3182E+02 -1.1162E+02
0000947   1.2834E+02  1.1391E+02  9.9512E+01
0000948   2.0404E+02  2.8393E+00  8.2598E+01
0000949   2.7363E+02  1.4936E+02  1.4591E+01
0000950   1.1784E+02 -1.6767E+02 -4.1470E+01
0000951   4.1844E+02  4.6218E+00 -5.0238E+01
0000952   1.8251E+02  2.4093E+02  2.3961E+02
0000953   1.8905E+02 -1.4640E+02  1.2817E+01
0000954   1.0899E+02  2.9240E+02  1.2668E+01
0000955   1.1345E+02  1.0367E+02 -6.8776E+01
0000956   8.8841E+01 -1.8935E+00  1.8186E+02
0000957   3.6103E+02 -1.7185E+02 -9.6981E+01
0000958   1.3390E+02 -2.7378E+01 -1.0065E+01
0000959   9.4255E+01 -1.1403E+01 -4.2268E+01
0000960   3.4438E+01 -9.4104E+01 -4.9246E+01
0000961   1.5541E+02 -1.9662E+02 -2.1199E+01
0000962   1.1346E+02 -1.1039E+01 -8.0791E+00
0000963   2.1992E+02 -4.8237E+01  3.2242E+01
0000964   1.6349E+02  3.1109E+01 -4.6107E+01
0000965   7.5340E+01 -7.1527E+01  5.0431E+01
0000966   8.7194E+01 -4.7113E+01 -5.4380E+01
0000967   5.0420E+01  1.9644E+01 -8.7175E+01
0000968   1.9214E+02 -5.8414E+01 -2.9269E+01
0000969   2.6315E+02 -1.3150E+02 -2.5041E+01
0000971   1.4815E+02 -2.3175E+01  5.3011E+01
0000973   2.8170E+02 -1.4783E+01 -7.3058E+01
0000974   3.3220E+01  5.2971E+01 -9.4037E+01
0000975   1.4174E+02 -1.6838E+01  1.6509E+00
0000976   3.8182E+02  7.3668E+01  1.3231E+02
0000977   2.4629E+02  2.5391E+02 -5.5373E+01
0000978   1.0578E+02  5.6559E+01 -1.4338E+02
0000979   3.3420E+02 -1.2189E+02  7.0430E+01
0000980   1.2778E+02  1.1385E+02  1.1476E+02
0000981   3.8031E+02  9.0690E+01  2.1780E+02
0000982   5.1827E+01 -4.1724E+01 -1.6264E+02
0000984   7.1700E+01 -2.7633E+01  5.2860E+01
0000985   3.1486E+02 -3.1816E+02 -1.3363E+02
0000986   3.9058E+02 -5.5633E+01 -5.7163E+01
0000987   1.0729E+02 -7.4875E+01 -1.9039E+02
0000988   8.0127E+01 -1.2623E+01 -2.0216E+02
0000990   2.9947E+02 -1.2633E+02  3.7091E+01
0000991   6.2678E+01 -1.6597E+02 -5.8941E+01
0000992   2.9002E+02  3.3728E+01  1.1698E+02
0000993   2.1320E+02 -1.4639E+02 -1.5638E+02
0000994   2.8013E+02  9.8264E+01 -2.6638E+01
0000995   1.2944E+02 -1.4773E+02 -2.4744E+02
0000996   4.8904E+02  1.0131E+02 -1.2862E+01
0000997   4.0438E+01 -4.4456E+01  5.5332E+01
0000998   3.4095E+02  1.1125E+01  1.1395E+01
0000999   4.4762E+01 -1.9471E+01  1.0023E+02
0001000   2.9721E+02 -5.7986E+01 -3.2023E+01
