============================== SRIM-2013.00 ==============================
==============================================================================
====== SRIM Outputs\RANGE_3D.txt : File of Final Ion Positions =====

Ion =  F (09)   Ion Mass= 018.9984
Energy  = 2000000.E-05 keV
Ion Angle to Surface = 00.0 degrees
==================== TARGET =======================
  Layer # 1 - None
  Layer # 1 - Bottom Depth=500000.E-01 A
  Layer # 1 - Density =0007.8700 g/cm3
  Layer # 1 -  100 % of Fe
様様様様様様様様様様様様様様様様様様様様様様様様様様
                                            
Ion       Depth  X   Lateral Y   Lateral Z  
Number    (Angstrom) (Angstrom)  (Angstrom) 
-------  ----------- ----------- -----------
0000001   4.1131E+02 -2.4683E+02 -5.0117E+01
0000002   3.3653E+02 -1.2633E+02 -3.3819E+01
0000003   2.5932E+02 -1.8560E+01 -5.8235E+01
0000004   9.6226E+01  9.5091E+01  8.2275E+01
0000005   2.1416E+02 -6.5374E+01 -8.3868E+01
0000006   3.5026E+02  3.8570E+01  5.4039E+00
0000007   3.7617E+02 -1.6236E+02 -8.2996E+01
0000008   2.5291E+02 -9.1394E+01 -3.1570E+01
0000009   3.8216E+02  7.3055E+01 -1.0160E+02
0000010   2.9399E+02 -8.6767E+01 -2.7347E+02
0000011   1.8528E+02  1.4506E+01 -1.0159E+02
0000012   4.6191E+01  1.0114E+02  4.7195E+01
0000014   5.5675E+01 -2.7516E+01  1.1013E+02
0000015   4.1807E+02  1.4644E+02 -6.1037E+01
0000016   1.7498E+02 -2.4031E+01  9.0008E+01
0000017   2.2816E+02  1.9415E+02 -5.5104E+01
0000018   5.8585E+01  1.0410E+01  1.8441E+02
0000019   5.7310E+01  1.1970E+02  1.6706E+02
0000020   1.5555E+02  8.4384E+01  8.9571E+00
0000021   3.8353E+02 -4.4239E+01 -2.1134E+02
0000022   1.0840E+02  4.3765E+01 -7.5461E+01
0000023   2.0221E+02 -2.5996E+01 -8.0329E+01
0000024   1.9854E+01 -1.7760E+02  2.3449E+01
0000025   1.5900E+02 -1.6698E+01 -2.5259E+00
0000026   1.3485E+02  1.5005E+02 -6.8740E+01
0000027   3.5505E+02 -4.1197E+01  1.9412E+01
0000028   1.6977E+02 -5.3214E+01  6.1996E+01
0000029   7.2190E+01 -2.2100E+02 -2.3555E+02
0000030   1.5363E+02 -4.0042E+01 -1.8262E+02
0000031   4.4665E+01 -1.0923E+02 -8.1690E+01
0000032   3.8427E+02 -1.5356E+02 -3.4836E+01
0000033   2.8239E+02  3.8570E+01 -1.1658E+02
0000034   3.5416E+02  1.8755E+02  1.9298E+02
0000035   4.8436E+02 -8.8295E+01 -6.3358E+01
0000036   3.9481E+02  1.0993E+02 -1.3227E+02
0000037   2.8196E+02 -5.9599E+01  1.2225E+02
0000038   2.2359E+02  1.7614E+02  1.1046E+02
0000039   2.2873E+02 -2.2490E+02  8.6400E+00
0000040   2.3304E+02 -6.4120E+00 -1.1269E+01
0000041   4.6655E+02 -2.0563E+01 -4.8527E+01
0000042   3.7154E+02  3.5494E+01  2.5812E+01
0000043   9.0679E+01 -5.5442E+01 -7.6533E+01
0000044   3.4572E+02 -3.3314E+01 -2.1589E+02
0000045   6.5867E+01  3.0950E+01  1.1228E+02
0000047   1.4241E+02  9.0980E+01  7.0013E+01
0000048   1.9019E+02 -1.1961E+00 -1.4722E+01
0000049   2.3495E+02 -1.2323E+02 -3.9427E+00
0000050   1.5251E+02  2.4717E+01  1.0816E+02
0000051   2.3691E+02 -4.4042E+01 -1.6336E+02
0000052   2.3531E+02 -9.2804E+01 -3.3657E+01
0000053   2.3021E+02 -6.8961E+00  1.8589E+02
0000055   2.9542E+02 -4.8395E+01 -1.7607E+02
0000056   4.7053E+01 -2.4529E+02 -7.5943E+01
0000057   5.4102E+01 -8.8710E+01 -8.1176E+01
0000058   6.7407E+01  1.0732E+02 -1.2443E+01
0000059   1.2824E+02  8.5599E+01 -1.2068E+02
0000061   2.4128E+02 -5.5344E+01  1.0686E+01
0000062   8.4589E+01  6.9625E+01 -4.0239E+01
0000063   3.7539E+02  4.6140E+01  2.0288E+02
0000064   7.1594E+01 -2.4206E+02 -9.9988E+01
0000065   2.6943E+02 -1.4234E+02 -1.3693E+01
0000066   1.6767E+02  9.3885E+01 -2.3694E+02
0000067   8.0623E+01  1.1080E+02  1.4152E+02
0000068   3.2042E+02 -4.0972E+01 -5.0901E+01
0000069   3.1364E+02  6.5914E+01 -1.2842E+02
0000070   3.5348E+02 -1.7544E+02 -1.9197E+01
0000071   2.3843E+02  3.4526E+01  2.0079E+02
0000072   2.7003E+02 -8.4262E+01 -1.2130E+02
0000073   2.1995E+02 -8.3104E+01  1.6695E+02
0000075   1.0833E+02  1.4031E+02 -2.8537E+01
0000076   9.1070E+01  3.3763E+01 -3.9739E+01
0000077   6.6257E+01 -5.0424E+01  1.6926E+02
0000078   3.1126E+02  8.8789E+01 -9.1619E+01
0000079   1.5221E+02 -1.1601E+02 -1.4591E+02
0000080   1.1142E+02 -2.5191E+01 -1.3253E+01
0000081   2.8780E+02 -1.3862E+02  4.7277E+01
0000082   2.3645E+02  4.3984E+01 -7.1408E+01
0000083   1.7726E+02 -9.4057E+01 -2.7932E+02
0000084   1.4403E+02  1.8880E+02  4.2189E+01
0000085   1.4604E+02 -1.2257E+02 -1.4622E+01
0000086   1.2584E+02  5.0007E+01  1.1846E+01
0000087   1.2049E+02  1.3002E+02 -4.8816E+01
0000088   1.1774E+02 -7.9592E+01 -9.2637E+01
0000089   3.1705E+02  1.9516E+02  3.2237E+02
0000091   2.5125E+02  9.4855E+01 -2.1588E-01
0000092   4.1621E+02  2.9019E+02 -1.2007E+02
0000093   2.1042E+02  1.7397E+02 -3.6942E+01
0000094   8.7590E+01 -9.2155E+01 -3.5520E+01
0000095   2.4878E+02 -6.3133E+01  1.1338E+02
0000096   3.0232E+02 -5.0750E+01  6.7905E+01
0000097   2.2484E+02 -7.4667E+01 -7.7523E+01
0000098   5.7860E+01 -1.9806E+01 -3.7763E+01
0000099   2.7460E+02 -6.1019E+01 -6.4880E+01
0000100   4.2286E+02  2.7527E+01  2.0333E+02
0000101   2.7589E+02  8.7312E+01  1.5021E+01
0000102   1.9344E+02  1.0803E+02 -3.7830E+01
0000103   1.0467E+02  2.3982E+02  2.6636E+02
0000104   1.6150E+02 -1.8345E+02 -2.6072E+02
0000105   2.4189E+02 -5.6183E+00 -1.3416E+02
0000106   3.4597E+02  1.3138E+02  2.4516E+02
0000107   3.9436E+02 -2.0327E+02 -3.1180E+01
0000108   5.4138E+01  1.8322E+02  8.5571E-01
0000109   1.3585E+02  9.4185E+01  1.9876E+02
0000110   2.1409E+02  4.0570E+01  1.3018E+02
0000111   2.7855E+02 -7.4973E+00 -1.7494E+02
0000113   1.8891E+02  1.4676E+02  1.1882E+02
0000114   2.2598E+02 -5.1241E+01  3.4912E+01
0000115   3.5768E+02 -1.6743E+02  5.9657E+01
0000117   5.3879E+02 -1.7160E+01 -4.7117E+01
0000118   1.1670E+02  9.5758E+00 -2.2219E+01
0000119   2.2354E+02  1.2160E+02  7.0724E+01
0000120   4.8871E+02  1.4444E+02 -1.5319E+02
0000121   2.0304E+02 -7.4141E+01 -6.0335E+01
0000122   8.4132E+01 -1.2218E+01 -3.5373E+01
0000123   9.9608E+01  2.4969E+02  1.5330E+02
0000124   1.7603E+02 -8.4229E+01  2.2141E+02
0000125   8.6748E+01  5.7933E+01  6.1129E+01
0000126   8.5900E+01  1.4923E+02  2.7757E+02
0000127   1.6959E+02  8.0563E+01  2.1558E+01
0000128   1.7097E+02  4.6103E+01 -1.5270E+02
0000129   1.8218E+02 -3.7482E+01  3.9024E+01
0000130   5.0366E+02 -8.7951E+01  1.8706E+02
0000131   4.4416E+02  8.8379E+01  5.2824E+01
0000132   2.7403E+01 -1.7556E+01 -3.6504E+01
0000133   2.9426E+02 -9.4015E+00 -1.2127E+02
0000135   1.4968E+02  8.3757E+01 -1.5306E+02
0000136   3.6540E+02  7.7984E+01 -1.5998E+02
0000137   1.1386E+02 -7.3284E+01  2.3636E+02
0000138   1.6375E+02 -8.1528E+01  1.5312E+02
0000139   2.1739E+02  1.6435E+01 -1.7865E+01
0000140   1.9916E+02 -2.8201E+02 -3.0420E+01
0000141   1.8495E+02  7.8700E+00 -1.2530E+02
0000142   2.1829E+02  1.8935E+02 -8.1701E+01
0000143   1.9456E+02 -4.9377E+01  9.0127E+01
0000144   2.0629E+02 -3.2333E+02  4.2326E+01
0000145   1.7790E+02 -3.9096E+01  2.5340E+02
0000146   1.7568E+02  5.9636E+01  8.1097E+01
0000147   2.1119E+01  3.6478E+01 -7.3568E+01
0000148   2.1626E+02  4.1623E+01  1.7720E+02
0000149   1.6087E+02 -3.2989E+01 -2.0303E+02
0000150   2.1523E+02  1.0076E+02 -4.8204E+01
0000151   4.0584E+02  2.1120E+01  7.2875E+00
0000152   1.4880E+01  1.1162E+01  5.1648E+01
0000153   2.8576E+02  6.2588E+01  1.0238E+02
0000154   3.0379E+02 -2.0631E+02 -8.2467E+01
0000156   1.6005E+02  9.2172E+00  8.1905E+01
0000157   1.6128E+02  4.2021E+01  8.7133E+01
0000158   1.9020E+01  2.9251E+01 -6.9999E+01
0000159   2.4687E+02 -9.8553E+00  2.4413E+02
0000160   1.3005E+02  1.0543E+02 -7.3121E+01
0000161   2.7648E+02  1.3258E+02  2.9368E+00
0000162   3.0345E+02 -6.5415E+01  1.1871E+02
0000163   1.8659E+02  6.0774E+01 -5.2413E+01
0000164   1.8940E+02  1.0588E+02 -9.1025E+01
0000165   3.2999E+02 -1.0052E+02 -6.9633E+01
0000166   3.2606E+02  2.2561E+02  3.8315E+01
0000167   9.7935E+01 -6.1868E+01  1.3340E+01
0000168   2.0862E+02 -1.6435E+02 -1.5237E+02
0000169   1.9812E+02 -1.3317E+02 -1.8553E+02
0000170   2.9899E+02  1.2232E+01  9.9707E+01
0000171   2.9306E+02 -7.7150E+01  5.5909E+01
0000172   1.8713E+01  1.1775E+02 -3.8425E+01
0000173   1.0994E+02 -1.1772E+02 -1.7059E+02
0000174   2.6606E+02  9.3453E+01  1.7383E+02
0000175   1.1095E+02  1.2380E+02 -2.1507E+02
0000176   2.3092E+02 -9.0411E+01 -3.2962E+01
0000177   7.7834E+00 -6.2738E+01 -5.5508E+01
0000178   2.1552E+02  2.6078E+01  1.3527E+02
0000179   1.1046E+02 -1.5242E+02 -1.4812E+02
0000180   1.6440E+02  8.5700E+01 -1.0963E+01
0000181   5.7451E+01  4.1998E+01 -7.8043E+01
0000182   2.9605E+02 -1.2936E+02 -1.9067E+02
0000183   2.8167E+02 -2.3641E+01 -5.5869E+01
0000184   3.6532E+02  4.4965E+02  2.2930E+00
0000187   3.2360E+02  7.8202E+01  1.6654E+02
0000188   1.6743E+02  1.3638E+01  8.9232E+01
0000189   4.0106E+02 -2.9467E+01  2.6374E+01
0000190   2.9649E+02  1.4789E+02  2.3622E+02
0000191   3.3226E+02  1.0913E+02 -2.7751E+01
0000194   1.6499E+02  1.6468E+02  8.4756E+01
0000196   7.5748E+01  9.1849E+00  1.3402E+02
0000197   4.0165E+02  1.8764E+02  1.3500E+02
0000198   1.4223E+02  2.7548E+02 -5.2624E+01
0000199   1.3877E+02 -5.1549E+01 -8.3503E+01
0000200   1.7438E+02 -8.3344E+01  3.3474E+01
0000201   3.1637E+02  3.0275E+02  2.0640E+01
0000202   2.7044E+02 -7.1375E+01 -6.0303E+00
0000203   2.7890E+02 -8.6899E+01  5.7300E+01
0000204   3.2008E+02  1.2919E+02  4.2686E+01
0000205   3.9860E+02  2.4436E+02 -1.8925E+01
0000206   6.9374E+01 -9.8533E+01  4.2537E+01
0000207   1.4325E+02  4.3683E+01  2.3048E+02
0000208   4.5841E+02 -1.0586E+02  1.3604E+02
0000209   1.5777E+02  4.8651E+01  1.8840E+02
0000210   8.4840E+01  8.1447E+01 -2.0592E+01
0000211   1.8867E+02 -1.6939E+01  1.0388E+02
0000212   2.0050E+02 -1.4321E+02 -8.9314E+01
0000213   4.1566E+02  6.3936E+01  4.6665E+01
0000214   2.6699E+02 -1.3026E+02  9.4513E+01
0000215   3.1381E+02 -3.0398E+00  4.5166E+01
0000216   3.4437E+02  2.2810E+01  1.9954E+02
0000217   7.9479E+01  1.3419E+02 -2.0687E+02
0000218   1.9075E+02  8.0716E+01 -3.5201E+01
0000219   4.7726E+01 -5.2291E+01 -7.2333E+01
0000220   1.3131E+02 -3.2540E+01 -7.1498E+01
0000221   3.7211E+02 -2.0753E+02  1.2602E+01
0000222   3.9669E+02 -6.2945E+01 -1.8735E+02
0000223   1.6218E+02 -9.7205E+00 -5.3681E+01
0000225   1.8581E+02  1.6163E+02  4.8638E+01
0000226   2.7311E+02 -6.5669E+01  6.4852E+00
0000227   2.9730E+01 -4.8570E+01 -2.0310E+01
0000228   9.2066E+01  1.1492E+02 -1.1052E+01
0000229   2.4528E+02 -5.2980E+01 -8.9894E+01
0000230   2.2386E+02  1.7789E+02  2.8749E+02
0000231   3.8354E+02  2.3986E+02 -2.1117E+02
0000232   2.4654E+02 -6.9515E+01 -1.4573E+02
0000233   2.6449E+02  5.7788E+01  9.1516E+01
0000234   1.6956E+01 -1.7464E+02  1.9768E+01
0000235   1.4949E+02  9.5451E+01 -2.7200E+01
0000236   3.6069E+02  1.7794E+02  2.3179E+01
0000237   2.0486E+02  1.0282E+02  9.5291E+01
0000238   9.8925E+01  1.4741E+02 -1.9034E+02
0000240   2.5255E+01  7.2364E+01 -2.0443E+02
0000241   3.1538E+02  1.2117E+02 -1.2208E+02
0000242   3.6400E+02 -8.0939E+01  3.0241E+01
0000243   4.0362E+02  2.0158E+02 -1.1874E+02
0000244   2.8103E+02  2.1542E+01 -3.8795E+01
0000245   3.6368E+02 -9.3695E+01 -2.3963E+02
0000246   2.9208E+02  9.6556E+01  1.8265E+02
0000247   1.5147E+02  4.9902E+01 -2.0692E+01
0000248   4.9162E+01  1.7627E+01 -1.3490E+02
0000249   1.6134E+02  1.6010E+02  3.1325E+01
0000250   1.8186E+02 -1.3852E+02 -1.7032E+02
0000251   7.2467E+01  5.1241E+01 -1.3758E+02
0000252   1.9861E+02 -1.6601E+01 -2.2474E+02
0000253   2.2889E+02 -2.0796E+02  1.1687E+00
0000254   2.7672E+02 -1.0046E+02  1.2526E+01
0000255   2.3536E+02 -2.2059E+01 -2.8603E+02
0000256   2.1650E+02  8.7300E+01 -2.7790E+01
0000257   3.4446E+02  4.7063E+01 -1.7851E+02
0000258   3.4314E+02 -1.8278E+02 -1.0697E+02
0000259   2.0300E+02  8.1961E+00  3.2798E+02
0000260   3.0831E+02  1.8091E+02  1.8672E+02
0000261   2.4272E+02  7.9031E+01 -1.0001E+02
0000262   1.2689E+02 -6.0780E+01 -2.0220E+02
0000264   2.6608E+02  7.2215E+01 -1.8480E+02
0000265   3.8203E+02 -2.1589E+02  1.2735E+02
0000266   7.6979E+01 -2.7230E+02 -1.0021E+02
0000267   2.8964E+02 -1.3010E+02 -2.1384E+02
0000268   1.9381E+02 -1.3107E+02  1.6951E+02
0000269   2.7195E+02 -1.5462E+02  6.2863E+01
0000271   2.5081E+02  1.0802E+02  2.6376E+02
0000272   2.3276E+02 -1.9190E+01  1.0151E+02
0000273   1.5678E+02 -2.7061E+02  7.7160E+01
0000274   3.9666E+02  6.4910E+01 -5.5951E+00
0000275   5.4941E+01 -9.0952E+01 -1.8712E+02
0000276   1.7456E+02 -5.7170E+01 -5.1211E+00
0000277   1.6351E+02  8.5272E+01  7.8113E+01
0000278   1.7236E+02  1.4234E+02  1.4392E+01
0000279   2.2152E+02 -5.4983E+01 -2.5692E+01
0000280   3.0367E+02  1.3189E+02 -4.1036E+01
0000281   4.0070E+02 -7.0670E+01 -3.4765E+01
0000282   2.3920E+02  1.3087E+02  2.8131E+02
0000283   2.3509E+02  6.4045E+01  1.7529E+02
0000284   3.1667E+02  1.4828E+02 -4.2189E+01
0000285   3.1307E+02 -8.2012E+01 -1.0166E+02
0000286   4.9584E+02  1.3256E+02  9.9942E+01
0000287   1.4236E+02  1.9348E+02  6.0361E+01
0000288   2.2773E+02  6.0710E+01  2.2398E+01
0000289   1.7670E+02  4.0498E+01  1.5866E+02
0000290   7.8891E+01  1.7183E+01 -5.3782E+01
0000291   9.1905E+01 -2.2579E+02  2.2289E+02
0000292   3.7377E+02  7.7289E+01  1.5419E+02
0000293   1.6648E+02  1.8317E+02  1.2212E+02
0000294   4.7478E+01  7.3938E+01  6.3624E+01
0000296   1.5422E+02  8.5880E+01 -1.3880E+02
0000297   1.0881E+02  1.1131E+02  1.8610E+02
0000298   3.5589E+02 -9.0025E+00 -8.8294E+01
0000299   1.2795E+02  9.1436E+01  7.8436E+01
0000300   1.2142E+02  2.6716E+02 -7.5003E+01
0000301   1.6108E+02 -9.5171E+01  7.6747E+01
0000302   1.7095E+02 -1.4058E+01 -2.3142E+01
0000303   2.7543E+02  1.2474E+02  9.8392E+01
0000304   2.6718E+02  3.0994E+02  5.2859E+01
0000305   1.3113E+02 -1.2333E+02  1.3884E+01
0000306   3.1584E+02  8.9105E+01 -4.7881E+01
0000307   8.9303E+01 -1.9836E+01 -4.1766E+01
0000308   1.4168E+02  1.5923E+02 -1.5133E+01
0000309   2.5997E+02 -8.9873E+00 -6.9292E+01
0000310   1.9944E+02 -5.4081E+01  6.2142E+01
0000311   1.7968E+02  6.2156E+01 -2.9344E+02
0000312   1.2297E+02  2.0474E+02 -1.4134E+02
0000313   2.1208E+02 -1.0879E+02  3.3016E+01
0000314   1.0785E+02 -5.3084E+01  9.3382E+01
0000315   2.3487E+02 -1.4604E+02  1.0707E+01
0000316   1.5145E+02 -5.2126E+01 -1.0520E+02
0000318   1.7067E+02  1.1840E+02  7.7302E+01
0000319   1.0317E+02  2.0436E+02 -1.2218E+02
0000320   8.8222E+01  2.0464E+02  2.0722E+02
0000321   1.6049E+02 -2.2996E+01  4.8475E+01
0000322   2.4882E+02  7.7083E+01 -1.6077E+02
0000323   4.2254E+02  4.5754E+01  2.8693E+02
0000324   3.9154E+02 -1.1672E+02 -1.7437E+01
0000325   2.2882E+02 -1.0082E+02  1.5697E+00
0000326   8.5342E+01  7.8568E+01 -1.7034E+01
0000327   2.2793E+02  6.1366E+01  4.2065E+01
0000328   9.8008E+01 -1.7069E+02  2.5139E+02
0000329   9.6072E+01  1.2289E+02  4.3548E+01
0000330   1.6795E+02 -8.9284E+01 -8.5464E+00
0000332   2.5679E+02 -5.1455E+01 -2.2987E+02
0000333   3.3265E+02  1.4108E+02 -1.1164E+02
0000334   1.3597E+02  9.4628E+01 -2.2198E+01
0000335   3.1191E+02 -1.8520E+02 -2.0101E+01
0000336   1.9894E+02  4.0940E+01  1.3780E+02
0000337   7.4417E+01 -1.2984E+02 -7.4728E+01
0000338   4.7100E+02 -1.0106E+02 -8.6083E+01
0000339   3.0563E+01  2.5341E+01  1.9953E+01
0000340   1.5869E+02  4.9608E+01  3.2101E+00
0000341   1.1469E+02  5.3312E+01  1.4161E+02
0000342   2.2098E+02 -2.5865E+01  4.1763E+01
0000343   1.6766E+02  7.6247E+01  2.4462E+02
0000344   3.2963E+02  1.0813E+02  9.3005E+01
0000345   7.6252E+01  7.0264E+01 -2.0550E+02
0000346   1.1326E+02 -1.1457E+02 -8.2538E+01
0000347   1.9614E+02  2.4217E+01 -1.5177E+02
0000348   3.0280E+02 -6.6695E+01 -2.2678E+01
0000349   2.1369E+02  8.4399E+01  1.1095E+02
0000350   2.2471E+02 -2.0072E+01 -1.0919E+02
0000351   1.7064E+02  1.1094E+02  5.0454E+01
0000352   2.7563E+02  2.9928E+01 -1.4458E+02
0000353   1.2946E+02 -1.8670E+01  5.2373E+01
0000354   9.3821E+01 -2.1931E+01  5.1659E+01
0000355   2.2008E+02  1.8160E+02 -8.7132E+00
0000356   8.4680E+01  3.9273E+01  1.3923E+02
0000357   4.3262E+01  9.5491E+01 -7.2581E+01
0000358   2.1727E+02 -1.4888E+02  6.3122E+01
0000359   1.4128E+02 -8.7625E+01  3.7971E+01
0000360   1.3576E+02 -1.0911E+02  1.5145E+02
0000361   7.6506E+01  8.1689E+01  4.8025E+01
0000362   1.6427E+02  5.2682E+01 -3.6779E+00
0000363   1.5068E+02  1.5393E+01  3.9265E+01
0000364   2.3474E+02  2.2970E+02 -2.9733E+02
0000365   2.8385E+02  2.5822E+02  2.2202E+02
0000366   2.4659E+02 -7.3687E+01  1.2443E+02
0000367   1.9810E+02  5.9109E+01  9.3413E+01
0000369   2.5833E+02 -1.2054E+01 -1.0264E+01
0000370   1.6564E+02  1.3860E+02  2.2925E+00
0000371   1.5862E+02  8.2958E+01  3.3113E+01
0000372   2.5002E+02 -1.6314E+01  4.4466E+01
0000373   2.3360E+02  1.4108E+02 -1.3749E+02
0000374   1.0840E+02  1.3377E+02 -1.1553E+02
0000375   1.4158E+02 -1.1877E+02  6.6014E+00
0000376   1.0379E+02  1.4441E+02  1.3442E+01
0000377   3.2123E+02 -1.5070E+02 -5.4795E+01
0000378   4.8668E+01 -3.3390E+01 -8.8447E+01
0000379   2.6655E+02  9.0816E+01 -2.7680E+01
0000380   2.0117E+02  5.9863E+01  6.7963E+01
0000381   3.4791E+02 -7.1636E+01  1.7889E+02
0000382   2.1920E+02 -3.0399E+02  1.1610E+02
0000383   2.5075E+02  1.1771E+02  8.2968E+01
0000384   3.3141E+02 -2.2002E+02 -1.4957E+02
0000385   2.3978E+02 -4.2604E+01  1.0300E+02
0000386   3.5683E+02  2.1048E+02 -1.5101E+02
0000387   4.2793E+01  5.1725E+00  7.5506E+01
0000388   9.5969E+01  7.1052E+00 -7.5635E+01
0000389   2.0110E+02  9.5175E+01 -5.9497E+01
0000390   1.8667E+02 -1.3414E+02 -7.8544E+01
0000391   1.3613E+02  3.0480E+01  1.5769E+02
0000392   2.5107E+02 -1.2498E+01 -3.1048E+01
0000393   2.4736E+02  7.4648E+01 -3.5890E+01
0000394   3.7707E+02 -3.0890E+01 -9.1652E+01
0000395   2.1484E+02 -1.4241E+02 -1.4824E+02
0000396   2.1380E+02 -1.3207E+02 -1.2224E+02
0000397   1.9116E+02  1.3190E+02 -4.5302E+01
0000398   1.7147E+02  1.3046E+02  3.3389E+01
0000399   1.5955E+02  2.5728E+02  2.4829E+01
0000400   1.1258E+02  2.1697E+01  4.4030E+01
0000401   2.0442E+02 -1.0305E+02 -2.0204E+02
0000402   2.1640E+02 -1.1707E+02  3.9851E+00
0000403   3.9639E+02 -7.4647E+01  8.3130E+00
0000404   4.3819E+02 -2.8803E+02 -7.9310E+01
0000405   3.3214E+02  2.1536E+01  1.3992E+02
0000406   1.7666E+02 -6.0373E+01 -1.5476E+02
0000407   1.2027E+02  1.1397E+02  6.0853E+01
0000408   1.6146E+02  1.5866E+02  1.0002E+02
0000409   3.8238E+02  2.0681E+01  1.4004E+02
0000410   1.0274E+02  4.4639E+01 -9.6131E+01
0000411   3.0246E+02 -8.1571E+01 -9.9939E+01
0000412   2.0138E+02  1.2858E+02  1.0960E+02
0000413   4.8624E+02  1.5002E+02  2.9708E+01
0000414   1.2046E+02  2.4304E+02 -8.1350E+01
0000415   3.3854E+02  9.6288E+00 -1.3472E+01
0000416   1.8932E+02  6.4149E+01 -6.8042E+01
0000417   1.2762E+02 -1.3195E+02 -1.7000E+02
0000418   1.3279E+01  4.7445E+01  4.1726E+01
0000419   2.0293E+02  4.0346E+01  3.5427E+01
0000420   1.2380E+02 -1.7101E+02  1.4062E+02
0000421   3.0431E+02 -1.6690E+02 -2.4552E+02
0000422   1.1211E+02 -2.2282E+02  2.2834E+02
0000423   4.0632E+02 -3.0054E+01 -9.0574E+01
0000424   3.9315E+02 -1.5022E+02  1.1668E+02
0000425   1.3218E+02  1.0840E+02  2.5050E+01
0000426   1.8890E+02 -1.1018E+02 -9.5667E+00
0000427   2.4599E+02 -6.0092E+01  2.4782E+01
0000428   1.1953E+02  3.9855E+01  1.0576E+01
0000429   1.1711E+02  1.8944E+02 -1.5884E+02
0000430   1.2300E+02 -6.6430E+01 -3.9304E+02
0000431   1.6102E+02  5.7872E+01  1.5089E+02
0000432   1.6851E+02 -1.6013E+01 -1.0188E+02
0000433   2.2425E+02 -2.7174E+02  1.0554E+02
0000434   1.7843E+02  9.1436E+01  1.0267E+01
0000435   1.7878E+02  2.0161E+02  1.4449E+02
0000436   2.1440E+02 -8.1299E+00  3.5208E+01
0000437   2.9291E+02  3.6007E+01  1.0237E+01
0000438   4.1295E+02 -2.6652E+01  3.1184E+00
0000439   2.3066E+02  2.5802E+01 -8.6777E+01
0000440   4.1187E+01  3.2008E+00  5.4090E+00
0000441   1.8215E+02  2.1187E+02 -3.6477E+01
0000442   4.3656E+02 -2.9267E+02 -3.9104E+01
0000443   7.5321E+01 -4.7153E+01 -9.8381E+01
0000444   4.6391E+02 -4.4163E+01 -6.6799E+01
0000445   2.5249E+02  1.8535E+01  2.8366E+02
0000446   1.5339E+02 -2.1214E+02 -1.1118E+02
0000447   4.0715E+02 -1.2450E+02 -1.6472E+02
0000448   3.1503E+02 -1.0613E+02 -1.3692E+02
0000449   1.4449E+02 -4.2646E+01  1.3884E+02
0000450   2.2447E+02  1.1647E+02 -1.0333E+02
0000451   1.2443E+02  1.9043E+02  2.0083E+02
0000452   3.9264E+02  9.5267E+01  7.3271E+01
0000453   1.8565E+02  1.3283E+01 -2.2986E+02
0000454   2.1824E+02  3.9794E+01  5.9274E+01
0000455   1.6663E+02 -8.8642E+00 -2.6769E+01
0000456   2.9217E+02 -2.8839E+01  9.8552E+01
0000457   1.6784E+02  2.2227E+01  2.2495E+02
0000458   2.5240E+02 -3.4291E+00  2.0859E+02
0000459   3.1642E+02 -8.6698E+01  1.3452E+02
0000460   7.7995E+01  5.8326E+01 -3.4413E+01
0000461   1.8626E+02 -5.6665E+01  1.1120E+02
0000462   1.8909E+02 -4.1380E+01  1.8531E+02
0000463   2.6497E+02 -1.4595E+02 -3.4156E+01
0000464   4.8649E+02 -1.3429E+02 -5.2227E+01
0000465   1.8749E+02  9.1687E+01 -9.8504E+01
0000467   3.8745E+02 -2.9519E+02 -1.0209E+02
0000468   2.8087E+02  1.0079E+02  2.2797E+02
0000469   3.6549E+02 -1.5248E+01  7.1260E+00
0000471   1.2420E+02  8.0135E+01 -8.2459E+01
0000472   2.0213E+02 -2.8900E+01 -4.1316E+01
0000473   1.9316E+02  7.9506E+01 -2.1458E+02
0000474   6.1461E+01 -1.6620E+01 -9.3954E+01
0000475   2.3602E+02 -1.1860E+02  2.7177E+01
0000476   1.6145E+02  2.1416E+02  9.2287E+01
0000477   2.3052E+02  1.7906E+02  1.1845E+02
0000478   1.8229E+02 -5.9854E+01  5.8618E+01
0000479   1.9057E+02 -2.8462E+01 -1.4980E+02
0000480   3.0388E+02 -7.6915E+01  1.0797E+02
0000481   1.4987E+02 -6.9562E+01  1.8046E+02
0000482   2.3339E+02 -1.7028E+02  2.3000E+01
0000483   7.1585E+01  2.0743E+01  8.8057E+01
0000484   2.1764E+02 -9.9789E+01 -8.0814E+01
0000485   1.5584E+02 -5.5553E+01  2.1237E+02
0000486   4.9106E+01 -4.9397E+01  1.6037E+02
0000487   1.2573E+02  3.6106E+01 -4.4793E+01
0000488   2.6304E+02  1.9160E+00  1.2642E+01
0000489   1.2785E+02 -1.3181E+02  2.0233E+02
0000490   8.8606E+01 -1.9578E+01 -3.9328E+01
0000491   3.0774E+02  2.4514E+02 -2.1022E+02
0000492   3.6202E+02  1.2909E+02 -6.6804E+01
0000493   3.2096E+02 -2.2158E+02 -1.4068E+01
0000494   1.4837E+02  2.2531E+02 -5.4439E+01
0000495   1.6359E+02 -7.6248E+01 -1.5701E+02
0000496   1.6895E+02 -9.8838E+01  1.7519E+02
0000497   2.7375E+02 -1.4398E+01  1.1746E+02
0000498   3.4134E+02  3.9478E+00 -1.5745E+02
0000499   2.3376E+02 -7.6996E-01 -2.9321E+01
0000500   2.0121E+02  7.9878E+01 -2.3760E+02
0000501   1.0610E+02 -1.5552E+01  1.2092E+02
0000502   2.6575E+02  1.1615E+02 -6.8808E+01
0000503   3.3454E+02 -3.8125E+01 -3.9311E+01
0000504   1.3504E+02  2.5160E+02  1.5186E+02
0000505   2.1699E+02 -8.5493E+01  1.2662E+02
0000506   2.0136E+02 -8.6042E+01 -2.3931E+01
0000507   2.0229E+02 -2.5726E+02 -1.3998E+02
0000508   3.6427E+01 -2.3676E+02 -1.2935E+02
0000509   3.9422E+01 -1.5555E+01 -1.8480E+02
0000510   2.5447E+02 -2.2904E+01  1.4054E+02
0000511   1.4090E+02 -8.7311E+01  7.9974E+01
0000512   2.3119E+02  2.3801E+02  7.9410E+01
0000513   4.2146E+02 -3.5857E+01 -3.7181E+01
0000514   4.1447E+02 -1.6655E+01 -1.0356E+02
0000515   1.4871E+02 -1.7920E+02  2.3974E+02
0000516   1.9938E+02 -2.3268E+01  2.1431E+02
0000517   2.2913E+02 -1.0176E+02 -1.1480E+02
0000518   7.4828E+01  9.4312E+01  2.7841E+01
0000519   1.0998E+01  3.7404E+01 -8.2868E+01
0000520   3.1676E+02 -4.3886E+01  1.0634E+02
0000522   1.5493E+02 -5.2096E+01 -1.0962E+02
0000523   1.4248E+02  1.6557E+02 -9.1373E+01
0000524   2.1737E+02  4.0241E+01  8.9685E+01
0000525   1.1235E+02  1.0953E+02  1.2445E+02
0000526   1.0514E+02 -6.4203E+01 -1.6186E+02
0000527   2.8300E+02 -1.7432E+02  1.0534E+02
0000528   2.9623E+02 -2.0817E+02 -5.9495E+01
0000529   1.2500E+02  1.0894E+02  9.9601E+00
0000531   1.5000E+02 -3.2482E+01 -7.4839E+01
0000532   3.9234E+02  8.3452E+01 -2.4149E+01
0000533   2.8744E+02 -1.9270E+02 -4.6142E+01
0000534   1.6403E+02 -6.7923E+01  1.7429E+02
0000535   1.2272E+02 -1.0382E+01 -1.8126E+02
0000536   2.1799E+02 -1.7862E+02 -3.1182E+02
0000537   3.8092E+02 -1.1798E+02 -9.5970E+01
0000538   9.7381E+01  9.3827E+01  1.5836E+02
0000539   1.5006E+02  2.2684E+02 -2.3336E+01
0000540   2.0266E+02 -3.9137E+01  1.6488E+01
0000541   4.6357E+02 -9.4733E+01  1.6327E+01
0000542   2.9368E+02 -5.1266E+01  1.1062E+02
0000543   1.1776E+02  1.8273E+02  9.6951E+01
0000544   3.7628E+02  1.0287E+02  1.3632E+02
0000545   2.7834E+02 -2.7324E+02  8.8945E+01
0000546   2.6965E+02 -1.8381E+02  1.1720E+02
0000547   2.2513E+02  3.0217E+01  2.0157E+02
0000548   4.0579E+02 -1.5002E+02  9.6981E+01
0000549   2.7271E+02 -9.4117E+01  2.0509E+02
0000550   1.2272E+02 -8.2786E+01  1.1457E+02
0000551   5.0864E+01  1.1127E+02 -1.2948E+02
0000553   1.3456E+02  2.6510E+01  6.6405E+01
0000554   1.6832E+02 -1.4107E+02 -1.3609E+02
0000555   1.0865E+02 -1.6199E+02  1.7538E+02
0000556   2.5719E+02 -3.4614E+02 -7.6224E+01
0000558   3.0708E+02  7.1688E+01  1.8767E+01
0000559   3.6458E+02  5.5611E+01 -1.5291E+02
0000560   2.0676E+02  3.5232E+01  9.3971E+01
0000561   1.9160E+02 -6.5155E+01 -5.1512E+01
0000562   1.3429E+02 -2.7128E+01  6.6264E+01
0000563   3.0324E+02 -5.5346E+01  2.3496E+02
0000565   2.2815E+02  2.5339E+02  1.4242E+02
0000566   3.7108E+02  1.2188E+02  2.2758E+02
0000567   3.7806E+02 -1.4833E+02 -1.5317E+02
0000568   1.1034E+02  1.8785E+02  1.2849E+02
0000569   2.8044E+02  2.4141E+02  1.0899E+02
0000571   3.3002E+01 -8.3044E+01  2.5695E+02
0000572   7.6167E+01  1.2782E+02  2.6141E+02
0000573   2.8775E+02 -1.2111E+02  8.4088E+01
0000574   5.2880E+01 -6.6358E+01  1.7136E+02
0000575   1.5879E+02 -3.3730E+01  6.8212E+01
0000576   1.2160E+02  7.3947E+01  3.5155E+01
0000578   2.7193E+02 -1.1839E+02 -7.3332E+01
0000579   2.9758E+02  1.3072E+02 -1.1807E+02
0000581   2.7745E+02  2.3297E+02  7.9698E+01
0000582   3.1956E+01  1.0178E+02  1.1724E+02
0000584   3.1532E+02  1.5420E+01  3.3623E+01
0000585   5.1208E+02 -1.4861E+01 -3.8692E+01
0000586   1.7490E+02 -8.8782E+01  6.0492E+01
0000587   2.8298E+02 -6.7966E+01 -4.2770E+00
0000588   9.4360E+01 -1.3632E+02  1.3992E+01
0000589   1.2623E+02  2.1210E+02 -3.7438E+01
0000590   3.0780E+02 -4.1852E+01 -3.3979E+01
0000591   1.6625E+02  2.7471E+01  2.2652E+02
0000592   4.7179E+02  2.5595E+01  1.2146E+01
0000593   3.1601E+02 -5.3448E+01 -6.1419E+01
0000594   2.2558E+02  3.2848E+00 -5.1708E+01
0000595   2.0727E+02  2.6215E+01  3.7834E+01
0000596   2.1321E+02  1.9993E+01 -7.6036E+01
0000597   1.3761E+02  1.6406E+02  1.7878E+02
0000598   1.8424E+02  1.1507E+02 -1.6412E+01
0000599   3.5599E+02 -6.4879E+01 -4.3017E+00
0000600   2.5989E+02 -1.7176E+02 -1.6006E+02
0000601   1.6111E+02  1.5793E+02  8.7072E+01
0000602   3.1089E+02 -6.3994E+01  2.5652E+01
0000603   2.0496E+02  3.3156E+01  7.5229E-01
0000604   2.8371E+02  4.7837E+01 -8.2733E+01
0000605   1.6202E+02 -2.8488E+01 -1.4075E+02
0000607   6.1734E+01  8.7593E+01 -3.6918E+01
0000608   9.9485E+01 -1.5054E+02  3.6088E+01
0000609   1.7335E+02  1.6559E+02 -3.1818E+01
0000611   9.8962E+01  1.6962E+01 -1.1313E+02
0000612   4.4550E+02  3.7262E+00 -1.8950E+02
0000613   2.3310E+02 -1.7322E+01 -2.4081E+02
0000614   1.7839E+02 -2.0298E+02 -1.2992E+02
0000615   8.5706E+01 -1.7891E+01 -8.0409E+01
0000616   1.1175E+02  4.3164E+01 -4.2187E+00
0000617   1.4261E+02  6.6034E+00 -1.6978E+02
0000618   1.6724E+02 -2.2039E+02  1.6029E+02
0000619   1.8477E+02  1.8101E+01  1.4894E+02
0000620   1.0622E+02 -5.3607E+01 -3.5237E+01
0000621   1.0914E+02 -1.6452E+01 -1.5707E+01
0000622   5.8669E+01  1.0778E+02  1.4867E+02
0000623   3.4231E+02 -1.2376E+02 -2.9401E+01
0000624   2.2263E+02  2.3432E+02  9.9371E+01
0000625   2.6962E+01 -1.1134E-01 -1.5386E+02
0000626   3.0699E+02  2.3764E+02  2.4438E+01
0000627   1.3528E+02 -8.6083E+01  1.1915E+02
0000628   1.9168E+02 -4.4993E+01  1.0881E+01
0000630   2.4948E+02  2.1531E+02  7.6172E+01
0000631   2.0956E+02 -3.8801E+01  1.2145E+01
0000632   3.2176E+02  6.8818E+01 -9.9462E+01
0000633   2.0227E+02  3.3153E+00  3.6361E+01
0000634   3.0265E+02  1.9952E+01  1.1535E+01
0000635   3.0391E+02  8.0927E+01 -1.6431E+02
0000637   2.4441E+02  1.4585E+01  1.0170E+01
0000638   3.6916E+02  7.2410E+01 -7.2413E+01
0000639   1.4309E+02  5.8535E+01  1.0350E+02
0000640   2.4081E+01 -1.8935E+02 -3.4655E+01
0000641   1.4079E+02 -4.1908E+01  1.4954E+02
0000642   4.4500E+01 -2.0304E+01 -1.0339E+02
0000643   3.3389E+02  5.9552E+01 -1.5851E+02
0000644   4.0761E+02  2.0035E+02 -1.2539E+02
0000645   2.3575E+01 -4.5275E+01  1.0893E+02
0000646   2.1321E+02 -7.4285E+01  2.3653E+01
0000647   3.3458E+02 -1.5371E+02 -1.5335E+02
0000648   2.2533E+02 -2.3836E+01  1.3079E+00
0000649   2.6001E+02 -2.2953E+02 -6.0857E+01
0000650   2.6056E+02  2.3426E+02 -3.1362E+01
0000651   4.7752E+01  2.5004E+02  9.8037E+01
0000652   1.8433E+02 -1.0297E+02 -1.1829E+01
0000654   3.4855E+02  6.6443E+00 -8.9279E+00
0000655   3.1245E+02 -1.2261E+02 -9.1497E+01
0000656   2.7245E+02 -2.6777E+01 -1.8507E+02
0000657   2.6862E+02 -7.2135E+01  1.4114E+02
0000658   1.0247E+02  8.1504E+01  2.1905E+01
0000659   4.1324E+02 -6.0304E+01  1.5290E+01
0000660   4.4624E+01  3.9863E+01 -8.7534E+01
0000661   1.0443E+02 -3.4040E+01 -1.6481E+02
0000662   1.4102E+02  1.2050E+02  9.7725E+01
0000663   4.0525E+01 -3.3393E+01 -2.1574E+01
0000664   1.1076E+02  1.7957E+02  3.4360E+01
0000665   4.0563E+02  2.9659E-01 -2.4944E+00
0000666   5.4630E+01  2.8564E+01  1.3175E+01
0000667   1.6041E+02 -9.0279E+01 -9.1372E+01
0000668   3.6027E+02  6.2294E+00 -1.8313E+02
0000670   4.0459E+01  1.0183E+02  1.1410E+02
0000671   1.4271E+02 -2.3352E+01  1.6345E+02
0000672   1.7211E+02  1.3775E+02 -5.6573E+01
0000673   2.8984E+02  6.2245E-01  4.4056E+01
0000674   9.8588E+01 -1.7178E+01 -5.2956E+00
0000675   1.2436E+02  6.5478E+01  1.8468E+02
0000676   1.9071E+02 -9.7294E+01  2.5190E+02
0000677   1.6705E+02  2.9232E+01  1.8991E+02
0000678   1.4259E+02 -1.4386E+02  1.0420E+02
0000679   1.8091E+02 -4.4214E+01  1.5207E+02
0000681   2.8736E+02  6.4077E+01  1.9525E+02
0000682   2.6316E+02 -1.1493E+02  3.0076E+02
0000683   5.0298E+01  3.2856E+01  5.0269E+00
0000684   1.5120E+02 -2.3505E+02 -1.0578E+02
0000685   2.1828E+02  1.5577E+02 -3.1442E+02
0000686   2.3807E+02  6.9960E+01 -6.4295E+01
0000687   4.2593E+02 -3.4731E+01  7.9767E+01
0000688   1.6314E+02  1.7456E+02  1.6469E+00
0000689   3.5331E+02 -3.2518E+01 -2.3949E+02
0000690   4.0956E+02 -1.9095E+01 -6.5095E+01
0000691   1.8705E+02  6.7943E+01 -2.8473E+01
0000692   1.9149E+02  4.0014E+01  4.5216E+01
0000693   3.4793E+02  3.4934E+01 -1.4161E+02
0000694   2.8259E+02  1.0596E+02  1.3529E+02
0000695   1.2400E+02  3.4670E+01 -1.6316E+02
0000696   2.5057E+02 -1.1587E+02 -1.3971E+02
0000698   2.3964E+02  3.8669E+01  4.9413E+01
0000699   1.7252E+02 -8.9866E+01 -1.5303E+02
0000700   5.0675E+01  4.5508E+00 -2.3693E+02
0000702   1.3955E+02  2.8830E+01  5.5066E+01
0000703   6.4184E+01 -1.5157E+01 -2.2611E+02
0000704   2.4580E+02 -2.1896E+01  1.3064E+02
0000705   3.7331E+02  1.5671E+02 -9.0235E+01
0000706   2.2963E+02 -9.7802E+01  1.0383E+02
0000707   1.3549E+02 -1.5981E+02 -1.4788E+02
0000708   1.1905E+02 -1.5038E+02 -7.6511E+01
0000709   4.6845E+01  1.1622E+02 -1.0224E+02
0000710   1.4369E+02  1.0543E+02  3.0989E+02
0000711   1.5748E+02 -1.8110E+02  5.2950E+01
0000712   3.0579E+01 -2.0264E+01  1.0987E+02
0000713   2.2785E+02 -8.7002E+01 -8.0381E+01
0000714   1.5623E+02 -2.6411E+02 -2.0116E+02
0000715   1.5484E+02  7.7263E+01 -5.2118E+01
0000716   1.2452E+02  1.1012E+02  2.6227E+02
0000717   4.4901E+02 -3.4464E+01 -7.4206E+01
0000718   1.8927E+02  1.2623E+01  1.4801E+02
0000719   3.5923E+02 -2.2109E+02 -1.7227E+01
0000720   3.2344E+02 -9.5906E+00  3.0578E+02
0000721   3.7253E+02  2.7927E+01 -8.6383E+01
0000722   1.4723E+02 -1.4879E+02  5.9096E+01
0000723   6.8264E+01 -1.9130E+00 -3.4653E+01
0000724   1.7403E+02  3.6586E+01 -1.0532E+02
0000725   9.9392E+01 -2.5880E+01  9.3103E+01
0000726   2.4808E+02 -5.4450E+01 -6.3286E+01
0000727   1.1640E+02  1.2168E+02  1.4308E+02
0000728   3.3451E+02  9.9170E+01  5.7357E+01
0000729   9.3211E+01 -4.9026E+01  7.5714E+01
0000730   2.2360E+02  1.0562E+02 -6.4920E+01
0000731   5.3209E+01 -9.0896E+01  7.8868E+01
0000732   2.3982E+02  1.3051E+02 -9.0871E+01
0000733   2.2492E+02 -1.5072E+02  1.1525E+02
0000734   3.9622E+01 -2.6054E+01  1.6004E+00
0000735   3.1111E+02 -1.6090E+02  1.1481E+02
0000736   3.4145E+02 -1.0554E+02  1.3980E+02
0000737   4.1563E+02 -1.3823E+02  2.5564E+02
0000738   2.8428E+02  2.1362E+00  6.5460E+01
0000739   2.7940E+02 -8.4361E+01  1.1728E+02
0000740   2.8916E+02 -1.2740E+02 -1.5161E+02
0000741   1.4120E+02 -1.7286E+01  7.7795E+01
0000742   4.5636E+02 -1.7119E+02  5.1953E+01
0000743   4.3402E+02 -6.0850E+01 -8.5108E+01
0000744   3.1908E+02 -1.1243E+02  1.6506E+02
0000745   1.3784E+02  9.0414E+01 -2.6249E+01
0000746   8.3894E+01  9.9840E+01 -3.0461E+02
0000747   3.7117E+02 -3.8487E+00 -1.2915E+02
0000748   3.9369E+02  1.4402E+01  3.2948E+02
0000749   1.6287E+02  1.8367E+02 -1.5858E+01
0000750   2.0259E+02  1.3361E+02  1.3949E+02
0000751   1.7883E+02  1.1236E+02 -1.8043E+01
0000752   4.1060E+02 -2.2099E+02  3.2234E+01
0000754   1.6784E+02 -7.3035E+01  3.1514E+02
0000755   2.7154E+02 -2.2971E+01  3.5716E+02
0000756   2.8246E+02  1.6322E+02  2.9100E+01
0000757   1.2480E+02  3.6791E+01  1.5418E+01
0000758   3.9739E+02  2.9291E+02 -7.4427E+01
0000759   1.6803E+02  3.7245E+01  1.0086E+02
0000760   2.3952E+02  1.2916E+02 -9.3179E+01
0000761   2.3109E+01  9.2873E+01  7.9053E+01
0000762   3.8905E+02  9.4733E+01  2.4345E+01
0000763   3.3363E+02  1.2940E+02  5.8100E+01
0000765   7.9893E+01 -1.1878E+02  1.1209E+02
0000766   2.2950E+02 -6.5740E+01  5.3024E+01
0000767   9.4227E+01 -3.8391E+01  4.5612E+01
0000768   1.8148E+02 -1.1062E+02  2.4012E+00
0000769   1.2268E+02  6.5737E+01  4.1551E+01
0000770   6.9712E+01  1.9492E+01 -8.3328E+00
0000771   2.6494E+02 -1.8345E+02 -1.8808E+02
0000772   3.1307E+02  1.5713E+01 -3.5902E+02
0000773   1.9592E+02 -3.1237E+01 -3.5916E+01
0000774   2.2977E+02  3.3074E+01 -2.8243E+01
0000775   1.6313E+02 -1.0844E+02 -2.4105E+02
0000776   2.1021E+02  1.9724E+02 -7.0953E+01
0000777   1.1061E+02  3.6841E+02 -1.4014E+01
0000778   2.4636E+02  3.8512E+01 -2.5831E+00
0000779   1.0525E+02  1.9733E+02  5.6136E+00
0000780   1.9010E+02  6.9720E+01 -2.6679E+01
0000781   2.5687E+02 -1.3714E+02  3.8488E+01
0000782   2.9576E+02  1.9981E+01 -9.4959E+01
0000783   7.0827E+01 -7.1213E+01 -2.0907E+02
0000784   1.3705E+02 -2.5899E+02  7.8107E+01
0000785   3.4105E+02  9.5269E+01 -1.2809E+02
0000786   1.2468E+02  2.7839E+01 -1.2528E+01
0000787   2.6167E+02 -2.4123E+02  1.1364E+02
0000788   2.5737E+02  2.6531E+02 -1.5797E+01
0000789   1.6967E+02 -6.9542E+00  4.6505E+01
0000790   9.9270E+01 -1.7177E-01 -5.5490E+01
0000791   3.3312E+02 -8.3257E+01 -2.1153E+02
0000792   8.5553E+01 -5.8503E+01 -9.5266E+01
0000793   5.9150E+01  1.0599E+02 -1.5925E+02
0000794   1.2533E+02 -1.6809E+02  6.3969E+00
0000795   3.4967E+02  6.0093E+01 -1.0755E+02
0000796   4.6386E+01 -1.9406E+02  1.4224E+02
0000797   1.0196E+02 -1.5967E+02  3.4058E+01
0000798   2.4456E+02 -1.5175E+01 -6.7010E+01
0000799   3.2325E+02  1.7849E+02  8.5873E+01
0000800   1.3295E+02  1.6990E+02  4.0247E+00
0000801   1.4349E+02 -2.0387E+02  8.7189E+01
0000803   3.2702E+02 -6.7191E+01  1.7090E+01
0000804   3.4659E+02 -6.7403E+01  1.2910E+02
0000805   1.9979E+02  8.2553E+01  1.1657E+02
0000806   1.6728E+02  1.3744E+02 -5.0413E+01
0000808   2.3150E+02  1.3365E+02  3.3828E+01
0000809   1.5092E+02 -9.8102E+01 -1.1547E+02
0000810   2.5358E+02 -7.8896E+01  3.1031E+01
0000812   1.1573E+02 -4.3756E+01  8.3591E+01
0000813   2.9675E+01  1.1606E+01 -1.5404E+02
0000814   2.4881E+02  6.0714E+01 -1.6689E+02
0000815   1.4362E+02  1.1695E+02  1.6514E+02
0000816   3.1740E+02 -1.4273E+02 -6.5101E+01
0000817   5.2005E+02 -4.9421E+01  3.8687E+01
0000818   1.3226E+02  1.5305E+02 -1.2757E+01
0000819   2.6334E+02  1.9336E+02 -1.4882E+02
0000820   3.0771E+02  8.7914E+01  6.6194E+01
0000821   3.8079E+02 -6.2543E+01 -2.6707E+02
0000823   2.2666E+02 -1.3496E+01  2.4837E+01
0000824   1.9140E+02  1.4947E+02 -1.5758E+02
0000825   2.1766E+02 -5.7611E+01 -1.2196E+02
0000826   3.2479E+02  6.0420E+01 -1.4817E+01
0000827   2.3893E+02 -2.7060E+01 -1.5049E+02
0000828   2.4967E+02  2.0544E+02 -1.0826E+01
0000829   2.1816E+02 -3.0898E+01 -9.5550E+01
0000830   2.5904E+02 -1.1985E+02  4.7171E+01
0000831   1.5737E+02 -1.6314E+01 -2.1225E+02
0000832   2.2706E+02  1.8136E+02 -4.1105E+01
0000833   7.4490E+01  1.3377E+00  2.8874E+02
0000834   7.6668E+01  3.0820E+02  1.4441E+02
0000835   2.5288E+02  1.9914E+02  4.5314E+01
0000836   2.2037E+02 -3.4146E+01  1.8379E+02
0000837   7.5712E+01 -1.0053E+02  3.1104E+01
0000838   4.2404E+02  4.1275E+01 -1.9013E+02
0000839   1.5619E+02  2.1731E+02 -4.0804E+01
0000840   2.3964E+02  5.9498E+01 -1.6717E+02
0000841   1.6190E+02 -2.4293E+02 -7.8204E+00
0000842   2.5253E+02 -8.5530E+01 -1.8983E+01
0000844   4.2637E+02  1.8432E+02 -8.9120E+01
0000846   2.4448E+02 -8.8455E+00  2.3375E+02
0000847   6.1795E+01 -1.1659E+02 -4.6175E+01
0000850   4.2377E+02  8.3649E+01  1.1880E+02
0000851   2.3942E+02  4.8288E+01 -1.5828E+02
0000852   2.6932E+01 -2.1786E+02 -5.1977E+01
0000853   3.2912E+02  2.9484E+01  6.5716E+01
0000854   3.0755E+02 -7.9151E+01  1.7979E+02
0000856   7.9632E+01  1.0033E+02 -1.1222E+02
0000857   3.8203E+02 -1.3677E+02  3.4802E+02
0000858   2.3522E+02  1.9131E+02  1.4580E+02
0000859   2.1615E+02  7.8573E+01 -2.0954E+02
0000861   1.7277E+02  5.4637E+00  5.6106E+01
0000862   2.6207E+02 -3.1847E+02  2.7262E+02
0000863   7.5769E+01 -2.0302E+01 -7.7604E+01
0000864   5.4487E+02  4.8546E+01  1.3001E+02
0000865   8.2733E+01 -1.0583E+02  3.1793E+00
0000866   1.6105E+02 -1.5466E+02  3.8035E+01
0000867   7.6582E+01  1.1081E+02 -2.5764E+01
0000868   1.4147E+02 -9.9028E+01  7.5980E+01
0000869   2.4776E+02 -3.1256E+01 -3.5948E+01
0000870   2.4711E+02 -2.1080E+00 -2.8647E+01
0000871   2.4586E+02  1.5790E+02  1.4932E+01
0000872   2.8472E+02  1.4062E+02 -4.3033E+01
0000873   3.0223E+02  3.9842E+01 -9.1246E+00
0000874   1.9592E+02  2.2436E+02 -2.3682E+02
0000875   2.2003E+02 -1.1123E+02  1.6286E+02
0000876   1.0280E+02 -1.2991E+02  3.5003E+01
0000877   1.5029E+01 -3.1914E+01  5.2163E+01
0000878   1.0437E+02  7.0013E+01 -1.2849E+02
0000879   2.1550E+02 -1.7576E+02 -4.9971E+00
0000880   2.0578E+02 -1.2009E+02  5.2560E+01
0000881   8.9669E+01 -8.5281E+01  1.8603E+02
0000882   3.2679E+02  4.5588E+01 -7.3671E+01
0000883   4.7432E+01 -7.0786E+01  2.0933E+02
0000884   1.4118E+02  1.0139E+01  1.1962E+01
0000885   1.5431E+02  1.8300E+02  1.3983E+02
0000886   3.7411E+02  2.3567E+02 -4.3888E+01
0000887   1.1483E+02 -7.3215E+00 -5.8926E+01
0000888   1.9059E+02  2.7554E+01  6.2545E+00
0000889   2.1991E+02 -5.3168E+01 -2.7200E+01
0000890   3.5234E+02  1.2595E+02  2.1634E+02
0000891   3.8801E+02 -1.9053E+02 -8.0408E+01
0000892   2.6283E+02  1.1531E+02 -7.5328E+01
0000893   3.1248E+02  8.6088E+01  1.8111E+02
0000894   1.3470E+02  1.6971E+02 -1.7062E+01
0000895   3.5920E+02  6.2721E+01 -1.2984E+02
0000896   1.3524E+02 -3.7202E+01  2.7482E+01
0000897   3.2280E+02  5.6245E+01 -7.8919E+01
0000898   3.3108E+02  7.6420E+01  8.5365E+01
0000899   3.6549E+02 -4.7958E+01 -9.3364E+01
0000900   1.6551E+02 -3.1777E+01 -4.3168E+01
0000901   3.2146E+02  4.5689E+01 -2.4725E+02
0000902   4.0768E+02 -1.1891E+02  1.1233E+02
0000903   2.0808E+02  4.4561E+01  7.1416E+00
0000904   2.9432E+02 -7.7203E+01 -2.6115E+02
0000905   1.6118E+02  3.4264E+01 -2.1254E+01
0000906   1.4413E+02  6.0085E+01 -2.6500E+01
0000907   1.6873E+02 -1.5969E+02 -4.9655E+01
0000908   3.3893E+02  3.4996E+01 -2.2591E+02
0000909   1.3193E+02  2.7302E+01  3.0015E+02
0000910   1.0442E+02 -1.2752E+02  2.5024E+01
0000911   1.4658E+02  8.6853E+01 -1.3574E+02
0000912   1.7371E+02  1.2402E+01  9.0827E+01
0000914   2.3149E+02  5.1587E+01 -7.1825E+01
0000915   2.0826E+02  1.7335E+02 -4.3425E+01
0000916   2.5564E+02  8.2033E+00 -1.0313E+02
0000917   9.3857E+01  2.3167E+01  3.1267E+01
0000918   1.0363E+02  2.9225E+01 -2.4674E+01
0000919   4.4739E+02 -2.5392E+01 -6.1930E+01
0000920   2.3885E+02  1.1478E+02 -7.7269E+01
0000921   2.2861E+02  3.5090E+02  8.4568E+01
0000922   1.9526E+02 -1.7325E+02 -2.4773E+01
0000923   3.2409E+02  2.5208E+02  2.6709E+02
0000924   1.5879E+02  2.1804E+02  1.6033E+02
0000925   4.0813E+01 -2.0144E+01 -1.4943E+02
0000926   2.2142E+02 -5.7163E+01 -1.5079E+02
0000928   3.7939E+02  2.0907E+02  2.7377E+02
0000929   1.8961E+02 -3.2954E+01 -8.1512E+01
0000930   2.1529E+02 -1.3257E+02 -9.9628E+01
0000931   4.4922E+02  7.9211E+01  1.3090E+02
0000932   1.2280E+02 -1.0121E+01  4.4012E+01
0000933   4.5987E+01  6.5480E+01 -1.1451E+02
0000934   1.5068E+02  9.8366E+01  4.3591E+02
0000935   1.8193E+02  7.9566E+01  6.5017E+01
0000936   2.0110E+02  3.7259E+01 -2.2839E+02
0000937   8.5117E+00  7.2565E+01 -4.2331E+01
0000938   1.7264E+02  4.8600E+01 -4.9679E+01
0000939   1.5665E+02 -6.7524E+01 -2.0153E+01
0000940   1.9903E+02  6.1302E+01 -5.3276E+01
0000941   3.3763E+02 -9.0737E+00 -9.5238E+00
0000942   1.8780E+02 -7.7669E+01 -7.4051E+01
0000943   2.4751E+02 -6.7580E+01  3.8085E+01
0000944   8.2752E+01 -5.3192E+01  1.1415E+02
0000945   7.4671E+01 -1.0171E+02  2.8177E+02
0000946   1.8637E+02  1.4011E+02 -3.1912E+00
0000947   1.4746E+02  2.9235E+02  2.8814E+02
0000948   1.8772E+02 -1.5588E+02 -2.7790E+02
0000949   3.3668E+02 -1.8807E+01 -1.1916E+02
0000950   9.0667E+01 -4.1165E+00  2.4833E+02
0000951   1.5336E+02 -5.6923E+01  1.1474E+02
0000952   2.4565E+02  4.2359E+01 -2.5352E+01
0000953   1.5646E+02  1.2242E+02  1.1624E+02
0000954   3.0324E+02 -1.6141E+02  3.7722E+01
0000955   4.7992E+01 -3.0294E+01  7.1125E+01
0000956   3.0178E+02 -4.1763E+02 -1.3838E+02
0000957   1.3139E+02  6.8483E+01 -5.1414E+01
0000958   2.5045E+02  9.4814E+01  1.0384E+01
0000959   2.6522E+02  1.8841E+02 -4.3261E+01
0000960   7.3568E+01 -3.6498E+00  5.9086E+01
0000961   5.1553E+01 -1.0237E+02  1.3918E+02
0000962   2.7678E+02 -1.1944E+02  1.1181E+02
0000963   2.0421E+02  7.8461E+01  1.3012E+01
0000964   2.6858E+02 -1.1024E+02 -2.5204E+02
0000965   1.5817E+02 -1.5492E+02 -1.3661E+02
0000966   1.1426E+02  2.0399E+02  7.7398E+01
0000967   2.0942E+02 -4.4788E+01 -1.0916E+02
0000968   1.5342E+02  1.5971E+02 -1.6343E+02
0000969   1.9257E+02  1.3037E+02 -1.0834E+01
0000970   2.4573E+02  4.3231E+01 -6.0705E+01
0000971   3.4042E+02  1.6113E+02  6.3023E+01
0000972   3.2005E+02  9.6148E+01  8.7151E+01
0000974   8.2670E+01  4.5046E+01 -1.5782E+01
0000975   2.7427E+02 -3.6601E+02  2.1631E+02
0000976   3.5908E+02 -2.1012E+02 -1.1022E+02
0000977   2.1805E+02  2.8219E+02 -9.2957E+01
0000978   1.7683E+02 -1.2322E+02  2.0300E+01
0000979   1.7280E+02  2.8857E+01 -7.7384E+01
0000980   2.4719E+02  7.0465E+01  8.5659E+01
0000981   1.6075E+02  2.3997E+02  6.5991E+01
0000982   1.6140E+02  8.7689E+01  1.0615E+02
0000983   2.9348E+02  3.7341E+01 -1.9581E+02
0000984   1.3061E+02  2.3333E+02  5.9520E+01
0000985   1.9887E+02  9.2220E+01  1.0034E+01
0000986   2.1418E+02 -1.0847E+02  9.5021E+01
0000987   1.4633E+02  2.3958E-01 -9.4927E+01
0000989   3.2455E+02  8.0972E+01 -6.8261E+00
0000990   1.2381E+02  1.9589E+01  2.1856E+02
0000991   9.6559E+01  8.6222E+01 -4.0932E+01
0000992   2.3699E+02  3.6527E+02  1.2567E+02
0000993   4.6554E+02  1.2753E+02 -9.3432E+01
0000994   1.1857E+02  1.7574E+02  1.1698E+02
0000995   3.7508E+02 -3.9327E+01  7.3254E+01
0000996   1.0907E+02 -1.1794E+02  1.1022E+02
0000997   1.6545E+02 -3.2118E+01  3.2980E+02
0000999   1.3640E+02 -4.2252E+00 -3.4852E+01
0001000   7.5503E+01  8.5378E+01 -9.5070E+00
