============================== SRIM-2013.00 ==============================
==============================================================================
====== SRIM Outputs\RANGE_3D.txt : File of Final Ion Positions =====

Ion =  F (09)   Ion Mass= 018.9984
Energy  = 2000000.E-05 keV
Ion Angle to Surface = 00.0 degrees
==================== TARGET =======================
  Layer # 1 - None
  Layer # 1 - Bottom Depth=500000.E-01 A
  Layer # 1 - Density =0007.8700 g/cm3
  Layer # 1 -  100 % of Fe
様様様様様様様様様様様様様様様様様様様様様様様様様様
                                            
Ion       Depth  X   Lateral Y   Lateral Z  
Number    (Angstrom) (Angstrom)  (Angstrom) 
-------  ----------- ----------- -----------
0000001   2.1733E+02  1.4956E+02 -3.2949E+01
0000002   1.6319E+02  5.2356E+01  1.9308E+02
0000003   3.4499E+02 -3.3858E+01  4.3843E+01
0000004   2.1353E+02 -1.1565E+02 -6.3250E+01
0000005   1.9729E+02 -3.9048E+01 -7.0146E+01
0000006   8.2667E+01  1.4308E+02 -1.3654E+00
0000008   3.6572E+02 -1.1589E+02  8.6802E+01
0000009   3.9139E+02  1.1192E+02  3.7902E+01
0000010   2.7148E+02 -6.1031E+01 -2.8605E+01
0000011   2.6413E+02 -2.6472E+01  4.2062E+01
0000012   3.9249E+01 -7.1711E+01  4.7808E+01
0000013   1.6835E+02 -1.7545E+01  9.3991E+01
0000014   2.8799E+02  2.7019E+01 -5.9894E+00
0000015   1.4143E+02  6.2913E+01 -5.2720E+01
0000016   2.6843E+02 -8.3487E+01  8.3597E+01
0000017   1.0580E+02  1.2584E+02  1.2217E+01
0000018   1.8675E+02  1.9713E+02 -8.2761E+01
0000019   2.8596E+02  9.4482E+01 -4.0825E+00
0000020   3.4309E+02  3.2428E+01  7.4603E+01
0000021   3.6573E+01  1.4715E+02  1.4422E+02
0000022   2.6443E+02 -9.9923E+01  1.0295E+01
0000023   2.2209E+02  8.0439E+01 -1.1712E+02
0000024   1.4543E+02  5.9130E+01  8.0064E+01
0000025   1.2088E+02 -2.1292E+02  2.3381E+02
0000026   1.2223E+01 -7.5905E+01  9.5065E+01
0000027   7.2916E+01 -2.9998E+02  8.7617E+01
0000028   4.3432E+02 -2.2119E+02 -2.1065E+01
0000029   2.1630E+02 -9.7571E+01 -7.7964E+01
0000030   3.0118E+02 -2.0533E+02 -2.6573E+01
0000031   7.5681E+01  2.2295E+01  6.0367E+01
0000032   3.7379E+01  5.0086E+01 -5.8471E+00
0000033   1.8443E+01 -7.2568E+01 -3.5179E+00
0000034   2.1315E+02 -5.4418E+01  5.3574E+01
0000035   1.6688E+02  5.2049E+01  1.6918E+02
0000036   1.9218E+02 -1.9316E+01 -9.7782E+01
0000037   6.3082E+01 -3.9922E+01  4.1731E+01
0000038   1.6869E+02 -1.0917E+01  1.2141E+02
0000039   3.9294E+02  1.2304E+02  6.8514E+01
0000040   2.9573E+02  2.8962E+02  1.4661E+02
0000041   1.8562E+02  1.5346E+02  1.0789E+02
0000042   1.6773E+01 -2.5790E+01 -4.8795E+00
0000043   2.0304E+02 -9.1197E+01 -3.1688E+01
0000044   1.7594E+02 -6.9445E+01 -6.3780E+01
0000045   5.7931E+01  1.1039E+02  5.7790E+01
0000046   1.5696E+02 -1.1134E+02 -5.1375E+01
0000047   1.1622E+02  1.8128E+01 -8.4459E+01
0000048   3.0826E+02 -5.2368E+00  8.3888E+01
0000049   2.3385E+02 -7.4626E+01  2.3396E+02
0000050   3.5484E+02 -1.7028E+02 -4.9262E+01
0000051   1.1875E+02  6.2477E+01  4.1860E+01
0000052   2.1109E+02  1.9921E-02  1.2026E+02
0000053   5.4306E+01  5.3651E+01  7.2026E+01
0000054   1.5098E+02  6.0158E+00  1.7414E+02
0000055   3.5094E+01  3.5432E+01  5.0648E+01
0000056   4.2272E+01  1.7452E+02 -8.7693E+01
0000057   1.9869E+02 -1.1089E+02  8.5611E+00
0000058   1.6493E+02 -1.0738E+02 -8.3135E+01
0000059   2.9550E+02 -4.3190E+01  2.4431E+01
0000060   2.7668E+02 -6.9748E+00 -5.2584E+01
0000063   3.0051E+02  1.9069E+02  1.5006E+01
0000064   3.2381E+02  4.5810E+00 -3.6031E+01
0000065   1.8417E+02 -1.1580E+02  1.4712E+02
0000066   1.9986E+02  2.5185E+02 -3.6206E+01
0000067   1.9956E+02 -1.6473E+01 -7.7056E-01
0000068   3.5338E+02  5.6802E+01  1.1390E+02
0000069   2.1533E+01 -3.4676E+01  3.9694E+01
0000070   2.5868E+02  2.0479E+02  2.3723E+02
0000071   1.2808E+02 -3.1142E+00 -1.2046E+01
0000072   7.6820E+01  4.8364E+01  3.7018E+01
0000073   2.2179E+02 -7.3406E+01  1.3980E+02
0000074   2.9617E+02  1.3722E+01  1.8640E+01
0000075   5.1827E+01  3.8234E+01  7.6391E+01
0000077   2.3415E+02  1.5096E+02 -1.4593E+01
0000078   2.3109E+01 -1.2001E+02 -6.3507E+01
0000079   5.1823E+02  3.4925E+01 -1.4943E+02
0000080   2.7144E+02 -4.8411E+01 -3.3762E+01
0000081   1.6247E+02  1.4819E+02  8.7116E+01
0000083   1.4025E+02 -1.5765E+02 -1.0252E+02
0000084   2.7900E+02  2.2370E+02  8.4812E+01
0000085   3.3534E+02  2.8470E+01 -5.8528E+00
0000086   6.1733E+01 -2.1667E+02 -1.2329E+02
0000087   3.1427E+02 -2.6568E+01 -1.0633E+01
0000088   2.1774E+02  1.4354E+02  1.6714E+02
0000089   2.8142E+02 -4.7378E+01 -1.5193E+01
0000090   3.0192E+02 -3.1492E+01  5.0477E+00
0000091   2.3324E+02 -5.4170E+01  1.8296E+02
0000092   4.4879E+01 -7.1092E+01  1.0140E+01
0000093   4.8276E+02 -1.3855E+02  4.4164E+01
0000094   2.4488E+02  3.9677E+01  3.8237E+01
0000095   2.3216E+02  3.6848E+01  2.8503E+01
0000096   1.8096E+02  1.3377E+02  2.2582E+02
0000097   2.1957E+02 -1.8619E+02 -1.7222E+02
0000098   2.5303E+02  1.0029E+01 -1.6024E+02
0000099   2.1810E+02  2.1507E+02 -1.2519E+02
0000100   2.2272E+02  6.7213E+01  1.2792E+02
0000101   6.7649E+01 -5.0391E+00 -7.6102E+01
0000103   3.1747E+02  3.5313E+01 -7.5681E+01
0000104   4.3384E+02  3.4241E+01  1.3674E+02
0000105   1.6042E+02  1.0362E+02  8.9336E+01
0000106   2.2844E+02 -5.3049E+01 -3.9732E+01
0000107   1.3560E+02 -7.9520E+01 -1.3223E+01
0000108   2.9150E+02  9.3011E+01  3.4779E+01
0000109   3.4498E+02  6.9903E+01  1.6986E+02
0000110   1.4388E+02 -2.3079E+02 -1.3461E+02
0000111   1.7598E+02  9.5238E+01 -1.0260E+02
0000112   2.0283E+02  2.2851E+01 -1.0208E+02
0000113   2.0131E+02 -3.1276E+01  4.5437E+01
0000114   1.6951E+02  3.5286E+01 -1.0828E+02
0000115   2.1333E+02  1.4124E+01  6.2429E+01
0000116   3.4573E+02 -5.6501E+01  1.7786E+02
0000117   1.0246E+02  4.4794E+01 -5.4411E+01
0000118   9.0931E+01 -7.0296E+01  2.0056E+01
0000119   1.4449E+02  2.7370E+01  2.1763E+01
0000120   4.0465E+02  1.0710E+02  8.8726E+00
0000121   2.1498E+02 -3.2084E+01 -7.1475E+01
0000122   8.7258E+01 -2.5733E+00  2.0933E+02
0000123   3.8926E+02  1.0818E+02  1.4505E+01
0000124   2.7804E+02 -3.0990E+01 -5.9989E+01
0000125   1.7193E+02  6.3487E+01 -5.6758E+01
0000126   6.7932E+01  2.1612E+02  4.3778E+01
0000127   2.6794E+02 -3.8071E+01  9.8601E+01
0000128   1.1198E+02 -1.6801E+02  2.7146E+01
0000129   3.2411E+02  4.3952E+01 -1.9658E+02
0000130   1.3565E+02 -1.0781E+01  4.2180E+01
0000131   3.5916E+02 -1.5014E+01  2.1534E+01
0000132   1.9085E+02  4.8872E+01  1.2165E+02
0000133   1.7536E+02  1.1493E+02  2.3676E+02
0000134   3.6420E+02  1.9921E+02 -2.2336E+01
0000135   2.5125E+02 -3.1695E+02 -1.3678E+01
0000136   5.7829E+01  4.3031E+00 -8.4974E+01
0000137   3.8942E+02  6.7238E+01  2.9219E+02
0000138   2.8616E+02 -9.7178E+01 -1.1833E+02
0000139   4.1033E+02  1.3866E+02  2.7719E+02
0000141   1.4511E+02  9.9265E+01 -1.0330E+02
0000142   3.1078E+02  1.4517E+02 -1.6239E+02
0000143   1.5050E+02 -1.5435E+01 -7.0381E+01
0000144   1.5254E+02  3.2200E+02 -2.1154E+02
0000145   2.6311E+02  2.3634E+01 -2.0645E+01
0000147   2.8856E+02 -4.9804E+01 -3.0891E+01
0000148   1.3275E+02 -1.2337E+02  3.0410E+00
0000149   1.4476E+02 -7.5084E+01  1.0552E+01
0000151   2.0534E+02 -3.0118E+01  9.0926E+01
0000152   2.5607E+02 -1.0823E+02  1.9490E+02
0000153   2.0011E+02  1.1382E+01  1.4553E+02
0000154   1.8148E+02  8.6679E+00 -2.2278E+01
0000155   2.7207E+02 -9.4341E+01  1.0031E+02
0000156   2.1321E+02  1.5782E+02  2.5191E+01
0000158   1.8152E+02 -3.4944E+01 -1.1468E+02
0000159   2.5594E+02  1.0473E+01  7.5204E+01
0000160   2.5480E+02  2.1021E+02  3.3062E+01
0000161   1.9375E+02 -1.2762E+01 -8.1065E+01
0000162   9.9825E+01  5.7875E+01  3.7132E+01
0000163   3.7281E+02 -9.8617E+01 -1.4493E+02
0000164   3.0470E+02  1.3786E+02 -3.1290E+02
0000165   1.5018E+02 -6.1231E+01 -1.0351E+02
0000166   1.5249E+02 -7.0497E+01 -5.7403E+01
0000167   2.1115E+02  4.6784E+01 -1.0221E+02
0000168   2.5643E+02  1.5706E+02 -6.9733E+00
0000169   1.4564E+02 -9.6005E+01 -1.2125E+02
0000170   2.0196E+02 -1.2271E+02  1.0127E+01
0000171   1.8851E+02 -3.2858E+01 -8.8857E+00
0000172   2.8226E+02 -1.5006E+02  4.6686E+01
0000173   4.5064E+02 -9.7173E+01 -6.9864E+01
0000174   3.1280E+02 -2.0374E+02  3.2341E+02
0000175   3.8547E+02  3.4790E+01  1.4198E+02
0000176   3.3468E+02 -1.0298E+02  1.5541E+02
0000177   8.3197E+01  2.3120E+01 -6.0411E+01
0000178   1.9012E+02 -1.1484E+02  7.3119E+01
0000179   2.7442E+02 -7.1722E+01  2.8772E+01
0000180   7.7125E+01  9.3802E+01  1.0332E+02
0000181   4.1576E+02 -1.0906E+02 -1.5712E+02
0000182   1.8601E+02  4.2286E+01  1.2882E+01
0000183   4.5894E+01  1.9770E+02 -1.1857E+02
0000184   1.6133E+02 -8.4628E+01  1.7369E+02
0000186   7.0386E+01  8.4246E+01 -2.9690E+01
0000187   1.6492E+02  2.0101E+02  1.8867E+02
0000188   2.0413E+02  8.5639E+01  1.6628E+02
0000189   2.5150E+02  1.0432E+02  1.1493E+01
0000190   2.5369E+02 -2.1563E+01 -6.4738E+01
0000191   3.6963E+02 -2.0859E+00 -5.3372E+00
0000192   2.5148E+02 -1.8699E+02 -3.9849E+01
0000193   2.6431E+02 -5.0241E+01 -1.5626E+02
0000194   6.6908E+01  2.6067E+02 -4.9430E+01
0000195   1.9867E+02  1.1656E+02  1.5677E+01
0000196   1.2242E+02 -1.0683E+02 -1.4295E+02
0000197   4.2493E+01  1.0021E+02 -3.3764E+01
0000199   1.5611E+02  6.6805E+01  1.2504E+02
0000201   2.5977E+02 -4.5027E+01 -1.4741E+02
0000202   2.4541E+01 -2.6418E+00 -5.5192E+01
0000203   2.8437E+02  1.4538E+02  3.1763E+01
0000204   7.7278E+01 -4.7554E+01 -1.1838E+02
0000205   1.2684E+02  3.0501E+02  5.2151E+01
0000206   2.3809E+02 -1.1297E+02  3.8902E+01
0000207   1.3656E+02 -4.2279E+01 -8.3647E+01
0000208   5.1221E+01  1.3841E+02  1.9581E+02
0000209   5.0981E+01  3.1330E+01 -5.2532E+00
0000210   8.5451E+01  1.8627E+01  1.2909E+02
0000211   3.0454E+02  2.0874E+01  4.0204E+01
0000212   1.4422E+02 -1.1158E+02  1.0131E+02
0000213   9.1682E+01 -1.8184E+01 -5.4114E+01
0000215   3.1524E+02 -2.1177E+02  6.1544E+01
0000216   7.5221E+01 -2.5511E+01  3.1126E+02
0000217   4.7456E+02  1.1417E+02  8.9041E+01
0000218   5.6437E+01  1.2693E+02  1.2680E+01
0000219   2.3582E+02  5.2096E+01  1.0794E+02
0000220   3.8892E+02 -8.6712E+01 -1.3820E+02
0000221   2.9615E+02  2.1854E+01 -8.1331E+01
0000222   3.5949E+02 -1.4640E+02  5.4227E+01
0000223   2.0552E+02  3.0426E+01 -6.4567E+01
0000224   8.5387E+01 -2.7109E+01 -6.5747E+00
0000225   4.0178E+02 -6.7375E+01 -2.9255E+02
0000226   9.7021E+01  2.0729E+02 -1.1242E+02
0000227   1.4939E+02  9.9007E+01  1.6447E+02
0000228   9.6740E+01 -2.1311E-01  8.6441E+01
0000229   3.0601E+02  1.4193E+02 -1.8573E+01
0000230   3.8925E+02  3.8526E+01 -6.1819E+01
0000231   2.0530E+02 -5.5202E+01 -1.5090E+01
0000232   1.5420E+02  2.0070E+02 -9.1243E+01
0000233   2.7089E+02 -7.0360E+01  8.7297E+01
0000234   2.9571E+02 -5.2884E+01  1.5849E+01
0000235   1.3074E+02  1.2913E+02 -8.3648E+01
0000236   3.3530E+02 -8.3156E+01  1.2391E+02
0000237   2.6821E+02 -9.2444E+01  4.7639E-02
0000238   5.7463E+01  1.3491E+01  3.1853E+00
0000239   2.3023E+02  8.7814E+01 -2.4301E+02
0000240   1.7057E+02  9.4337E+01  8.6158E+01
0000241   3.3770E+02  1.2932E+02 -5.9504E+01
0000242   1.7454E+02 -2.1833E+02 -7.2346E+01
0000243   2.6551E+02 -4.9091E+01  9.1633E+01
0000244   9.5376E+01  9.0835E+01 -1.4419E+02
0000245   1.7325E+02 -5.0632E+01 -2.0662E+02
0000247   2.1141E+02 -1.8405E+02  1.1028E+02
0000248   1.7966E+02  4.7606E+01  6.8825E+01
0000249   4.5504E+02 -2.3788E+01  2.9911E+01
0000250   2.4900E+02  1.5504E+02 -4.2473E+01
0000251   2.0122E+02 -3.1489E+02  5.6023E+01
0000252   8.9472E+01 -1.1200E+00 -7.9570E+00
0000253   7.2147E+01  1.7709E+02  1.1795E+02
0000254   1.1753E+02 -9.7638E+00  1.2266E+01
0000256   1.0222E+02  1.7479E+01 -2.9380E+01
0000257   1.5974E+02  1.9665E+02  9.7649E+01
0000258   5.0490E+01 -4.4011E+01 -3.6717E+01
0000260   2.1301E+02 -1.1998E+02  3.2069E+01
0000261   2.3473E+01  7.5288E+01  8.6636E+01
0000262   1.6038E+01  2.2517E+02 -5.2494E+00
0000263   2.0663E+02  5.6507E+01 -3.5821E+01
0000264   4.9735E+02  5.3957E+00  5.1145E+01
0000265   1.1526E+02  8.4273E+01 -9.9471E+01
0000266   1.8763E+02  1.0714E+02  2.2490E+02
0000267   5.2447E+02  1.3412E+02  1.0831E+01
0000268   9.4594E+01 -4.0167E+01  3.2107E+02
0000269   1.2177E+02  1.5357E+01 -1.2419E+02
0000271   1.5843E+02 -6.3542E+01 -2.6000E+01
0000272   1.2381E+02  1.2571E+02 -1.2761E+02
0000273   1.1517E+02 -5.6355E+01  5.6385E+01
0000274   5.1068E+02  1.9618E+02  1.0368E+02
0000275   1.7820E+02 -4.2177E+01  1.0226E+00
0000276   4.0556E+02 -7.1887E+01  1.7325E+02
0000277   1.4785E+02  6.5359E+01 -1.5245E+02
0000278   2.2495E+02  5.6982E+01  4.0319E+01
0000279   3.4894E+02 -1.6074E+02  1.1510E+02
0000280   8.4758E+01  1.3440E+01 -1.6709E+02
0000281   1.7397E+02  1.4836E+02  6.7257E+01
0000282   8.8276E+01 -3.3421E+01  1.4698E+01
0000283   4.2936E+02  9.5079E+01 -1.8484E+01
0000284   2.2564E+02  1.0781E+02 -1.6815E+02
0000285   1.1746E+02  1.3850E+02 -2.4008E+02
0000286   2.1132E+02 -2.5855E+02 -1.1850E+02
0000287   1.5619E+02  9.4538E+00 -9.8278E+01
0000289   3.7619E+02 -1.8100E+01  7.0416E+01
0000290   1.2221E+02  1.2126E+02 -2.5456E+02
0000291   1.1034E+02  3.9018E+01 -1.1429E+02
0000292   3.8531E+02 -9.6753E+01  1.2580E+02
0000293   2.7064E+02  4.2909E+01  1.3501E+02
0000294   3.3534E+02 -7.3015E+01  1.8394E+01
0000295   2.9281E+02 -3.6220E+01 -2.3800E+02
0000296   1.4098E+02  9.4906E+01 -6.1899E+01
0000297   2.3884E+02 -4.1520E+01  2.2630E+01
0000299   2.5159E+02 -3.5624E+01 -4.9793E+01
0000300   1.7502E+02  1.0296E+02  8.8668E+01
0000301   2.6300E+02 -1.4152E+02 -6.9958E+01
0000302   1.2240E+02  6.0943E+00 -6.2282E+01
0000303   3.1549E+02  2.8250E+01  2.1700E+02
0000304   1.1439E+02  1.9256E+02  3.3961E+01
0000305   2.2827E+02 -7.7353E+01  6.5609E+01
0000306   3.3452E+02  3.1723E+02  2.1299E+01
0000307   6.9883E+01 -8.4558E+01  7.2078E+01
0000308   9.6186E+01 -7.8853E+01  1.8144E+02
0000309   1.4006E+02  2.1939E+02  1.8640E+02
0000310   6.2763E+01 -1.2277E+01  2.3150E+01
0000311   3.6530E+02 -1.0153E+02 -8.6800E+01
0000312   1.9292E+02  3.2495E+02  4.9477E+01
0000313   2.3756E+02  1.1904E+02 -1.5567E+02
0000314   1.9444E+02  4.1198E+01  2.8282E+00
0000315   3.7947E+02  2.4949E+02 -5.7532E+01
0000316   2.7799E+02 -3.7005E+01  6.3269E+01
0000318   2.3188E+01 -3.7237E+01  7.3323E+01
0000319   2.0890E+02  4.1198E+01 -5.0280E+01
0000320   3.4895E+02  1.3616E+02  1.6385E+02
0000321   2.8858E+02  2.2838E+01 -1.6440E+02
0000322   6.1513E+01  1.4915E+02 -8.7494E+01
0000323   2.0319E+02  4.0636E+01 -6.1712E+01
0000324   1.7098E+02 -9.5656E+01 -1.0377E+02
0000325   2.7580E+01  6.1754E+01 -2.3679E+01
0000326   2.1411E+02 -4.4924E+01  2.4062E+02
0000327   2.0194E+02  7.4458E+01  8.6609E+00
0000328   1.9683E+02  2.4490E+02  2.4251E+02
0000329   1.4735E+02 -6.4789E+01  2.3791E+02
0000330   4.0655E+02 -1.7448E+02 -3.2685E+01
0000331   1.4776E+02 -2.3379E+02  2.3641E+01
0000332   2.6389E+02  4.5627E+01 -2.5711E+02
0000333   2.1020E+02  9.6590E+01  2.7236E+02
0000334   2.4288E+02  1.4754E+02  1.4082E+02
0000335   5.3990E+01  2.5656E+01  6.3543E+01
0000336   2.6236E+02 -7.4604E+01  1.8041E+01
0000337   3.3400E+02  4.7285E+01  1.4640E+02
0000338   1.1425E+02 -3.6771E+01 -5.5876E+01
0000339   1.5437E+02 -9.0395E+01 -4.7834E+01
0000340   1.5441E+02  1.4158E+02 -1.4675E+02
0000341   1.7470E+02  2.9674E+01  6.4021E+01
0000342   2.3801E+02  2.6393E+02  8.4678E+01
0000343   2.0918E+02 -3.6141E+01 -8.9897E+01
0000344   3.1738E+02 -8.1647E+01  1.5297E+02
0000345   1.3150E+02  9.3414E+01 -9.4478E+01
0000346   3.6389E+02 -1.6557E+01 -5.7787E+01
0000347   1.6419E+02 -1.8004E+02  9.3347E+01
0000348   1.8100E+02  2.8839E+02  1.9745E+02
0000349   2.1437E+02  1.0128E+02 -2.0324E+02
0000350   3.8601E+02 -2.4644E+02  3.0474E+01
0000351   1.9052E+02 -7.0871E+01 -5.5616E+01
0000353   2.4575E+02  1.9009E+02 -3.6758E+01
0000354   1.9865E+02  1.7664E+02  1.0733E+02
0000355   2.7450E+02  5.9137E+01  4.8009E+01
0000356   1.7488E+02 -7.6607E+01 -2.9037E+00
0000357   3.6437E+02 -5.8687E+01 -7.9410E+01
0000358   3.8432E+02 -5.1656E+01 -2.1856E-01
0000359   1.9960E+02  1.5648E+02 -7.0036E+01
0000360   1.2220E+02  1.8209E+01 -1.0814E+02
0000361   2.0495E+02 -1.5081E+01  2.1984E+02
0000362   1.0540E+02  1.0909E+02  1.4418E+01
0000363   3.3522E+02  1.2468E+00 -6.9678E+01
0000364   2.7394E+02  6.9937E+00 -6.5949E+00
0000365   1.9671E+02  4.5731E+01 -4.1696E+00
0000366   1.4012E+02  8.2402E+01 -6.5027E-01
0000367   5.0694E+01  5.2418E+00 -2.4873E+00
0000368   7.2289E+01 -5.2704E+01  4.9276E+01
0000369   3.0148E+02 -2.0204E+00 -3.2606E+01
0000370   1.4089E+02  1.1997E+02  1.9391E+02
0000371   3.3214E+02  1.4593E+02  1.0453E+00
0000372   1.6889E+02  2.9446E+01 -1.8182E+02
0000373   6.4606E+01 -7.2269E+01 -8.8094E+01
0000374   1.7318E+02 -2.7641E+01 -2.7917E+01
0000375   9.5361E+00 -3.4607E+00  1.4300E+02
0000376   1.2388E+02 -2.3637E+02  1.0276E+00
0000377   2.7238E+02 -1.6270E+02 -8.8169E+01
0000379   1.5178E+02  1.8708E+01 -1.1195E+01
0000380   3.5189E+02 -3.9499E+01 -3.9679E+01
0000381   2.4981E+02 -9.4854E+01 -1.6781E+01
0000382   3.5676E+02  5.7832E+01  2.1841E+02
0000383   4.5926E+02  6.4508E+01 -1.3696E+02
0000385   4.2271E+02  1.4706E+02 -1.0069E+01
0000386   1.4407E+02 -1.1886E+01 -2.8325E+02
0000387   1.6278E+02 -1.6330E+02 -1.3778E+02
0000388   8.9191E+01 -1.1161E+02 -1.3828E+01
0000389   2.7349E+02  1.5200E+02 -4.8311E+01
0000390   2.4864E+02  1.5334E+00 -5.0857E+01
0000391   1.4982E+02 -2.0241E+02 -2.9436E+01
0000392   6.1818E+01  4.3856E+01 -1.3265E+01
0000393   1.8313E+01 -1.1135E+02 -1.7168E+01
0000394   2.1181E+02  2.2641E+02  8.3893E+01
0000395   1.5390E+02 -9.2156E+01  3.2128E+02
0000396   2.9373E+02 -1.2675E+02 -8.3103E+01
0000397   2.3186E+02 -3.3803E+01  1.3894E+01
0000398   2.4700E+02 -7.0316E+01  2.2325E+02
0000399   1.4113E+02  1.2506E+02 -2.6891E+02
0000400   3.6604E+02  5.1045E+01  2.5365E+02
0000401   3.2740E+01 -7.4274E+01 -2.6053E+02
0000402   1.6015E+02  1.6377E+02  7.7858E+01
0000403   3.4786E+02 -9.5773E+01  5.5452E+01
0000404   4.6427E+02  2.1183E+00 -7.4040E+01
0000405   3.4432E+02 -1.9304E+02  3.9243E+01
0000406   2.5995E+02  2.0159E+01  6.6352E+01
0000407   1.5050E+02  1.6428E+02 -1.1617E+02
0000409   3.2035E+02  1.5089E+02  3.7901E+01
0000410   1.9168E+02  1.1896E+02  8.3299E+01
0000411   3.4022E+02 -2.2481E+02  8.8213E+01
0000412   1.0719E+02 -2.9969E+01 -1.8199E+02
0000413   2.2808E+02  5.0904E+01  2.3156E+01
0000414   2.7933E+02 -1.6276E+02  1.0679E+01
0000415   2.3254E+02 -6.1861E+01 -1.3940E+02
0000416   3.3956E+02 -1.3154E+02 -2.6208E+02
0000417   3.4395E+02  1.2675E+02 -4.9979E+01
0000418   3.4158E+02  4.3649E+00 -2.2855E+02
0000419   3.0133E+02  7.1582E+01 -2.4757E+01
0000420   1.6050E+02  1.6929E+02 -2.8507E-01
0000421   2.5381E+02  1.4732E+02  2.9833E+02
0000422   8.9858E+01 -2.6827E+02 -2.9810E+01
0000423   2.6257E+02  9.2936E+01 -4.7096E+01
0000424   1.5935E+02  5.0459E+01  4.0997E+01
0000425   1.4930E+02  3.0966E+01 -1.0771E+02
0000426   1.2088E+02 -2.0520E+02  6.5422E+01
0000427   5.7543E+01 -1.7630E+02 -2.5551E+02
0000428   6.2309E+00  6.0073E+01 -4.9118E+01
0000429   1.1960E+02  8.7882E+01 -5.1096E+01
0000430   6.3180E+01  4.0549E+00 -2.0127E+02
0000431   2.3953E+02 -2.6641E+02 -5.8022E+01
0000432   3.4187E+02  1.3041E+02  2.0454E+02
0000433   1.4901E+02 -2.0815E+01 -1.1731E+02
0000435   3.5379E+02  1.4125E+02  2.3597E+01
0000436   1.6502E+02  1.5989E+02 -2.3101E+02
0000437   2.5400E+02 -1.2367E+02  7.0304E+01
0000438   2.5371E+02 -2.8730E+02  2.0885E+02
0000439   2.5850E+02  4.1321E+01 -2.7319E+01
0000440   2.2268E+02  2.1390E+02  1.5505E+01
0000441   3.3592E+02  4.5091E+01 -2.2510E+02
0000442   2.4681E+02 -2.5260E+01 -1.5291E+02
0000443   2.5204E+02  1.5339E+02 -9.0154E+01
0000445   3.4041E+02  4.1576E+01  9.7629E+01
0000446   2.1278E+02  4.2859E+01 -5.6231E+01
0000447   3.0611E+02  1.4424E+02 -3.2770E+01
0000448   1.0083E+02  5.1697E+01  1.9113E+02
0000449   2.0148E+02  7.9604E+01  4.6644E+01
0000451   9.6000E+01 -2.7303E+01  1.2768E+01
0000452   2.3964E+02 -2.0667E+02  1.1925E+02
0000453   2.6192E+02 -7.2075E+01 -3.5596E+02
0000454   3.2792E+02  1.7968E+02 -1.4439E+02
0000455   4.5865E+02 -1.3748E+02 -1.7417E+01
0000458   1.2625E+02  4.6795E+01 -4.2643E+01
0000459   4.8372E+02  9.4846E+01  2.0771E+02
0000461   6.0929E+01  1.1281E+02 -1.1573E+02
0000462   4.0655E+01 -1.2975E+02  3.8259E+01
0000463   5.5285E+01 -1.3470E+02 -8.7029E+01
0000464   9.5478E+01  1.9417E+02 -6.2717E+01
0000465   1.3709E+02 -8.2528E+01 -4.3212E+01
0000466   8.2144E+01  4.6464E+01  1.2987E+02
0000467   9.4983E+01  4.4855E+01  1.5856E+02
0000468   1.3028E+02 -8.0031E+01  2.7171E+01
0000469   4.6129E+02  2.8912E+01 -4.1926E+01
0000470   2.2486E+02  6.6668E+01  1.8051E+02
0000471   2.9936E+02 -9.4811E+01 -2.1559E+02
0000472   1.7054E+02  1.5274E+02  2.0364E+01
0000473   8.8357E+01 -1.6919E+02 -1.6696E+01
0000474   1.3549E+02  6.7440E+01 -9.6392E+01
0000475   6.8564E+01 -2.3059E+02 -2.4227E+01
0000476   5.2148E+01  8.5415E+01 -1.5882E+01
0000477   3.0879E+02  6.1379E+01 -5.1357E+01
0000478   2.8513E+02  1.2910E+01 -1.5960E+02
0000479   2.2395E+02  1.7053E+00  2.9159E+01
0000480   3.5491E+02 -9.0175E+01  8.8651E+01
0000481   3.2769E+02  6.9170E+01 -1.0450E+02
0000482   2.9906E+01  6.2071E+01  5.0501E+00
0000483   2.8128E+02 -9.8683E+01 -1.7866E+02
0000484   1.1975E+02  9.6427E+01 -1.2771E+02
0000485   3.4967E+01  1.7847E+02  3.2831E+02
0000486   8.1953E+01 -2.6728E+01  1.3401E+02
0000487   1.8197E+02  6.3921E+01  7.3070E+01
0000488   3.9007E+02 -4.2333E+01  1.1490E+02
0000489   1.0290E+02  2.6803E+01 -3.4983E+01
0000490   2.5257E+02  2.7895E+02 -9.8200E+01
0000491   4.3092E+02  9.4250E+01  1.1344E+02
0000492   3.7204E+02  5.9198E+01 -7.4347E+01
0000493   2.4180E+02  7.2319E+00 -1.3431E+02
0000494   5.5159E+02  3.5730E+00 -1.1458E+02
0000495   1.3754E+02  2.0513E+01 -1.1693E+01
0000496   1.7797E+02  4.7099E+01  8.8803E+01
0000497   3.6462E+02  3.6123E+01 -2.1819E+01
0000498   4.5637E+02  1.5759E+02 -5.0158E+00
0000499   1.5116E+02 -6.7370E+01  3.1096E+02
0000500   8.0682E+01  7.0157E+01  4.9093E+01
0000501   3.7307E+01 -1.4968E+02 -1.6510E+02
0000503   3.2451E+02  4.7328E+01  2.5245E+01
0000504   4.5668E+02  3.8192E+01 -1.5639E+02
0000505   1.2369E+02  8.8155E+01  5.3105E+00
0000506   1.3567E+02  5.9828E+01  1.4882E+02
0000507   3.7431E+01 -1.1175E+02  1.2413E+02
0000508   1.4293E+02 -4.3804E+01  5.4314E+01
0000509   2.0723E+02 -1.3429E+02 -2.9825E+01
0000510   3.7118E+01 -1.3418E+00 -1.5531E+01
0000511   2.4542E+02 -3.3749E+01  1.3520E+01
0000512   2.3511E+02  1.1941E+02  4.8672E+01
0000513   1.5387E+02  1.6967E+02 -2.4471E+02
0000514   3.4986E+02 -5.2861E+01  1.3268E+02
0000515   2.7175E+02 -2.7745E+01 -1.1389E+02
0000516   4.0563E+02 -7.5843E+01 -1.3682E+02
0000517   3.6202E+02 -3.8697E+01 -9.0453E+01
0000518   3.4789E+01  6.2186E+01  9.3368E+01
0000519   2.4298E+02 -4.5095E+01 -6.2534E+01
0000520   1.8234E+02 -1.0500E+02 -6.2060E+01
0000521   1.5972E+02  1.7695E+02  8.7437E+01
0000522   1.3319E+02  1.1446E+02 -1.0242E+02
0000523   8.0651E+01 -1.4093E+01  1.4439E+02
0000524   1.5313E+02 -3.0732E+01  3.6572E+01
0000525   1.6102E+02  2.5525E+02 -2.2513E+02
0000526   2.3326E+02 -2.5902E+01 -6.7462E+01
0000527   2.7865E+02 -3.9224E+01  3.1431E+00
0000528   9.1320E+01 -8.1669E+01 -1.8061E+02
0000529   3.1024E+01 -5.0942E+01  4.4837E+01
0000530   6.5234E+01  1.6577E+02  1.7076E+02
0000531   1.1354E+02  9.6290E+01  8.6216E+01
0000532   2.9554E+02  1.5622E+01 -1.7414E+02
0000533   4.2929E+02  7.2747E+01  6.2493E+00
0000534   1.7516E+02  2.1823E+01  1.2970E+02
0000535   6.9064E+01 -4.3693E+01 -1.4802E+02
0000536   4.4328E+02  8.1928E+01  1.2722E+02
0000537   1.0726E+02  1.9872E+02  6.4919E+01
0000538   9.9572E+01 -1.2073E+02  1.8419E+02
0000539   1.8060E+02 -1.8405E+00 -1.1931E+02
0000541   3.6709E+02 -4.2472E+01 -4.2770E+01
0000542   1.5972E+02 -7.8566E+01 -7.0145E-01
0000543   2.4309E+02 -1.3999E+02 -7.4205E+01
0000544   1.4385E+02 -5.1710E+01  2.9897E+02
0000545   4.2216E+02 -1.7903E+01 -9.6629E+01
0000546   1.2396E+02 -1.4297E+02 -2.9717E+01
0000547   2.7749E+02  3.4011E+01 -5.4145E+01
0000548   4.2413E+02 -1.2394E+02  2.6067E+01
0000549   3.5679E+02  2.8583E+01 -2.7022E+02
0000550   4.2473E+02 -1.1422E+02  1.7140E+02
0000551   1.1552E+02 -1.4195E+02  1.3387E+02
0000552   2.6979E+02  9.7836E+01  6.1974E+01
0000553   7.7485E+01  6.9453E+01  1.1453E+02
0000554   2.8121E+02 -2.0438E+02 -9.4226E+01
0000555   1.0872E+02 -1.7213E+01  4.7302E+01
0000556   2.9884E+02  7.3618E+01 -9.0854E+01
0000557   9.8876E+01  8.5456E+01  1.9769E+02
0000558   2.6516E+02 -4.7446E+01  1.8844E+01
0000559   1.6908E+02  1.0029E+02 -1.1295E+00
0000560   1.8285E+02 -5.2988E+01  7.2607E-02
0000561   2.5630E+02 -1.4959E+01 -8.5388E+01
0000562   2.4885E+02 -2.5894E+02 -1.1966E+02
0000563   3.2115E+02  9.1872E+01  4.6888E+02
0000564   3.3547E+02  9.9345E-01 -1.1979E+02
0000565   4.2714E+02 -6.0601E+01 -1.1924E+02
0000566   2.8117E+02  1.1718E+01  2.2950E+02
0000567   1.1482E+02  6.4376E+01  8.4920E+01
0000568   2.2411E+02  1.2555E+02  2.9205E+02
0000569   8.4687E+01 -4.8974E+01  3.7970E+02
0000570   3.4974E+02 -9.9993E+01  2.2766E+02
0000571   2.5339E+02  8.6539E+01 -3.6863E+01
0000572   2.5703E+02 -1.2784E+02 -1.6029E+02
0000573   5.1127E+02  8.5655E+01  8.7961E+01
0000574   5.0269E+01 -1.3771E+02  1.6429E+02
0000575   2.6416E+02 -7.4854E+01  1.9705E+02
0000576   5.4701E+02 -1.4419E+02  1.7896E+01
0000577   2.1823E+02 -8.9377E+01 -4.8105E+01
0000578   7.6835E+01 -7.2907E+01 -2.0494E+01
0000579   1.6575E+02 -7.2544E+01  1.7731E+02
0000580   1.6882E+02 -7.3588E+01 -2.5938E+02
0000581   1.7845E+02  9.2133E+01 -2.0960E+02
0000583   9.1949E+01 -4.1033E+01 -3.8108E+01
0000584   3.0866E+02 -9.5950E+01 -2.7001E+01
0000585   1.9969E+02  9.8634E+01 -1.8940E+02
0000587   1.6839E+02 -6.4861E+01 -3.4570E+01
0000588   3.1524E+02  1.2462E+01 -1.6099E+02
0000589   2.3840E+02  2.3510E+02 -5.9810E+01
0000591   2.7208E+02 -9.4633E+01 -7.2992E+01
0000592   3.9570E+01  1.7314E+02  2.5394E+01
0000593   7.4682E+01 -1.0669E+02  9.5563E+00
0000594   3.2264E+02 -1.6309E+02 -1.2895E+02
0000595   8.3715E+01  2.0401E+02 -1.0203E+02
0000596   5.4878E+01 -6.8763E+01  2.6133E+02
0000597   1.4466E+02 -5.0401E+01 -1.0189E+02
0000598   2.2855E+02 -3.8503E+01 -6.7116E+01
0000599   7.7852E+01 -4.2680E+01 -9.9613E+01
0000600   2.4837E+02 -2.1832E+01  2.4734E+02
0000602   3.0384E+02  1.4376E+02  2.4257E+01
0000604   3.2634E+02 -1.3162E+02 -8.2218E+01
0000605   4.8647E+02 -1.5302E+02  1.2303E+02
0000606   2.6952E+02  1.0896E+02 -9.8387E+01
0000607   8.6584E+01 -1.1391E+02 -5.8762E+01
0000608   1.7538E+02  1.0584E+02 -1.0005E+02
0000609   1.2146E+02 -1.6144E+02 -3.3459E+00
0000610   2.1618E+02 -8.6325E+01  1.6247E+01
0000611   1.2255E+02  7.0225E+01 -1.3136E+02
0000612   7.2833E+01  1.9819E+02 -1.6546E+02
0000613   2.4606E+02  1.9094E+02  3.2354E+01
0000614   1.7443E+02 -3.7217E+01  2.5155E+02
0000615   2.9570E+02 -7.6516E+01  6.4638E+01
0000616   4.0778E+02  7.6352E+01 -1.3724E+01
0000617   1.1159E+02 -1.1759E+02 -6.3252E+01
0000618   3.0801E+02  1.6151E+02 -1.3751E+02
0000620   2.8192E+02  3.0455E+02  1.1436E+02
0000621   1.8535E+02  1.5629E+02  1.0348E+02
0000622   2.3945E+02  1.6231E+02 -1.3294E+02
0000623   3.1297E+02  9.7924E+01 -1.4092E+02
0000624   9.5929E+01  8.9713E+01  1.8856E+02
0000625   1.4630E+02  1.2022E+02  6.3250E+01
0000626   1.4053E+02  4.1901E+01  2.1705E+02
0000627   6.3250E+01  3.0900E+02  7.3947E+01
0000628   1.5191E+02 -5.0098E+01  2.8680E+01
0000629   3.7573E+02 -2.0549E-01  2.6063E+02
0000630   1.6722E+02  5.1946E+01 -1.1816E+02
0000631   2.0480E+02  1.6027E+01 -8.5621E+01
0000632   2.1557E+02  1.7171E+02 -2.4426E+01
0000633   2.7551E+01 -4.3913E+01  4.9690E+01
0000634   2.5616E+02 -3.9137E+01 -1.0238E+02
0000635   1.9119E+02 -1.8063E+01  1.0087E+02
0000636   3.3382E+02 -1.1185E+02 -1.1944E+02
0000637   3.4661E+02  1.3676E+00 -6.2769E+01
0000638   1.6209E+02  2.0347E+02  1.1125E+02
0000639   1.4778E+02 -9.4090E+00 -8.4936E+01
0000640   1.8625E+02  2.3492E+02  1.5462E+02
0000641   5.6485E+01  6.2930E+01  6.2882E+01
0000642   2.4240E+02  4.2382E+01  6.0105E+01
0000643   1.5614E+02 -5.9597E+01 -1.1975E+01
0000644   4.3015E+02  9.7485E+01  1.1565E+02
0000645   1.3573E+02  1.1600E+02 -2.3439E+01
0000646   1.5037E+02 -1.1056E+02 -1.3601E+01
0000647   2.8734E+02  3.2226E+01  2.6391E+02
0000648   2.1752E+02 -3.7183E+01  8.5067E+01
0000649   3.0527E+02 -1.6132E+02  2.3600E+02
0000650   2.2701E+02 -2.0698E+01 -2.6133E+02
0000651   3.2408E+02 -4.5698E+00  8.9559E+01
0000652   2.5064E+02  1.4902E+02 -9.0185E+01
0000653   2.3331E+02  4.1926E+01 -6.5723E+00
0000654   2.2744E+02  3.1832E+01 -1.1800E+02
0000655   1.6201E+02  1.5466E+02 -6.4645E-01
0000656   1.5940E+02 -3.4439E+01 -2.5760E+01
0000657   1.2565E+02  3.5910E+01  1.4661E+02
0000658   2.4533E+02  3.9955E+01  5.0009E+01
0000659   2.2035E+02  1.2982E+02 -1.5624E+02
0000660   1.4543E+02  1.2802E+02 -9.4398E+01
0000661   6.7872E+01  1.2054E+00  8.0822E+01
0000662   2.8925E+02  1.9299E+02  1.2527E+02
0000663   2.2646E+02 -1.1602E+02  2.1667E+01
0000664   1.6803E+02 -1.6264E+02 -5.8729E+01
0000665   2.0794E+02 -9.1447E+01 -2.9954E+01
0000666   4.7182E+02 -8.3929E+01  1.5771E+02
0000667   3.9900E+02 -7.8328E+01  4.2600E+00
0000668   3.0364E+02  1.8614E+02  1.7694E+01
0000669   1.9012E+02 -2.5138E+01  7.9071E+01
0000670   3.2043E+02 -1.6891E+02 -1.4925E+02
0000671   2.7688E+02  1.4518E+01 -4.1584E+01
0000672   1.7465E+02  6.7433E+01  7.3111E+01
0000673   7.4167E+01  1.6224E+01  5.9195E+01
0000674   8.8544E+01 -3.9340E+01  2.6974E+02
0000675   1.3651E+02  2.9805E+01  5.3744E+01
0000676   1.7259E+02 -2.0381E+02 -1.1151E+01
0000677   8.6331E+01 -6.0563E+01  1.8377E+01
0000678   3.1644E+02 -4.2806E+01  5.3783E+00
0000679   3.5477E+02 -1.0839E+02  1.4238E+02
0000680   1.4837E+02 -4.8905E+01 -4.0846E+01
0000681   4.0706E+01  1.8988E+01 -1.1527E+02
0000682   1.0503E+02  9.3025E+01 -8.1604E-01
0000683   2.7238E+02 -1.5562E+01 -1.1554E+02
0000684   2.0105E+02 -2.0386E+01 -1.5094E+02
0000685   4.1840E+02 -6.4403E+01 -2.4386E+02
0000686   3.4594E+02  9.3206E+01 -2.5736E+01
0000687   2.2073E+02 -6.4808E+01  4.4626E+01
0000688   2.2192E+02  1.7252E+02  1.5423E+01
0000689   2.5309E+02  4.5480E+00  7.5320E+01
0000690   1.3933E+02 -4.0199E+01 -7.5189E+01
0000691   3.9226E+02  3.0199E+01 -8.5646E+01
0000692   2.4834E+02 -1.0270E+02  1.4454E+02
0000693   2.5135E+02  2.9669E+01 -5.3192E+01
0000694   5.7495E+01  8.7592E+00 -4.3803E+00
0000695   3.7376E+01  1.2819E+02 -1.2312E+02
0000696   1.2623E+02  1.2660E+02  2.0620E+01
0000697   1.9323E+02  3.4335E+01 -3.9897E+01
0000698   3.4871E+02  3.9585E+01  5.4188E+01
0000699   1.2243E+02  8.8567E+00 -6.6749E+01
0000700   7.2429E+00 -2.4118E+02  4.3271E+01
0000701   3.6048E+02  1.2025E+02  5.5719E+01
0000702   2.8257E+02 -8.6613E+01 -1.1369E+01
0000703   1.3203E+02  5.7992E+01 -3.7287E+00
0000704   1.4211E+02 -4.0520E+01 -2.0233E+02
0000705   2.1257E+02 -1.9478E+02 -1.5870E+01
0000706   1.5050E+02 -3.1220E+01 -1.9747E+00
0000707   1.5173E+02 -1.2788E+02 -1.3118E+02
0000708   4.0598E+02 -1.4077E+02  2.4379E+01
0000709   4.0164E+02  5.8741E+01 -5.6694E+01
0000710   7.1726E+01 -2.2737E+01 -3.4326E+01
0000712   3.8156E+02 -1.4672E+01 -1.8507E+02
0000713   7.1883E+01  1.5496E+02  1.3253E+02
0000715   1.0192E+02 -5.7368E+01 -8.9717E+01
0000716   2.5816E+01 -2.6435E+01  2.3893E+01
0000717   2.5059E+02 -7.1915E+01  8.8378E+01
0000718   3.3180E+02 -1.1300E+02 -1.9691E+02
0000719   1.9281E+02 -2.4965E+02  7.8018E+00
0000720   1.4686E+02 -1.2088E+02  1.2519E+02
0000721   2.6390E+02 -1.4808E+02  2.5132E+02
0000722   2.7655E+02  5.0675E+01 -7.1681E+01
0000723   3.4799E+02 -9.7674E+01  2.2971E+02
0000724   3.4044E+02 -2.3212E+02 -8.5963E+01
0000725   5.2986E+01  1.1386E+02  9.1182E+01
0000726   1.0728E+02 -8.0614E+01 -7.8412E+01
0000727   6.6662E+01 -8.0839E+01 -4.0302E+01
0000728   1.6791E+02 -3.1165E+01 -1.0494E+02
0000729   1.8323E+02  2.3910E+01 -4.0927E+01
0000730   1.8928E+02  2.3127E+01 -2.8189E+02
0000731   2.5176E+02 -1.1396E+02  6.9246E+01
0000732   2.7181E+02 -1.6178E+01 -1.7730E+02
0000733   4.4950E+02 -1.0855E+02 -1.0730E+02
0000734   2.3706E+02 -1.4783E+01 -6.4446E+01
0000735   2.2618E+02  1.1065E+02  1.4033E+02
0000736   1.2695E+02  9.6372E+00  3.6697E+01
0000737   1.8861E+02  1.4248E+01  2.8860E+02
0000738   1.5623E+02 -3.6708E+01 -7.6629E+01
0000739   2.4388E+02 -3.2002E+01 -7.8084E+01
0000741   2.9716E+02 -8.1363E+01  2.4817E+02
0000743   2.2940E+02  6.9087E+01 -1.2032E+02
0000744   1.2915E+02 -4.9397E+00 -1.0487E+01
0000745   2.7181E+01  4.4356E+01  6.9603E+01
0000746   1.2302E+02 -1.7712E+02  7.5585E+01
0000747   2.0987E+02 -6.5390E+01  4.5213E+01
0000749   2.0419E+02  4.2560E+01 -5.3727E+01
0000750   4.7027E+02 -1.3356E+02  1.2023E+02
0000751   2.3521E+01 -2.3951E+02  8.5370E+01
0000752   3.6514E+02 -7.2050E+01  9.4412E+00
0000753   1.9186E+02  2.5001E+00 -1.1486E+02
0000754   1.9737E+02  7.2409E+01  2.4298E+02
0000755   1.4439E+02  2.9635E+01  8.3227E+01
0000756   1.7156E+02 -4.1891E+01 -1.3906E+02
0000757   3.0958E+02 -1.1086E+02  6.8733E+01
0000759   7.3344E+01 -8.4695E+01 -7.1945E+01
0000760   7.6655E+01 -2.1268E+02 -1.6985E+02
0000761   1.0146E+02 -3.9620E+00  5.1833E+01
0000762   1.6856E+02  2.1019E+02  1.3520E+02
0000763   3.5330E+02  1.2984E+02 -1.5395E+02
0000764   4.9212E+02 -1.1901E+02  1.0116E+02
0000765   3.0326E+02 -5.0232E+01 -1.2668E+02
0000766   1.3443E+02  7.3324E+01  3.5234E+01
0000767   1.8945E+02 -3.6345E+01 -5.7905E+01
0000768   2.4063E+02  1.2880E+01  1.1185E+02
0000769   2.3861E+02  1.3598E-01  6.4528E+01
0000770   1.3043E+02 -9.4082E+01 -1.2602E+02
0000771   2.5206E+02 -1.5802E+01 -6.3349E+01
0000772   3.3805E+02  3.1909E+01 -1.6669E+01
0000773   2.0288E+01  4.6452E+01 -1.6908E+02
0000774   2.2084E+02  1.5213E+02  1.1805E+02
0000775   1.9607E+02 -7.7133E+01  8.6448E+01
0000776   2.4887E+02  2.5160E+01 -1.4748E+01
0000777   4.4283E+02  2.6570E+01 -1.0659E+02
0000778   5.2186E+01 -2.4817E+01  4.6487E+01
0000779   4.2128E+02 -1.3262E+02  2.1892E+02
0000780   2.0320E+02  4.4614E+01 -1.3980E+02
0000781   2.5906E+02 -5.3639E+01  5.2306E+01
0000782   2.3372E+02 -8.9218E+01  2.1111E+02
0000783   2.3312E+02  1.4184E+02  2.2959E+01
0000784   1.2378E+02 -2.7434E+00  1.7098E+02
0000785   2.9725E+02 -1.5726E+02 -8.7679E+01
0000786   3.5663E+02 -1.8125E+01 -5.3948E+01
0000787   1.5181E+02 -6.6119E+01 -3.7504E+01
0000788   1.9264E+02  9.0954E+00 -1.0584E+01
0000789   1.5656E+02 -2.0040E+01  1.1949E+02
0000790   2.2654E+02 -6.3164E-01  1.0712E+02
0000791   1.1765E+02 -7.6873E+01  3.4468E+01
0000792   2.7683E+02 -8.0120E+01 -1.9335E+02
0000793   2.4245E+02 -6.1872E+01 -1.6932E+02
0000794   2.7952E+02  3.2101E+02 -1.8437E+02
0000795   1.5884E+02  1.7999E+01  3.4073E+01
0000797   1.8072E+02  9.8354E+01 -1.7144E+02
0000798   3.5046E+02  1.5510E+02 -3.6396E+01
0000799   1.5661E+02 -2.5071E+01  9.5256E+01
0000800   1.7631E+02 -4.1103E+01 -1.5055E+02
0000801   2.6958E+02  1.6871E+02 -7.6095E+01
0000802   2.8153E+02 -2.4908E+02 -1.4822E+01
0000803   2.1337E+02 -1.8505E+01  2.0231E+02
0000804   2.7934E+02 -1.1159E+02  1.4454E+02
0000805   7.4815E+01  2.7955E+01  1.1698E+02
0000806   3.2807E+02 -6.7494E+01  1.8550E+01
0000807   5.5176E+01  4.6640E+01 -3.5257E+01
0000808   2.5490E+02  6.6348E+01 -1.9277E+02
0000809   2.4519E+02  2.6236E+02 -4.9813E+01
0000810   1.6085E+02 -2.1002E+01 -6.4912E+01
0000811   1.3047E+02  1.8600E+01  1.4338E+01
0000812   2.1127E+02  2.2007E+02 -1.6569E+02
0000813   2.5997E+02 -2.1722E+02  4.7268E+01
0000814   1.7444E+02  2.5843E+01 -3.0505E+01
0000815   2.7273E+02  1.5739E+02 -7.8122E+01
0000818   1.9501E+02 -1.4490E+01  2.0499E+02
0000819   3.3937E+02 -3.7769E+01 -1.0571E+02
0000821   4.2208E+01 -1.5477E+02  8.9761E+01
0000822   2.7943E+02 -1.1282E+02  9.1241E+01
0000823   2.5683E+02  5.5710E+01  1.0001E+02
0000824   2.8164E+02 -2.2295E+02 -2.1559E+01
0000825   1.6176E+02  1.3631E+02 -9.2643E+01
0000826   4.5476E+02 -1.0809E+02  1.9854E+02
0000827   4.3122E+02 -1.8328E+01  1.1706E+02
0000828   1.8832E+02 -1.7231E+02 -4.2182E+01
0000829   2.4635E+02  1.3996E+02  7.3222E+01
0000831   4.0611E+01 -3.2988E+01  2.6542E+01
0000832   8.1170E+01  9.7528E+01  1.5034E+02
0000833   2.5093E+01  2.4173E+01  1.1594E+01
0000834   3.7725E+02 -1.9072E+00  1.0503E+02
0000835   1.1580E+02  2.9448E+01  7.3947E+01
0000836   1.2720E+02 -3.9409E+00  2.2026E+02
0000837   3.1890E+02  1.3517E+02  6.5792E+01
0000838   6.0683E+01  3.1336E+01 -9.7149E+01
0000839   1.8188E+02  2.2212E+01 -1.5379E+02
0000840   3.2360E+02  6.4329E+01  9.8455E+01
0000841   2.3176E+02  7.2175E+01 -4.2800E+01
0000842   2.4682E+02 -1.6068E+02 -4.3417E+00
0000844   1.0368E+02  2.5401E+02 -3.1635E+01
0000845   1.6753E+02  5.5169E+01 -1.6069E+02
0000846   2.0311E+02  2.1305E+01  1.2401E+02
0000847   3.5643E+02 -3.2766E+01  1.0353E+01
0000848   2.6142E+02  1.9113E+02 -5.3456E+01
0000849   1.5619E+02 -3.3723E+02  8.2858E+01
0000850   1.5116E+02  8.0645E+01  3.3164E+01
0000851   1.0401E+02  3.0778E+02 -6.7587E+01
0000852   1.1183E+02  8.6436E+00  8.7921E+00
0000853   2.9236E+01 -3.0099E+02 -8.7299E+01
0000854   2.2094E+02  3.5724E+01 -8.9033E+01
0000856   3.2614E+02  1.9401E+02  2.4581E+01
0000857   1.5471E+02  7.6008E+01 -1.3546E+02
0000858   2.0805E+02  4.1221E+01  1.8213E+02
0000859   1.7974E+02 -1.4880E+02 -1.5383E+02
0000860   1.3838E+02 -1.4978E+02 -9.5113E+01
0000861   4.5600E+02  4.8822E+01  1.6156E+02
0000862   2.7432E+02  2.2138E+02 -2.6811E+02
0000863   1.3214E+02 -1.1038E+02  9.2635E+01
0000864   1.5751E+02 -3.6035E+01 -8.1666E+01
0000865   3.1129E+02 -1.1918E+02  2.8933E+01
0000866   2.0577E+02  9.6900E+00 -6.1531E+01
0000867   1.5874E+02  8.2886E+01  1.1517E+02
0000868   3.4933E+02 -1.5757E+02 -2.2174E+02
0000869   3.8967E+02 -5.8980E+01  6.2214E+01
0000870   4.3526E+02 -2.8544E+01 -1.0978E+02
0000871   1.9885E+02 -1.1477E+02  8.4002E+01
0000872   1.0439E+02  1.3361E+02  3.0082E+01
0000873   6.7647E+01 -5.5472E+01  1.2066E+01
0000874   3.3888E+02 -1.8560E+02  1.6277E+01
0000875   2.1091E+02 -2.9189E+01 -6.1236E+01
0000876   1.2709E+02  2.7614E+01 -1.7284E+01
0000877   2.0302E+02  2.1041E+02 -1.1344E+01
0000878   8.5364E+01 -2.6572E+01  3.4039E+01
0000879   1.2686E+02  5.8121E+01 -3.4010E+01
0000880   3.7769E+02  2.0784E+02  1.5157E+02
0000881   6.5947E+01 -1.9116E+02  1.8982E+01
0000882   3.0336E+02  3.0685E+01  4.0541E+01
0000883   2.2923E+02 -9.3042E+01 -5.4729E+01
0000884   1.0859E+02  6.5877E+01 -1.9950E+02
0000885   2.8785E+02  2.5632E+01 -1.6327E+02
0000886   3.0931E+02  1.1257E+02 -2.2518E+02
0000887   2.2906E+02  1.9414E+02 -1.9548E+02
0000888   3.5883E+02 -6.5704E+01  1.7673E+02
0000889   2.7831E+02 -1.2985E+02  2.7704E+01
0000890   1.7116E+02 -7.1008E+01  9.2576E+01
0000891   2.0736E+02  3.0681E+01 -3.8727E+01
0000892   8.2171E+01  2.1298E+02 -5.6770E+01
0000893   4.2551E+02 -8.1064E+00 -2.1249E+01
0000894   2.0971E+02  7.4958E+01  7.3636E+00
0000895   4.4179E+02 -1.5204E+02  8.3030E+01
0000896   2.0746E+02 -2.1053E+02 -1.7397E+02
0000898   1.1013E+02 -8.9484E+01  6.3802E+01
0000899   3.0962E+02  8.0489E+01 -2.8299E+02
0000900   6.1654E+01  3.4125E+01  2.0230E+02
0000902   1.7275E+02  2.1708E+02  9.5409E+01
0000903   3.3591E+02  1.0047E+02 -2.5365E+02
0000904   2.3092E+02  1.5889E+02 -1.9515E+02
0000905   3.0965E+02  4.5649E+01  1.3096E+02
0000906   1.6876E+02 -8.5741E+01  4.0918E+00
0000907   6.5678E+01 -1.3083E+01 -4.7745E+01
0000908   2.7505E+02  8.6033E+01  4.9359E+01
0000909   1.3453E+01 -1.4921E+02  2.5600E+01
0000910   1.4200E+01 -5.9512E+01  5.6882E+01
0000911   1.5811E+02  9.1921E+00  7.8774E+01
0000912   1.6703E+02 -1.1101E+02  1.1037E+02
0000913   1.6352E+02 -2.6721E+00  2.3243E+01
0000914   3.8254E+02 -1.1470E+02 -2.4599E+02
0000915   2.0643E+02  6.4874E+01 -1.5484E+02
0000916   2.5370E+02  4.0731E+01 -1.0726E+02
0000917   9.5177E+01 -6.0557E+01 -1.6121E+01
0000918   2.8648E+02  1.7114E+02  3.1855E+01
0000919   7.2834E+01  3.1790E+02 -7.6254E+00
0000920   4.0381E+02 -1.6597E+01 -9.9607E+01
0000921   2.4491E+02  1.6385E+02  4.4403E+01
0000922   5.2217E+02  2.2114E+01  8.2128E+01
0000923   2.8903E+02 -2.7405E+01 -7.5370E+01
0000924   1.5501E+02  5.5312E+01 -2.6876E+01
0000925   2.4866E+02 -2.0391E+01 -1.5757E+02
0000926   4.6453E+02 -9.2375E+01 -8.4002E+01
0000928   1.9630E+02 -4.8756E+00  2.1402E+01
0000929   3.4670E+02  7.0662E+01 -1.3408E+01
0000930   1.4427E+02  1.1537E+02 -5.3858E+01
0000931   1.4150E+02  5.4532E+00 -2.3480E+01
0000932   1.2245E+01 -8.8680E+00 -2.4193E+01
0000933   1.1691E+02 -1.9418E+02 -4.7092E+01
0000934   9.5601E+01  6.5796E+01  9.3848E+01
0000935   9.8559E+01  5.4353E+01 -1.7484E+02
0000936   1.3069E+02  5.1975E+01 -8.3782E+01
0000937   1.0032E+02  1.5301E+01  2.2284E+02
0000939   1.2241E+02  1.0581E+02  6.3754E+01
0000940   2.0413E+02  1.6845E+01 -2.9096E+02
0000941   1.5744E+01  1.1769E+02 -5.9838E+01
0000942   1.8582E+02  3.4184E+01  5.1932E+01
0000943   9.2426E+01 -5.3788E+01  6.4513E+01
0000944   5.8603E+00  1.7552E+02 -4.2051E+01
0000945   3.1405E+02 -7.6988E+01  7.4165E+01
0000946   4.0317E+02 -6.8509E+01  9.2610E+01
0000947   1.6639E+02 -9.5316E+01  3.1515E+02
0000948   1.0438E+02 -2.9335E+01 -1.2930E+02
0000950   2.6057E+02 -2.4773E+02 -9.5378E+00
0000951   2.0832E+02  8.6540E+01 -7.8144E+01
0000952   1.9258E+02  1.7548E+01 -1.0513E+01
0000953   2.5060E+02 -9.0849E+01 -7.9786E+00
0000954   1.8436E+02 -1.2451E+01 -4.6582E+01
0000955   1.4068E+02 -1.1535E+02  2.1431E+01
0000956   2.4235E+02  4.3043E+01  8.4268E+01
0000957   4.8181E+02 -2.2813E+02  9.7923E+01
0000958   1.0457E+02 -1.0455E+01  1.0660E+01
0000959   1.0591E+02 -1.3822E+01  1.3945E+01
0000960   2.2138E+02 -5.9852E+01 -8.0224E+01
0000961   1.2308E+02  1.1740E+02  1.5661E+02
0000962   7.6742E+01  1.1906E+02  2.2669E+02
0000963   1.2982E+02  3.0939E+01  5.5584E+01
0000964   2.3872E+02 -1.0642E+02  5.9984E+00
0000965   3.4474E+02 -7.6832E-01  1.7528E+02
0000966   4.5029E+02  1.3853E+02 -3.5301E+01
0000967   2.9846E+02  1.2373E+02  2.1434E+02
0000968   4.5714E+02 -3.8448E+01  1.8669E+02
0000970   9.5482E+01 -1.2986E+02 -1.1084E+02
0000972   3.9573E+02  3.4387E+01 -7.2751E+01
0000973   1.3679E+02 -1.2243E+02  2.0346E+01
0000974   2.5952E+02  2.0942E+02 -8.4061E+01
0000975   1.2994E+02  2.4612E+01  3.3760E+01
0000976   9.2617E+01 -4.8577E-01  1.0115E+02
0000977   4.6410E+02  6.2575E+01 -1.8216E+02
0000978   2.8008E+02  4.0760E+01 -5.3930E+01
0000979   1.7835E+02 -1.1660E+02 -3.1443E+02
0000980   2.1559E+01  3.5440E+01 -1.1184E+02
0000981   1.9177E+02  2.2454E+02  2.5103E+02
0000982   1.3342E+02 -1.9149E+01 -1.5311E+02
0000983   1.6021E+02  4.3162E+01  8.3386E+01
0000984   1.8168E+02 -9.4472E+01  1.5222E+01
0000985   5.1393E+01 -8.9483E+01 -1.1607E+02
0000986   5.2553E+01 -1.1990E+01  3.4631E+01
0000987   2.5954E+02  2.4939E+01  9.8179E+01
0000988   2.4711E+02 -1.3780E+01 -1.1679E+02
0000989   8.2891E+01 -8.2055E+01  4.2481E+01
0000990   2.3038E+01 -1.1614E+01  1.7128E-01
0000991   8.2118E+01 -1.8326E+02 -1.8340E+02
0000992   4.1344E+01  1.4895E+02 -3.3674E+02
0000993   2.0388E+02  1.3891E+02 -1.5605E+02
0000994   4.8610E+01  1.1204E+02 -3.8610E+01
0000995   1.6000E+02  1.6551E+02 -2.4551E+01
0000996   1.8009E+02  1.2511E+02 -1.0393E+01
0000997   2.9024E+02  2.2800E+02  8.4398E+01
0000998   1.4242E+02  1.7870E+01  3.4688E-01
0000999   1.8596E+02 -9.1784E+01 -8.0853E+01
0001000   1.4317E+02  9.1868E+01  9.5762E+01
