============================== SRIM-2013.00 ==============================
==============================================================================
====== SRIM Outputs\RANGE_3D.txt : File of Final Ion Positions =====

Ion =  F (09)   Ion Mass= 018.9984
Energy  = 2000000.E-05 keV
Ion Angle to Surface = 00.0 degrees
==================== TARGET =======================
  Layer # 1 - None
  Layer # 1 - Bottom Depth=500000.E-01 A
  Layer # 1 - Density =0007.8700 g/cm3
  Layer # 1 -  100 % of Fe
様様様様様様様様様様様様様様様様様様様様様様様様様様
                                            
Ion       Depth  X   Lateral Y   Lateral Z  
Number    (Angstrom) (Angstrom)  (Angstrom) 
-------  ----------- ----------- -----------
0000001   3.7072E+02  1.9834E+01  8.9193E+01
0000002   2.4579E+02 -7.3399E+01  1.6573E+02
0000003   1.7902E+02  4.2130E+01 -8.1095E+01
0000004   1.2268E+02  4.8166E+01  1.0611E+02
0000005   3.6946E+02  4.7569E+01 -1.7971E+02
0000006   2.5274E+02  7.1673E+01 -3.7029E+01
0000007   1.8530E+02 -6.4008E+01  7.6682E+01
0000008   2.3344E+02  1.5546E+01 -5.6960E+01
0000009   2.5174E+02 -1.0292E+02 -1.3143E+02
0000010   2.0081E+02 -1.6972E+02 -2.9141E+01
0000011   2.8640E+02 -1.4274E+02  5.0521E+01
0000012   7.2921E+01 -9.1516E+01  2.4697E+02
0000013   1.8341E+02  5.6556E+01 -2.8269E+01
0000014   2.5506E+02  4.0676E+01  1.8836E+02
0000016   1.7119E+02  2.3760E+02 -6.2832E+00
0000017   4.2386E+02  2.2971E+01 -2.5285E+01
0000018   8.5712E+01 -2.1048E+02  4.2228E-01
0000020   2.3475E+02 -1.9403E+02  3.8863E+00
0000021   1.9761E+02  2.5955E+01  3.1764E+01
0000022   3.7693E+02  6.7998E+01 -1.1869E+01
0000023   1.6339E+02  1.6228E+01 -8.7134E+01
0000024   4.4989E+01  1.9691E+02 -2.0389E+02
0000025   8.9215E+01 -6.4241E+01  6.6313E+01
0000026   2.7539E+02 -1.0303E+02 -1.0937E+02
0000027   8.4686E+01 -8.6859E+01 -2.8241E+02
0000029   3.8604E+02 -8.0572E+01  5.1423E+01
0000030   6.3590E+01 -1.7245E+02  5.4505E+01
0000031   2.3741E+02  1.9850E+02 -4.9848E+00
0000033   6.4286E+01 -1.3222E+02  4.3280E+01
0000034   3.5853E+02 -8.0219E+01  9.9362E+01
0000035   2.4469E+02  9.8508E+01 -2.4509E+02
0000037   5.2105E+02  1.7074E+02 -1.5459E+02
0000038   6.6600E+01 -2.8273E+01 -1.0605E+02
0000039   9.0118E+01 -7.7444E+01 -1.8749E+02
0000040   7.5324E+01  1.0409E+02  7.7182E+01
0000041   7.7063E+01 -1.6990E+02 -2.4189E+01
0000042   1.2296E+02  1.0407E+02 -3.4357E+02
0000043   2.4816E+02 -6.0455E+01 -2.7069E+01
0000044   1.5072E+02 -1.0268E+02 -1.3822E+02
0000045   1.7661E+02  5.2012E+01 -1.1624E+02
0000046   2.1234E+02 -8.3194E+01  1.0015E+02
0000048   1.3391E+02 -9.3957E+00  2.4416E+02
0000049   4.8450E+01  1.0979E+02 -1.1648E+02
0000050   8.4550E+01  1.1612E+02 -1.8239E+02
0000051   1.8814E+02 -3.6108E+00  1.0167E+02
0000052   3.7117E+02  1.6848E+02 -7.8182E+01
0000053   1.4038E+02 -1.5139E+02  8.4118E+01
0000055   1.5696E+02  1.0430E+02  5.4124E+01
0000056   1.6774E+02 -4.4530E+01  1.2042E+02
0000057   3.4280E+02  3.2946E+01 -1.7534E+02
0000058   2.1207E+02  1.6048E+01  3.8987E+01
0000059   2.5484E+02 -1.4486E+02  1.8126E+02
0000061   3.7964E+02  8.2812E+00 -1.2014E+02
0000062   1.2465E+02  1.5893E+02 -6.6113E+01
0000063   2.5221E+02  1.6808E+02 -5.2778E+01
0000064   3.6947E+02  6.9516E+01 -1.3074E+01
0000065   2.7359E+02  5.6206E+01 -3.6271E+01
0000066   8.0594E+01 -2.4653E+01  5.5008E+01
0000067   2.7977E+02 -1.5942E+02  2.8581E+01
0000068   2.5790E+02  4.2125E+01  1.4778E+02
0000069   2.8480E+02 -4.7370E+01  1.4571E+02
0000070   7.1608E+01 -1.9996E+02  2.1988E+02
0000071   7.2786E+01  4.5529E+01  2.6512E+01
0000072   3.6290E+02  2.9874E+01  3.1052E+01
0000073   5.3027E+01 -9.0112E+01 -6.1734E+01
0000074   1.9683E+02 -7.6145E+01 -1.7334E+02
0000075   2.4430E+02  2.8782E+02  1.8552E+01
0000077   7.5223E+01  1.9009E+01 -1.5580E+02
0000078   1.5840E+02 -6.0369E+01 -4.0335E+01
0000079   4.0098E+02  2.4989E+02 -1.7190E+02
0000080   4.3773E+02 -1.3539E+02  1.1272E+01
0000081   2.3567E+02 -5.9770E+01  5.0802E+01
0000082   1.6630E+02 -1.4781E+02  7.1664E+01
0000083   5.4876E+02  1.5025E+02  5.0417E+01
0000084   2.6459E+02  1.0708E+02 -2.1754E+01
0000086   1.3980E+02  2.0665E+02 -8.0919E+01
0000087   1.7858E+02  2.7383E+02  7.1471E+01
0000088   2.3051E+02  1.0485E+02  7.9453E+00
0000089   1.1749E+01 -4.1667E+01  1.3364E+02
0000090   2.2437E+02  1.2013E+02  1.1401E+02
0000091   9.4150E+01 -1.7740E+01 -3.7942E+01
0000092   3.9286E+01  1.1206E+01  8.0819E+00
0000093   4.0625E+02  5.8700E+01  9.6042E+01
0000094   3.1240E+02 -1.8081E+02 -6.5026E+01
0000095   1.6481E+02  2.1112E+02  4.4890E+01
0000096   3.4228E+02  1.7230E+02  1.7928E+02
0000097   3.4183E+02 -2.5872E+02 -2.8368E+01
0000099   3.8709E+02 -1.3950E+02 -2.7249E+01
0000100   1.6938E+02  5.6393E+01 -7.1168E+01
0000101   3.9241E+02  2.8018E+02 -1.4554E+02
0000102   3.0353E+02  4.2601E+01 -1.0020E+02
0000103   1.3011E+02 -9.7037E+01  2.4581E+01
0000104   4.3344E+02 -1.1630E+02  1.4658E+02
0000105   1.4960E+02 -1.4317E+02 -1.0780E+02
0000106   2.2213E+02 -1.0476E+02  2.0016E+01
0000107   4.2860E+02 -5.5229E+01 -1.1668E+02
0000108   2.4206E+02  9.1834E+00 -1.5115E+02
0000109   2.4560E+02  2.0881E+02 -4.0997E+01
0000110   2.9332E+02  1.3621E+02 -4.4211E+01
0000111   2.4194E+02 -3.5905E+01  1.2004E+02
0000112   3.4846E+02 -4.3542E+01  1.0810E+02
0000113   1.4609E+02  2.4889E+01 -7.0103E+01
0000114   2.3971E+02  2.0100E+02 -3.0037E+02
0000115   1.3271E+02 -8.6076E+01  7.2416E+01
0000116   2.4398E+02  8.1727E+01 -5.6195E+01
0000117   1.7178E+02  1.5980E+02  9.4784E+01
0000118   8.8732E+01 -4.6654E+01  8.3056E+01
0000119   2.9155E+02 -9.2038E+01 -2.3347E+02
0000120   2.2448E+02  1.8535E+00  8.9706E+01
0000121   3.7221E+02 -4.9578E+01 -3.2768E+01
0000122   6.0969E+00  4.3160E+01  4.6192E+01
0000123   3.9640E+01 -5.1195E+01  6.6724E+01
0000125   2.7503E+02  5.6383E+00  7.7946E+01
0000126   1.5777E+02  1.1230E+02 -2.2436E+01
0000127   2.2690E+02 -1.5874E+01  7.9428E+01
0000128   2.1063E+02  9.6168E+01 -8.7608E+00
0000129   2.2449E+02  9.6213E+01 -5.1442E+01
0000130   3.4197E+02 -1.0725E+02  1.4770E+02
0000131   7.2965E+01  5.0966E+01 -2.5822E+01
0000132   8.7212E+01 -1.7484E+02  1.4728E+02
0000133   2.0356E+02  6.2186E+01  1.6516E+02
0000135   3.4376E+02 -1.9362E+02  1.9205E+02
0000136   1.1929E+02 -2.4888E+02  1.4161E+02
0000137   5.5691E+02 -6.2520E+01  9.0851E+01
0000138   2.5205E+02 -1.5803E+02 -1.5919E+02
0000139   1.7063E+01 -6.0437E+01 -3.2519E+01
0000140   3.0336E+02  1.0360E+02  5.5396E+01
0000141   4.7269E+01 -3.6278E+01  3.5745E+01
0000142   5.2061E+02  1.0385E+02  2.0183E+02
0000143   2.9137E+02 -4.8084E+01 -3.0846E+01
0000144   4.8712E+01 -1.5630E+02 -8.1364E+01
0000145   3.3528E+02 -2.2734E+02 -1.2670E+02
0000146   1.2158E+02 -1.4482E+02 -2.6823E+02
0000147   3.7729E+02  8.1760E+01  8.0656E+01
0000148   2.4658E+02  1.0685E+01 -2.2434E+02
0000149   1.7143E+02 -3.3387E+01 -1.6736E+01
0000150   3.9024E+02 -8.3051E+01 -3.5918E+01
0000151   2.0829E+02 -6.9095E+01 -1.2949E+02
0000152   1.0275E+02 -1.8261E+01 -5.2779E+01
0000153   8.5987E+01 -1.3005E+02 -8.4805E+01
0000154   2.8469E+02 -1.1929E+02  1.7672E+01
0000155   2.6159E+02  1.5401E+02 -1.5578E+01
0000156   1.6549E+02 -4.2076E+01  1.6728E+02
0000157   2.2026E+02 -4.0042E+01  6.1520E+01
0000158   3.2414E+02 -3.2015E+01  1.6843E+02
0000159   9.3513E+01  1.1416E+02  3.3499E+01
0000160   1.0989E+02  6.1101E+01 -2.0911E+02
0000161   3.9837E+02 -1.4581E+02 -5.0924E+01
0000162   2.3976E+02  1.0360E+02  1.7715E+02
0000163   2.5540E+02  2.0891E+02  6.2508E+01
0000164   3.2253E+02  7.0066E+01  1.1796E+02
0000165   1.1712E+02 -4.3734E+01  5.8970E+01
0000166   3.1016E+02 -8.5825E+01 -1.1313E+02
0000167   3.0137E+02  1.5100E+02  3.9084E+01
0000168   3.7632E+02  2.0447E+02  1.9493E+02
0000169   5.2491E+02 -3.1336E+02  1.0755E+02
0000170   2.5552E+02  2.4344E+01  7.2930E+01
0000171   5.1424E+01  1.3527E+02 -1.1954E+02
0000172   3.7295E+02  9.6287E+01  4.1546E+01
0000173   2.9961E+02  1.7647E+02 -6.4877E+01
0000174   2.1747E+02 -2.2441E+02  7.6631E+01
0000175   5.0342E+02  8.5537E+01 -3.5680E+01
0000176   3.4706E+02 -1.3315E+02 -4.7454E+01
0000177   3.5137E+02 -6.0212E+01  9.8933E+01
0000178   2.8354E+02  1.8823E+02  1.2245E+02
0000179   2.0864E+02  4.2667E+01 -2.1889E+02
0000180   1.6667E+02  3.0106E+02  1.6974E+02
0000181   3.6520E+02 -4.5884E+00  9.4558E+01
0000182   1.3023E+02  4.2724E+01  4.6109E+01
0000183   2.8252E+02  3.1358E+01 -1.1803E+02
0000184   1.5933E+02 -1.4774E+02  1.1955E+01
0000185   8.9685E+01 -2.3181E+01  5.4117E+01
0000186   2.1265E+02 -6.3189E+01 -6.1228E+01
0000187   2.7254E+01  8.7247E+01  1.0225E+02
0000188   2.1856E+02 -1.6237E+02  9.7037E+01
0000189   5.9663E+01  1.4130E+02 -9.6984E+01
0000190   2.9825E+01 -4.5944E+01  6.5601E+00
0000191   8.4633E+01 -1.5540E+01  1.0099E+02
0000192   3.8865E+02 -7.0422E+01  1.1867E+02
0000193   2.7181E+02  7.6124E+01 -3.9549E+01
0000194   1.5742E+02 -8.8333E+00  7.8215E+01
0000195   5.3619E+01  3.6328E+00  1.1946E+02
0000196   2.5945E+02 -5.6298E+01 -1.5781E+02
0000197   1.8289E+02 -8.1325E+01 -1.3986E+02
0000198   4.6586E+02  5.9588E+01  1.1654E+02
0000199   4.1217E+02 -1.0142E+02 -9.4994E+01
0000200   2.0109E+02 -8.0554E+00  6.7379E+01
0000201   2.4227E+02  4.9925E+00  1.2304E+02
0000202   2.1440E+02 -2.7140E+01 -1.8300E+02
0000203   1.8622E+02 -1.7680E+01 -9.3674E+00
0000204   3.8061E+02 -5.7844E+00  2.6786E+02
0000206   1.5741E+02  1.0285E+02  4.8051E+01
0000207   2.2482E+01 -2.2366E+02  2.2829E+02
0000208   1.8079E+02 -1.1199E+02 -8.5824E+01
0000209   2.2435E+01  3.3769E+01 -2.2714E+00
0000210   1.7354E+02 -1.2571E+02 -4.0846E+01
0000211   2.2631E+02  2.8449E+02 -1.0271E+02
0000212   1.7524E+02 -5.0847E+01 -7.0413E+01
0000213   2.1222E+02  6.8621E+01 -1.5348E+02
0000214   1.7605E+02  1.3814E+02 -5.2129E+01
0000215   7.9986E+01 -9.1606E+01  4.5473E+01
0000216   2.1329E+02  1.1011E+01 -5.6274E+01
0000217   3.9465E+02 -1.2198E+02 -7.2136E+01
0000218   2.7502E+02  4.7432E+01  2.2572E+02
0000219   5.9388E+01  1.3274E+02 -8.4786E+01
0000220   4.4109E+02 -1.7732E+01  1.5008E+02
0000221   3.1854E+02 -4.5439E+01 -3.0291E+01
0000222   1.1278E+02  8.5504E+01  8.7913E+01
0000223   1.9533E+02  2.0526E+02 -2.4254E+01
0000224   1.7953E+02 -8.4626E+01  5.7532E+01
0000225   2.1613E+02 -2.3841E+01 -9.1826E+00
0000226   1.7069E+02  6.4020E+01  1.8883E+02
0000227   9.3391E+01  9.6958E+01 -8.5939E+01
0000228   8.4940E+01 -1.1925E+02 -1.4823E+01
0000229   7.7208E+01 -3.4403E+01 -8.4357E+01
0000230   1.3172E+02 -1.8035E+02  1.0198E+00
0000231   1.6096E+02 -1.3948E+01  8.4531E+01
0000232   5.7551E+01 -8.6925E+01 -3.0372E+01
0000233   2.0833E+02  5.3616E+00  8.9686E+01
0000234   3.8991E+02  5.0089E+01 -9.9399E+01
0000235   2.5407E+02 -9.4962E+01  1.4310E+02
0000236   3.1195E+02  3.0250E+01 -9.8887E+01
0000237   8.7312E+01  2.3999E+02  2.3752E+02
0000238   2.1047E+02 -3.5267E+01  2.6608E+02
0000239   3.4646E+02  8.8731E+01 -6.2465E+01
0000242   1.5718E+02 -4.9929E+00 -4.2520E+01
0000243   3.7414E+02 -1.1792E+02  6.9343E+00
0000244   1.6299E+02 -1.7136E+02 -3.0022E+01
0000245   2.2931E+02 -1.6138E+02  1.0584E+02
0000246   1.9255E+01 -3.5305E+00 -2.2045E+02
0000247   2.0088E+02  4.8352E+01  1.1919E+02
0000248   2.8679E+02 -1.0562E+02 -2.4188E+02
0000249   1.5954E+02 -2.8164E+02  2.4703E+01
0000250   2.5992E+01 -8.2387E+01 -6.2903E+01
0000251   1.3798E+02  6.9845E+00 -1.9715E+02
0000252   1.0905E+02 -8.9298E+01 -2.3375E+01
0000253   1.9298E+01  6.8193E+01 -7.6968E+01
0000254   3.5375E+02  1.8759E+01  2.2171E+02
0000255   1.0869E+02 -5.5091E+01  2.5061E+02
0000258   2.4867E+02  1.3607E+02  6.9695E+01
0000259   3.7646E+01 -3.6859E+01  1.6429E+01
0000260   2.5568E+02 -1.9163E+02  1.4445E+02
0000261   2.2613E+02  2.4055E+02  1.9114E+01
0000262   2.8009E+02 -3.6640E+01  1.3343E+01
0000263   2.0948E+02 -6.4162E+01 -4.8496E+00
0000264   1.3087E+02  1.0975E+02 -1.1190E+02
0000265   2.2010E+02 -1.2501E+02 -2.0438E+02
0000266   1.2502E+02  9.4797E+01  4.5459E+01
0000267   2.1196E+02  1.1654E+01 -2.2913E+01
0000269   6.3831E+01 -2.5367E+02 -4.0148E+01
0000270   2.5421E+02  2.1889E+02 -5.6646E+01
0000271   7.7587E+01 -7.0559E+00 -1.9357E+02
0000272   3.9753E+02  2.7263E+01 -8.8741E+01
0000273   2.3513E+02 -1.0692E+02  1.8583E+02
0000274   3.4831E+02 -7.1553E+01  1.4393E+02
0000275   7.2772E+01 -1.2526E+02  8.6738E+01
0000276   2.7314E+02 -1.6027E+02 -1.0985E+02
0000277   2.6723E+02  1.2559E+01  1.7623E+01
0000278   1.3726E+02 -6.9476E+00  4.5648E+01
0000279   2.6945E+02  1.2005E+02  9.5858E+01
0000280   9.6064E+01 -1.0771E+02 -2.0355E+02
0000281   9.8307E+01  2.6676E+01 -4.2223E+01
0000282   8.1847E+01  3.0137E+01 -8.2982E+01
0000283   1.7517E+02  1.7168E+02 -9.2848E+00
0000284   3.5578E+02 -9.5730E+01 -1.7393E+02
0000285   1.0472E+01  1.4271E+02  9.7085E+01
0000286   1.0010E+02 -6.2167E+01  2.5329E+02
0000287   2.6161E+02 -2.1122E+02 -8.9045E+01
0000288   1.0932E+02 -1.6160E+02 -3.1042E+01
0000289   5.7474E+01  1.4677E+00 -6.9600E+01
0000290   4.5055E+02 -9.7118E+01  1.0587E+02
0000291   1.2697E+02  5.2132E+00 -4.0942E+01
0000292   1.3525E+02  1.1647E+02  8.9834E+01
0000293   1.5953E+02  2.8686E+01  1.1895E+02
0000294   2.9121E+02 -2.2808E+01 -1.0735E+02
0000295   1.1987E+02 -9.0592E+01  7.4453E+01
0000296   3.3999E+02  7.8672E+01  1.0251E+02
0000297   2.7053E+02  1.1261E+02  2.2972E+01
0000298   4.1242E+02  1.9931E+02 -2.2801E+02
0000299   4.0773E+02  9.3844E+01 -1.8605E+02
0000300   1.6367E+02  1.4368E+02 -5.0864E+01
0000301   1.7636E+02 -1.0650E+02 -3.8349E+01
0000302   1.4521E+02  1.8557E+02  6.4001E+01
0000303   4.9642E+01 -3.6793E+01  2.1704E+02
0000304   1.9822E+02  1.7241E+01 -7.2426E+01
0000305   6.7165E+01 -1.0587E+02  5.2071E+01
0000306   8.6586E+01 -5.1393E+01 -6.3305E+01
0000307   2.9806E+02  1.0585E+02 -4.7543E+01
0000308   2.9822E+02 -1.1513E+02  3.9979E+01
0000309   1.1902E+02 -1.5916E+02 -1.4121E+02
0000310   3.1326E+02 -3.5298E+01 -2.0043E+02
0000311   1.3994E+02 -1.5900E+02  2.5238E+02
0000312   1.7048E+02 -1.0175E+02 -4.4648E+00
0000313   2.7057E+02  1.1555E+02 -6.6706E+01
0000314   1.6036E+02  1.7691E+02 -8.4178E+01
0000316   2.9870E+02 -3.4023E+00 -6.9305E+01
0000317   4.3012E+02  1.0365E+02 -1.5636E+01
0000319   1.3229E+02 -1.2052E+02  3.9407E+01
0000320   4.0517E+02 -2.3722E+02 -1.0521E+02
0000321   8.8904E+01 -4.3860E+01 -3.1174E+01
0000322   1.2217E+02 -2.3754E+02 -1.1545E+01
0000323   1.2373E+02  3.2104E+01 -1.5069E+02
0000324   2.1142E+01  7.6903E+01  4.2521E+01
0000325   8.3995E+01  8.5550E+01  2.7805E+01
0000326   1.0333E+02  1.0270E+02  1.3823E+01
0000327   7.8919E+01 -4.5981E+01 -8.4667E+01
0000328   1.7792E+02 -1.4603E+01 -1.5944E+02
0000329   3.8890E+02  1.5491E+02 -1.0724E+02
0000330   3.7587E+01 -1.4551E+02 -1.5126E+02
0000331   2.9094E+02 -7.8645E+01  1.1227E+02
0000332   1.0928E+02 -1.8331E+02 -8.1338E+01
0000333   4.7965E+01 -8.8780E+01  4.5935E+01
0000334   3.5169E+02  2.0004E+02 -2.3450E+02
0000335   3.7855E+01 -1.7214E+02  2.4159E+02
0000336   1.5264E+02  3.7284E+01 -2.1738E+02
0000338   4.6798E+02  3.2795E+01  1.8624E+02
0000339   1.6003E+02 -1.0552E+02  7.0976E+01
0000340   3.1052E+02  1.9669E+02 -1.2494E+00
0000341   2.9605E+02  4.8786E+01  3.3230E+02
0000342   2.6816E+02  2.7304E+01 -1.1311E+01
0000343   3.3406E+02  8.1880E+01  2.7592E+01
0000344   1.9327E+02 -3.2994E+01  2.0045E+02
0000345   3.3245E+01  4.2735E+01 -2.9663E+01
0000346   2.9077E+02 -3.6929E+02 -4.9097E+01
0000347   4.8575E+01  1.1745E+01 -2.7422E+02
0000348   3.1790E+02 -1.6400E+02  1.5416E+02
0000349   2.4776E+02  1.3090E+02 -5.5476E+01
0000350   3.4108E+02  5.9404E+01 -1.2413E+02
0000351   2.0275E+02 -2.9614E+01 -3.7519E+02
0000352   2.8074E+02 -3.4194E+02 -2.0324E+02
0000353   3.1335E+02  1.0675E+01 -2.0659E+02
0000354   1.6648E+02  7.2229E+00 -1.5649E+02
0000355   1.3256E+02 -5.5166E+01 -1.4904E+02
0000356   2.6632E+02  1.0108E+02  1.9787E+02
0000357   1.4624E+02  7.7931E+01  7.2569E+01
0000358   1.0549E+02  7.9745E+01 -6.4736E+01
0000359   2.6602E+02 -2.8207E+02 -9.0970E+01
0000360   1.4160E+02  5.6640E+01 -1.1633E+02
0000361   2.3811E+02  1.2210E+02  1.2342E+02
0000362   2.0980E+02 -1.5638E+02 -2.1752E+02
0000363   3.9884E+02 -4.5863E+01  3.3563E+01
0000364   1.9376E+02 -1.1310E+02  1.9631E+01
0000365   1.7519E+02 -2.5447E+01  1.0109E+01
0000366   7.9726E+01 -3.8005E+01 -1.5478E+01
0000368   3.1476E+02 -8.1465E+01 -1.6103E+01
0000369   2.8020E+02  5.2645E+01 -7.4450E+01
0000370   3.0907E+02 -4.9989E+01 -1.5263E+02
0000371   2.3554E+02 -1.9198E+02  1.7668E+01
0000372   2.5878E+01 -1.7823E+02  1.3380E+02
0000373   2.3835E+02  4.7391E+01 -5.9249E+01
0000374   1.8786E+02 -1.2342E+02 -4.1206E+01
0000375   1.7670E+02 -6.0231E+00  3.5699E+01
0000376   3.6185E+02 -5.0440E+01  4.8999E+00
0000377   1.3055E+02 -1.3050E+02  1.5969E+01
0000378   1.7721E+02 -1.9034E+01  9.6410E+01
0000379   5.0980E+01 -1.5515E+02 -2.4251E+02
0000380   2.7005E+02 -4.2518E+01  5.1573E+00
0000381   1.8938E+02  8.5615E+00  6.5908E+01
0000382   1.1748E+02  9.3417E+01 -6.8194E+01
0000383   1.8272E+02 -3.0011E+01  4.6289E+01
0000384   3.8655E+01 -1.4806E+02 -1.3449E+01
0000385   3.6037E+02  7.1580E+00 -2.2926E+02
0000386   3.0832E+02 -1.0984E+02 -7.9484E+01
0000387   2.4803E+02  1.2831E+02 -2.4310E+01
0000389   3.6515E+01 -3.6439E+01  1.1734E+02
0000390   2.3160E+02 -6.6403E+01 -4.1914E+01
0000391   2.4707E+02 -2.1180E+02  4.1167E+01
0000392   1.5985E+02  5.0869E+01  1.1737E+02
0000393   2.0581E+02 -1.1861E+02  1.8850E+01
0000394   7.1750E+00 -4.9963E+01 -9.2738E+01
0000395   6.1545E+01 -6.4399E+01 -1.0831E+01
0000396   2.4683E+01  2.2470E+01 -6.0118E+01
0000397   1.6118E+02  9.1782E+01 -2.2941E+01
0000398   2.5391E+02  1.9902E+02 -2.0511E+02
0000399   2.3712E+02 -1.6970E+02 -1.9965E+02
0000400   3.2478E+01 -5.6551E+01 -1.1862E+02
0000401   1.8306E+02  1.9923E+02  2.8239E+02
0000402   3.1658E+02 -1.2030E+02 -2.8951E+02
0000403   2.0331E+02 -8.4015E+01  3.0233E+01
0000404   1.0454E+02  1.2525E+01  1.5576E+02
0000405   1.1574E+02 -4.5120E+01 -3.3613E+01
0000406   1.4431E+02 -3.9917E+01  1.0104E+02
0000408   3.1544E+02  1.3392E+02  5.9746E+00
0000409   2.3201E+02 -4.8518E+01  1.4555E+02
0000410   1.0612E+02 -5.2665E+01 -1.6189E+02
0000411   2.1144E+02 -3.1338E+01 -5.8856E+01
0000412   1.6489E+02 -5.8831E+01 -1.0490E+02
0000413   3.6412E+02 -6.9279E+01 -5.0675E+01
0000414   2.9879E+02  7.2580E+01  1.3224E+01
0000415   2.8519E+02 -1.9927E+01 -1.1150E+02
0000416   5.3531E+01 -1.4487E+02 -1.3391E+01
0000417   2.1496E+02  2.5900E+02 -1.7258E+02
0000419   6.9188E+01 -3.0254E+01 -1.2313E+02
0000420   3.7972E+02  3.7293E+01 -2.1940E+02
0000421   3.9868E+02  1.8333E+01 -1.4493E+02
0000422   1.5304E+02  1.0711E+01  8.0875E+01
0000423   2.7684E+02  8.7890E+01  1.3764E+02
0000424   1.7725E+02  9.2878E+01 -3.2108E+01
0000425   1.8116E+02  1.6797E+01 -2.3663E+02
0000426   3.1254E+01  2.3896E+00  1.5833E+02
0000427   3.0282E+02  3.8443E+01 -2.1069E+01
0000428   3.0945E+02  3.6829E+01 -1.9799E+02
0000429   3.0664E+02  1.2973E+01  1.5812E+02
0000430   3.2249E+02  3.1258E+02  5.5730E+01
0000431   2.8128E+02  3.8661E+02 -1.2507E+02
0000432   2.8386E+02  7.5372E+01  2.5756E+01
0000433   2.1658E+02  1.4442E+02 -1.4701E+01
0000435   2.7391E+02 -1.4098E+02 -1.6669E+02
0000436   1.8048E+01 -4.4544E+00 -5.8092E+01
0000437   1.6078E+02 -7.6596E+00 -1.9467E+02
0000438   1.6994E+02 -1.5412E+01 -1.0328E+02
0000439   2.0928E+02  1.3091E+02 -2.0994E+02
0000440   4.4302E+02 -8.2110E+01 -1.3875E+02
0000441   2.2227E+02 -1.1304E+02  9.8924E+01
0000442   2.8533E+02  5.9088E+01 -1.2456E+01
0000443   3.1417E+02  2.1429E+02 -8.5486E+01
0000444   1.8298E+02  1.4367E+02  1.2705E+02
0000445   1.2567E+02  1.2134E+02  1.8151E+02
0000446   1.9614E+02  6.8022E+01  5.1893E+01
0000447   2.7389E+02  2.7117E+01  9.9481E+01
0000448   8.6736E+01 -4.6702E+01 -1.3400E+01
0000449   3.2829E+02 -1.0610E+02 -1.8080E+02
0000450   1.4896E+02 -2.1394E+00 -2.5167E+01
0000452   2.8059E+02 -1.5747E+01  6.4002E+01
0000453   2.2011E+02  1.3990E+02  2.1342E+02
0000454   1.5342E+02 -4.8336E+01 -1.5765E+02
0000455   7.3425E+01  2.1819E+02  6.3228E+01
0000456   3.1025E+02 -7.1739E+01  2.1435E+01
0000457   3.3618E+02 -1.9335E+01 -4.2102E+01
0000458   2.1770E+02 -3.9293E+01 -7.8114E+01
0000459   2.4005E+02  6.2757E+01  1.5172E+02
0000460   4.0791E+01  1.6046E+02 -1.5550E+02
0000461   3.3814E+02  2.0793E+02  1.9032E+02
0000462   1.2626E+02 -7.3804E+01  1.3926E+02
0000463   2.7671E+02  1.5017E+02  3.9612E+01
0000464   3.5143E+01 -6.5321E+01 -2.5443E+01
0000465   1.4913E+02  1.4175E+01 -1.1689E+00
0000467   1.9497E+02 -2.6979E+01  2.4147E+01
0000468   1.0119E+02  4.9956E+01 -5.5200E+01
0000470   3.0777E+02 -1.1056E+02  1.6713E+02
0000471   4.0577E+02 -8.6128E+00  2.0212E+02
0000472   2.7002E+02 -2.3366E+02 -1.1791E+02
0000473   4.7459E+01 -1.8683E+01 -6.9185E+01
0000475   3.7988E+02 -1.3663E+02 -6.7903E+01
0000476   2.0606E+02 -6.1991E+01 -3.5942E+01
0000477   3.3494E+02  1.7320E+02 -1.0828E+02
0000478   1.9609E+02  7.8067E+01  6.4618E+01
0000479   3.4616E+02  9.5627E+01 -2.4991E+02
0000480   1.3203E+02  1.6662E+02 -5.9976E+01
0000481   5.2654E+02 -2.0212E+02 -1.4245E+02
0000482   2.6187E+02  8.8442E+01  1.0389E+02
0000483   1.7695E+02  1.9365E+02  5.0805E+01
0000484   2.3694E+02  6.0144E+01 -1.5509E+01
0000485   3.7499E+02 -9.5801E+01  3.4438E+01
0000486   2.2384E+02  3.2934E+02  1.6715E+02
0000487   2.2360E+02  7.4266E+00 -1.3245E+01
0000488   1.0793E+02  1.9425E+02  1.9629E+02
0000489   3.1157E+02 -1.2607E+02 -6.0795E+01
0000490   2.3492E+02 -5.0813E+00 -1.1970E+02
0000491   1.2181E+02  3.6452E+00  8.7511E+01
0000492   1.1141E+02  4.5790E+01  1.0310E+02
0000493   1.5848E+02 -1.4849E+00  1.4056E+02
0000494   9.2895E+01 -8.9094E+01  6.8092E+01
0000495   6.8943E+01 -2.0178E+01 -5.0091E+00
0000496   3.0026E+00 -2.7588E+02  1.2635E+02
0000497   4.4990E+02 -9.8713E+00 -1.1884E+01
0000498   2.7472E+02  1.0962E+02  9.8682E+01
0000499   3.4396E+02 -5.7352E+01 -1.1519E+02
0000500   4.9583E+02  3.3623E+01 -7.8830E+01
0000501   2.8980E+01  3.0927E+00 -2.8785E+01
0000502   4.4621E+02  1.8931E+02 -4.4407E+01
0000503   7.1982E+01  5.6852E+01 -1.7362E+02
0000504   2.0997E+02  8.9090E+01  3.8992E+01
0000505   2.7909E+02 -5.3395E+01  1.7406E+02
0000506   1.2855E+02 -3.4420E+01 -1.6676E+02
0000507   2.5150E+02 -4.6268E+01  1.8173E+01
0000508   4.0646E+02 -9.8248E+01 -1.2607E+02
0000509   6.2117E+01  1.3516E+02  1.4036E+02
0000510   5.0985E+01 -3.7742E+01  8.6039E+01
0000511   9.7194E+01  4.1666E-01 -9.3515E+01
0000512   6.0978E+01 -2.0651E+02  3.3312E+01
0000513   1.4275E+02 -6.5367E+01  2.3051E+02
0000514   2.9025E+02  1.2470E+02 -2.0638E+02
0000515   1.7281E+02 -1.1585E+02  2.3766E+02
0000516   8.4980E+01 -7.8014E+01 -4.7762E+01
0000517   2.0010E+02  1.4271E+02  3.0272E+01
0000518   2.7227E+01  2.9774E+01  2.3514E+01
0000519   1.9892E+02  2.5973E+02 -1.2303E+02
0000520   2.3752E+01  1.1856E+02 -7.0124E+00
0000521   1.6021E+02  7.7931E+00 -7.4052E+01
0000522   1.7409E+02  1.2064E+01 -1.4202E+01
0000523   3.3009E+02  4.5305E+01 -1.4399E+02
0000525   3.0512E+02  2.9428E+01  2.0643E+02
0000526   1.6207E+02  1.6361E+02  5.3064E+01
0000527   2.2720E+02 -4.2459E+01 -2.3227E+01
0000528   1.1341E+02  1.2233E+02 -6.0507E+01
0000529   1.8300E+02  7.2657E+00  4.4038E+01
0000530   1.8101E+02  1.3421E+02  8.2264E+01
0000531   1.6328E+01  7.5490E+01 -8.4800E+01
0000532   1.0679E+02  6.6499E+01  8.6604E+01
0000533   1.6839E+02 -2.1686E+01 -9.4259E+01
0000534   3.4904E+02 -1.6404E+02  2.1656E+01
0000535   9.2301E+01  5.3987E+01  3.1917E+00
0000536   3.5796E+02  1.6257E+02  1.1088E+02
0000537   1.4757E+02  1.7154E+01 -6.6287E+01
0000538   1.3428E+02 -1.5428E+02  9.9312E+01
0000539   2.6467E+02 -1.7631E+02 -7.5061E+01
0000540   1.5725E+02 -5.9767E+01  1.3602E+02
0000541   2.9254E+02 -6.7741E+01 -5.4173E+01
0000542   2.8907E+02  3.2067E+02  1.2223E+02
0000543   2.7204E+02  3.3384E+01 -1.3690E+02
0000544   2.6730E+02  1.0210E+02 -4.7993E+01
0000545   3.4968E+02 -1.1318E+02 -6.2506E+01
0000546   1.7242E+02 -1.8186E+01 -4.5650E+01
0000547   9.9604E+01  4.0879E+01 -9.8572E+01
0000548   9.3562E+01 -1.3164E+02  4.7671E+00
0000549   8.6446E+01  1.0781E+02  9.6492E+01
0000550   9.2480E+01  1.2532E+02 -1.8101E+01
0000551   2.2154E+01 -7.8422E+01 -1.6015E+02
0000552   2.9492E+02  9.9806E+01  2.8632E+01
0000553   1.8834E+02 -2.4976E+02  8.4883E+00
0000554   1.8847E+02 -3.4244E+00 -9.3571E+01
0000555   5.0379E+02  1.9864E+02  9.4008E+01
0000556   1.5173E+02 -5.5628E+01 -1.6310E+02
0000557   2.2730E+02  1.0275E+02 -1.4597E+01
0000558   4.4249E+01 -6.5490E+01  7.3941E+01
0000559   3.7754E+02 -7.4704E+01 -1.7388E+02
0000560   3.4923E+02  3.4124E+01 -2.2148E+01
0000561   1.7611E+02 -2.0452E+01 -1.5061E+02
0000562   1.5695E+02  2.2418E+02  3.3747E+01
0000563   2.4219E+02  9.4023E+01 -1.0947E+02
0000564   2.3475E+02 -1.3915E+01  5.6493E+01
0000567   2.8300E+02 -2.9203E+01 -9.9807E+01
0000568   1.1879E+02 -9.0684E-01 -7.8184E+01
0000569   8.2573E+01 -3.0838E+00  2.7264E+02
0000570   1.9817E+02 -9.7507E+01  1.6510E+01
0000571   6.8777E+01 -2.9728E+01  3.0964E+00
0000572   8.9832E+01  2.1965E+01 -3.2430E+01
0000573   2.9619E+02 -1.1679E+01 -1.9531E+02
0000574   3.1806E+02 -3.1085E+02 -6.2054E+01
0000575   4.0554E+01 -1.8008E+02  1.6102E+02
0000576   9.3907E+01  1.3958E+02  1.0151E+02
0000577   2.1122E+02  5.6537E+01  3.9852E+01
0000578   3.3268E+02 -3.7521E+01  1.0737E+02
0000579   2.9276E+02  9.8256E+01 -1.1632E+02
0000580   3.4668E+01  1.5654E+01 -9.0156E+01
0000582   3.6809E+02 -2.0868E+02  8.0006E+01
0000583   2.7630E+02 -1.0001E+02 -1.5466E+02
0000584   9.3314E+01  8.5454E+01  7.3163E+01
0000585   1.7957E+02 -3.1356E+02  1.8285E+01
0000586   3.6188E+02 -1.5681E+02 -1.1397E+02
0000587   9.3786E+01  1.2326E+02  1.1313E+02
0000588   1.1870E+01  1.6336E+02 -1.2473E+02
0000590   1.8844E+02 -8.7455E+01 -7.4669E+01
0000591   6.9871E+01  1.5666E+02  1.0370E+02
0000592   2.0552E+02 -4.2453E+01  1.4567E+02
0000593   3.4331E+02  1.0383E+01  1.2429E+02
0000594   1.4867E+02 -1.5270E+02 -8.6310E+01
0000595   4.2818E+01  1.4604E+02  9.3455E+01
0000596   1.9964E+02  7.3421E+01  1.0377E+02
0000597   6.1015E+01 -8.5245E+00  2.7484E+02
0000598   3.2063E+02  5.9048E+00  4.4210E+01
0000599   1.9732E+02 -1.1200E+02  5.5340E+01
0000600   3.2130E+02 -1.8626E+02  6.4578E+01
0000601   2.6571E+02  9.3650E+01 -4.5922E+01
0000602   3.4759E+02 -1.2372E+02  2.3449E+02
0000603   2.1431E+02  3.4694E+01 -7.8979E+01
0000604   1.4367E+02  3.7849E+01 -1.4083E+01
0000605   1.6502E+02  1.9289E+02 -9.4475E+01
0000606   2.4834E+02 -1.4909E+02  8.6082E+01
0000607   8.5751E+01  1.5697E+02  7.2924E+01
0000608   3.4473E+02  1.0038E+02  1.0333E+02
0000609   2.4379E+02  3.2392E+01  6.1043E+01
0000610   9.7857E+01  2.9459E+01 -3.3093E+01
0000611   3.0447E+02  1.4309E+02  7.4242E+01
0000612   1.1968E+02  1.4004E+02 -4.7688E+00
0000616   3.9341E+02  9.1054E+01 -7.0630E+01
0000617   1.7523E+02 -1.8822E+02  7.9290E+01
0000618   2.3680E+02  2.1043E+01 -1.3713E+02
0000619   1.9167E+02 -1.6372E+02  8.3582E+01
0000620   1.0870E+02  1.6545E+02  2.5437E+00
0000622   2.3275E+02  1.7246E+01  2.2081E+00
0000623   1.2281E+02  1.1575E+02 -1.3436E+02
0000625   4.0206E+02 -6.5256E+01 -2.3098E+02
0000626   3.2287E+02  3.0143E+01  2.0506E+01
0000627   1.4137E+02 -4.6620E+01 -6.6667E+00
0000628   1.6384E+02  1.5097E+02  3.2476E+01
0000629   4.0523E+02 -1.1990E+02 -2.0222E+02
0000630   1.4673E+02  6.6375E+01  6.1254E+01
0000631   3.5437E+02 -7.2864E+01 -1.7051E+00
0000632   1.0546E+02  5.2879E+01 -4.9288E+01
0000633   1.9520E+02  7.5966E+00 -1.2565E+01
0000634   1.7823E+02  1.0020E+01  2.7358E+02
0000635   2.1091E+02  3.5234E+01 -1.3082E+02
0000636   4.6215E+02  4.8477E+01 -4.9772E+00
0000637   1.3546E+02 -2.2926E+02  7.2408E+00
0000638   2.0298E+02  1.1413E+02  7.4577E+01
0000639   1.3872E+02 -5.8979E+01  1.0924E+02
0000640   2.6954E+02  1.2938E+01  5.1232E+00
0000641   2.3060E+02  1.4433E+02  3.2913E+01
0000642   2.1444E+02  1.3877E+01 -2.0813E+02
0000643   8.2891E+01 -4.4369E+01 -1.8592E+02
0000644   1.8180E+02  2.7649E+02 -5.7839E+01
0000645   4.6165E+01 -1.2718E+02 -7.8563E+01
0000646   2.3946E+02 -2.0566E+02  7.6937E+01
0000647   1.0361E+02 -1.0360E+02 -2.7422E+01
0000648   1.9349E+02  5.9007E+01  3.0372E+01
0000649   1.7967E+02 -6.1310E+01  2.1726E+02
0000650   4.5477E+02 -2.8195E+02 -1.0252E+01
0000651   4.7558E+01 -1.4194E+01  7.9980E+01
0000652   3.5878E+02  7.3000E+01  3.1847E+02
0000653   2.1804E+02  8.6779E+01  7.9107E+01
0000654   2.5326E+02  5.8195E+00  4.7574E+01
0000655   2.7775E+02 -2.4868E+02 -1.2453E+02
0000656   2.3266E+02 -2.3080E+02  1.7667E+02
0000657   2.8100E+02 -3.9400E+01  6.7412E+00
0000658   2.2508E+01  1.0272E+01 -1.3721E+02
0000659   1.0697E+02 -1.8261E+02  5.6690E+01
0000661   2.8851E+02 -3.0107E+02  3.5505E+00
0000662   1.5130E+02  6.7003E+01 -7.0155E+01
0000663   2.2957E+02 -7.1053E+01  2.6522E+02
0000664   3.6822E+02  5.0522E+01 -8.3103E+01
0000665   2.8521E+02  1.8641E+02  2.4327E+02
0000666   3.1602E+02 -6.9733E+01  1.1054E+01
0000668   1.5684E+02 -2.8211E+00 -3.5178E+02
0000669   1.3025E+02  1.4487E+02 -1.8877E+02
0000670   1.2061E+02 -1.3102E+01  4.8161E+01
0000671   2.7589E+02 -6.1673E+00  1.7383E+02
0000672   4.0755E+02  5.9966E+00 -4.3238E+00
0000673   2.3976E+02 -1.7294E+02 -1.4246E+02
0000674   2.8401E+02  6.5535E+01 -2.8160E+01
0000675   3.5889E+02 -7.0192E+01 -1.2285E+02
0000676   3.0542E+02  3.9339E+01 -1.0263E+02
0000677   2.3821E+02  6.5767E+01 -4.8747E+01
0000678   1.3876E+02  6.6245E+00  2.6011E+01
0000679   3.8848E+02 -2.5881E+02 -1.7001E+00
0000680   2.0192E+02 -1.4767E+02 -1.0335E+02
0000681   1.6309E+01 -5.1305E+01  4.7803E+01
0000682   2.6806E+02  1.4281E+02 -8.9488E+01
0000683   7.9360E+01  8.7197E+01  4.0154E+01
0000684   1.2366E+02 -4.5364E+01  1.2819E+02
0000685   1.5598E+02 -1.2770E+02  2.9196E+00
0000686   1.0985E+02 -1.6465E+02 -6.0603E+01
0000687   3.0144E+02  1.8471E+00  4.7603E+01
0000688   1.4810E+02  1.6466E+01  4.4940E+01
0000689   3.4043E+02 -9.5273E+00 -5.8021E+01
0000690   1.9345E+02  4.7550E+00 -2.2764E+01
0000691   3.4057E+02  2.2035E+02  4.2773E+01
0000692   3.0540E+02  4.5060E+01  4.5633E+01
0000693   2.1394E+02  1.3849E+02  4.2848E+01
0000694   9.2127E+00 -1.5777E+02 -1.8479E+02
0000695   2.2028E+02 -1.3197E+01 -2.0667E+02
0000696   1.0259E+02  6.4629E+00 -1.3557E+01
0000697   5.2161E+01  7.8881E+01 -1.2997E+02
0000698   1.7968E+02 -1.6832E+02 -7.8190E+01
0000699   2.5823E+02 -8.5146E+01 -1.2354E+02
0000700   1.9537E+02  1.2195E+02 -1.2370E+02
0000701   2.1267E+02 -9.2154E+01 -2.0816E+02
0000702   5.4426E+01 -2.7336E+02 -6.7276E+01
0000704   2.2414E+02 -1.8974E+01  2.7730E+02
0000705   2.2901E+02  1.0042E+02  1.1711E+02
0000706   1.4776E+02  1.9256E+02  1.2751E+02
0000708   1.3663E+02  1.3571E+02 -5.4752E+01
0000709   7.7015E+01  1.3172E+02  1.9667E+02
0000710   1.0986E+02  1.7906E+02  4.3712E+01
0000711   1.3103E+02  4.5395E+01 -2.4269E+01
0000712   2.3934E+02  1.1583E+02 -7.3395E+01
0000713   2.4857E+02  4.5460E+01 -3.5347E+01
0000714   2.9345E+02 -3.6135E+00  1.9282E+02
0000715   1.7840E+02 -1.9366E+02 -2.4712E+02
0000716   1.3016E+02  1.0431E+02  4.0598E-01
0000718   3.3616E+02 -1.8754E+01  4.0730E+00
0000719   2.8969E+02  1.7434E+01  1.7940E+02
0000720   1.4319E+02  4.7893E+01 -1.3778E+02
0000721   1.3609E+02 -1.2880E+02 -9.6314E+01
0000722   6.5059E+01 -3.1158E+02  6.4148E+01
0000723   2.0310E+02  2.8162E+01 -2.1005E+02
0000724   2.2758E+02 -2.8493E+01 -2.1250E+01
0000725   2.0214E+02  1.6206E+02 -5.5154E+01
0000726   5.5197E+01  9.8980E+01  1.4246E+01
0000727   2.5369E+02 -2.6313E+00  5.3765E+01
0000728   2.1599E+02 -1.2299E+01  1.7560E+02
0000729   7.9917E+01  1.1652E+02  1.7604E+02
0000730   2.4509E+02  1.3604E+02  4.3184E+01
0000732   2.8381E+02  1.2849E+02 -2.1782E+02
0000733   2.0381E+02  8.7161E+01 -1.8191E+02
0000734   3.4372E+02  9.6835E+01  1.2696E+02
0000735   1.0212E+02 -3.5310E+01 -3.8513E+01
0000736   1.4019E+01  1.9180E+01 -1.5549E+02
0000737   1.8472E+02  1.9899E+02  3.1159E+02
0000738   4.7304E+02 -1.6995E+02 -9.9940E+01
0000739   9.3475E+01 -8.6692E+01  1.7910E+02
0000740   3.5124E+02  8.7075E+01 -1.2409E+02
0000741   3.1009E+02 -2.8583E+02 -1.9502E+01
0000742   2.6188E+02  3.5835E+00 -2.4461E+01
0000743   6.9404E+01  5.0914E+01 -3.4796E+01
0000744   2.6089E+01 -6.2048E+01 -3.3590E+01
0000745   3.1748E+02 -2.5244E+01 -2.4873E+02
0000746   1.8031E+02 -1.6893E+02  2.0400E+02
0000747   2.7494E+02  2.6953E+00  1.3540E+02
0000748   8.5123E+01 -1.9262E+02 -5.6117E+01
0000749   2.2146E+02 -2.2501E+02 -2.9630E+01
0000750   5.1285E+01 -5.0899E+01  1.2128E+02
0000751   2.3368E+01  1.7942E+01 -1.3162E+02
0000752   2.0510E+02 -1.5046E+02 -1.3204E+02
0000753   1.2085E+02 -2.0051E+01  2.4648E+01
0000754   2.0537E+02  2.7543E+01  5.5292E+01
0000755   2.5448E+02 -7.8052E+01 -2.3326E+02
0000756   3.1435E+02 -1.9154E+01  1.8583E+02
0000757   3.1284E+02  4.3920E+01  9.5868E+01
0000758   2.4709E+02  7.7668E+01 -7.4788E+01
0000759   1.4441E+01 -2.3987E+02 -4.3109E+01
0000761   2.9780E+02  2.4778E+02 -1.5757E+02
0000762   3.6418E+02 -1.4653E+02 -1.8343E+02
0000763   2.1652E+02 -1.5688E+02 -2.7669E+02
0000764   3.3772E+02  2.1383E+02  4.4052E+01
0000765   1.1481E+02  9.5757E+00  5.8185E+01
0000766   5.8984E+01  1.0033E+02 -3.8181E+00
0000767   2.4107E+02  2.3896E+02  1.3841E+02
0000768   3.9276E+02 -1.1486E+01 -1.3296E+02
0000769   2.1942E+02  2.9479E+01  7.1799E+01
0000770   1.1278E+02 -6.8217E+01  2.1957E+02
0000771   1.6100E+02  2.6907E+01 -6.2465E+01
0000772   1.1809E+02  2.7774E+01 -1.1736E+01
0000773   2.8823E+01 -5.3445E+01 -1.4171E+02
0000774   9.4562E+01 -2.9095E+01 -7.9282E+00
0000775   1.0631E+02  9.2479E+01  9.5567E+01
0000776   2.6894E+02  2.0084E+01 -1.0555E+00
0000777   5.3366E+02 -2.8369E+02  7.3777E+01
0000778   1.1403E+02 -5.6546E+01 -5.8809E+01
0000779   7.7797E+01  4.9058E+01 -1.3731E+02
0000780   2.4639E+02 -6.4629E+01  6.2063E+01
0000781   2.2767E+02 -4.2164E+01  2.1863E+01
0000782   3.2264E+02  4.4361E+01 -1.0026E+02
0000783   1.7007E+02  4.5842E+00  1.7891E+02
0000784   4.3735E+01  2.1893E+02  4.5302E+01
0000785   2.4877E+02  8.2748E+01  1.5649E+02
0000786   1.4020E+02 -1.6633E+01  8.4737E+01
0000788   3.1881E+02 -1.3961E+01  3.8021E+01
0000789   7.6575E+01  2.3717E+01 -4.4974E+01
0000790   2.0914E+02  7.5663E+01 -1.5419E+02
0000791   3.2026E+02  4.5301E+01  5.1100E+01
0000792   1.2969E+02 -6.0948E+00 -9.1310E+01
0000793   2.6684E+02  3.5968E+02  3.7670E+01
0000794   1.3028E+02  5.4109E+01  1.1557E+02
0000795   1.9075E+01 -6.7374E+01 -1.0805E+02
0000796   2.5683E+01  1.2301E+02  1.8511E+02
0000798   2.1390E+02 -9.5508E+01  1.3913E+02
0000799   2.8773E+02  2.2918E+01  1.4868E+02
0000800   1.2099E+02  1.5284E+02  2.3815E+01
0000801   2.4873E+02 -1.1152E+01  1.5181E+02
0000802   2.8599E+02  1.2631E+02 -5.2289E+01
0000803   3.7789E+02 -1.1110E+02 -1.3071E+02
0000804   2.0996E+02 -9.7818E-01 -6.2618E+01
0000805   3.0316E+02 -6.3273E+01 -1.7580E+02
0000806   2.1528E+02  1.1010E+02  2.7642E+01
0000807   6.4781E+01 -1.4478E+02  1.3836E+02
0000808   1.1818E+02 -1.8235E+01 -7.8963E+00
0000809   1.3861E+02  1.9088E+01  1.6062E+02
0000810   1.3790E+02 -6.6568E+01  2.9657E+01
0000811   6.1823E+01 -1.1035E+01  1.3488E+02
0000812   2.5906E+02 -6.8009E+01  3.3144E+01
0000813   3.2896E+02 -5.7876E+01  8.6690E+01
0000814   2.3279E+02 -1.3827E+02  2.7009E+02
0000815   1.2522E+02  9.4677E+01 -1.2064E+02
0000816   1.0530E+02 -6.5263E+01 -2.4237E+01
0000817   3.0435E+02  7.7775E+01 -1.3119E+02
0000818   1.3645E+02  7.9121E+01  1.0191E+02
0000819   2.8216E+02 -1.7966E+01  6.9914E+01
0000820   2.1254E+02 -1.7411E+02 -1.8562E+01
0000821   9.0267E+01 -2.0724E+02  2.2162E+02
0000822   3.0362E+02 -1.2405E+00 -4.0116E+00
0000823   2.1805E+02  1.2646E+02 -2.3637E+02
0000824   3.3919E+02  2.9383E+01 -1.0022E+02
0000825   2.8769E+02  1.2995E+02  9.6326E+01
0000826   4.6134E+01  2.6143E+02 -5.5767E+00
0000827   2.8805E+02 -6.1138E+01 -1.8801E+02
0000828   3.5594E+02  1.3883E+02  1.3007E+02
0000830   1.4613E+02  7.3180E+01  1.4690E+02
0000831   4.9965E+02 -1.9594E+02 -1.9417E+02
0000832   1.3033E+02 -1.2208E+02  1.6550E+02
0000833   6.8995E+01 -3.1239E+01 -1.2715E+01
0000834   2.2022E+02  5.2503E+01  3.1380E+01
0000836   1.8486E+02  4.7525E+00  1.0111E+02
0000837   2.6440E+02  4.6295E+01 -4.5098E+00
0000838   2.5414E+02  2.5279E+02 -1.3966E+02
0000839   2.3372E+02 -3.2131E+01  9.7838E+00
0000840   2.2651E+02 -8.2877E+01  1.0538E+01
0000841   1.7604E+02 -5.0713E+01  8.0681E+01
0000842   1.3293E+02  1.8391E+01  1.9385E+02
0000843   1.7542E+02  1.7916E+01  5.4215E+01
0000844   4.0630E+02  1.2987E+02  1.2618E+02
0000845   4.0987E+02 -5.9612E+01  8.1051E+00
0000846   1.7478E+02  1.6841E+02 -6.2650E+01
0000847   9.7995E+01 -6.1543E+01 -1.0218E+02
0000848   2.8135E+02 -1.1933E+02  8.8554E+01
0000849   2.3840E+02  1.3097E+01 -2.2511E+01
0000850   1.4435E+02 -1.4584E+02 -3.2614E+01
0000851   1.7376E+02 -6.8230E+01 -1.2507E+02
0000852   3.2002E+02  6.2931E+01  1.0019E+02
0000853   1.4448E+02  1.3672E+02  1.8863E+02
0000854   1.8918E+02  7.2032E+01  1.4987E+02
0000855   3.7361E+02  1.6709E+02  9.0979E+01
0000856   2.5170E+02 -1.0456E+02  3.6414E+02
0000857   1.4025E+02  3.3420E+01  7.7265E+00
0000858   3.5224E+02 -5.6166E+01  1.8894E+02
0000859   4.2569E+02  2.3214E+02  2.0285E+01
0000860   1.9100E+02  1.3047E+01  3.1870E+01
0000861   4.2680E+02  2.3483E+01  1.1283E+01
0000862   3.1734E+01  8.4767E+00 -5.2529E+00
0000863   1.6282E+02  4.3809E+01  2.4804E+02
0000865   2.2366E+01  1.7181E+02 -5.6886E+01
0000866   1.1487E+02  6.4023E+01 -6.1472E+01
0000867   8.5860E+00  1.3664E+02  2.0224E+02
0000868   2.3928E+02  3.8800E+01 -2.0746E+01
0000870   5.8082E+02 -9.4897E+01 -1.4055E+02
0000871   1.6201E+02 -1.6690E+02  1.2794E+02
0000872   2.1736E+02 -7.9809E+01 -4.0141E+01
0000873   2.0738E+02  7.0423E+01  1.8339E+02
0000874   2.0657E+02 -1.9356E+02 -2.7831E+01
0000875   4.4443E+01 -2.5791E+02  5.4711E+01
0000876   5.0272E+01  6.6818E+00  1.7913E+02
0000877   3.9129E+02  2.1831E+02  9.2214E+01
0000878   2.0122E+02 -8.3613E+01 -6.0335E-01
0000879   1.7692E+02 -9.9085E+01 -4.4166E+01
0000880   2.3747E+02 -1.0331E+02 -5.2004E+01
0000881   3.4278E+02 -9.6682E+01  2.7311E+02
0000883   3.5958E+02 -1.4609E+00  7.2006E+01
0000884   1.1806E+02 -4.2107E+01 -1.7193E+02
0000885   6.8078E+01 -8.1243E+01  7.3132E+01
0000886   1.4797E+02 -1.8831E+02  2.5058E+00
0000887   2.8801E+02  1.3747E+02  2.1787E+02
0000888   1.7451E+02 -7.9288E+01  1.3143E+02
0000889   2.1375E+02  1.7066E+02 -4.0174E+01
0000890   2.2637E+02  1.9187E+01 -1.0490E+02
0000891   1.5681E+02 -1.0278E+02 -2.1350E+02
0000892   2.7295E+02  8.2869E+00  1.0559E+02
0000893   2.9169E+02  5.7469E+01  5.2133E+01
0000894   8.2637E+01  1.3786E+01 -3.2474E+01
0000895   2.6677E+02 -9.3700E+01 -9.9503E+01
0000896   2.7525E+02  3.4998E+00 -6.8384E+01
0000897   2.5269E+02 -1.9466E+02  1.1290E+02
0000898   2.6859E+02  1.0286E+02 -6.6478E+01
0000899   1.5553E+01  7.3346E+01 -7.6024E+01
0000900   3.2576E+02 -1.7978E+02 -1.2372E+02
0000901   1.3780E+02 -1.2267E+02 -5.2765E+01
0000902   4.7950E+02  1.9128E+00  6.5732E+01
0000903   2.3081E+02 -9.5120E+01 -1.6779E+02
0000904   1.4296E+02  8.3579E+01 -1.3630E+02
0000905   1.0009E+02 -3.4220E+01 -6.4010E+00
0000906   1.6660E+02  2.9710E+02 -1.0266E+02
0000907   2.7085E+02 -1.1067E+02 -5.7254E+01
0000908   9.0277E+01 -8.2572E+01  1.1701E+02
0000909   2.6601E+02 -5.3873E+01  1.1498E+01
0000910   5.2847E+02 -6.6181E+01 -6.5545E+01
0000911   1.6072E+02  7.0310E+01 -2.9604E+01
0000912   2.9961E+02  1.6755E+02  1.9348E+02
0000913   3.2543E+02 -2.0221E+02  8.6194E+00
0000914   3.1619E+02 -1.0601E+02 -4.9665E+01
0000915   1.7506E+02  2.1083E+02 -6.6413E+01
0000916   4.8530E+01 -1.1330E+02 -1.8645E+02
0000917   7.9383E+01 -2.2818E+02 -8.9338E+01
0000918   3.0248E+02  1.0750E+02  4.2169E+01
0000919   4.0612E+02 -5.1692E+01 -9.7607E+01
0000920   1.7015E+02  6.6358E+01  2.3399E+02
0000921   4.1122E+02 -1.0274E+02  1.6413E+02
0000922   2.3784E+02 -8.6205E+01  1.0902E+02
0000923   2.8883E+01 -1.3416E+02  1.4362E+02
0000924   2.7207E+02 -1.7474E+02 -5.2339E+01
0000925   9.5475E+01 -1.0382E+01  1.1976E+02
0000926   4.3947E+02 -7.6242E+01  2.0364E+02
0000927   1.7028E+02  7.4651E+01  1.4303E+02
0000928   2.9910E+02  1.6963E+02 -1.0866E+02
0000929   2.7321E+02 -1.6615E+01  4.3700E+01
0000930   7.1166E+01 -2.0811E+01  2.0176E+01
0000932   2.9319E+02  5.4363E+01 -4.4395E+01
0000933   4.9592E+02 -2.1124E+02  7.5935E+00
0000934   1.9334E+02  1.1870E+01 -6.7012E+01
0000935   3.4951E+02  2.1255E+01 -1.1766E+02
0000936   3.0750E+02  4.7419E+00  5.4262E+01
0000937   3.6015E+02  9.8603E+00  3.7768E+01
0000938   3.9328E+02 -2.6005E+01 -2.9592E+02
0000939   3.4902E+02 -3.6551E+01  1.3162E+02
0000940   1.4730E+02 -1.0035E+00  6.0520E+01
0000941   2.4911E+02  9.0649E+00  1.6087E+02
0000942   2.7659E+02 -2.2493E+00  3.0709E+01
0000943   1.8023E+02 -4.9565E+01  1.8013E+02
0000944   2.3203E+02 -1.3751E+02  4.1057E+01
0000945   1.5290E+02 -1.0467E+00  3.0668E+01
0000946   1.3322E+02  4.6198E+01 -1.4334E+02
0000947   2.0232E+02  1.1893E+02 -1.0331E+02
0000948   2.8185E+02 -2.5724E+02 -5.0012E+01
0000949   2.2583E+02 -1.1308E+02  2.7637E+01
0000950   1.0954E+02  2.4772E+01 -1.1890E+02
0000951   1.4666E+02  3.4159E+01 -5.2394E+00
0000952   1.6261E+02 -4.6510E+01 -1.0186E+02
0000953   2.3645E+02 -8.4223E+01  5.0746E+01
0000954   2.5488E+01  1.9965E+02 -1.3405E+02
0000955   3.5643E+02  6.1193E+00  1.1900E+02
0000956   3.3457E+02 -8.1587E+01  3.7702E+01
0000957   1.0793E+02 -1.0807E+01  2.7774E+01
0000958   1.4021E+02 -4.8026E+01 -9.3936E+01
0000959   6.4655E+01 -1.7719E+02  9.3131E+01
0000961   5.6891E+01 -3.4785E+01  3.1073E+02
0000962   5.3392E+01  4.1794E+01 -1.3162E+02
0000963   3.4616E+02  1.5746E+02  1.6903E+02
0000964   1.8690E+02  7.0605E+01  7.2372E+01
0000965   3.1953E+02 -1.8261E+02  7.1890E+01
0000966   1.8111E+01 -3.4193E+01 -2.0752E+01
0000967   2.0838E+02 -1.1404E+02  5.9670E+01
0000968   1.5209E+02 -2.6218E+01 -3.5391E+01
0000969   2.3776E+02  3.8931E+01 -6.7018E+01
0000970   3.4500E+01  1.6597E+01 -8.2301E+01
0000971   1.9167E+02  1.5866E+02 -1.4412E+02
0000973   1.2014E+02  3.1433E+01  9.6865E+01
0000974   1.1787E+02 -1.3755E+02  8.1475E+01
0000975   3.2846E+02 -1.5617E+01  2.8545E+02
0000976   1.3648E+02 -1.3610E+02 -1.0665E+02
0000977   2.1500E+02 -3.6661E+01 -5.3457E+01
0000978   1.1787E+02  1.8372E+02  1.0651E+02
0000979   2.7913E+02  7.2584E+01  1.6386E+02
0000980   2.0810E+02  2.5803E+02 -8.7860E+01
0000981   5.2708E+01  3.2216E+01  2.6652E+01
0000982   1.1884E+02  2.1052E+02 -6.9374E+01
0000983   2.6660E+02  7.2591E+01  1.2694E+02
0000984   4.5506E+01  1.3938E+02 -1.3320E+02
0000985   3.4412E+02 -2.7525E+02 -1.3938E+01
0000986   1.8757E+02 -2.8831E+01 -3.2335E+01
0000987   1.8692E+02  1.5409E+02 -3.3364E+01
0000988   1.8181E+02 -4.6705E+01  1.7834E+02
0000989   2.0309E+02  1.4056E+02  1.6261E+02
0000990   2.1235E+02 -1.0840E+02 -2.3155E+02
0000991   7.9132E+01 -2.4894E+02 -1.9866E+00
0000992   2.1764E+02  1.9753E+02  8.0041E+01
0000993   1.4109E+02  1.3673E+02 -7.3426E+01
0000994   2.4438E+02  3.3325E+01  2.5501E+02
0000995   2.3658E+02 -1.0428E+02 -4.9901E+01
0000996   2.1706E+02  1.8296E+02  2.1681E+02
0000997   2.7738E+02 -2.4484E+02  9.0332E+01
0000998   2.8918E+02  1.4303E+01  9.6585E+01
0000999   5.7487E+01 -4.6943E+01  5.9968E+01
0001000   1.2494E+02  1.0064E+02  3.8506E+01
