============================== SRIM-2013.00 ==============================
==============================================================================
====== SRIM Outputs\RANGE_3D.txt : File of Final Ion Positions =====

Ion =  F (09)   Ion Mass= 018.9984
Energy  = 2000000.E-05 keV
Ion Angle to Surface = 00.0 degrees
==================== TARGET =======================
  Layer # 1 - None
  Layer # 1 - Bottom Depth=500000.E-01 A
  Layer # 1 - Density =0007.8700 g/cm3
  Layer # 1 -  100 % of Fe
様様様様様様様様様様様様様様様様様様様様様様様様様様
                                            
Ion       Depth  X   Lateral Y   Lateral Z  
Number    (Angstrom) (Angstrom)  (Angstrom) 
-------  ----------- ----------- -----------
0000001   1.7787E+02 -1.2342E+00 -9.6151E+01
0000002   1.8827E+02  9.0726E+01 -1.5837E+01
0000003   1.4010E+02 -7.3732E+01  1.8071E+02
0000004   1.9008E+02 -4.9883E+01  2.9380E+01
0000005   9.9135E+01  7.7343E+01  7.1372E+01
0000006   2.1936E+02 -7.9059E+01  1.1905E+02
0000007   6.4426E+01 -7.7636E+01  4.7832E+01
0000008   8.5321E+01  4.9359E+01 -2.5291E+02
0000009   5.1430E+01  4.1632E+01 -1.2933E+02
0000010   2.4403E+02  8.6279E+01  6.9568E+01
0000011   8.2983E+01  3.3479E+01  5.9096E+01
0000012   1.5530E+02  7.0047E+01  9.4362E+00
0000014   1.3756E+02 -1.0782E+01  8.7387E-02
0000015   3.2229E+01 -3.9844E-01  1.4426E+02
0000016   1.4359E+02  1.2769E+02 -8.4037E+01
0000017   2.3130E+02  4.3618E+01 -1.7811E+01
0000018   3.3285E+02 -1.1607E+01  3.7876E+01
0000019   2.7328E+02  1.2836E+02 -4.0614E+01
0000020   2.8505E+01  8.0170E+01  6.1692E+01
0000021   2.9155E+02 -1.3828E+01  1.8828E+02
0000022   2.8421E+02 -2.0534E+02 -2.3019E+02
0000024   2.6833E+02  1.5524E+01 -8.0756E+01
0000026   3.9857E+02  9.4142E+01  4.1526E+01
0000027   2.4194E+02 -4.5400E+01  1.0598E+02
0000029   4.0459E+02  2.0873E+02 -9.7052E+01
0000030   5.1074E+01 -1.3233E+02 -4.7153E+01
0000031   3.2926E+02 -1.4256E+02  1.5679E+02
0000032   3.8825E+02 -7.5470E+01  1.5738E+02
0000033   1.5919E+02  1.4696E+02  7.7996E+01
0000034   2.2888E+02 -6.4059E+01 -2.0039E+02
0000035   2.5744E+02 -5.0143E+00  1.8725E+02
0000036   5.1347E+02 -1.2299E+02  6.4705E+01
0000037   7.5179E+01  4.4793E+01 -1.7383E+00
0000038   2.4322E+02 -1.0968E+02  5.3250E+00
0000039   1.9535E+02 -6.0202E+01  1.5849E+02
0000040   6.2219E+02 -7.2364E+01  4.0404E+01
0000041   2.5343E+02 -8.4409E+01 -1.2360E+02
0000042   4.6546E+01  1.7480E+02 -4.2700E+01
0000043   1.2293E+02 -1.7259E+02  1.0044E+02
0000044   4.5655E+02  9.7881E+01 -1.4727E+02
0000045   7.0795E+01 -4.9840E+00 -1.5435E+01
0000047   1.5877E+02  1.5465E+02 -1.0773E+01
0000048   4.5938E+02 -4.1286E+01 -1.8088E+02
0000049   2.5044E+02 -8.7733E+01  5.1940E+01
0000050   2.5072E+02  1.7322E+02 -4.8880E+01
0000051   2.2256E+02  9.1659E+01 -1.8028E+02
0000052   2.3366E+02  9.4365E+00 -5.3623E+01
0000053   1.6166E+02 -3.5364E+01 -1.5173E+02
0000054   4.1861E+02 -2.3163E+01  1.9008E+02
0000055   8.0002E+01 -1.2009E+02  4.9560E+01
0000056   2.0096E+02 -6.1838E+01 -7.1579E+00
0000057   1.6150E+02 -2.3153E+01  1.6907E+02
0000058   1.8770E+01 -7.2255E+00  4.0659E-01
0000060   2.8664E+02 -1.2910E+02 -4.3703E+01
0000061   2.5431E+02  1.1353E+01  1.1680E+02
0000062   2.8821E+02 -3.8001E+01  1.4222E+01
0000063   1.1168E+02 -8.5724E+01 -1.5462E+02
0000064   1.7334E+02  5.3036E+00  9.8645E+01
0000065   1.4656E+02  2.9750E+01 -3.0231E+01
0000066   6.0826E+01  2.4835E+01 -5.1622E+01
0000067   1.9999E+01  1.6527E+02 -1.8059E+02
0000068   1.7455E+02  1.1863E+02 -2.3432E+01
0000069   2.9283E+02 -3.6992E+02  1.7436E+02
0000070   2.1044E+02 -1.9887E+02 -7.5579E+01
0000071   3.2486E+02  2.1589E+02 -2.2698E+02
0000072   1.7672E+02 -1.3242E+02  6.4073E+01
0000074   2.6260E+02 -7.2596E+01  2.4082E-01
0000075   1.7636E+02 -3.6747E+01 -4.7505E+01
0000076   2.9439E+02  7.7052E+01 -1.0408E+01
0000077   4.0276E+02  1.5402E+02 -3.2614E+01
0000078   2.3286E+02  8.1125E+01  8.9962E+01
0000079   1.0826E+02  1.6143E+02 -3.5725E+02
0000080   2.0148E+02 -1.0227E+01  2.4411E+01
0000081   4.2547E+02  2.2128E+02  3.1274E+02
0000082   4.4119E+02 -1.7784E+02  1.1541E+02
0000083   1.3612E+02  5.8718E+01 -1.6617E+02
0000084   1.8204E+02  5.2325E+01  2.4399E+01
0000085   4.5825E+02  3.4350E+01  5.7488E+01
0000086   8.8661E+01  9.6221E+01 -2.1742E+02
0000087   4.8620E+01 -7.7925E+01 -1.5719E+02
0000088   9.2283E+01 -1.1654E+01  4.2028E+01
0000089   1.5491E+02 -9.6923E+01 -9.6510E+01
0000090   5.5209E+02 -1.2683E+02  3.2183E+02
0000091   3.2547E+01 -4.4563E+01  3.3063E+01
0000092   1.7200E+02 -2.3925E+02  6.2557E+01
0000093   3.3052E+01 -1.7838E+02  2.7871E+01
0000094   4.9909E+02 -2.2676E+00 -1.2789E+02
0000095   2.6213E+02 -3.1752E+02 -3.9658E+01
0000096   2.9486E+02 -6.6805E+01 -1.7059E+02
0000097   4.1333E+02  1.2494E+02  2.7965E+01
0000098   1.5800E+02 -3.8176E+01 -3.5947E+01
0000099   4.3182E+02  5.4046E+01  8.7818E+01
0000100   3.0895E+02 -1.8761E+02  7.0640E+01
0000101   3.5075E+02  4.8701E+01  1.1202E+02
0000102   1.1411E+02  3.1546E+02  3.2565E+02
0000103   3.6694E+02  7.9959E+01  1.4084E+02
0000104   2.0389E+02 -7.2976E+01 -1.8107E+02
0000105   3.1367E+02  3.0565E+02 -1.9505E+01
0000106   8.2009E+01 -1.9099E+01 -9.3633E+01
0000108   2.8197E+02  2.7977E+01  4.6750E+01
0000109   2.1707E+02  8.0071E+01  4.0715E+01
0000110   2.1374E+02  1.2920E+02 -2.3394E+01
0000111   1.2293E+02  2.2536E+02  4.3281E+00
0000112   2.2162E+02 -1.7243E+02  1.7510E+02
0000113   1.8259E+02 -7.5316E+01 -8.6490E+01
0000114   1.6192E+02  1.3940E-01 -8.3701E+01
0000116   3.0176E+02  1.6272E+02  4.8700E+01
0000117   2.6306E+02  1.2884E+02  1.2714E+02
0000118   2.7522E+02  7.7919E+01 -2.5109E+01
0000119   1.5048E+02  6.7239E+01  1.9483E+02
0000120   1.1452E+02  2.0355E+01  2.0609E+01
0000121   1.1718E+02 -7.8811E+01 -2.8955E+01
0000122   1.1972E+02  6.1258E+00  9.8127E+01
0000123   3.7123E+02 -3.8449E+01  9.2736E+01
0000124   2.1036E+02  5.7237E+01  3.6531E+01
0000125   4.1878E+02  1.1797E+02 -4.9164E+01
0000126   2.8197E+02  4.2236E+01  5.0916E+01
0000127   3.8626E+02 -2.0221E+01  5.4740E+01
0000128   3.3156E+02  6.6150E+01 -1.9890E+02
0000129   1.4942E+02  1.1276E+02 -1.1195E+02
0000130   3.4851E+02 -9.9737E+01 -2.1052E+01
0000131   2.2163E+02  1.3132E+02 -9.5020E+01
0000132   2.3424E+02  2.1702E+01  1.9777E+01
0000133   1.6912E+02  9.9760E+01  1.7120E+02
0000134   4.1053E+02 -7.7890E+01  3.9381E+01
0000136   2.7476E+02  1.2026E+02 -1.1581E+02
0000137   4.8581E+02  1.9409E+02  1.0694E+02
0000139   3.4828E+02 -2.5703E+02 -1.5525E+02
0000140   1.7037E+02  5.1669E+01 -4.4306E+01
0000141   8.9879E+01  7.3230E+01 -2.6050E+02
0000142   2.3240E+02  3.1376E+01 -2.9168E+01
0000143   1.6883E+02  1.5897E+02  1.3188E+01
0000144   1.7680E+02 -1.2107E+02  9.7097E+01
0000145   2.2733E+02 -1.6658E+02  1.7440E+02
0000146   6.5989E+01  9.8249E+01 -9.8759E+01
0000147   2.1586E+02 -2.9710E+02 -1.0860E+02
0000148   7.8979E+01 -1.3368E+02 -2.6823E+01
0000149   3.6787E+02 -9.7419E+00  4.8510E+01
0000150   5.5197E+01 -1.9900E+02  1.7007E+02
0000151   1.5300E+02  1.6858E+02 -6.5375E+01
0000152   9.0738E+01  5.9069E+01  1.1887E+02
0000153   2.4026E+02  2.4628E+02  1.9501E+01
0000154   1.5822E+02 -1.0116E+02  8.2464E+00
0000155   1.6042E+02  1.4668E+01 -7.8516E+01
0000156   2.5906E+02  1.8093E+02 -6.0350E+00
0000157   9.6908E+01  6.9881E+01 -5.2877E+01
0000158   1.7169E+02 -2.3206E+02  6.6405E+01
0000159   1.5871E+02  8.5081E+01 -1.8850E+01
0000160   2.4208E+02 -2.5753E+01 -4.6595E+01
0000161   1.9157E+02  1.0070E+02 -1.0495E+02
0000162   3.3318E+02  1.9286E+02 -1.1409E+02
0000163   2.8013E+02  1.2050E+02  1.8056E+02
0000164   1.7700E+02 -1.4980E+02  7.9627E+01
0000165   6.1860E+01  1.2360E+00  4.4164E+01
0000166   2.8036E+01  4.2893E+01 -1.6877E+02
0000167   1.7815E+02 -2.2555E+02 -2.0556E+02
0000168   2.3350E+02 -1.3755E+00 -1.8684E+02
0000169   1.3577E+02  5.8390E+01  9.3163E+01
0000170   4.1954E+01  3.0427E+01 -8.8346E+01
0000171   1.2046E+02  2.8550E+02  1.0860E+02
0000172   3.2159E+02  9.9755E+01 -1.8478E+02
0000173   3.1993E+02  1.6065E+02  6.4909E+01
0000174   3.2414E+02 -2.8674E+02 -1.4908E+01
0000175   2.2444E+02  5.9178E+01 -1.3768E+02
0000176   1.6561E+02  2.0667E+02 -1.0017E+02
0000177   2.2641E+02  8.2936E+00  4.9278E+01
0000178   1.4274E+02  2.0899E+02 -5.4967E+00
0000179   1.1328E+02  2.8926E+02  1.3121E+02
0000180   5.6313E+01 -1.7088E+02  1.8403E+02
0000181   3.2692E+02 -1.8106E-01  1.2539E+02
0000182   6.3625E+01  1.0242E+02  1.9035E+02
0000183   2.7561E+02 -5.6160E+00 -5.7675E+01
0000184   4.7174E+02  1.8833E+02 -7.5278E+01
0000185   2.1755E+02  1.9706E+02  4.9532E+01
0000186   1.3705E+02  5.6692E+01 -1.4485E+02
0000187   2.4448E+02  2.5505E+02  1.6977E+02
0000188   1.5602E+02 -2.3517E+01 -1.3266E+02
0000189   1.1426E+02 -2.3738E+02  1.2177E+02
0000190   1.2575E+02  1.7319E+02 -9.2476E+01
0000191   2.9332E+02  4.4010E+01 -3.0836E+02
0000192   1.2822E+02  1.1150E+02  6.7414E+00
0000193   2.7722E+02  7.8570E+00  5.4063E+01
0000194   4.3734E+02 -9.5486E+00 -1.9373E+02
0000195   6.0877E+01  1.0377E+02  1.2771E+02
0000196   2.9819E+02 -6.6377E+01 -1.9563E+02
0000197   3.5446E+02 -1.3689E+02 -3.7244E+00
0000198   2.4951E+02 -1.1512E+02  4.8318E+01
0000199   8.4588E+01  8.6637E+00  1.8358E+01
0000200   1.7671E+02  1.4829E+02 -1.1966E+02
0000201   2.1466E+01  1.1906E+02 -4.0489E+00
0000202   1.0590E+02 -1.1278E+02 -5.8972E+00
0000203   6.4547E+02  1.2636E+02  2.4208E+02
0000204   1.0589E+02 -3.4987E+01  5.8012E+00
0000205   1.9437E+02 -8.4681E+01  1.6675E+02
0000206   2.8733E+02  1.9187E+02 -1.5264E+02
0000208   5.9891E+01  1.4120E+02  1.1315E+01
0000209   4.4566E+01 -7.8206E+01  1.2937E+02
0000210   1.9896E+02  3.8301E+01 -9.5490E+01
0000211   3.2291E+02 -1.3910E+02  1.7011E+02
0000212   1.2844E+02  8.5133E+00  2.1147E+02
0000213   3.2445E+02  9.2332E+01 -1.6645E+01
0000214   1.2374E+02  1.5021E+01 -1.0122E+02
0000215   4.0966E+01 -9.4135E+00 -9.4619E+01
0000216   3.5396E+02  1.7856E+02 -1.7076E+02
0000217   3.7218E+02  7.0663E+01  1.2348E+02
0000218   2.0709E+02  3.0225E+02 -5.5338E+01
0000219   3.2682E+02 -4.2888E+01 -8.3379E+01
0000220   1.4158E+02 -6.1532E+01 -1.2190E+02
0000221   7.6106E+00  3.0680E+00  2.9381E+01
0000222   1.0776E+02  3.1032E+01 -2.6761E+01
0000223   6.3818E+01 -1.4574E+02  1.0103E+01
0000224   2.3949E+02 -8.2661E+01 -1.2627E+02
0000225   2.2554E+02  3.9019E+00  4.1035E+01
0000226   2.7109E+02 -5.6412E+01 -5.2746E+01
0000227   2.3955E+02  2.1435E+02 -2.7798E+02
0000228   3.2374E+02 -2.3102E+00  1.2033E+02
0000229   3.1543E+02  1.4129E+01 -1.2005E+02
0000230   1.3773E+02 -7.2135E+01 -6.0316E+01
0000231   1.5409E+02 -3.2948E+01 -6.6168E+01
0000232   1.4914E+02  1.3712E+02 -1.0417E+02
0000233   3.2028E+02  1.1259E+02  1.2661E+02
0000234   3.0080E+02 -6.6123E+01  1.4639E+02
0000235   1.3452E+02 -1.7072E+02 -4.5577E+01
0000236   2.5534E+02  3.8620E+01  1.2416E+02
0000237   2.8232E+02 -1.7105E+02  2.0369E+01
0000238   3.0346E+02 -1.3476E+02  1.3602E+02
0000239   1.7305E+02 -6.7723E+00 -4.9209E+01
0000240   4.4971E+01  1.3031E+01  5.2033E+01
0000241   4.0811E+01  1.2361E+02 -1.8656E+01
0000242   3.3960E+02  6.0261E+01  5.6095E+01
0000243   2.2162E+02  4.4486E+01 -3.7489E+01
0000244   2.5794E+02  6.9236E+01  2.1220E+01
0000245   1.1501E+02 -7.8217E+01 -1.1831E+01
0000246   1.4867E+02  8.9629E+01 -3.3809E+02
0000247   2.7423E+02 -1.8963E+01 -1.6296E+01
0000248   5.8283E+01 -5.6544E+00 -2.4504E+02
0000249   1.9767E+01 -1.1740E+02 -1.5576E+01
0000250   1.7396E+02  8.3906E+01  5.1112E+01
0000251   4.3887E+01 -6.2030E+01 -3.6320E+00
0000252   9.1216E+01  5.3761E+01  6.5195E+01
0000253   6.0345E+01 -1.3769E+02 -8.6355E+01
0000254   3.0646E+02  9.8504E+01 -8.9570E+01
0000255   2.7588E+02  3.3352E+01 -2.8906E+00
0000256   5.3662E+01 -6.7883E+01  9.5247E+01
0000257   2.0862E+02 -4.9524E+00  9.3848E+01
0000258   8.1273E+01  1.7480E+02  1.2998E+02
0000259   2.3884E+02  8.5511E+00  7.5477E+01
0000260   2.1300E+02  2.9068E+02 -3.3325E+00
0000261   1.8736E+02 -3.4162E+01 -1.0664E+02
0000262   3.3435E+02 -2.1249E+02  5.6420E+01
0000264   3.0268E+02  1.1456E+01 -9.7227E+01
0000266   3.4105E+02  9.4548E+01  2.5507E+02
0000267   3.6002E+01  4.5746E+01  4.3088E+01
0000268   2.1646E+02  5.3089E+01 -2.5076E+02
0000269   2.5632E+02  5.1586E+01  6.8975E+01
0000270   1.6508E+02 -1.5252E+01 -1.0523E+01
0000271   1.8044E+02  1.7282E+01  1.9454E+00
0000272   1.2885E+02 -6.8384E+01  1.4448E+02
0000273   1.3678E+02  2.0963E+02  7.3667E+01
0000274   4.2094E+02  7.9950E+01  4.0388E+01
0000275   3.9010E+02  6.5260E+01 -1.5669E+01
0000276   8.6456E+01  6.6406E+01 -1.4786E+02
0000277   2.6073E+02  4.3743E+00 -6.5471E+01
0000278   2.4378E+02 -4.3882E+01 -7.9656E+01
0000279   2.0631E+02  2.0275E+01 -7.7169E+01
0000280   2.8144E+02  6.2991E+01  1.7151E+01
0000281   2.7763E+02 -1.3169E+02 -9.8978E+01
0000282   2.2654E+02 -1.7941E+00 -6.4240E+01
0000283   3.2472E+02 -4.1277E+01  9.3252E+01
0000284   2.2324E+02  1.2628E+02  1.5545E+02
0000285   1.4080E+02  2.1654E+02 -8.7087E+01
0000286   1.3055E+02 -1.5536E+02  1.5513E+02
0000287   2.7537E+02 -1.9702E+02  8.8577E+01
0000288   6.1942E+01 -1.2061E+01 -1.8965E+02
0000290   2.4397E+02  1.9891E+01 -9.0267E+01
0000292   1.6632E+02  2.7470E+02 -1.7943E+01
0000293   1.9036E+02 -6.5647E+01 -4.6414E+01
0000294   3.1053E+02 -1.2181E+02  1.6856E+02
0000295   1.3925E+02 -4.6140E+01  5.2173E+01
0000296   1.5841E+02 -1.1731E+02 -4.1069E+01
0000297   2.3050E+02  5.2700E+01 -2.7160E+02
0000298   1.2986E+02 -3.3148E+02 -2.6523E+02
0000299   2.7551E+02 -5.5771E+01 -6.3449E+01
0000300   4.5794E+02  3.7951E+01  7.1863E+01
0000301   3.5979E+02 -2.4643E+02 -1.3103E+02
0000302   1.1933E+02 -1.0509E+02  1.1488E+02
0000303   1.2272E+02 -5.6180E+01 -1.0629E+02
0000304   2.7113E+02 -3.1382E+01  1.1537E+02
0000305   1.1361E+02 -7.0311E+01  5.3946E+01
0000306   1.6926E+02 -9.3604E+01  7.3082E+00
0000307   1.4151E+02  6.1674E+01 -6.6679E+01
0000308   4.3823E+02 -9.0795E+01 -4.4445E+01
0000309   2.9496E+02 -9.0948E+01  3.1055E+02
0000310   9.5824E+01  3.8634E+01  2.3254E+01
0000311   3.3837E+02  9.3774E+01 -6.3613E+01
0000313   1.7728E+02  1.1900E+02 -9.3096E+00
0000314   1.8211E+02  1.7584E+02 -5.6058E+01
0000315   1.4250E+02 -1.0648E+02  3.2719E+01
0000316   9.6155E+01 -8.5856E+00  1.1740E+01
0000317   1.2363E+02 -9.9553E+01 -6.8712E+00
0000318   2.4425E+02 -6.9824E+01 -2.0619E+02
0000319   2.6940E+02  2.0293E+02  2.0812E+02
0000320   4.8148E+02 -8.1089E+00 -6.6324E+01
0000321   5.4185E+01 -5.6594E+00  7.3812E+01
0000322   5.4279E+01 -1.4412E+02  1.4334E+02
0000323   1.4073E+02  4.0652E+02 -1.0501E+02
0000326   1.2179E+02 -3.9890E+01  4.1009E+01
0000328   2.1354E+02  1.2938E+02 -8.3701E+01
0000329   4.3855E+01 -3.6818E+01 -2.6035E+01
0000330   2.6848E+02  1.2598E+02  1.3597E+02
0000331   2.7472E+02  1.5561E+02  1.4851E+02
0000332   1.6816E+02 -4.4116E+01  1.8849E+01
0000333   2.4136E+02 -8.8861E+01  3.3771E+01
0000334   1.8807E+02  3.5975E+01 -1.0577E+02
0000335   1.8263E+02 -1.8216E+01 -1.5235E+01
0000336   1.5182E+02 -1.2955E+02 -4.7651E+01
0000337   4.6934E+02  1.9263E+02  2.2964E+02
0000338   2.6707E+02  1.1000E+02  4.8846E+01
0000339   1.1959E+02  2.1271E+02  7.2106E+01
0000340   2.2100E+02  1.6785E+02 -1.5912E+02
0000341   1.3616E+02  6.5233E+01 -2.6210E+01
0000342   3.1523E+02  5.0483E+01 -7.5237E+01
0000343   1.7896E+02  4.1870E+01 -1.9112E+02
0000344   4.1283E+02  1.5535E+02  3.1542E+00
0000345   4.3782E+02 -6.8089E+00  9.0059E+01
0000346   1.2530E+02  2.5638E+02 -1.1051E+02
0000348   1.0999E+02 -1.0307E+02 -9.0502E+01
0000349   1.7160E+02  3.3105E+02 -5.3095E+01
0000350   2.1610E+02  7.7768E+01  1.0510E+02
0000351   2.2817E+01  8.8909E+01 -8.8791E+01
0000352   9.8903E+01  8.3677E+01 -1.9474E+01
0000353   1.5657E+02 -5.3013E+00  3.6450E+01
0000354   7.8644E+01 -5.5107E+01  6.2540E+01
0000355   2.5833E+02 -8.5553E+00 -3.1680E+02
0000356   2.3200E+02 -6.2510E+01  7.1778E+01
0000357   1.1359E+02  7.8625E+01 -2.5735E+02
0000358   2.6317E+02  4.7345E+01 -4.3710E+01
0000359   1.5735E+02 -5.9314E+01  8.8971E+01
0000360   3.6861E+02 -1.2755E+02 -3.6373E+02
0000361   1.0307E+02  4.8467E+01 -3.3468E+01
0000362   2.9096E+02  2.1178E+02 -1.8952E+02
0000363   1.1982E+02 -2.1446E+01  1.0768E+01
0000364   3.8761E+02  2.4320E+01 -4.0108E+01
0000366   2.1236E+02 -7.9900E+01  1.9082E+01
0000367   5.9321E+01  1.1507E+02  4.6552E+01
0000368   2.7397E+02 -4.3568E+01  6.9905E+01
0000369   1.3875E+02  8.2362E+01 -3.1758E+01
0000370   1.9646E+02 -1.4262E+01  1.8874E+01
0000371   2.0268E+02 -2.4121E+01 -5.2825E+01
0000372   2.9971E+02  1.2503E+01 -3.0736E+02
0000373   1.9896E+02  2.4651E+01  7.9810E+01
0000374   2.4488E+02  1.5017E+02  6.5166E+00
0000375   4.6671E+02  1.6236E+02  2.1718E+02
0000377   2.4934E+02  6.5466E+01 -1.7731E+01
0000378   2.2284E+02 -4.6285E+01 -1.3177E+02
0000380   2.9103E+01  3.8573E+01 -1.3667E+02
0000381   3.3958E+02  1.2406E+02 -1.6154E+02
0000382   1.7326E+02  1.2056E+02  7.5431E+00
0000383   1.1800E+01  4.4641E+01 -1.6860E+01
0000385   2.9086E+01 -5.9914E+01  1.7946E+01
0000386   1.6020E+02  2.4394E+02 -5.3207E+01
0000387   1.2863E+02  4.1829E+01 -6.4711E+01
0000389   9.2245E+01  2.1134E+02 -5.6735E+01
0000390   1.5585E+02 -3.2666E+01  5.5039E+01
0000391   3.4292E+02  5.9073E+01 -8.7294E+01
0000392   3.8935E+01 -1.2765E+02  4.6217E+01
0000393   1.4319E+02 -9.4955E+01 -9.3281E+01
0000394   1.8443E+02  3.8848E+01  8.9442E+01
0000395   2.1573E+02 -8.9185E+01  1.0804E+02
0000396   3.4317E+01  7.4165E+01 -2.1729E+02
0000397   2.8192E+02  2.7585E+01  3.2259E+02
0000398   4.4048E+02  1.5809E+02 -5.9931E+01
0000399   2.4135E+02 -6.3285E+01 -2.8118E+01
0000400   3.4590E+02  9.8475E+00 -1.5866E+00
0000401   8.4789E+01  2.2851E+01 -1.0945E+01
0000402   2.0509E+02  9.2309E+01  4.2992E+01
0000404   4.8295E+02  1.4684E+02 -3.2146E+01
0000405   2.0481E+02  4.6293E+01 -4.4209E+01
0000406   2.8713E+02  2.2667E+02 -2.8613E+01
0000408   1.4010E+02  9.1236E+01  3.7981E+01
0000409   4.3956E+01 -5.8480E+01 -2.8894E+01
0000411   3.4891E+02 -1.2965E+01 -3.9316E+01
0000412   1.1211E+02  4.7696E+01  5.9039E+01
0000413   1.0058E+02 -1.6422E+02  5.6301E+01
0000414   2.2848E+02  6.0873E+01 -2.8626E+01
0000416   1.0811E+02 -2.7240E+01  1.7124E+01
0000417   1.8414E+02 -1.1908E+02 -4.2363E+01
0000418   3.3432E+00 -1.5405E+02  1.3869E+01
0000419   1.9259E+02  1.2589E+02  7.4468E+01
0000420   1.4410E+02  8.9453E+00  1.1893E+02
0000421   2.1709E+02  7.2791E+01 -8.1443E+01
0000422   3.8124E+01 -1.5166E+02  5.8100E+00
0000424   8.8705E+01  1.1351E+01  1.6779E+01
0000425   1.3675E+02 -3.1581E+00 -7.7556E+01
0000426   3.3207E+02 -3.5754E+02  6.9821E+01
0000427   1.8644E+02  6.9012E+01  1.5061E+01
0000428   7.6107E+01  1.7273E+02  1.5441E+02
0000430   3.9825E+02  3.4379E+01 -8.6989E+01
0000431   1.4350E+02 -8.7235E+00 -6.4338E+01
0000432   6.4243E+01 -1.6822E+02  5.6986E+01
0000433   1.1547E+02  1.8698E+02 -2.2993E+02
0000434   1.3095E+02 -1.6019E+02 -1.7711E+02
0000435   5.6504E+01  3.9560E+01 -8.3276E+01
0000436   2.3179E+02 -1.3176E+02 -1.3434E+02
0000437   2.9605E+02 -2.0767E+02 -8.2628E+01
0000438   2.9455E+02 -7.2789E+00 -9.9417E+01
0000439   1.6831E+02  1.7694E+02 -1.4799E+02
0000440   4.1206E+02 -2.4116E+01  1.4933E+02
0000441   1.4297E+02  8.6973E+01 -3.4104E+01
0000442   3.4066E+02  1.6486E+02  1.8843E+01
0000443   3.7195E+02 -5.3976E+01 -3.6775E+00
0000444   4.6797E+02 -2.0752E+01 -9.4384E-01
0000445   2.2412E+02  8.3449E+01 -1.5139E+01
0000446   2.8346E+02 -8.5526E+01 -5.6600E+01
0000447   2.3575E+02  2.0741E+02 -1.3362E+02
0000448   3.0243E+02 -9.4535E+01  1.1475E+02
0000449   4.1642E+02 -1.0460E+02 -1.4105E+02
0000450   1.8596E+02 -1.8544E+02 -5.4620E+01
0000451   2.5174E+02 -1.2452E+02  1.5319E+02
0000453   7.6268E+01  1.1061E+02  2.4982E+02
0000454   2.6067E+02  4.2721E+01  3.1958E+01
0000455   6.3706E+01  5.8606E+01  2.7755E+01
0000456   5.9671E+01  6.4109E+01 -1.7787E+01
0000457   3.2915E+01 -1.2674E+02 -1.2260E+02
0000458   1.9321E+02 -1.2426E+02  4.8358E+00
0000459   1.0934E+02  3.5728E+01 -4.7202E+01
0000460   2.0905E+02 -2.2322E+02  8.4205E+01
0000461   3.8458E+02 -1.5605E+02 -1.6361E+02
0000462   2.2954E+02 -1.5601E+02 -9.7075E+01
0000463   1.3683E+02 -5.2384E+01 -1.1985E+02
0000464   1.3498E+02 -1.1904E+02  7.7180E+01
0000465   2.2715E+02 -7.3082E+01  5.9926E+01
0000466   2.8400E+02  8.4598E+01 -2.5026E+01
0000467   2.8387E+02  1.0052E+02  4.8549E+01
0000468   1.4038E+02 -9.6753E+01 -6.4953E+01
0000469   6.7406E+01 -1.1154E+02  1.6346E+02
0000470   2.0724E+02 -1.8962E+02 -2.7761E+02
0000471   1.4631E+02 -1.9540E+02 -7.9472E+01
0000472   6.2424E+01 -6.8680E+01 -5.4662E+00
0000473   3.7010E+02 -4.3174E+01  1.8568E+02
0000474   3.6032E+02 -1.9048E+02 -2.0840E+01
0000475   2.4186E+01 -6.2072E+01 -8.3567E+01
0000476   3.0459E+02  1.3776E+02 -1.2221E+02
0000477   2.8128E+02  3.1206E+02  2.2279E+02
0000478   3.8380E+02 -1.0337E+02 -1.1547E+02
0000479   4.1886E+02  2.2516E+02 -1.0476E+02
0000480   2.5993E+02 -1.6009E+02  8.9766E+01
0000481   2.3592E+02  9.7520E+01 -3.2053E+01
0000483   1.0506E+02  9.7196E+01  1.2457E+02
0000484   1.6179E+02  7.5864E+01  3.5821E+01
0000485   2.5791E+02  1.2751E+01  3.9375E+01
0000486   2.2439E+02  2.5260E+01  7.8369E+01
0000487   3.0472E+02 -1.4195E+02  1.1266E+02
0000488   2.6914E+02 -7.4124E+01 -1.8814E+00
0000489   2.7890E+02 -2.1305E+02 -4.5515E+01
0000490   2.1999E+02 -5.9195E+01 -1.1738E+02
0000491   7.2677E+01 -1.1702E+02 -4.1946E+01
0000492   1.0373E+02 -1.6914E+02 -1.2776E+02
0000493   4.3150E+02 -9.0449E+01 -1.5805E+02
0000494   2.0456E+02  2.9885E+02 -6.3745E+01
0000495   1.9237E+02 -2.0833E+02 -6.2932E+01
0000496   6.3874E+01 -6.8935E+01 -7.7154E+01
0000497   3.3797E+01  1.6939E+01 -2.6698E+01
0000498   2.0182E+02 -1.0397E+02 -1.1415E+02
0000499   2.8165E+02  7.7211E+01  1.1087E+02
0000500   1.6473E+01  1.3318E+02 -4.1725E+01
0000501   1.8667E+02  3.8531E+00  1.3573E+02
0000502   1.0209E+02  6.1005E+01 -3.9640E+01
0000504   1.2973E+02 -1.1081E+02 -7.1817E+01
0000505   2.2508E+02 -2.4158E+02  1.6969E+02
0000506   1.5075E+02  6.1016E+01 -1.3085E+01
0000507   1.3926E+02 -5.5719E+01  2.1195E+01
0000508   3.1637E+02  9.7858E+01 -1.3942E+02
0000509   1.4762E+02  1.6970E+02  2.1627E+01
0000510   4.2079E+02  3.6408E+01  3.9132E+01
0000511   3.4532E+02 -1.2889E+02  4.6472E+01
0000512   3.3664E+01  2.0428E+02 -9.7001E+01
0000513   4.6184E+02  1.2891E+02  8.7410E+01
0000514   1.4110E+02 -2.2490E+01  1.0933E+02
0000515   6.0367E+01 -1.1250E+02  1.2596E+02
0000516   7.9344E+01 -1.4010E+02  6.2004E+01
0000517   7.7149E+01 -1.2331E+02 -9.2578E+01
0000518   1.5472E+02  3.4027E+01 -1.8430E+02
0000519   1.6410E+02  1.4395E+02  6.7081E+01
0000520   4.2806E+01 -1.6363E+02 -1.2206E+01
0000521   4.3656E+02  1.8747E+01 -1.7763E+02
0000522   1.1638E+02  1.0443E+02  2.9733E+02
0000523   1.9369E+02  4.0730E+01 -1.6068E+02
0000524   1.6526E+02 -4.3714E+01  8.6367E+01
0000525   2.9002E+02 -2.6101E+02 -6.6424E+01
0000526   3.3236E+02  1.1798E+02 -1.5831E+01
0000527   2.0821E+02 -3.6912E+02  5.9240E+00
0000528   1.8595E+02 -1.3297E+02  8.4523E+01
0000529   9.4684E+01 -1.9727E+01 -6.1523E+00
0000530   2.8733E+02 -1.3853E+02  7.0056E+01
0000531   3.1753E+02 -1.5848E+02 -5.4491E+01
0000532   2.0425E+02  1.4827E+02  4.4842E+01
0000533   2.6212E+02 -4.3826E+01  9.1437E+01
0000534   3.0784E+02 -5.6294E+01  4.3009E+01
0000535   2.3245E+02  1.4878E+02 -8.5178E+01
0000536   3.1857E+01 -7.6271E+01  2.5650E+00
0000537   2.3836E+02 -6.0785E+01  1.1835E+02
0000538   7.7003E+01 -9.8300E+01 -1.3871E+02
0000539   2.7509E+01 -4.2895E+01  7.1933E+01
0000540   1.9786E+02 -1.9767E+02  2.1823E+02
0000541   1.3856E+02 -1.9788E+02 -1.3264E+02
0000542   1.8478E+02 -1.0521E+01 -2.3067E+02
0000543   1.0524E+02 -2.8149E+02  1.4449E+01
0000544   1.5783E+02 -2.1542E+02  1.8160E+02
0000545   3.0340E+02 -8.6757E+01 -7.8509E+01
0000546   1.7135E+02  4.8520E+01 -2.2978E+01
0000547   1.9586E+02 -1.5530E+02  2.8542E+02
0000548   2.6415E+02 -3.5858E+01 -7.3301E+01
0000549   1.8954E+02 -2.4960E+00  1.0648E+02
0000550   9.3089E+01  1.4327E+02 -8.3020E+01
0000551   3.4813E+02 -7.0871E+01  2.1585E+02
0000552   3.7597E+02  2.9392E+02 -2.3470E+02
0000553   3.5899E+02  5.1977E+01 -2.1083E+02
0000554   2.5129E+02 -2.3326E+02  2.6435E+02
0000555   2.2032E+02 -1.5722E+02 -4.4620E+00
0000556   1.2987E+02  6.0054E+00 -1.4784E+02
0000557   4.5583E+02  1.8920E+01  8.5587E+01
0000558   5.6872E+01 -2.6789E+02 -2.0686E+02
0000559   3.1413E+02 -1.1742E+02  3.8093E+01
0000560   2.0344E+02  1.2039E+02  1.5811E+01
0000561   2.5326E+02 -7.4373E+01  2.1479E+02
0000562   3.9496E+02  1.1973E+02 -1.3549E+02
0000563   2.6208E+02 -5.2969E+01  5.3320E+01
0000564   1.8934E+02 -1.1896E+02  5.1279E+01
0000565   1.5653E+02  1.0993E+02 -1.2721E+01
0000566   1.7441E+02 -5.1968E+01  2.6272E+01
0000567   3.1241E+02 -1.6307E+01  3.5921E+02
0000568   2.7030E+02 -1.0356E+02 -1.5479E+02
0000569   2.9838E+02 -7.9760E+01  7.0670E+01
0000570   1.2475E+02  4.8861E+01  2.1448E+01
0000571   2.9302E+02  5.7953E+01 -1.3142E+02
0000572   2.5354E+02  4.0234E+00 -3.6594E+01
0000573   1.4780E+02  6.0168E+01  8.1096E+00
0000574   5.4890E+01 -1.0701E+02 -2.7915E+01
0000575   2.4195E+02 -1.1824E+01  8.6542E+01
0000576   3.0990E+02 -3.6197E+01  2.6201E+01
0000577   3.2748E+02 -1.2992E+02  1.6190E+02
0000578   3.4065E+01 -4.3673E+01  1.3770E+01
0000579   3.4986E+02 -1.2141E+02  1.6985E+02
0000580   4.4331E+02  4.9148E+00  1.0906E+02
0000581   1.9962E+02 -1.3167E+01 -2.0808E+01
0000582   3.3454E+02 -2.3426E+01 -4.7740E+01
0000583   3.0285E+02  8.0228E+01 -1.6307E+02
0000584   4.4081E+02 -5.9726E+01 -5.3587E+01
0000585   9.1678E+01  1.4253E+02  6.6942E+00
0000586   1.6185E+02 -1.1584E+02  8.4630E+01
0000587   2.2096E+02 -3.8672E+01  1.1487E+02
0000588   2.2785E+02 -3.2093E+01 -2.3770E+01
0000589   2.2046E+01 -2.1730E+02  1.3664E+02
0000590   1.0573E+02 -1.7675E+01 -2.9297E+01
0000591   3.9979E+02 -6.7153E+01 -1.9935E+02
0000592   7.0236E+01 -7.8960E+00 -3.4764E+01
0000593   2.9590E+02 -1.0371E+02 -1.2297E+02
0000594   1.0922E+02 -2.0566E+02 -7.1174E+01
0000595   2.0998E+02  6.8132E+01 -2.0514E+01
0000596   3.4920E+02 -1.6908E+02  1.7493E+02
0000597   2.8882E+02  5.0984E+00  1.9171E+00
0000598   2.3117E+02  2.5559E+02  1.8527E+02
0000599   2.1588E+02 -5.3633E+01  5.1487E+01
0000600   2.8293E+02 -4.6457E+01 -1.7083E+01
0000601   1.9568E+02  1.4848E+02  1.9293E+02
0000602   2.4374E+02  3.6045E+01  1.0929E+01
0000603   1.2035E+02 -1.4248E+02 -8.9409E+01
0000604   2.4246E+02  1.4741E+02 -1.2664E+02
0000605   1.7762E+02  2.3651E+02  2.0307E+01
0000606   3.9666E+02  3.3626E+01 -9.0707E+01
0000607   1.9614E+02  1.1575E+02  1.3886E+02
0000608   2.8846E+02 -2.3078E+01  9.0774E+01
0000609   2.5729E+02  7.6917E+01 -6.9187E+01
0000610   6.8161E+01  2.1218E+02  1.8610E+02
0000611   2.0022E+02  8.0373E+00 -2.2261E+02
0000612   1.8233E+02  1.0556E+02 -5.3268E+01
0000613   3.5169E+02 -2.0481E+02 -8.5117E+01
0000614   4.8801E+02  1.3762E+02  1.8430E+02
0000615   3.6208E+02 -1.0738E+02 -8.3804E+01
0000616   2.3913E+02 -1.9154E+02  4.5659E+01
0000617   9.0958E+01 -5.0436E+01 -2.4571E+01
0000618   6.0744E+01  4.4520E+01 -2.0464E+01
0000619   5.4424E+01  2.9402E+01  1.2104E+01
0000620   2.4176E+02 -8.4361E+01 -2.9149E+01
0000621   9.6721E+01 -1.3357E+02 -3.6423E+01
0000622   4.9815E+02 -4.5070E+01 -8.5267E+01
0000623   3.1197E+02  1.7952E+02  1.5323E+02
0000624   1.1285E+02 -9.7376E+01 -1.1638E+02
0000625   2.3098E+02  1.2590E+01  2.8869E+01
0000626   6.3283E+01  2.0404E+02  4.4565E+01
0000627   1.3627E+02  8.2083E+01  2.8399E+01
0000628   2.0387E+02  1.1248E+02  1.7869E+02
0000629   4.4699E+02 -1.8765E+02 -7.9309E+01
0000630   1.3379E+02 -6.1704E+01  1.3955E+01
0000631   8.3250E+01 -2.2853E+02 -1.9836E+02
0000632   1.2417E+02  8.4186E+01  3.8917E+01
0000633   1.7460E+02  1.7820E+02 -1.5192E+02
0000634   3.4753E+02  1.5869E+02  3.6689E+01
0000635   2.8003E+02 -9.7641E+01  3.2582E+01
0000636   2.8398E+02 -7.6957E+01 -4.0154E+01
0000637   2.5201E+02  7.9296E+01 -4.9511E+01
0000638   2.2220E+02  1.3614E+02  6.2969E+01
0000639   2.8040E+02 -3.0680E+02  8.4752E+01
0000640   1.8162E+02  1.8216E+02 -1.1608E+02
0000641   7.5014E+01 -4.5213E+01  1.0412E+01
0000642   3.8748E+02 -1.0245E+02  1.2786E+02
0000643   1.9989E+02  1.9152E+02  2.0632E+02
0000644   1.1274E+02 -1.3004E+02 -5.0449E+01
0000645   3.5449E+02  3.3586E+02  1.9748E+02
0000646   2.5665E+02  3.4756E+02 -1.1660E+02
0000647   1.2814E+02 -1.2398E+02 -1.6380E+02
0000648   2.1239E+02 -3.3427E+02 -1.9723E+01
0000649   3.8637E+02  4.1940E+01 -2.2041E+01
0000650   3.5426E+02 -1.5337E+02 -2.6234E+02
0000651   1.3709E+02  2.9681E+01  1.6999E+02
0000652   3.1317E+02 -1.4568E+02 -2.5647E+01
0000653   2.2807E+02 -2.0625E+02  3.3634E+02
0000654   3.0724E+02  4.2151E+01  1.3586E+02
0000655   3.1552E+02 -1.2350E+02 -1.4380E+02
0000656   1.8122E+02  1.7618E+02  8.4405E+01
0000657   4.2779E+02  7.3239E+01 -7.0592E+01
0000658   9.1894E+01 -6.7096E+01 -1.3291E+02
0000659   1.8943E+02 -9.5439E+01 -1.0373E+02
0000660   2.3715E+02 -1.6226E+02 -2.3885E+02
0000661   2.5119E+02 -4.3796E+01 -1.2092E+02
0000662   2.4975E+02  5.8888E+01 -1.4076E+02
0000663   3.7195E+02 -9.6952E+01 -2.7343E+01
0000664   2.8011E+02  2.4204E+02  2.6429E+01
0000665   2.4464E+02 -9.0842E+01  1.8021E+01
0000666   1.1052E+02 -2.4657E+01 -1.5912E+01
0000667   1.5759E+02 -4.6621E+01  2.2710E+02
0000668   4.2913E+02 -1.3504E+02  1.6316E+02
0000669   3.0000E+02 -8.8082E+01 -1.0030E+02
0000670   2.7953E+01  5.0095E+01  8.9589E+01
0000671   1.6821E+02  5.0642E+01 -1.0295E+02
0000672   2.0887E+02  5.9583E+00  1.1466E+01
0000673   2.8414E+01 -5.7361E+01  1.4624E+02
0000674   1.7482E+02 -4.8807E+01 -6.6011E+01
0000675   6.9567E+01  5.5393E+01  4.8834E+01
0000676   2.0657E+02  6.8713E+00  1.5076E+01
0000677   4.3816E+01 -9.4254E+01 -1.1014E+02
0000679   2.9846E+02  6.6540E+01  3.9335E+01
0000680   2.1260E+02  7.3384E+01 -1.3903E+02
0000681   1.6994E+02  7.0978E+01 -2.0895E+02
0000682   7.9452E+01  1.2390E+02 -4.2318E+02
0000683   6.8373E+01 -1.1287E+02 -1.7540E+02
0000684   2.8866E+02 -1.1817E+02  1.4418E+02
0000685   1.4060E+02  7.7876E+01 -8.0169E+01
0000686   2.8888E+02 -2.1339E+02 -4.2210E+01
0000687   2.4652E+02 -1.0570E+02  7.5721E+01
0000689   2.0608E+02  1.6087E+01 -7.7943E+00
0000690   2.5973E+02 -4.8397E+00  1.2526E+02
0000691   1.3625E+02  9.5428E+01  3.8863E+01
0000692   9.6190E+01  2.3537E+01  8.8283E+00
0000693   1.9769E+02  7.1757E+01  9.4860E+01
0000694   2.5210E+02 -2.1628E+02  1.4082E+01
0000695   2.6656E+02 -1.7074E+02 -1.6859E+00
0000696   3.2613E+01  2.2448E+01 -1.1000E+02
0000697   9.0674E+01  1.2245E+02 -5.0366E+01
0000698   1.7691E+02  4.4595E+00 -7.2295E+01
0000699   3.6233E+02  4.9603E+01  1.1341E+02
0000700   3.5090E+02 -7.9890E+00 -4.3096E+01
0000701   1.3753E+02 -4.4802E+01  3.1523E+01
0000702   3.2259E+02 -6.6570E+01  2.7343E+01
0000703   3.6618E+02 -9.0918E+00  5.5999E+01
0000704   2.0053E+02  4.8391E+01 -5.4596E+01
0000705   3.1867E+02 -2.5595E+02  1.4383E+02
0000706   2.1734E+02 -7.0655E+01  5.4866E+01
0000707   3.7367E+02 -1.1590E+02  4.4137E+01
0000708   2.9223E+02 -9.5455E+00 -1.8184E+02
0000709   1.9827E+02 -9.4204E+01  4.3993E+01
0000710   2.4043E+02 -5.0402E+00  1.7162E+01
0000711   1.4142E+02 -4.7938E+01 -1.2198E+02
0000712   1.5438E+02 -3.3092E+02  4.6335E+01
0000713   1.6983E+02 -1.2403E+02  1.0094E+02
0000714   3.3578E+02 -1.2823E+01 -1.7885E+02
0000715   3.0033E+02 -1.1626E+02  1.3167E+02
0000716   6.4498E+01 -1.9099E+02  1.1359E+02
0000717   2.1160E+02 -1.1235E+02 -8.0883E+01
0000718   2.1738E+02  3.9393E+01  6.6622E+01
0000720   3.0798E+02 -2.3701E+02  1.0429E+02
0000722   3.1934E+02  2.0067E+02  1.1333E+02
0000723   2.3413E+02 -3.7739E+00 -6.1883E+01
0000724   3.4532E+02  1.7670E+02 -2.8696E+02
0000725   2.3950E+02 -1.6196E+02 -5.8750E+00
0000727   2.6430E+02 -1.3929E+02  2.1549E+02
0000728   3.0564E+02  2.8100E+02  1.0472E+02
0000729   2.7688E+02  1.1802E+02  5.8863E+01
0000730   1.0266E+02  5.6466E+01 -3.9226E+01
0000731   3.8223E+02  5.3142E+01 -1.4203E+02
0000732   1.7720E+02 -3.4234E+01 -7.8854E+01
0000733   1.6095E+02 -9.7103E+01 -1.1784E+02
0000734   2.1433E+02  9.8753E+01  2.0983E+02
0000735   3.1977E+02 -6.5929E+01 -7.2980E+00
0000736   7.6123E+01  3.2128E+01 -1.0308E+01
0000737   1.2081E+02  6.1482E+01 -7.4972E+01
0000738   1.4867E+01 -8.3309E+00 -8.4616E+01
0000739   2.5001E+02 -2.1983E+02 -4.0856E+00
0000740   1.2058E+02  1.7279E+02  6.2884E+01
0000741   2.4354E+02  8.4984E-01 -2.9722E+02
0000742   2.7277E+02 -9.1727E+01 -6.8650E+00
0000743   9.0074E+01 -1.5216E+02 -4.2395E+01
0000744   1.9816E+02 -1.6455E+02 -9.2283E+01
0000745   2.8200E+02  1.2694E+02  1.1544E+02
0000746   2.6087E+02 -2.5404E+01  1.8070E+02
0000747   1.8684E+02  7.3037E+00 -5.6769E+01
0000748   1.6354E+02 -1.3636E+01  8.9099E+01
0000750   2.0881E+02 -9.1158E+00  3.9003E+01
0000751   3.3788E+02 -3.9069E+01 -7.5819E+01
0000752   2.1136E+02  7.3034E+01 -1.8277E+02
0000753   2.0056E+02  9.0741E+01  1.1718E+02
0000754   1.0248E+02 -2.6541E+01  8.9627E+00
0000755   7.6644E+01 -3.9492E+01  1.6707E+02
0000756   5.3862E+01 -5.1885E+01  6.2021E+01
0000757   2.0397E+02 -1.3612E+02 -1.9775E+02
0000758   2.2813E+02  4.0446E+01 -1.4716E+02
0000759   4.7003E+02 -2.0126E+01 -2.5906E+01
0000760   2.3312E+02 -1.6329E+02  6.8490E+00
0000761   2.3934E+02  2.1668E+02  1.4531E+01
0000762   2.6390E+02  1.9413E+01  1.7483E+02
0000763   2.6767E+02 -1.5282E+02  8.4679E+01
0000764   4.1735E+02 -1.5110E+02 -1.2662E+02
0000765   1.3343E+02 -3.3294E+02  1.7009E+02
0000766   9.3280E+01  2.9615E+01 -2.8107E+01
0000767   3.2785E+02 -1.2812E+02  1.3800E+02
0000768   1.9450E+02 -3.9839E+01  2.3745E+02
0000769   4.1322E+02 -6.4650E+00 -8.5115E+01
0000770   1.1370E+02 -7.8007E+01  8.5473E+01
0000771   2.7583E+01  8.8915E+01  6.3874E+01
0000772   2.0827E+02  2.2936E+02 -2.5396E+00
0000773   3.5991E+02  1.1366E+02 -2.3289E+02
0000774   4.2581E+02  6.8483E+01  2.1593E+01
0000775   3.3939E+02 -2.4987E+01 -1.0074E+02
0000776   2.7397E+02  2.3633E+01  1.0788E+01
0000777   8.0853E+01 -2.6466E+02 -7.4212E+01
0000778   3.7145E+02  1.4716E+02  4.6966E+01
0000779   2.3008E+02 -8.2752E+01  8.1836E+01
0000780   1.3403E+02 -1.4283E+01  1.6546E+02
0000781   5.2688E+02 -6.1104E+01 -1.3203E+02
0000782   2.0782E+02  3.9661E+01 -2.6083E+02
0000783   1.9972E+02  7.1919E+01 -1.3085E+02
0000784   3.0786E+01  1.4496E+02  2.1446E+02
0000785   3.5345E+01  1.1552E+01 -9.6286E+01
0000786   3.5842E+02 -2.6894E+02  4.2285E+02
0000787   2.7208E+02 -1.9354E+01 -2.8874E+01
0000789   2.8327E+02 -2.0791E+02 -1.1597E+02
0000790   2.8625E+02  4.0338E+01 -1.2374E+02
0000791   6.8311E+01  1.9706E+00 -3.2106E+01
0000793   1.4244E+02 -2.6018E+01 -5.5757E+00
0000794   4.2183E+02 -9.8049E+01 -1.5976E+02
0000795   2.5699E+02 -2.6342E+01  8.8441E+01
0000796   2.6100E+02 -5.1246E+01  9.3038E+01
0000797   5.7387E+01 -2.4553E+01 -4.3324E+01
0000798   3.3495E+02 -3.6244E+01 -6.6249E+01
0000800   3.6243E+02  8.5952E+01  4.2795E+01
0000801   2.9929E+02 -2.2603E+01 -1.1629E+02
0000802   2.7925E+02  2.5540E+02  1.3035E+00
0000803   1.2874E+02 -2.0294E+01  7.5301E+01
0000804   2.1042E+02  2.7423E+02  1.3348E+02
0000805   2.9894E+02  1.2739E+02  1.5557E+02
0000806   4.6485E+02  5.1978E+01 -1.3808E+02
0000808   1.1165E+02  6.0850E+01 -1.2887E+02
0000809   1.7083E+02  6.8774E+01  1.4948E+00
0000810   3.5521E+02 -1.4199E+02 -5.7798E+01
0000811   1.3375E+02 -7.8354E+00  5.3513E+01
0000812   6.9160E+01  1.6244E+01 -3.1843E+01
0000813   1.6532E+02 -6.3574E+01  1.3551E+02
0000814   5.6587E+01 -2.8827E+01 -3.3024E+01
0000815   1.0651E+02  1.5409E+02 -4.3394E-02
0000816   2.6186E+02  1.8646E+02  1.3240E+02
0000817   2.9470E+02 -1.5829E+02 -5.2175E+01
0000818   1.7038E+02 -9.4983E+01 -3.0292E+01
0000819   1.9625E+02  8.4117E+01 -5.8540E+01
0000820   2.2708E+02 -1.3534E+02 -5.6398E+01
0000821   3.1198E+02  1.4706E+02  1.3403E+02
0000822   9.5426E+01  3.2604E-01 -1.7222E+02
0000823   1.0144E+02 -9.3490E+01  1.6984E+01
0000824   2.3686E+02  1.5497E+02 -1.4884E+02
0000825   2.0759E+02  2.6679E+01  1.0479E+02
0000826   5.2812E+01  1.0012E+00  8.1004E+00
0000827   3.4793E+02  2.0241E+02 -2.0090E+01
0000828   1.2587E+02  1.6224E+02  1.8411E+02
0000829   2.2697E+02 -2.3623E+02  3.0154E+01
0000830   1.6205E+02 -1.6915E+02  7.6173E+01
0000831   3.6272E+02 -3.4861E+00 -2.2522E+02
0000832   2.1953E+02 -1.1703E+02  9.5758E+01
0000833   2.1661E+02  1.6107E+02  2.8103E+01
0000834   2.0995E+02 -4.5788E+01 -9.4591E+01
0000835   4.7536E+02  1.6841E+02  5.4901E+01
0000836   3.1094E+02  9.6837E+01 -1.8953E+01
0000837   5.6994E+02 -1.3528E+02 -1.8857E+02
0000838   1.9291E+02 -1.0405E+02  1.9605E+02
0000839   2.0179E+02  1.2317E+00 -7.7381E+01
0000840   1.1024E+02 -1.5040E+02  6.7151E+01
0000841   9.8014E+01 -2.6720E+02 -1.5802E+02
0000842   3.3246E+02 -2.7320E+02  6.1402E+01
0000843   2.8742E+02  3.1750E+01 -9.1326E+00
0000844   3.1685E+02  1.2687E+01  5.4755E+01
0000846   1.4958E+02  2.0542E+02  1.3162E+02
0000847   2.4030E+02 -8.0572E+01  9.9189E+01
0000848   3.3768E+02  1.0193E+02 -1.7092E+02
0000849   2.3128E+02 -2.8501E+02 -9.6614E+01
0000850   9.5956E+01 -7.0707E+01 -1.5458E+02
0000851   3.1294E+02 -8.2207E+01  1.0600E+01
0000852   1.3456E+02 -4.0338E+01  6.8737E+01
0000853   2.7928E+02  1.4830E+02  5.9275E+01
0000854   3.1802E+02 -1.5771E+01  7.1614E+00
0000855   3.7318E+02 -1.0572E+02 -2.2227E+02
0000856   2.1219E+02  3.2079E+01 -2.1925E+02
0000857   3.3054E+02 -7.4799E+01  5.6858E+01
0000858   9.9290E+01 -2.8326E+01 -9.6785E+01
0000859   3.1308E+02  1.0134E+02 -2.2549E+02
0000861   1.3133E+02  1.2777E+02 -2.7454E+01
0000862   8.1814E+01 -2.7754E+01  2.4162E+02
0000863   2.9753E+02  6.7493E+01  5.8626E+01
0000864   3.1676E+02  1.0476E+02 -1.1178E+02
0000865   2.8274E+02 -2.2709E+02 -1.8195E+02
0000866   3.6095E+02 -1.5163E+02 -3.2662E+01
0000867   2.9930E+02 -1.8944E+01 -7.5948E+01
0000868   2.7930E+02  1.9573E+02  3.0499E+02
0000869   1.8082E+02 -2.4768E+02 -5.3451E+01
0000870   4.0947E+02 -6.1452E+01 -6.1668E+01
0000871   7.5970E+01  5.4363E+01  1.9488E+01
0000872   1.4664E+02 -8.2777E+01  4.1684E+00
0000873   3.6319E+02  1.7424E+02  2.2646E+01
0000874   2.1800E+02 -8.4586E+01 -1.1961E+02
0000875   1.0253E+02 -5.2434E+00  2.0560E+02
0000876   8.9296E+01 -2.3938E+01  6.4891E+01
0000877   1.7187E+02 -1.0229E+02 -1.4196E+02
0000878   1.4431E+02  9.7702E+01 -1.9213E+02
0000879   4.3583E+01  2.3143E+00 -6.1726E+01
0000880   2.7566E+02 -1.7057E+02 -8.9318E+01
0000881   3.1628E+02  2.0798E+02 -6.0774E+01
0000882   3.2373E+02  1.7486E+00 -5.0627E+01
0000883   3.1199E+02  4.8427E+01  1.7237E+02
0000884   1.7958E+02  6.3643E+01 -7.5412E+01
0000885   2.2893E+02 -8.2284E+01 -1.3226E+02
0000886   1.8291E+02  6.6252E+00  1.5773E+01
0000887   3.9894E+02 -9.9454E+01  1.0739E+02
0000889   2.4234E+02  1.1748E+02 -5.0493E+01
0000890   2.1139E+02 -1.4006E+02 -7.4509E+00
0000891   1.6634E+02 -1.3922E+01  6.1778E+01
0000892   9.4284E+01 -4.5178E+01  2.9405E+01
0000893   2.0358E+02 -3.3778E+01  2.3468E+02
0000894   8.1895E+01  2.7782E+01 -1.1779E+01
0000895   2.6050E+02 -3.3909E+01  5.3736E+01
0000896   3.2835E+02  1.1549E+02 -2.2467E+02
0000897   1.9247E+01 -1.1651E+02 -6.4806E+00
0000898   3.5044E+01  4.8009E+01 -1.9284E+01
0000899   2.2065E+01 -9.8469E+01 -5.3774E+01
0000900   3.2192E+02  2.6658E+01 -2.8433E+02
0000901   3.7817E+01  3.3742E+01  1.5980E+01
0000902   1.9673E+02  5.1631E+01 -1.3575E+01
0000903   5.9593E+01  1.3613E+02 -7.5618E+01
0000904   2.2442E+02 -1.2379E+02 -1.0871E+02
0000905   3.3917E+02 -2.9345E+02 -2.8475E+02
0000906   1.3747E+02 -2.0590E+02  2.0773E+02
0000907   3.4629E+02 -1.1099E+02 -2.0370E+02
0000908   2.4550E+02  2.2852E+02 -7.0487E+01
0000909   2.0214E+02 -1.5655E+02  1.2889E+02
0000910   1.7584E+02 -6.3327E+01 -1.1020E+02
0000911   1.2931E+02 -8.5712E+01  4.4535E+01
0000912   3.2000E+02 -2.3887E+02 -7.0364E+00
0000914   1.8604E+02  1.9323E+02 -9.5727E+01
0000915   2.5045E+02 -3.1516E+01  6.0314E+01
0000916   4.1056E+02 -1.6502E+02  3.4612E+01
0000917   2.1570E+02 -1.6898E+02  2.2128E+02
0000918   3.2268E+02  8.7168E+01 -2.0110E+01
0000919   2.9676E+02 -6.4519E+01  3.0134E+01
0000920   1.2974E+02 -6.6393E+01  4.6748E+01
0000921   4.0431E+02 -1.3982E+02  1.0655E+02
0000923   1.1461E+02  3.7361E+01 -3.4704E+01
0000924   2.0505E+02  3.4611E+01 -7.7937E+01
0000925   9.2400E+01 -1.4572E+02  9.8180E+00
0000926   1.6914E+02 -1.8559E+02 -1.8767E+02
0000927   4.9147E+01 -3.2384E+00 -1.0661E+00
0000928   4.5536E+02  1.1903E+02  1.0165E+02
0000929   1.0641E+02 -4.7129E+01  9.1988E+01
0000930   2.6813E+02  5.4797E+01 -2.0297E+02
0000931   2.0065E+02  1.6655E+02  2.6642E+01
0000933   1.2866E+02  6.4025E+00  1.7385E+02
0000934   8.9421E+01  1.8012E+02 -1.8124E+02
0000935   4.0865E+02 -2.4989E+02  2.4675E-01
0000936   1.9613E+02  1.2609E+01  8.6681E+01
0000937   2.0408E+02 -4.9477E+01 -9.9525E+01
0000938   4.3905E+02  5.9198E+01  1.6396E+02
0000939   4.1111E+02  1.5930E+01 -1.0242E+02
0000940   2.3003E+02 -1.0671E+02 -1.0476E+02
0000941   4.0632E+02 -2.0371E+02  4.3882E+01
0000942   2.9140E+02  6.9119E+01 -1.7796E+02
0000943   1.6242E+02  6.9337E+01 -2.3956E+01
0000944   1.8216E+02  3.8520E+01  6.9606E+01
0000945   2.5585E+02 -6.1140E+01  2.1266E+01
0000946   2.6829E+02 -9.9109E+00  2.9722E+02
0000947   3.4354E+02 -1.1345E+02  1.3488E+02
0000948   3.2144E+02 -2.1638E+02 -5.1513E+01
0000949   5.2345E+02  1.7243E+02  2.9677E+02
0000950   5.0438E+01  2.5236E+01  4.0545E+01
0000951   3.5958E+02  4.5130E+01  9.9721E+01
0000952   1.9190E+02  1.3932E+01 -1.8169E+02
0000953   3.6437E+02  1.7396E+01  1.9097E+02
0000954   2.7555E+02  1.2093E+02 -9.6041E+01
0000956   3.9011E+02  6.4068E+01 -1.7019E+02
0000957   1.3664E+02 -2.9593E+01 -7.3180E+00
0000958   3.6057E+02 -1.0085E+02  1.4731E+02
0000959   1.4055E+02  1.5887E+01  1.2025E+01
0000960   3.3168E+02  1.4932E+02 -8.5919E-01
0000962   2.9342E+02 -8.1294E+01  3.0136E+01
0000963   1.7161E+02  7.8034E+01 -1.8506E+02
0000964   1.6759E+02  1.8213E+02  1.0669E+01
0000965   2.0732E+02  2.1344E+02 -1.8589E+02
0000966   1.6282E+02 -7.3566E+01  4.3661E+02
0000967   2.4532E+02 -2.0773E+02 -9.2071E+00
0000968   1.4923E+02  1.7364E+01  1.1458E+02
0000969   3.0023E+01 -3.2220E+01 -1.7384E+02
0000970   2.9219E+02  1.2463E+02 -2.8474E+02
0000971   2.0374E+02 -2.2367E+02 -1.6969E+02
0000972   3.9658E+02 -7.8860E+01  1.5085E+02
0000973   1.7380E+02  8.5666E+01 -9.1051E-02
0000974   2.2505E+02 -9.6245E+01  8.1248E+01
0000975   1.3813E+02 -5.8600E+01  1.4424E+02
0000976   2.8169E+02  4.6637E+01  5.8610E+01
0000977   3.9147E+02  1.9452E+02  1.1348E+02
0000978   1.3954E+02 -4.9696E+01  2.5835E+01
0000979   2.2260E+02 -2.2466E+02  5.2961E+01
0000980   2.5202E+02  1.1789E+02  2.5977E+02
0000981   2.7939E+02  4.8652E+01 -1.6594E+01
0000982   2.7036E+02 -4.9008E+01  2.5310E+01
0000983   1.3861E+02  1.4274E+02 -2.7177E+01
0000984   2.5461E+02 -7.4456E+01 -4.3886E+01
0000985   1.7456E+02 -1.1508E+02  2.6130E+02
0000986   2.1097E+02  1.7065E+02  2.0378E+02
0000987   3.6344E+01 -2.4891E+01  2.4815E+01
0000988   1.4673E+02  7.2955E+01  7.5180E+00
0000989   4.6132E+02  1.9668E+02 -1.5236E+02
0000990   1.2107E+02  2.7277E+01  6.6910E+01
0000991   3.0608E+02 -2.1317E+02 -3.8113E+01
0000992   2.9427E+02 -4.7345E+01  1.4851E+02
0000993   1.0175E+02  9.0711E+01 -8.7922E+01
0000994   8.0818E+01  6.5948E+01 -4.0683E+01
0000995   3.0250E+02  5.0765E+01  1.2974E+02
0000996   1.9867E+02  1.2860E+02 -8.9498E+01
0000997   1.6857E+02 -7.0395E+01  7.4022E+01
0000998   2.4588E+02  1.5152E+02  3.5953E-01
0000999   1.6525E+02 -2.2295E+01  8.4925E+01
0001000   1.4451E+02 -5.3715E+01 -1.4642E+02
