============================== SRIM-2013.00 ==============================
==============================================================================
====== SRIM Outputs\RANGE_3D.txt : File of Final Ion Positions =====

Ion =  F (09)   Ion Mass= 018.9984
Energy  = 2000000.E-05 keV
Ion Angle to Surface = 00.0 degrees
==================== TARGET =======================
  Layer # 1 - None
  Layer # 1 - Bottom Depth=500000.E-01 A
  Layer # 1 - Density =0007.8700 g/cm3
  Layer # 1 -  100 % of Fe
様様様様様様様様様様様様様様様様様様様様様様様様様様
                                            
Ion       Depth  X   Lateral Y   Lateral Z  
Number    (Angstrom) (Angstrom)  (Angstrom) 
-------  ----------- ----------- -----------
0000001   1.8808E+02  1.3478E+02  4.4924E+01
0000002   7.9054E+01  9.7728E+01  2.7733E+02
0000003   3.1966E+02  7.0115E+01  1.0957E+02
0000004   3.0064E+02 -9.6506E+01 -4.5859E+01
0000005   8.8544E+01 -1.2642E+02 -1.0714E+02
0000006   2.7115E+02 -1.7443E+02 -7.0127E+01
0000007   1.7722E+02 -1.0540E+02 -7.9720E+01
0000009   5.0350E+02 -3.1855E+01  6.5796E+01
0000010   2.3726E+02 -1.8947E+02 -1.6056E+02
0000011   3.3438E+02  5.7936E+01  1.5526E+02
0000012   1.9719E+02 -1.5730E+02 -1.6142E+02
0000013   2.8948E+02 -1.2889E+02  3.9676E+01
0000014   1.9041E+02  6.4814E+01 -9.6059E+01
0000015   7.2207E+01  4.9342E+01 -6.0951E+01
0000016   3.2713E+02  7.7814E+01  7.1275E+01
0000017   1.7441E+02 -9.4803E+01 -6.2973E+00
0000018   5.2862E+01  1.6158E+02  7.9616E+01
0000019   1.0661E+02 -5.4014E+01  1.3762E+01
0000020   4.0144E+02  1.0514E+01 -2.2193E+01
0000021   3.0635E+02 -3.9186E+01  6.9630E+01
0000022   4.9629E+02  6.9674E+01  1.5936E+02
0000023   1.8782E+02  2.5749E+00  3.0184E+02
0000024   3.3321E+02  3.9847E+00  3.1373E+01
0000025   2.2846E+02 -3.5527E+01 -2.1537E+01
0000026   1.5486E+02  1.8819E+01 -2.1684E+02
0000027   3.2597E+02  6.4757E+01 -3.6539E+01
0000028   2.8082E+02 -7.1571E+01 -1.3043E+01
0000029   2.0083E+02  7.7158E+01  1.8554E+02
0000030   2.3376E+02 -2.1780E+02  7.8329E+01
0000031   2.1397E+01  3.2488E+01  4.8815E+01
0000032   9.2769E+01  1.1245E+02  2.9497E+01
0000033   1.9582E+02 -5.1723E+01  1.1574E+02
0000034   2.9151E+01 -1.0626E+02 -1.1439E+02
0000036   2.0139E+01  5.0962E+01 -7.1062E+01
0000037   1.0577E+01 -2.8808E+01 -1.7611E+02
0000038   1.9463E+02 -5.2672E+01 -2.4395E+01
0000039   4.9421E+01 -4.6206E+01 -1.5741E+02
0000040   8.2319E+01 -1.1501E+02 -1.2972E+02
0000041   2.5785E+02  2.8752E+02  4.0544E+01
0000042   5.9942E+01  6.6574E+01 -1.7518E+01
0000043   8.3885E+01  5.5567E+01 -2.1945E+01
0000044   2.3220E+02 -1.3793E+02 -9.5926E+01
0000045   8.9296E+01 -1.0722E+02 -2.5689E+01
0000046   1.5602E+02  4.6315E+01  1.4554E+01
0000047   2.2155E+02 -1.4312E+02 -1.6158E+02
0000048   2.6424E+02 -4.9447E+01 -2.5010E+01
0000049   7.4402E+01  2.4556E+01 -3.4097E+01
0000050   2.7255E+02 -3.1225E+02  8.1898E+00
0000051   3.0176E+02  2.2033E+01 -8.8067E+01
0000052   2.7594E+02  1.2260E+02 -1.7119E+02
0000054   1.7740E+02 -2.5795E+01 -1.8270E+02
0000055   8.2580E+01 -5.5821E+01 -4.9441E+01
0000056   3.0887E+02 -5.3367E+01 -2.6182E+02
0000057   5.8004E+01  1.1654E+02  3.1458E+01
0000058   2.5644E+02 -1.0400E+02 -1.7268E+02
0000059   5.1404E+01  1.4008E+01 -1.4510E+02
0000060   2.8638E+02 -5.8065E+01  1.4889E+02
0000061   2.6000E+02  2.2354E+02  1.4677E+02
0000062   2.5911E+02  9.8212E+01 -1.1942E+02
0000063   1.6537E+02 -3.9568E+01 -7.2356E+01
0000064   2.1630E+02  1.7538E+02  7.7628E+01
0000065   2.6142E+02  1.4040E+02 -1.7450E+02
0000066   2.2179E+02 -1.4013E+02  1.7315E+02
0000067   2.3353E+02  2.6473E+01  1.2000E+02
0000068   2.9413E+02  1.7397E+02  2.3536E+01
0000069   7.6613E+01  1.3367E+01  1.6821E+01
0000070   1.7151E+02  2.1542E+00 -9.1036E+00
0000071   1.0295E+02  3.1695E+01 -1.0423E+02
0000072   2.2802E+02 -1.4463E+01 -1.5365E+02
0000073   4.0827E+01 -3.9951E+01  9.8357E+01
0000074   7.5486E+01 -2.8800E+01 -8.2530E+01
0000075   3.7721E+02  4.4445E+01 -6.0733E+00
0000076   1.4046E+02 -1.8249E+02 -1.7673E+01
0000077   4.8784E+02  1.7055E+02  6.6225E+01
0000078   1.3849E+02  2.5103E+01  8.1281E+01
0000079   2.4215E+02 -1.2630E+02 -1.2407E+02
0000080   2.5218E+02 -8.5617E+01 -1.6807E+02
0000081   2.9842E+01 -1.9124E+02 -2.0146E+02
0000082   1.8390E+02 -9.1898E+01  7.3913E+01
0000083   1.5127E+02  1.2750E+02 -6.9568E+01
0000084   2.9159E+01 -2.4628E+02 -1.9766E+01
0000085   3.3591E+01 -2.0365E+02  8.9759E+01
0000086   2.5137E+02  2.9208E+01  3.1735E+02
0000087   1.8454E+02 -6.6088E+01 -1.3647E+02
0000088   9.0208E+01 -1.8291E+01 -2.6526E+01
0000089   1.8092E+02  6.4779E+01 -9.7620E+00
0000090   2.8051E+02  1.7212E+02  1.6941E+02
0000091   2.0205E+02  8.7923E+00  9.6129E+01
0000092   2.2159E+02 -2.9272E+01 -6.3015E+01
0000093   5.5233E+01 -1.0340E+02 -1.0076E+02
0000094   3.5407E+02 -1.0060E+02 -2.3266E+00
0000095   4.4818E+02  1.1665E+02 -2.8093E+02
0000096   1.7871E+02 -3.0549E+01  2.2121E+02
0000097   5.2649E+01  1.1225E+02  1.5331E+01
0000098   2.6950E+02 -1.5531E+00 -1.3461E+02
0000099   1.2610E+02  8.7442E+01  1.6004E+01
0000100   4.0692E+02 -3.0509E+02  9.6005E+01
0000101   3.4388E+02  4.2906E+01 -9.4286E+01
0000102   3.6375E+02 -2.0234E+02  7.9928E+00
0000103   2.5268E+02  2.5174E+01 -2.1198E+01
0000104   1.1252E+02  2.6301E+01  2.1129E+02
0000105   2.4727E+02  6.8916E+01  9.1293E+01
0000106   1.5028E+02 -2.0840E+02 -2.6637E+01
0000107   1.2343E+02  7.4871E+01  7.7130E+01
0000108   1.1201E+02 -2.0020E+02  4.0584E+01
0000109   2.7806E+02  2.4800E+01  4.1654E+02
0000110   3.1189E+02 -1.6284E+02  7.6702E+01
0000111   4.4029E+02  1.4830E+02  1.0537E+02
0000112   2.2303E+02  1.0409E+02 -6.6951E+01
0000113   9.1099E+01  1.5084E+02  2.7236E+01
0000114   2.5819E+02  1.3170E+02 -2.5023E+02
0000115   2.9708E+02 -7.7512E+01  1.4687E+02
0000116   2.7124E+02 -2.3202E+02 -1.3276E+02
0000117   1.8824E+02 -7.5528E+01 -6.9969E+01
0000118   1.1160E+02 -6.8463E+01  5.7351E+00
0000119   1.2870E+02  9.9373E+01  1.6928E+02
0000120   2.6434E+02  7.8313E+01 -4.4527E+00
0000121   8.0440E+01 -5.9817E+01 -1.6940E+02
0000123   2.6640E+02  1.0030E+02  4.8938E+01
0000124   1.3747E+02  4.3797E+01 -8.2385E-01
0000126   2.2453E+02 -8.9664E+01 -2.3298E+01
0000127   3.4399E+02  2.5564E+02  1.2900E+02
0000129   9.0770E+01 -1.6850E+01 -3.4025E+01
0000130   3.0029E+02  1.5544E+01  3.9371E+01
0000131   1.2943E+02  1.8223E+02 -2.7874E+02
0000132   1.7220E+02  2.9899E+00 -7.3741E+01
0000133   1.4364E+02  3.5200E+01  3.6404E+01
0000134   2.4319E+02 -7.1555E+01 -2.1511E+02
0000135   1.6732E+02 -2.8735E+01  6.3227E+01
0000136   3.7503E+01 -8.0391E+01  4.3648E+01
0000137   8.3983E+01 -1.7591E+02 -1.2759E+02
0000138   3.0110E+01  3.3535E+01 -2.0384E+02
0000139   2.6011E+02 -3.4570E+01  2.2881E+01
0000140   1.7898E+02  2.0556E+01 -5.4377E+01
0000141   2.3239E+02 -1.6062E+02 -1.2469E+02
0000142   2.4283E+02 -1.2405E+02 -1.3782E+02
0000143   1.9042E+02 -1.1453E+02 -2.1435E+02
0000144   2.8444E+02  3.3093E+02  2.0084E+02
0000145   3.0658E+02 -1.4092E+02 -6.3203E+00
0000146   1.8481E+02  9.0619E+01  2.8987E-01
0000147   2.9197E+02  1.2725E+02  4.7388E+01
0000148   4.3438E+02 -1.2795E+02 -8.2054E+01
0000149   3.5204E+02 -2.3920E+02 -2.2822E+00
0000150   4.0509E+02  1.6609E+02 -2.7479E+02
0000151   3.2313E+02  5.7059E+01 -2.0732E+01
0000154   2.8810E+02 -7.1269E+01  2.9347E+01
0000155   7.6114E+01 -1.8159E+02  1.8665E+01
0000156   1.4104E+02  1.9794E+02 -2.8133E+02
0000157   3.5305E+01 -3.4526E+01 -8.6151E+01
0000158   1.3100E+02 -1.3581E+02 -2.6854E+01
0000159   2.0503E+01  1.9604E+02 -1.3090E+02
0000160   2.8826E+02 -1.5051E+02 -1.1532E+02
0000161   2.5614E+02  1.5595E+02  7.7219E+00
0000162   1.7777E+02 -2.1484E+02  4.9300E+01
0000163   2.1470E+02  9.6840E+01  1.1524E+01
0000164   7.1871E+01  1.7619E+01 -7.1790E+01
0000165   2.8448E+02  7.2024E+01 -1.3420E+02
0000166   1.7514E+02 -5.9230E+01 -1.2780E+02
0000167   3.4933E+02 -5.0580E+01  6.1587E+01
0000168   9.0047E+01  1.0681E+02  4.6988E+01
0000169   1.2081E+02  2.7679E+01  2.0786E+02
0000170   1.5766E+02 -2.8043E+02  2.2461E+02
0000171   2.4830E+02 -5.3538E+01 -4.6593E+01
0000172   1.9137E+02 -1.8023E+02  7.4288E+01
0000173   2.5629E+02  1.0354E+01 -1.1297E+02
0000174   1.5672E+02  1.9588E+02 -8.3850E+01
0000175   1.5833E+02  4.2668E+01 -8.0876E+00
0000177   1.5959E+02 -4.5961E+01  1.0205E+01
0000178   1.2199E+02 -2.3618E+01 -6.8044E+01
0000180   1.1740E+02 -9.9499E+01 -7.7956E+01
0000181   2.9738E+02 -1.8443E+00 -5.9033E+01
0000182   2.3994E+02 -7.9354E+01  1.0060E+02
0000183   4.4028E+02  1.0329E+02 -7.2084E+01
0000184   2.2655E+01 -7.9730E+01  9.7845E+01
0000185   1.2326E+02 -5.8125E+01  1.9269E+02
0000186   3.1779E+02  9.9275E+01  1.7107E+02
0000187   2.3359E+02  1.0177E+02 -1.1210E+02
0000188   2.6338E+02  1.8874E+02  1.6532E+02
0000189   6.1527E+01  1.3357E+02  1.9429E+01
0000190   1.5515E+02  2.0547E+02  5.5444E+00
0000192   1.1997E+02 -6.4952E+01  2.1056E+02
0000193   2.9589E+02 -4.1849E+01 -2.1082E+01
0000194   3.7654E+02  9.8088E+01  1.2310E+02
0000195   1.2489E+02  7.8259E+01  1.1402E+02
0000196   8.9465E+01 -2.5434E+01  1.0896E+02
0000197   1.1119E+02  7.1825E+01 -1.4690E+02
0000198   5.4159E+02 -2.9581E+01  2.5395E+02
0000199   1.6636E+02  1.3399E+02  1.1997E+02
0000200   1.7093E+02  8.5184E+00  2.5357E+01
0000201   1.2742E+02 -2.0192E+01 -1.9144E+01
0000202   2.8688E+02  6.5748E+01 -3.1315E+01
0000203   2.0798E+02  5.2338E+01  5.6297E+01
0000204   4.4985E+02 -1.0833E+02  1.4069E+02
0000205   2.8530E+02 -1.0638E+02  1.6651E+02
0000206   3.2626E+02 -3.7778E+01 -1.0198E+02
0000207   3.1018E+02  1.7856E+01 -2.2941E+01
0000208   5.5347E+02  2.1874E+01  9.1994E+01
0000209   1.5980E+02  7.6903E+01 -2.4675E+01
0000210   3.9852E+02  1.8948E+02  1.8013E+02
0000211   2.5393E+02 -8.4391E+01  2.2178E+02
0000213   1.4476E+02 -2.9197E+00 -1.0131E+02
0000214   2.0614E+02  3.6555E+01  1.6964E+02
0000215   3.5440E+02  5.0296E+01 -7.0178E+01
0000216   1.4801E+02  7.4549E+01  5.3775E+01
0000217   2.2403E+02 -1.6011E+02 -1.0335E+02
0000218   1.1349E+01 -6.4021E+01 -2.7725E+01
0000219   2.2641E+02 -4.0227E+01  1.8241E+02
0000220   6.7040E+01 -1.5556E+01 -1.0794E+01
0000221   4.4913E+02  7.3058E+01  8.2828E+01
0000222   1.6627E+02  1.8815E+02  1.4607E+02
0000223   1.9531E+02  1.3853E+02  2.2919E+02
0000224   2.1078E+02 -3.7301E+00  5.7240E+01
0000225   2.8873E+02 -2.2047E+01 -6.8370E+00
0000226   2.9060E+02  7.0156E+01  6.6987E+01
0000227   2.4231E+02  1.2697E+02 -1.2660E+00
0000228   8.5030E+01 -7.7810E+01 -1.0018E+02
0000229   3.2763E+02  9.3333E+01  1.4193E+02
0000230   2.4769E+02  9.2874E+01 -2.5305E+01
0000231   3.3357E+02 -1.3260E+02 -2.7932E+02
0000232   2.3231E+01  9.7721E+01 -3.1284E+01
0000233   1.2154E+02  8.8546E+00  5.6792E+01
0000235   2.4211E+02 -2.7891E+02 -1.2149E+02
0000236   2.0168E+02  1.4897E+01  1.0972E+02
0000237   2.5493E+02  1.2862E+01 -3.1427E+02
0000238   2.7581E+02  5.4886E+01 -1.4720E+01
0000239   2.6289E+02  6.4568E+01  1.0411E+02
0000240   2.5331E+02 -9.4779E+01  1.1842E+02
0000241   3.6591E+02 -1.1093E+02  5.0633E+01
0000242   4.6058E+00 -4.6419E+00 -1.4521E+02
0000243   1.9970E+02 -1.2046E+02 -7.5885E+01
0000244   2.1739E+02  1.4829E+02 -1.5749E+02
0000245   2.1884E+02 -8.6252E+01 -8.5440E+01
0000247   1.6923E+02  5.9882E+01  1.2824E+02
0000248   3.4817E+02  1.5587E+02 -1.3154E+02
0000249   3.7513E+02 -6.6297E+01 -1.1696E+02
0000250   8.3579E+01 -5.6652E+01  2.8674E+02
0000251   4.7580E+02 -1.4395E+02 -4.2975E+00
0000252   8.4580E+01 -1.6643E+02 -2.0151E+02
0000253   2.2890E+02  6.1450E+00 -2.1326E+02
0000254   1.9351E+02  1.1668E+02  6.8718E+01
0000255   2.5193E+02 -1.1282E+02 -4.4650E+01
0000256   6.6693E+01 -1.0974E+02 -1.3211E+02
0000257   1.0839E+02  6.3224E+00  3.1448E+02
0000258   2.6037E+01 -8.5129E+01 -2.7736E+01
0000259   3.3553E+02  9.0697E+01  1.8461E+02
0000260   2.3984E+02 -5.0510E+01  4.2066E+00
0000261   7.7251E+01 -5.6738E+01  3.3324E+01
0000262   9.0435E+01  1.1908E+00  2.0174E+01
0000263   1.9314E+02 -8.4555E+01  3.6285E+00
0000264   4.8170E+02  7.6539E+01  2.0801E+01
0000265   1.0369E+02 -8.2674E+01  9.4495E+00
0000266   7.2813E+01  1.2337E+02  1.6699E+02
0000267   3.0771E+02 -3.1987E+01 -6.3694E+01
0000269   4.8254E+01 -6.0823E+01 -2.6288E+02
0000270   1.7995E+01  6.5382E+01  4.7195E+00
0000271   1.4564E+02  1.5582E+02 -1.3374E+02
0000272   2.2808E+02  7.3793E+01 -2.5810E+02
0000273   4.3742E+02  1.8952E+02 -1.9876E+02
0000274   1.7728E+02  3.7974E+01  2.3988E+01
0000275   3.0599E+02 -4.5968E+01 -1.0545E+02
0000276   3.0557E+02  2.3333E+01  1.0011E+02
0000277   2.6058E+02 -3.0434E+01 -9.5681E+00
0000278   2.6305E+02  5.9563E+01  1.7347E+01
0000279   1.9448E+02  9.0307E+01 -4.1351E+01
0000280   3.5879E+02  2.4502E+02  1.7901E+02
0000281   1.6823E+02  1.2212E+02  1.4604E+02
0000282   2.4455E+02 -8.9349E+01 -1.1221E+02
0000283   1.7997E+02 -3.9342E+01 -9.1905E+01
0000284   2.2665E+02  2.3325E+02  1.7056E+01
0000285   1.7916E+02  1.2696E+01 -1.0546E+02
0000286   2.3540E+02  2.6653E+02  2.0716E+01
0000287   9.1654E+01  8.9841E+01  8.2255E+01
0000288   2.9145E+02  1.1523E+02  9.3395E+01
0000289   1.3433E+02  1.7694E+01 -7.4569E+01
0000290   3.6479E+02 -1.4688E+02 -2.2102E+02
0000291   1.6605E+02 -4.6624E+01  2.2351E+02
0000292   2.4415E+02  4.7405E+01 -3.5963E+01
0000293   2.5741E+02 -2.3210E+02  2.8803E+01
0000294   1.5571E+02  3.2269E+01  2.6550E+02
0000295   2.7938E+02 -3.2170E+02 -1.3829E+02
0000296   2.5682E+02 -1.8360E+01 -3.5353E+01
0000297   1.3295E+02  6.8433E+01 -3.8054E+01
0000298   1.8071E+02 -9.2002E+01  8.3391E-01
0000299   1.6365E+02  3.0473E+01 -1.6279E+02
0000300   2.1962E+02 -1.8089E+02  8.5905E+01
0000301   1.7196E+02 -2.4460E+02  8.3543E+01
0000302   4.0827E+02 -1.0026E+02 -1.2775E+02
0000303   1.9223E+02 -6.3388E+01 -7.5696E+01
0000304   3.1398E+02 -7.7030E+01  1.9371E+01
0000305   1.9816E+02  1.2652E+02 -2.4550E+02
0000306   8.4248E+01 -2.3380E+01 -5.7585E+01
0000307   1.8481E+02 -1.5362E+01 -2.1087E+01
0000308   1.3534E+02 -2.7431E+01 -1.1166E+02
0000309   2.5313E+02  7.6591E+01  1.2316E+02
0000310   6.9859E+01 -1.9677E+02  1.1935E+02
0000311   2.7386E+01  3.5687E+01  9.3994E+01
0000312   1.6158E+02  8.9133E+01  1.9169E+02
0000313   2.4216E+02 -1.9107E+02  1.4957E+02
0000314   2.0541E+02  2.2854E+02  1.0746E+01
0000315   9.7757E+01  4.8209E+01 -4.1270E+01
0000317   1.3466E+02  3.0014E+01  9.4237E+01
0000318   1.4056E+02  6.1161E+00 -1.1459E+02
0000319   2.9420E+02 -1.8472E+02  1.9043E+02
0000320   1.1776E+02  4.2495E+01 -1.1179E+02
0000321   8.9178E+01 -4.8160E+01 -1.4317E+02
0000322   1.5452E+02  7.5077E+01 -1.2415E+01
0000323   1.2923E+02  6.3679E+01  1.1778E+02
0000324   3.8197E+02  1.7319E+02 -1.2946E+02
0000325   1.6530E+02 -3.8749E+01 -4.9795E+01
0000326   1.0740E+02 -6.4126E+01 -1.5134E+02
0000327   3.1983E+01 -7.7034E+01  2.3278E+02
0000328   2.7396E+02  2.7045E+01  4.4869E+01
0000329   2.1071E+02 -1.4433E+02  2.2351E+01
0000330   1.7847E+02  1.5159E+02  1.6303E+02
0000331   2.2352E+02  3.7179E+01 -1.2081E+02
0000332   2.5460E+02  1.0365E+02 -6.8511E+01
0000333   2.1402E+02  4.6550E+01 -1.6636E+02
0000334   3.5036E+02 -5.2996E+01  1.8494E+01
0000335   2.5214E+02 -2.1742E+00  8.3149E+01
0000336   1.4394E+02  2.2962E+02 -4.9773E+01
0000337   1.2151E+02 -2.8939E+01  6.9232E+01
0000338   2.3624E+02  7.8313E+01  3.6682E+00
0000339   1.4745E+02  1.3749E+02 -6.5967E+01
0000340   3.0784E+02  5.0510E+01  2.6013E+02
0000341   2.7106E+02  3.6177E+01 -6.7111E+01
0000342   1.3788E+02  7.2808E+01  8.8308E+01
0000343   2.0923E+02 -2.3303E+02  8.4507E+00
0000344   1.5171E+02  1.1575E+00  2.5937E+01
0000345   5.9631E+01 -1.3152E+02  4.2046E+01
0000346   1.7529E+02  3.4309E+01  1.7477E+02
0000347   3.7829E+02 -1.5596E+02  1.2716E+02
0000348   1.9912E+02  1.0904E+01 -2.2868E+01
0000349   2.3096E+02  4.1638E+01  1.3045E+02
0000350   2.3621E+02 -6.6115E+01 -5.4943E+01
0000351   2.4261E+02 -5.6109E+01 -1.0300E+02
0000352   3.3792E+02  1.0162E+02  7.9292E+01
0000354   2.5491E+02 -7.5122E+01 -3.8506E+01
0000355   3.8528E+02 -2.6484E+01  4.0837E+01
0000358   8.3106E+01  2.2536E+02  2.7752E+01
0000359   2.9622E+02 -3.1702E+01 -1.4801E+02
0000360   1.2204E+02  4.2229E+01  4.1803E+01
0000361   3.3559E+02  1.5037E+02  8.1158E+01
0000362   5.2205E+01 -7.4232E+01  2.3685E+02
0000364   3.2525E+01 -3.2908E+01 -4.3637E+01
0000365   2.6653E+02  6.0357E+01  1.0240E+02
0000366   1.8282E+02 -8.2870E+01 -7.3762E+00
0000367   9.2327E+01  6.4683E+01 -1.6235E+02
0000368   2.5458E+02  5.6378E+01  9.5745E+01
0000369   1.3103E+02 -1.6650E+01  5.6556E+00
0000370   3.6239E+02  1.0672E+02 -3.6165E+01
0000371   3.6555E+02 -3.4668E+01  1.4534E+02
0000372   3.6379E+02  6.2157E+01 -2.7292E+02
0000373   2.5305E+02  1.5170E+02  1.5386E+02
0000374   1.0828E+02  3.5109E+01  2.5261E+01
0000375   2.4957E+02  1.6761E+02 -1.4175E+02
0000376   2.4624E+02  7.7557E+01 -1.7886E+02
0000377   8.5759E+01  1.0138E+02  1.4361E+02
0000378   9.6420E+01  1.3834E+02 -1.5802E+02
0000379   3.2786E+02 -1.2997E+02  2.0931E+02
0000381   4.1536E+01 -7.8156E+01  2.3027E+01
0000384   1.2313E+02 -1.3004E+02  6.5993E+00
0000385   2.1415E+02  6.1454E+01 -4.8708E+01
0000386   1.6003E+02  8.0070E+01 -1.6409E+01
0000387   2.1117E+02  1.7876E+02 -2.3567E+01
0000388   3.7320E+02 -4.1246E+01 -3.0128E+01
0000389   1.7059E+02 -1.2906E+02 -2.5939E+01
0000390   1.8685E+02 -1.3747E+02 -5.3404E+01
0000391   1.7037E+02  4.9053E+01 -1.8233E+02
0000392   1.3613E+02 -1.1729E+02  4.4048E+01
0000393   5.8588E+02  1.1048E+02 -1.8006E+01
0000394   2.7453E+02  7.1135E+01  1.3123E+01
0000395   1.8930E+02  7.2175E+01  1.7199E+02
0000396   3.8705E+02  3.0276E+00  7.0879E+01
0000397   1.8207E+02 -9.0329E+01  1.1744E+02
0000398   2.6762E+02 -5.0201E+01  4.0364E+00
0000399   4.0109E+01  1.1302E+02  3.4489E+01
0000400   6.6281E+01 -1.0801E+01 -1.0046E+01
0000401   4.1348E+02 -6.7569E+01  1.8224E+02
0000402   2.1997E+01  7.1874E+00 -2.2052E+02
0000403   7.0293E+01  3.0576E+02 -1.1291E+02
0000404   2.1344E+02  1.4086E+02 -9.8578E+00
0000405   1.8754E+02  1.2064E+02 -1.6692E+01
0000406   2.1155E+02  3.3194E+01 -9.4963E+01
0000407   1.7119E+02 -9.2092E+01 -3.4077E+01
0000408   7.5802E+01  2.3477E+02  1.5370E+02
0000409   8.6896E+01 -1.1377E+02  7.3059E+01
0000410   6.1349E+01 -2.1329E+01 -2.3961E+01
0000411   2.8341E+02 -1.8424E+01 -2.8130E-01
0000414   1.8462E+02  2.0859E+01  1.6906E+02
0000415   6.7705E+01  7.5132E+01  8.8783E+01
0000416   1.8254E+02  8.8356E+01  1.1910E+02
0000417   9.4472E+01  1.0157E+01  1.2078E+02
0000418   4.2363E+02  1.7595E+02  1.2754E+02
0000419   2.4034E+02  1.8267E+01  4.7517E+01
0000420   1.7483E+02 -6.9384E+01  6.2328E+01
0000421   1.1305E+02  2.2293E+02 -4.4665E+01
0000422   3.3299E+02 -5.3871E+00 -2.8753E+01
0000423   1.8857E+02  7.4228E+00 -1.7203E+00
0000424   1.6718E+02 -7.9823E+01 -1.4277E+01
0000425   4.7653E+00  5.2782E+01 -2.2079E+01
0000426   3.3307E+02 -1.3276E+02  1.3194E+02
0000427   3.4025E+02  1.2658E+02  7.0971E+01
0000428   9.0659E+01 -2.6946E+02  1.7704E+02
0000429   1.8898E+02  1.9035E+02 -9.8861E+01
0000430   2.0518E+02  2.1529E+01  4.3275E+01
0000431   2.8058E+02  3.9203E+01 -4.3374E+01
0000432   4.3187E+02  1.0244E+02  1.2518E+02
0000433   1.7447E+02  3.0853E+02  2.2716E+02
0000434   1.0625E+02 -1.7569E+02  7.4695E+01
0000435   1.0407E+02 -1.1178E+02 -1.1925E+02
0000436   3.5782E+02 -3.3415E+01 -1.4675E+02
0000437   2.7770E+02  2.7352E+01  7.3726E+01
0000438   2.8461E+02 -2.6747E+02 -9.2655E+00
0000439   4.2528E+02 -1.9558E+02  2.7214E+01
0000440   2.9737E+02  6.6637E+01 -1.0005E+02
0000441   1.0163E+02 -1.3732E+02  3.3734E+01
0000442   3.8940E+02  1.2107E+00 -5.6035E+00
0000443   1.9237E+02  1.6781E+01 -1.4277E+01
0000445   2.4185E+02  1.0988E+02  1.7626E+02
0000446   2.7131E+02 -1.6125E+02 -1.4723E+02
0000448   2.4030E+02  6.6674E+01 -1.1995E+02
0000449   1.5527E+02 -8.3669E+01  1.6925E+02
0000450   1.3590E+02 -3.2889E+02 -6.3331E+01
0000451   5.2323E+02 -6.5433E+01  1.8793E+02
0000452   2.6438E+02 -1.0472E+02  3.0854E+01
0000453   2.2293E+02 -1.5272E+01 -2.1234E+01
0000454   3.1516E+02  4.7844E+01 -1.8058E+02
0000455   2.1364E+01 -1.0014E+02  2.6812E+02
0000456   3.6354E+02 -9.7241E+01 -4.5917E+01
0000457   3.4997E+02 -3.0824E+02  1.7811E+02
0000458   1.4569E+02  4.6769E+01 -6.8964E+01
0000459   2.1941E+02  4.8527E+01  6.1803E+01
0000460   2.2395E+02  1.4968E+01  7.2694E+01
0000461   7.1409E+01 -1.0825E+02  3.6874E+02
0000462   1.1953E+02 -1.6046E+01 -1.2044E+02
0000464   7.0059E+01 -1.8903E+02 -1.5568E+01
0000465   6.9635E+01 -1.9602E+02 -7.1263E+01
0000466   3.0034E+02 -1.7020E+02  2.5496E+01
0000467   6.6000E+01 -9.2961E+01  3.4970E+01
0000468   1.4210E+02 -1.1814E+01 -8.6960E+01
0000469   1.2560E+02  1.0819E+02 -6.9335E+01
0000470   2.4154E+02  1.9437E+02 -2.0131E+01
0000471   2.7412E+02  2.4946E+02  1.3919E+01
0000472   4.1570E+02 -1.8431E+02  1.5147E+02
0000474   1.5990E+02 -2.0878E+01 -1.2525E+02
0000475   2.2857E+02  7.2409E+01  6.3921E+01
0000478   6.1895E+02  8.5365E+01 -2.0406E+02
0000479   1.9886E+02 -1.7013E+02  1.7557E+02
0000480   1.6923E+02  7.9292E+01 -2.0428E+01
0000481   1.5930E+02  2.7524E+02 -1.2925E+02
0000482   3.4215E+02 -2.4804E+02 -1.1228E+02
0000483   3.3485E+02  4.9478E+01  4.4022E+01
0000484   2.1373E+01  1.5708E+02 -2.9632E+02
0000485   2.6391E+02 -7.1171E+01 -1.3380E+01
0000486   1.0638E+02  6.3737E+01  8.9710E+01
0000487   9.6423E+01  5.8402E+01  8.6938E+01
0000488   1.4969E+02  8.7324E+01  3.0432E+00
0000489   2.3834E+02 -2.3544E+01  7.2326E+01
0000490   1.7800E+02  3.3838E+01  4.8082E+01
0000491   1.5152E+02 -1.0737E+01 -5.4890E+00
0000492   5.0989E+01  2.1811E+01  2.1042E+02
0000493   4.3837E+02 -6.2579E+01 -1.3599E+02
0000494   2.8165E+02  3.1590E+02 -7.4300E+01
0000495   1.4373E+02  3.7670E-01  9.1356E+01
0000497   1.1261E+02 -1.3939E+02  6.6925E+01
0000498   2.3298E+02 -1.6454E+02  6.6499E+01
0000499   1.3831E+01  9.1431E+01  7.8370E+01
0000501   1.2768E+02 -1.6046E+01  9.8055E+01
0000502   1.2020E+02  7.4891E+01 -8.3700E+01
0000503   4.1405E+02 -1.2249E+02  5.8705E+01
0000504   1.1174E+02 -1.4403E+02  4.0721E+01
0000505   1.0952E+02 -5.8180E+01  7.9831E+01
0000506   2.6805E+02 -1.8777E+02 -4.7069E+01
0000507   3.4238E+02 -1.0043E+02 -9.5077E+01
0000508   2.3014E+02 -1.6673E+00  3.0152E+01
0000509   1.2611E+02  3.8671E+01 -2.2835E+01
0000510   3.2010E+02  6.9922E+01 -9.8614E+00
0000511   4.5668E+01  2.2860E+01  2.7625E+01
0000512   3.1625E+01 -9.1663E+01  2.7454E+01
0000513   2.2208E+02 -5.9531E+01 -6.7428E+01
0000514   1.6460E+02  2.7467E+01 -1.1378E+02
0000515   2.9708E+02 -5.5301E+01  1.1324E+01
0000516   3.8691E+02 -7.8512E+00  1.6862E+02
0000517   2.5530E+02  2.3864E+02  1.2041E+02
0000518   2.6346E+02  2.6183E+01  1.2428E+02
0000520   3.6084E+02 -1.2123E+01  4.0350E+01
0000521   1.8096E+02 -2.6170E+01 -4.6692E+01
0000522   2.6270E+02 -1.1203E+02  4.6394E+01
0000523   1.6959E+02  1.1859E+02  4.2225E+01
0000524   1.0127E+02  2.0214E+02  1.0811E+01
0000525   2.9798E+02  1.2478E+02  8.1251E-01
0000526   2.3837E+02  8.9389E+01  4.0252E+01
0000527   3.0192E+02  1.2097E+02  1.8330E+02
0000528   1.6213E+02  5.5330E+00 -1.0127E+02
0000529   2.9778E+02  1.0124E+02  2.7859E+02
0000530   2.0467E+02  1.0155E+02  9.3604E+01
0000531   6.1755E+01 -1.7968E+02 -2.0168E+02
0000532   2.9823E+02  1.5673E+02 -1.7525E+01
0000533   4.0269E+02 -3.7507E+00 -1.4793E+02
0000534   3.0542E+02 -2.7227E+01  6.6120E+01
0000535   1.2433E+02  1.3440E+02  4.7706E+00
0000536   2.5678E+02  1.2961E+02 -1.1924E+02
0000537   3.0438E+02 -8.4449E+01  4.6013E+01
0000539   6.0755E+01 -1.2987E+02  1.4736E+02
0000540   7.2543E+01 -2.2142E+02 -1.9874E+02
0000541   1.3076E+02 -4.2399E+01  6.4691E+01
0000542   1.5200E+02  1.6479E+02 -4.8544E+01
0000543   2.9789E+02 -2.0415E+02 -1.6205E+01
0000544   8.6198E+01  8.4285E+00  1.7706E+02
0000545   3.9685E+02 -1.3052E+02 -4.8055E+01
0000546   2.7981E+02  1.8672E+02 -1.1325E+02
0000547   1.4987E+02 -1.3930E+01  3.5759E+01
0000548   1.0000E+02  6.5454E+01 -8.8216E+01
0000549   8.5348E+01 -1.5778E+02 -1.6642E+02
0000550   1.4690E+02  2.6692E+01  2.9702E+01
0000551   3.3761E+02 -1.2579E+02 -1.1240E+02
0000552   2.0397E+02 -2.1211E+00  5.0187E+01
0000553   1.8324E+02  1.2942E+02 -1.4593E+02
0000554   1.4673E+02 -8.8293E+00  1.9066E+01
0000555   2.5798E+02 -4.1132E+01 -9.9904E+01
0000556   1.0854E+02 -5.7982E+01 -1.4038E+02
0000557   2.1331E+02  6.8123E+01 -2.0327E+02
0000558   7.3695E+01 -2.3826E+01 -1.9438E+02
0000559   2.7552E+02 -4.2506E+00  6.4508E+01
0000560   2.0194E+02  6.0517E+01  1.5450E+01
0000561   1.7992E+02  6.1063E+01  1.1764E+02
0000562   7.2174E+01  6.1345E+00  5.2482E+01
0000563   5.0656E+02 -1.3632E+02  1.1862E+02
0000564   1.8364E+02 -1.2075E+02 -1.6683E+02
0000565   2.4553E+02  7.9791E+01  2.6834E+02
0000566   3.8133E+02  9.6701E+01 -1.1460E+02
0000567   8.8143E+01 -7.1560E+01 -7.2032E+01
0000568   2.2599E+02 -6.7640E+01 -2.6324E+01
0000569   3.0842E+02  2.1788E+01 -2.0907E+02
0000570   3.4474E+02 -3.1565E+01  3.5352E+01
0000571   1.3666E+02  1.5234E+02  8.1413E+00
0000572   1.9154E+02  1.6844E+02  2.4393E+02
0000573   1.7876E+02 -4.3124E+01 -9.2191E+01
0000574   1.2780E+02  4.7721E+01 -1.3335E+02
0000575   1.9187E+02  1.9426E+02 -2.4259E+02
0000576   3.2631E+02  8.9363E+01  2.5891E+01
0000578   1.2087E+02 -1.9790E+02 -2.2739E+02
0000579   1.0446E+02  1.4682E+02 -1.0739E+02
0000580   2.7274E+02  9.1534E+01 -1.3747E+02
0000582   3.9246E+01 -1.4873E+01 -3.6522E+01
0000583   3.3889E+02  2.2819E+02 -1.1031E+02
0000585   2.9678E+02  5.7652E-01  8.2509E+01
0000586   1.8521E+02  2.1525E+02  7.1595E+01
0000587   3.0746E+02  1.3738E+02 -5.1648E+01
0000588   3.8002E+02 -8.0312E+01 -1.7965E+00
0000589   1.8580E+02  5.7226E+01  3.8110E+02
0000590   2.5267E+02  7.0817E+01 -6.8696E+01
0000591   4.9625E+01 -1.8171E+01 -2.1682E+02
0000592   1.2341E+02  1.8481E+01 -5.0509E+01
0000593   3.2054E+02 -3.0866E+01  4.7984E+01
0000594   3.5462E+02 -2.2990E+01  9.0743E+01
0000595   3.1843E+02 -1.1311E+02 -1.1384E+02
0000596   2.8769E+02  2.1958E+02  3.5253E+01
0000597   4.7115E+02 -2.4951E+02 -4.9544E+01
0000598   8.1259E+00 -1.0790E+02 -4.4622E+01
0000599   3.3359E+02 -3.3398E+01  9.2632E+01
0000600   8.9045E+01 -1.0357E+02 -1.8053E+02
0000601   1.4816E+02  8.1421E+01  2.3981E+01
0000602   3.8826E+01  8.2805E+01  4.9919E+01
0000603   2.8616E+02 -1.9324E+02  1.1021E+02
0000604   1.2571E+02 -2.1725E+02 -1.1930E+02
0000606   4.0115E+02  5.4722E+01 -1.1295E+01
0000607   2.1844E+02 -1.7711E+02  1.2915E+02
0000608   2.7841E+02 -1.7130E+02  2.3120E+02
0000609   2.3044E+02  7.9604E+01  2.9001E+02
0000611   2.1247E+02 -4.5452E+01  8.9929E+01
0000612   3.0338E+02  3.5619E+02 -2.4593E+02
0000613   8.7731E+01  2.1273E+02 -2.9295E+01
0000614   2.3506E+02  1.0375E+02 -5.5444E+01
0000615   2.5676E+02 -1.5351E+02 -9.8737E+01
0000617   2.7064E+02  1.7090E+01  2.9376E+01
0000618   1.5832E+02 -9.0948E+00  3.9019E+01
0000619   2.5607E+02  1.8147E+02 -1.7395E+02
0000620   4.7723E+02  6.8181E+01  4.3368E+01
0000621   5.0814E+01 -6.2137E+00  1.5065E+02
0000622   2.3053E+02  1.6749E+02  1.1523E+01
0000623   2.1829E+02  3.1321E+00  1.5104E+02
0000624   1.6962E+01 -1.9057E+02  1.5545E+02
0000625   2.8841E+02  2.0826E+02  1.8118E+02
0000626   2.3059E+02 -4.4345E+01  1.4926E+02
0000628   2.3775E+02  1.5149E+02 -3.5894E+01
0000629   1.9273E+02  1.5176E+00  8.5430E+01
0000630   2.5169E+02  8.3701E+01  3.5013E+01
0000631   2.9253E+02  3.1950E+01 -9.9613E+01
0000632   2.7077E+02  5.4769E+01 -6.7265E+01
0000633   3.1772E+01 -2.3821E+02 -2.4829E+01
0000634   2.8656E+02  1.1233E+02 -5.4029E+00
0000635   4.2559E+02 -4.4354E+02 -1.6734E+02
0000636   3.7676E+01 -7.4142E+01 -1.3672E+02
0000637   8.7242E+01 -2.2210E+01  1.2507E+02
0000638   2.4991E+02  3.2367E+01  6.2378E+01
0000639   2.0054E+02  1.9470E+02  5.4993E+01
0000640   7.8714E+01 -1.1384E+02 -9.6407E+01
0000641   2.6136E+02  2.0883E+01 -3.5360E+01
0000642   3.1178E+02 -8.9604E+01 -6.1774E+01
0000643   2.6127E+02  7.5171E+01 -7.9933E+01
0000644   1.5998E+02 -5.3625E+00  1.2602E+02
0000645   2.3250E+02 -6.9939E+01 -2.7159E+01
0000646   1.5043E+02 -6.0527E+01  6.8048E+01
0000647   5.0911E+01 -6.8760E+01 -3.3093E+01
0000648   8.4733E+01 -1.0307E+02  1.3336E+02
0000649   2.4490E+02 -1.8805E+02 -9.7563E+01
0000650   6.4331E+01  6.6492E+01 -1.1239E+02
0000651   2.0978E+02  1.1457E+02 -2.1587E+01
0000652   2.0117E+02 -8.2156E+01 -1.6469E+02
0000653   1.3947E+02  1.9604E+01  3.2242E+02
0000654   3.4970E+02 -1.4792E+01 -5.3694E+01
0000655   3.3209E+02  1.1004E+02 -1.1177E+02
0000656   3.7712E+02 -3.3053E+01 -1.3578E+02
0000657   2.3916E+02  1.0536E+02  7.6763E+01
0000658   1.3975E+02  1.3601E+02  9.2628E+01
0000659   4.0015E+02 -4.7870E+01  1.2259E+01
0000660   2.3802E+02  2.1441E+02  7.7676E+01
0000661   3.1514E+02  4.6982E+01  5.8874E+01
0000662   1.9037E+02  1.5811E+02 -3.2464E+01
0000663   2.6533E+02  1.1548E+02  1.6713E+02
0000664   2.0244E+02  6.8584E+01 -2.3920E+02
0000665   1.9021E+02  4.1227E+01 -4.7152E+01
0000666   8.1034E+01 -7.5922E+01  2.0659E+02
0000667   1.1616E+02 -3.6810E+01 -9.4299E+01
0000668   2.2358E+02 -5.9008E+01  2.0788E+02
0000669   1.9108E+02  2.7782E+02  4.5602E+01
0000670   4.6095E+02  1.1803E+02 -2.8333E+02
0000671   2.1364E+01 -1.0021E+02 -7.2705E+01
0000672   3.6738E+02 -7.1069E+01  1.5502E+02
0000673   6.8911E+01  1.8966E+01 -1.0544E+01
0000674   2.0382E+02 -2.1201E+02 -6.1837E+01
0000675   4.6490E+01 -9.5542E+01 -2.2070E+02
0000676   3.8674E+02  3.3043E+02  8.4157E+01
0000677   1.7576E+02 -3.7494E+02 -1.7520E+02
0000678   2.6154E+02 -1.0265E+02  1.2972E+02
0000679   3.6813E+02 -7.8163E+01  1.8946E+02
0000680   1.3173E+02  9.9844E+01  6.0786E+01
0000681   1.8420E+02 -2.5244E+01  1.5453E+02
0000683   2.9663E+02  4.5855E+01 -1.1654E+02
0000684   2.3743E+02  2.0676E+02 -7.6244E+01
0000686   1.6527E+02  1.1147E+02 -2.5254E+01
0000687   8.6041E+01 -8.4911E+01  7.8308E+01
0000688   1.4739E+02 -7.9933E+01 -9.9380E+01
0000689   2.6260E+02  8.7304E+01  1.3390E+02
0000690   8.6983E+01 -1.0175E+02  1.4281E+02
0000691   3.9082E+02 -6.6209E+01 -1.0841E+01
0000692   2.6840E+02  6.3508E+01  1.1851E+02
0000693   7.9388E+01 -4.0880E+01  3.8962E+01
0000694   3.3439E+02  1.6537E+02  4.7786E+01
0000695   1.9693E+02  6.7791E+01  2.0478E+01
0000696   6.1240E+01  1.3293E+02 -1.7815E+02
0000697   2.7969E+02  2.0234E+02  4.4736E+01
0000698   8.5260E+01 -1.3878E+02 -8.6160E+01
0000699   1.1816E+01  8.7389E+01 -1.1355E+01
0000700   2.4130E+02 -9.4784E+01 -6.0346E+01
0000701   4.2200E+02 -1.2801E+02 -3.0857E+02
0000702   1.0153E+02 -1.2701E+02  1.3924E+02
0000703   2.6197E+02  1.0618E+02  2.1716E+02
0000704   4.5957E+01 -1.4299E-01 -6.2448E+01
0000705   1.6378E+02 -2.0851E+01 -6.2507E+00
0000706   2.0213E+02 -1.8666E+01  2.9402E+02
0000707   6.4675E+01 -6.8425E+01  3.4503E+01
0000708   4.7651E+01  4.1751E+01  5.4657E+01
0000709   2.6181E+02 -1.8578E+01 -6.4201E+01
0000710   2.3172E+02 -5.8300E+01 -1.6087E+02
0000711   3.0331E+02 -1.4307E+02  1.5728E+02
0000712   3.3900E+02  4.8343E+01 -8.4190E+01
0000713   1.9960E+02 -1.4671E+02 -1.0430E+01
0000714   2.2902E+02  4.5276E+01  3.3218E+01
0000715   1.1590E+01  6.2477E+01  3.9016E+01
0000716   3.7417E+02 -1.9788E+01 -2.2691E+02
0000718   2.8444E+02 -1.1264E+02  1.6943E+02
0000720   2.7211E+02 -2.2471E+02 -2.3273E+01
0000721   8.2161E+01 -3.2376E+01  5.1739E+01
0000722   2.0888E+02 -5.2288E+00 -1.2619E+01
0000723   9.6660E+00  1.3164E+01 -1.1000E+02
0000724   2.2089E+02 -1.4935E+02 -5.2510E+01
0000725   1.2590E+02 -2.7138E+01 -1.6118E+01
0000726   1.2996E+02  4.8983E+01 -1.0762E+02
0000727   2.0355E+02  1.3328E+02  1.5478E+02
0000728   5.1692E+01 -1.6104E+02 -6.8549E+01
0000729   6.8235E+01 -1.7102E+01  4.0626E+01
0000730   1.4274E+02 -2.1079E+02  1.8653E+02
0000732   2.4268E+02 -1.1003E+02 -1.3940E+02
0000733   1.3011E+02  2.6342E+01  2.4306E+02
0000734   1.0951E+02  2.4478E+02  2.2310E+02
0000735   7.1002E+01 -7.6791E+01 -5.7682E+01
0000736   1.4023E+02  9.9579E+01  3.3640E+01
0000737   1.3754E+02 -5.9141E+01 -3.4391E+00
0000738   2.0768E+02  2.5183E+02 -1.5360E+01
0000739   2.3520E+02 -1.4908E+02  3.0707E+02
0000740   1.3510E+02  8.0511E+01  4.8777E+01
0000741   1.6393E+02  9.8364E+01  1.1995E+02
0000743   2.8696E+02 -4.9921E+01  1.2897E+02
0000744   1.4602E+02  2.6732E+01  5.9109E+01
0000746   3.8466E+02 -1.3473E+02 -7.2685E+01
0000747   3.8475E+02  1.5573E+01  1.7033E+02
0000748   1.9534E+02  5.4301E+01 -1.1748E+02
0000749   4.5967E+02 -8.4119E+01  1.8715E+02
0000750   1.0226E+02  5.1868E+01  2.2142E+01
0000751   3.8374E+02 -5.3654E+01 -1.0686E+02
0000752   6.6221E+01 -4.6231E+01  5.1615E+01
0000753   2.9228E+02 -1.5181E+02 -1.2821E+01
0000754   1.5552E+02 -1.0202E+01  5.9581E+01
0000755   3.0960E+02  1.5678E+02  1.5242E+02
0000756   4.3945E+01 -2.3758E+01 -1.5202E+02
0000757   1.2486E+02  1.1039E+01  5.2132E+01
0000758   2.2444E+02 -3.3800E+02 -1.5275E+02
0000759   4.9063E+02  1.9685E+02 -1.5842E+02
0000760   9.1704E+01 -5.4293E+01 -7.0892E+01
0000762   2.3028E+02  1.6300E+02 -2.1500E+02
0000763   3.6843E+02 -1.1021E+02 -9.3551E+01
0000764   9.6727E+01  1.5557E+02 -8.2210E+01
0000765   1.7021E+02  1.3262E+02  1.5269E+01
0000766   3.6766E+02 -8.7342E+01 -2.5865E+01
0000767   3.2830E+02 -4.2719E+01 -1.0142E+02
0000768   2.3955E+02 -8.4231E+01  5.6847E-01
0000769   2.0082E+02  1.3124E+02 -1.0415E+00
0000770   1.4916E+02  1.9366E+01  1.4793E+02
0000771   6.0282E+01 -1.5146E+02 -9.1752E+01
0000773   2.5595E+02  3.8158E+01  8.1383E+01
0000774   4.1933E+02 -1.2782E+02 -4.8506E+01
0000775   2.3872E+02 -1.9244E+02  1.3137E+01
0000776   3.3831E+02  1.2731E+02 -4.8999E+01
0000777   1.2692E+02  1.6065E+02 -3.0093E+01
0000778   2.0904E+01 -6.7514E+01  1.7530E+01
0000779   2.3430E+02 -1.5952E+01 -1.2696E+02
0000780   4.8576E+01  2.9834E-01 -5.9617E+01
0000781   1.0996E+02  1.4914E+02  1.6282E+02
0000782   1.2860E+02  7.9790E+01 -9.0155E+01
0000783   2.7664E+02 -9.3832E+01 -4.3667E+00
0000784   1.9436E+02  2.3734E+02 -9.5635E+00
0000785   3.1741E+02 -2.5266E+01 -8.3841E+01
0000786   6.7271E+01 -5.7477E+00  6.0694E+01
0000787   2.1900E+02  1.3863E+02  4.5093E+01
0000789   2.9555E+02  1.0399E+02 -1.4221E+02
0000790   2.6865E+02  4.5453E+01 -2.5351E+02
0000791   3.3354E+02 -2.3011E+01  1.4546E+02
0000792   2.4661E+02  9.5446E+00 -1.9592E+01
0000793   3.0582E+02  2.1826E+01 -7.1200E+01
0000794   3.7174E+02  6.7309E+01  2.1448E+02
0000795   1.2642E+02 -1.0167E+01 -1.0226E+02
0000796   5.5113E+02 -3.4615E+01 -1.0168E+02
0000797   1.3487E+01 -9.5471E+01 -3.1738E+01
0000798   3.7483E+02 -3.9238E+01  1.8836E+02
0000799   1.3962E+01 -9.7863E+00 -2.5969E+02
0000800   1.3557E+02 -2.7843E+01  1.9828E+02
0000801   1.9270E+02 -9.9715E+01  1.9234E+02
0000802   1.4352E+02  3.8607E+01  9.0188E+00
0000803   1.9607E+02  5.3820E+01 -1.2535E+02
0000804   2.7701E+01  6.8593E+01 -1.7475E+02
0000805   3.9847E+02  1.4665E+02 -1.8756E+01
0000806   1.9367E+02 -1.6790E+02 -3.4954E+01
0000807   2.5560E+01  1.0725E+01  1.3652E+02
0000809   2.7878E+02  1.1024E+02  2.3208E+02
0000811   2.9197E+02 -5.5017E+01  8.7330E+01
0000812   3.7601E+02  2.3812E+01  1.2772E+02
0000813   5.2327E+01  1.1472E+02  3.7461E+01
0000814   1.8249E+02 -8.7407E+01  1.9084E+01
0000815   2.3269E+02  1.1608E+02  1.2197E+02
0000816   1.5121E+02  5.3474E+01 -3.3213E+02
0000817   1.1591E+02  3.4209E+01  8.9186E+01
0000818   3.6634E+02 -1.7135E+01  4.9953E+01
0000819   2.4303E+02  1.6144E+02  9.6430E+01
0000820   2.7455E+02 -2.9199E+02 -2.0322E+01
0000821   2.4934E+02 -2.9602E+02  4.3986E+01
0000822   4.8952E+02 -1.7021E+01 -3.4466E+01
0000823   1.6613E+02 -3.9929E+01  2.3420E+01
0000824   1.9658E+02 -1.9139E+02  1.3651E+02
0000825   2.7545E+02 -6.0735E+01  1.9040E+01
0000827   6.5077E+01 -4.8494E+01 -1.1829E+02
0000828   2.6650E+02 -1.6854E+02 -1.0049E+02
0000829   2.7098E+02 -9.7286E+01  1.2024E+02
0000830   8.0989E+01  3.5965E+02  1.3468E+02
0000831   8.7163E+01 -4.6979E+01 -3.7857E+02
0000832   1.7749E+02  7.8266E+00 -9.5479E+01
0000833   3.6505E+02 -2.8863E+02 -1.7421E+02
0000834   5.5392E+01 -1.6692E+02  1.3108E+02
0000835   3.8333E+02  1.0732E+02  5.6128E+01
0000836   5.7429E+01  2.1736E+02 -8.3588E+01
0000837   6.5862E+01 -2.4911E+01 -1.3082E+02
0000839   1.5007E+02 -3.6686E+01 -1.3482E+02
0000840   3.4609E+01 -1.1089E+02 -1.3066E+02
0000841   1.9143E+02  1.5135E+02 -7.6202E+01
0000842   1.8450E+02 -1.2908E+02 -1.7005E+02
0000843   4.0407E+02  9.5137E+01  9.6458E+01
0000844   6.7226E+01  7.5566E+01  1.7100E+02
0000845   4.1286E+02  2.0232E+01 -3.1370E+02
0000846   2.8464E+02  3.4982E+01  3.7447E+01
0000847   3.5011E+02 -7.3302E+01  1.4644E+02
0000848   3.5081E+02 -5.7013E+01 -9.8814E+00
0000849   1.1010E+02  1.6909E+01  1.4097E+02
0000850   2.0850E+02  2.2757E+02  4.9857E+01
0000851   3.5183E+02 -8.1454E+01  5.9996E+01
0000852   2.8432E+02 -2.2978E+02 -1.2724E+02
0000853   2.3152E+02  1.8738E+02 -1.0944E+01
0000854   1.8494E+02 -2.3763E+02  8.5838E+01
0000855   3.0023E+02  1.9413E+02  6.7815E+00
0000856   1.5883E+02 -1.1339E+02  1.8367E+02
0000857   8.4541E+01  6.8603E+01 -5.0561E+01
0000858   3.2089E+02  6.6470E+00 -9.9333E+01
0000859   1.7311E+02 -1.9976E+02  4.1593E+00
0000860   3.5198E+02 -4.5390E+01  7.2894E+01
0000862   5.9091E+01  1.0172E+02 -1.1246E+02
0000863   2.7578E+02 -6.7739E+01 -1.7092E+01
0000864   1.4129E+02  1.0335E+02  7.2650E+01
0000865   1.5371E+02  1.1859E+02  1.0387E+02
0000866   8.8837E+01 -1.2137E+01 -1.2779E+01
0000867   1.2618E+02 -3.4227E+01  4.7558E+01
0000868   2.4976E+02 -6.5832E+00  2.2671E+02
0000870   1.9388E+02 -1.3070E+02  9.5739E+01
0000871   1.6434E+02 -3.6948E+01  1.0274E+02
0000872   6.9763E+01 -7.9007E+01 -1.5052E+02
0000873   6.9442E+01 -1.0829E+02 -1.3307E+02
0000874   1.2163E+02  1.6218E+01  1.6663E+02
0000875   1.8107E+02 -4.4470E+01  5.5841E+01
0000876   4.6655E+02  1.6285E+02 -1.6008E+02
0000877   4.5008E+02 -1.0646E+02 -8.0937E+01
0000878   1.0311E+02  1.4048E+02 -1.0630E+02
0000879   4.1920E+02  1.1487E+02 -4.1308E+01
0000880   3.9515E+02 -6.3828E+01  1.7793E+02
0000881   1.3481E+02 -2.1078E+02  6.0712E+00
0000882   2.3786E+02 -1.5256E+02  4.9466E+01
0000883   6.7864E+01  1.7548E+02  1.6364E+02
0000884   8.8949E+01  9.5248E+01 -1.0758E+02
0000885   9.9831E+01 -2.0233E+02 -9.6635E+01
0000886   2.3531E+02  5.2477E+01 -3.8090E+01
0000887   2.2195E+02  1.2996E+02  2.5689E+02
0000888   1.8383E+02 -1.4033E+02  1.1972E+02
0000889   2.9901E+02 -3.3828E+02 -1.0480E+02
0000890   1.0722E+02 -1.6555E+02  1.3570E+02
0000891   8.5323E+01  1.9851E+02  1.7353E+02
0000892   3.2152E+02  1.1445E+02  2.8164E+01
0000893   2.3836E+02 -9.1027E+01  1.5566E+02
0000894   2.0504E+02 -3.7478E+01 -8.5786E+01
0000895   5.4129E+01 -1.3162E+02  1.3962E+02
0000896   1.8358E+02 -1.0290E+02  9.4501E+01
0000897   2.1732E+02 -2.1593E+01  6.2540E+01
0000898   1.9541E+02  2.2631E+02 -7.5414E+01
0000899   2.1581E+02  1.5945E+01  3.2569E+01
0000900   9.1525E+01 -8.1359E+01  4.0694E+00
0000901   2.4304E+02  1.1905E+02 -1.4981E+02
0000902   6.6901E+01 -5.9110E+01  8.4753E+01
0000903   1.7321E+02  6.7706E+01  1.5091E+02
0000904   1.5996E+02  6.0103E+01 -3.2940E+01
0000905   2.3832E+01  1.2553E+01 -2.0676E+01
0000906   8.2869E+01 -5.7441E+01 -2.2337E+02
0000907   1.1041E+02  1.1220E+02 -5.8541E+01
0000908   3.8262E+02 -3.9102E+01 -2.6797E+02
0000909   3.3359E+02 -4.3014E+00  7.6842E+01
0000910   1.7456E+02 -9.3493E+01  1.8816E+01
0000911   4.9816E+02 -8.7874E+01  5.7308E+01
0000912   3.5939E+02  1.5052E+02 -1.9365E+00
0000913   2.3616E+02 -8.5052E+01  2.7712E+01
0000914   1.0106E+02  1.4763E+02 -1.3731E-01
0000915   1.4410E+02 -3.9411E+00 -1.4098E+02
0000916   3.8840E+02  1.3705E+02 -2.0632E+02
0000917   2.3867E+02  7.2843E+01  1.4198E+02
0000918   4.1253E+02 -7.5000E+01 -1.9170E+01
0000919   1.9589E+02 -5.7389E+01 -2.0416E+02
0000920   3.0180E+02  2.0471E+02  6.5713E+01
0000921   2.2109E+02 -1.1733E+01 -4.7944E+01
0000922   2.1768E+02  1.9981E+02 -2.4488E+02
0000923   1.8294E+02  1.0418E+02  2.2917E+02
0000924   2.0480E+02 -6.6004E+01  5.6323E+01
0000925   2.5134E+02  1.0642E+02 -5.7495E+01
0000926   1.0265E+02  1.1858E+02 -1.4852E+02
0000927   3.4782E+02  1.6259E+02  1.9481E+02
0000928   1.4782E+02  4.3335E+01 -1.0740E+01
0000929   6.4532E+01 -2.3763E+02  8.8022E-01
0000930   7.7202E+00 -5.6419E+01  8.1604E+01
0000931   2.8217E+02 -7.7416E+01  2.6597E+02
0000932   2.5662E+02 -1.3233E+02 -4.1881E+01
0000933   2.6525E+02 -3.1380E+01 -1.2309E+02
0000934   5.2136E+02 -5.3420E+01 -1.1569E+02
0000935   1.9816E+02 -1.3846E+02  4.4001E+01
0000936   3.8199E+02 -8.1425E+01  5.7553E+01
0000937   3.3941E+02 -1.3876E+02  1.6339E+02
0000938   5.4657E+01 -1.0037E+00 -6.6213E+01
0000939   2.7552E+02 -3.2648E+01  8.6334E+01
0000941   3.7841E+02 -1.8021E+02 -6.5781E+01
0000942   4.9262E+02  4.2861E+01  5.9984E+00
0000943   3.1495E+02  1.1287E+02  9.8053E+01
0000945   3.5802E+02 -2.3833E+01  1.0793E+02
0000946   3.5877E+02  1.2264E+02 -1.1522E+02
0000948   2.5999E+01 -2.1385E+02  2.7459E+01
0000949   1.9853E+02  8.5633E+01  1.7513E+02
0000950   2.9143E+02 -2.2981E+02 -1.8071E+02
0000951   3.8756E+02 -8.5149E+01  1.4133E+02
0000952   1.3490E+02  1.4612E+02 -3.6766E+01
0000953   1.0860E+02 -1.4288E+02  1.1241E+02
0000954   1.1315E+02  1.0726E+02 -2.4485E+02
0000955   3.1980E+02 -5.5175E+01 -4.2044E+01
0000956   3.1604E+02 -5.8375E+01  5.8421E+01
0000957   3.3391E+02 -3.7899E+02  8.7342E+01
0000958   2.7449E+02 -2.1101E+02  4.2466E+01
0000959   1.1382E+02  8.5037E+01 -1.2027E+02
0000960   9.8389E+01 -1.2644E+02  2.2817E+02
0000961   1.6914E+02  6.9887E+01  1.1111E+02
0000962   2.5386E+02 -1.0754E+02 -1.0031E+02
0000963   1.4302E+02  1.4837E+01 -8.8265E+01
0000964   1.1105E+02  6.6868E+00 -1.6435E+02
0000965   6.5522E+01 -2.0928E+02  2.3433E+01
0000966   1.2777E+02 -7.4419E+00 -1.1003E+02
0000967   4.3323E+02 -7.0645E+01  7.5219E+01
0000968   4.0039E+02  1.2896E+02  6.8008E+01
0000969   1.7602E+02  1.9286E+01  6.9009E+01
0000970   2.0785E+02  4.5461E+01 -8.0808E+01
0000971   1.2322E+02  1.5592E+02  3.9303E+01
0000972   2.5355E+02  5.9232E+01  1.3751E+02
0000973   3.1754E+02 -1.3026E+01 -9.4093E+01
0000974   2.2732E+02  1.0264E+02 -2.2973E+02
0000975   2.5675E+02 -4.6682E+01  1.0840E+01
0000976   1.4390E+02  1.1461E+02 -1.3161E+02
0000977   2.7749E+02 -1.9079E+02  1.1693E+01
0000978   2.5924E+02 -1.3504E+02  2.5276E+02
0000979   2.3932E+02  4.4676E+01 -1.0262E+02
0000980   4.8259E+01 -3.9048E+01  8.6646E+01
0000981   2.4539E+02  7.1689E+01  1.8580E+02
0000982   5.0654E+01  2.9589E+02 -6.0979E+01
0000983   8.9135E+01  1.1904E+02  3.4857E+01
0000984   3.1023E+02 -1.1885E+02  1.6600E+01
0000985   1.0818E+02  1.3774E+01 -7.8111E+01
0000986   3.0207E+02  2.3368E+02  2.8010E+01
0000987   2.9031E+02  6.2915E+01 -9.2272E+00
0000988   7.6158E+01 -8.7633E+00  1.3617E+02
0000989   3.3285E+02 -3.2789E+01  1.2513E+02
0000990   9.9730E+01  1.4547E+01 -1.7614E+02
0000991   1.7921E+02 -2.0041E+01 -9.3868E+01
0000992   4.2752E+01  4.8376E+00 -2.1448E+01
0000993   2.5620E+02  1.1823E+02 -1.0364E+02
0000994   4.4898E+02 -1.2925E+02 -2.0967E+02
0000995   3.8794E+02  1.4416E+02 -9.3635E+01
0000996   7.3559E+01  7.2730E+01  7.2227E+01
0000998   4.1152E+01 -8.7800E+01 -6.8280E+01
0000999   1.8826E+02 -3.8169E+01  1.2530E+02
0001000   5.2671E+01 -1.3347E+02  4.5883E+00
