============================== SRIM-2013.00 ==============================
==============================================================================
====== SRIM Outputs\RANGE_3D.txt : File of Final Ion Positions =====

Ion =  F (09)   Ion Mass= 018.9984
Energy  = 2000000.E-05 keV
Ion Angle to Surface = 00.0 degrees
==================== TARGET =======================
  Layer # 1 - None
  Layer # 1 - Bottom Depth=500000.E-01 A
  Layer # 1 - Density =0007.8700 g/cm3
  Layer # 1 -  100 % of Fe
様様様様様様様様様様様様様様様様様様様様様様様様様様
                                            
Ion       Depth  X   Lateral Y   Lateral Z  
Number    (Angstrom) (Angstrom)  (Angstrom) 
-------  ----------- ----------- -----------
0000001   2.9476E+02  1.5702E+02 -1.0836E+02
0000002   2.9342E+02  2.1489E+01  1.2893E+02
0000003   2.2525E+02  9.8392E+01  7.4104E+01
0000004   7.0950E+01 -1.7866E+01  5.3187E+01
0000005   3.0583E+02  5.7304E+01 -3.6200E+02
0000007   2.2224E+02  2.3838E+02  9.5519E+01
0000008   1.3524E+02 -7.9647E+01 -8.7121E+01
0000009   2.4144E+02  1.3018E+02  1.5376E+02
0000010   1.2117E+02 -6.1014E+01  6.5593E+01
0000011   2.9894E+02 -5.7451E+01  1.3263E+02
0000012   2.3975E+02  8.8341E+01  1.2119E+01
0000013   2.2948E+02 -2.1454E+01 -1.1367E+02
0000014   1.0900E+02 -3.1130E+01 -1.3414E+02
0000015   4.0205E+02 -8.8401E+01  1.0536E+02
0000016   2.7091E+02  1.9590E+02  3.6755E+01
0000017   3.9569E+02  2.2395E+02 -2.3986E+02
0000018   1.8180E+02 -1.9271E+02 -2.3014E+02
0000019   3.4704E+02  2.1394E+02  1.5014E+02
0000020   1.8734E+02 -1.4964E+02  3.8734E+01
0000021   2.7500E+02 -5.5567E+01  6.5782E+01
0000022   2.0455E+02  1.3671E+02 -1.3570E+02
0000023   3.0738E+02 -1.6015E+02  6.9765E+01
0000024   1.8946E+02 -9.7448E+01  9.4763E+01
0000025   2.7054E+02  1.2489E+02  5.7117E+00
0000026   2.8580E+02  1.9874E+02  3.4456E+02
0000027   4.3756E+02  2.2055E+02  2.3153E+02
0000028   1.3605E+02 -8.3019E+01  2.3634E+02
0000029   1.4180E+02  1.6012E+00 -3.5122E+01
0000030   3.2458E+02  7.8568E+01 -7.1778E+01
0000031   4.9694E+01 -2.3959E+01 -3.2447E+02
0000032   2.3136E+02  1.5224E+02 -5.6824E-01
0000033   2.4195E+02 -2.8425E+01 -2.0690E+01
0000034   1.9868E+02 -8.5723E+01 -8.0940E+01
0000035   1.8942E+02  3.5189E+01  5.8562E+01
0000036   3.4647E+02 -1.5062E+02  2.8636E+02
0000037   4.0378E+02  5.7516E+01 -1.7981E+02
0000038   3.8136E+02  8.0967E+00  1.1487E+02
0000039   3.2542E+02 -1.1290E+02  1.0778E+02
0000040   4.6907E+02 -4.1635E+01  7.5055E+01
0000041   2.4040E+02  5.4108E+00 -1.1838E+01
0000042   4.0742E+02  1.5976E+01  9.3833E+01
0000043   3.3592E+02  1.3368E+02  6.6555E+01
0000044   8.5333E+01 -4.1242E+01 -1.0864E+00
0000045   3.1616E+02 -1.7699E+02  2.4333E+01
0000046   1.9062E+02  2.1191E+01 -5.3679E+01
0000047   1.3359E+02  6.0117E+01 -2.7969E+02
0000048   1.1719E+02  1.0340E+02 -1.2543E+02
0000049   3.3947E+02 -1.0680E+02  6.8087E+01
0000050   2.2737E+02  8.0631E+01 -3.3439E+01
0000051   2.0390E+02  2.0739E+02 -1.5973E+02
0000052   1.9310E+02  1.0029E+02  2.3270E-01
0000053   2.1938E+02 -4.8399E+01  2.0817E+00
0000054   9.6042E+01 -1.5219E+02 -1.0846E+02
0000055   7.3798E+01  5.9829E+01  1.1486E+02
0000056   1.6953E+02  9.3009E+01 -1.2479E+01
0000057   1.6344E+02 -1.3540E+01 -7.6028E+00
0000059   1.3240E+02  1.2544E+01  4.1326E+00
0000060   2.2963E+02 -1.2406E+02 -1.0516E+02
0000061   1.1244E+02 -6.8901E+01 -7.2320E+01
0000063   2.6831E+02 -2.5148E+01 -2.0789E+02
0000064   3.6882E+02 -2.2472E+01  3.1631E+02
0000065   2.1586E+02  1.6426E+02  4.6235E+01
0000066   1.0553E+02 -1.4639E+01 -1.0467E+01
0000067   1.0758E+02 -1.2376E+02  2.7894E+01
0000068   2.7170E+02  1.3201E+02 -4.1530E+01
0000069   2.8511E+02  7.1748E+01 -1.2195E+02
0000072   5.4735E+01  1.0856E+02  3.8386E+01
0000073   1.4405E+02 -2.5249E+00 -2.8850E+01
0000074   1.4648E+02 -1.5873E+02  1.0705E+02
0000075   1.1859E+02  2.8085E+01 -1.6445E+02
0000076   9.0146E+01 -6.5886E+01  5.3241E+01
0000077   2.8141E+02 -1.6976E+02 -6.6707E+01
0000078   2.0892E+02  4.3573E+01 -2.4093E+02
0000079   3.8807E+02  5.7371E+01  6.8954E+01
0000080   1.4911E+02 -1.0111E+01 -5.5715E+01
0000081   2.7808E+02 -7.4066E+00  2.4024E+02
0000082   3.9551E+02 -1.4630E+02  1.3339E+02
0000083   6.3376E+02  2.0880E+02  1.5487E+02
0000084   4.0383E+02 -9.4996E+01  1.6647E+02
0000085   1.3791E+02  1.4437E+02 -8.7238E+01
0000086   2.8699E+02  1.2921E+01 -2.4305E+02
0000087   4.2369E+02  4.6573E+01 -4.8143E+01
0000088   2.0973E+02 -8.7244E+01 -6.6346E+01
0000089   3.5433E+02 -1.8037E+02 -9.0274E+01
0000090   1.4676E+02  5.5734E+01  1.0369E+02
0000091   1.4383E+02 -9.4943E+00  9.5808E+00
0000092   1.6706E+02  9.9796E+01 -1.0030E+02
0000093   2.9577E+02  1.6522E+02 -2.7050E+02
0000095   1.2563E+02 -4.3268E+01 -4.9367E+01
0000096   8.5518E+01  2.7630E+01 -9.9766E+01
0000097   4.0166E+02  4.8415E+01 -9.1049E+01
0000098   9.7502E+01  1.3039E+02  6.7240E+01
0000099   7.3941E+00  1.2881E+02 -5.8846E+01
0000100   4.9786E+01 -1.9642E+02  5.0124E-01
0000101   1.5085E+02 -2.2772E+02  2.4616E+02
0000102   5.7265E+01 -4.7593E+00 -1.2608E+02
0000103   1.5960E+02 -6.1173E+01  6.7766E+01
0000104   2.7246E+02  7.6470E+01 -2.2959E+02
0000105   3.3079E+02 -7.2282E+01 -1.8823E+02
0000107   4.1884E+00 -9.8426E+01 -6.1085E+01
0000108   1.1036E+02  2.5194E+02 -1.5738E+01
0000109   2.9195E+02  2.5196E+02 -1.1275E+02
0000110   2.9329E+02 -1.0712E+02  1.5652E+02
0000112   3.5082E+02  5.3114E+01  2.2117E+01
0000113   1.2451E+02  3.0692E+01  8.5826E+01
0000114   7.4006E+01  3.1487E+01 -1.9846E+02
0000115   1.2031E+02  3.0048E+00  4.0689E+01
0000116   2.2966E+02 -7.1292E+01 -2.2958E+02
0000117   1.7887E+02 -4.8964E+01 -9.0745E+01
0000118   2.3857E+02  4.4422E+01 -1.4094E+02
0000119   6.4196E+01 -1.1286E+02  7.3236E+00
0000120   4.6914E+02  3.2668E+01 -1.7466E+01
0000121   2.7173E+02  3.6728E+01  1.5769E+01
0000122   2.2595E+01 -1.5269E+02  8.4153E+01
0000123   2.1018E+02 -4.9869E+01 -7.3175E+01
0000125   1.9346E+02  6.7750E+01  1.2262E+01
0000126   1.7997E+02 -5.0441E+01 -1.5638E+02
0000127   1.3431E+02  3.6793E+01 -1.5461E+01
0000128   3.1433E+02 -4.2396E+01 -2.0246E+01
0000129   1.2740E+02  1.0031E+02  1.0807E+02
0000130   1.8123E+02 -9.8434E+01  8.1106E+01
0000131   3.6648E+02  2.1335E+02 -1.0116E+02
0000132   4.4278E+02 -1.0044E+02 -4.0737E+01
0000133   2.1596E+02 -1.0986E+02  1.1000E+02
0000134   3.0438E+02 -1.9285E+02  2.2088E+02
0000135   3.5304E+01  2.2689E+02  1.3280E+02
0000136   2.1496E+02  3.9717E+01  3.0281E+01
0000138   3.5939E+02  5.3197E+01 -1.0394E+02
0000139   1.9751E+02  1.2725E+02 -4.7357E+01
0000141   5.4514E+01 -2.4177E+01  2.0283E+02
0000142   6.9514E+01  2.7868E+01  3.9132E+01
0000143   1.1419E+02  1.9884E+02  2.4443E+02
0000144   2.4145E+02  1.7815E+02 -2.4802E+02
0000145   2.1051E+02 -1.3283E+02 -2.2233E+02
0000146   4.3787E+02 -4.0087E+01 -2.8949E+02
0000147   2.9293E+02  9.6260E+01  1.2736E+02
0000149   1.2059E+02  7.3018E+01 -1.0834E+02
0000150   1.7788E+02  1.3638E+02  1.9089E+02
0000151   1.4137E+01  1.2668E+02 -7.0833E+01
0000152   5.1752E+01 -2.8458E+02 -5.4154E+01
0000153   3.3130E+02 -1.4096E+01 -7.5654E+01
0000154   6.3330E+01  3.9751E+00  2.7623E+02
0000156   5.2345E+02 -1.2511E+02  1.8316E+02
0000157   3.3618E+02 -4.1891E+01 -2.2932E+01
0000158   9.9505E+01  2.4618E+01 -1.6311E+01
0000159   1.5654E+02  1.3495E+02  2.0232E+01
0000160   2.3342E+02 -2.0505E+02 -1.3730E+01
0000161   2.1811E+02  2.1926E+01 -1.9190E+02
0000162   2.4620E+02 -1.5303E+02 -2.1803E+02
0000163   3.5319E+02 -1.3387E+02 -2.3798E+01
0000164   1.3639E+02 -1.9601E+02  7.6041E+01
0000165   2.1306E+02  1.3773E+02  2.4828E+02
0000166   1.3501E+02  1.2878E+02 -6.8687E+01
0000167   5.9706E+01  5.7190E-01 -1.9424E+02
0000168   1.5846E+02  3.2125E+01  7.0302E+01
0000169   4.9099E+02  3.9754E+01  9.8175E+01
0000170   2.3234E+02 -2.3369E+00  8.4599E+01
0000171   2.8861E+02 -1.8631E+02 -2.0457E+01
0000172   3.8941E+01 -2.2928E+02  1.4438E+02
0000173   2.6017E+02 -2.6897E+01  2.7334E+01
0000174   1.3069E+02  1.6768E+02  7.8355E+01
0000175   2.4418E+02  2.3839E+02 -2.0625E+01
0000176   1.0087E+02  3.7846E+01  3.5130E+02
0000177   1.7792E+02  2.3006E+01  1.7523E+02
0000179   1.5482E+02 -1.1728E+01 -8.6985E+01
0000180   5.0769E+02  8.6612E+01  4.2451E+01
0000182   2.6623E+02  1.0735E+01  1.5890E+02
0000183   1.6300E+02 -2.3638E+02  1.9061E+02
0000184   2.2590E+02  1.4247E+02  1.2109E+02
0000185   1.8445E+02  8.0146E+01 -3.2046E+01
0000187   4.2351E+01  5.0998E+01  3.5194E+01
0000189   4.9794E+02  1.7272E+01 -2.5819E+02
0000190   2.3734E+02 -7.4289E+01 -1.8423E+01
0000192   1.3459E+02 -1.3433E+02 -5.1478E+01
0000193   3.2785E+02 -4.0418E+02  4.9385E+01
0000194   9.9222E+01 -5.3779E+00 -5.4917E+01
0000195   9.2222E+01 -2.9566E+02 -6.8935E+01
0000196   2.5037E+02  5.9963E+01  6.0901E+01
0000197   3.1005E+02 -1.2533E+02 -1.2908E+02
0000198   1.2572E+02 -2.6234E+02  1.7132E+02
0000199   1.6215E+02  2.5306E+02  2.6921E+02
0000200   3.2762E+02  2.7835E+01  8.6153E+01
0000201   2.1386E+02 -2.6331E+02  2.5548E+02
0000202   2.5466E+01  1.1087E+02  2.0726E+01
0000203   1.8233E+02 -3.0888E+01  1.1909E+02
0000204   1.8022E+02  1.1445E+02  8.0872E+01
0000205   2.2413E+02 -1.9949E+02 -1.6004E+02
0000206   6.9305E+01 -7.4096E+01 -1.8615E+02
0000207   1.2072E+02  5.2130E+00  2.2963E+02
0000208   1.8694E+02 -4.8954E+01  5.0082E+01
0000209   2.2020E+02 -9.7220E+01 -4.6998E+01
0000210   1.0964E+02  5.6845E+01 -1.5752E+02
0000211   3.1867E+02 -2.9852E+01  2.0730E+02
0000212   2.1094E+02  1.9762E+01  4.5791E+01
0000213   3.2162E+01 -5.6645E+01  1.3270E+01
0000214   1.4148E+02 -7.6537E+01  1.0033E+02
0000215   1.4538E+02 -8.9206E+01 -2.2228E+01
0000216   3.8963E+02 -1.2288E+02  7.4841E+01
0000217   1.4885E+02 -1.2478E+02  3.1383E+01
0000218   2.2633E+02 -1.8818E+02 -2.0773E+01
0000219   2.1195E+02  1.7969E+01 -2.3136E+01
0000220   1.3719E+02  2.9016E+02  1.9122E+02
0000221   2.3572E+02  1.1555E+01  1.0201E+02
0000222   2.3845E+02 -8.2440E+01  8.4365E+01
0000223   1.1779E+02  1.7800E+02 -1.7279E+01
0000224   1.6834E+02 -2.2092E+01  1.5313E+02
0000225   1.2762E+02  7.6673E+01 -2.4709E+02
0000226   3.4138E+02 -1.0718E+02  1.1950E+02
0000227   2.1489E+02  3.4244E+01  1.2532E+02
0000228   1.4109E+02 -1.0054E+02 -8.5454E+01
0000229   1.9934E+01  2.3085E+01  5.7671E+01
0000231   1.1429E+02  1.3565E+02 -1.5810E+02
0000234   3.6994E+01 -5.2678E+01  5.3549E+01
0000235   1.5239E+02 -3.6508E+00 -7.7197E+01
0000236   1.3752E+02 -2.8353E+02 -5.3761E+01
0000237   5.8465E+02 -3.8974E+01  4.8049E+01
0000238   1.8492E+02  1.0120E+02 -5.5995E+01
0000239   1.8689E+02 -2.7263E+01 -1.4908E+02
0000240   1.0200E+02  1.9423E+02 -2.9621E+02
0000241   6.3291E+01 -1.8201E+01  6.0726E+01
0000243   2.5622E+01  2.2949E+02 -6.1098E+01
0000244   3.2736E+02 -2.1520E+02 -3.3420E+01
0000245   2.2213E+02  2.2286E+01  1.2114E+02
0000246   2.7337E+02 -8.1258E+00  3.0132E+01
0000247   1.4164E+02  2.0595E+02 -7.0630E+01
0000248   2.9688E+02  6.2268E+01 -9.0085E+01
0000249   1.2978E+02  1.7189E+02 -1.2821E+02
0000250   1.4108E+02  7.3647E+01 -1.0670E+02
0000251   2.2318E+02 -6.1601E+01 -1.6350E+02
0000252   2.3332E+02  6.8806E+01 -2.1153E+02
0000253   2.9864E+02 -2.2788E+02  3.0038E+02
0000254   1.2785E+02  1.0136E+02  1.1078E+01
0000255   1.2664E+01  8.6113E+00  9.7323E+01
0000256   1.6112E+02 -6.3071E+01  1.0708E+02
0000257   1.3821E+02 -3.5009E+01 -7.3292E+01
0000258   2.0886E+02  1.5479E+02  7.9398E+01
0000259   6.8171E+01 -1.2732E+02  2.7801E+01
0000260   4.3826E+01 -1.2582E+02  3.7648E+01
0000261   7.5467E+01 -2.8384E+02  6.0331E+01
0000262   1.1500E+02 -1.9969E+02 -1.1707E+02
0000264   1.2877E+02 -6.6613E+01 -1.0242E+02
0000265   1.5275E+02  1.3252E+02 -1.2034E+02
0000266   1.9199E+02 -5.5181E+01  6.9277E+01
0000267   2.5862E+02  1.2244E+02  1.3266E+01
0000268   1.3815E+02 -6.6373E+00  3.0767E+01
0000269   2.3786E+02 -1.2287E+00 -2.5595E+02
0000270   2.5259E+02 -1.7717E+02 -2.9218E+02
0000271   3.3409E+02  9.9768E+01 -7.6061E+01
0000273   1.7659E+02 -1.5948E+02 -2.0495E+01
0000274   1.2141E+02 -1.2864E+01  1.9724E+02
0000275   3.1049E+02  6.6741E+01  3.8803E+01
0000276   2.4326E+02  1.0464E+02  1.5317E+00
0000277   1.0437E+02 -4.4906E+01  1.2869E+02
0000278   2.1277E+02 -3.2653E+02  9.9968E+01
0000279   4.3646E+01  4.3125E+01 -1.6164E+00
0000280   1.0041E+02  9.1455E+01  9.7609E+01
0000281   1.2261E+02  1.6537E+01 -8.9567E+01
0000282   1.6286E+02  2.5764E+02  1.4887E+02
0000283   1.5438E+02 -1.9435E+01  2.0003E+02
0000284   2.3454E+02 -8.4799E+01  6.9239E+01
0000285   2.0000E+02  7.7365E+01  2.2898E+02
0000286   2.7888E+02  1.0878E+02  1.0542E+02
0000287   3.1796E+02  1.6906E+02 -2.1841E+02
0000288   2.0481E+02  1.7140E+02 -5.4339E+01
0000289   1.4913E+02  9.5147E+01  2.3440E+02
0000290   1.3519E+02  8.6141E+01  4.8340E+01
0000291   3.2496E+02 -1.5287E+02  1.0988E+02
0000292   1.5913E+02 -6.4911E+01  1.7549E+02
0000293   4.3925E+02  1.5532E+02  2.2997E+02
0000294   8.1719E+01  4.2108E+01 -1.2594E+02
0000295   3.8385E+02  1.8609E+02  3.3047E+01
0000296   3.2267E+02  1.0345E+02 -2.3089E+02
0000297   1.1688E+02 -3.9760E+01 -5.4680E+00
0000298   9.4161E+01 -1.2688E+01  1.1420E+01
0000299   7.2634E+01  6.1688E+01 -3.9360E+00
0000300   5.7312E+02  1.5559E+02  1.4015E+02
0000301   2.2750E+02  2.2189E+01 -1.7068E+02
0000302   2.4844E+02 -2.1757E+02 -1.5167E-01
0000303   2.1142E+01 -6.3482E+01 -1.0340E+02
0000304   8.4969E+01  1.3431E+02 -2.3395E+02
0000305   7.9689E+01  1.3562E+02  6.1639E+01
0000306   2.5703E+02  5.3849E+01 -2.5561E+01
0000307   1.7474E+02  3.0011E+01 -7.6554E+01
0000308   2.2972E+02 -1.0116E+01  1.7657E+02
0000309   1.9619E+02  2.9750E+01 -1.1454E+02
0000310   3.2931E+02  3.2531E+02  6.0306E+01
0000311   1.0065E+02  2.3180E+01 -1.0576E+02
0000312   7.1943E+01  6.5623E+01 -7.1776E+01
0000313   2.0973E+02 -5.2595E+01  6.8691E+01
0000314   1.5443E+02 -1.4195E+02 -2.3906E+02
0000315   1.0391E+02  1.6710E+02  4.7691E+01
0000316   2.6029E+02  2.8085E+00  1.2084E+02
0000317   8.1517E+01 -2.4652E+01 -8.1182E+00
0000319   2.2114E+02 -1.9151E+02  2.0238E+01
0000320   3.1906E+02 -1.5133E+02  1.5953E+01
0000321   8.9334E+01  1.9530E+01  6.2161E+01
0000322   1.5025E+02  1.1440E+02  9.9337E+01
0000323   3.8075E+02  7.4010E+01 -1.6519E+00
0000324   7.7169E+01 -1.1667E+02 -4.3792E+01
0000325   1.6700E+02  3.6429E+01  1.2701E+02
0000326   2.0319E+02 -1.4032E+02 -1.3542E+02
0000327   1.4778E+02  1.2491E+02 -2.2436E+02
0000328   1.6779E+02  1.0246E+02  4.3363E+01
0000329   7.8798E+01  1.8124E+02 -6.9031E+01
0000330   2.8010E+02  1.3541E+02 -1.9679E+02
0000331   2.9624E+02  1.0756E+02 -8.8377E+01
0000332   3.2379E+02 -1.1272E+02 -1.5319E+01
0000333   3.1640E+02  6.3238E+01 -2.4699E+01
0000334   2.2653E+02 -3.4859E+01  3.2898E+01
0000336   2.6285E+02  2.9256E+01 -3.3231E+01
0000337   1.7581E+02  2.7098E+01 -4.1283E+01
0000338   2.9897E+02  3.6431E+01  8.4206E+01
0000339   2.9213E+02 -7.8711E+01  1.4479E+02
0000340   3.4252E+02  3.5873E+01  9.2983E+01
0000341   3.0404E+02  9.5833E+01 -2.1513E+02
0000342   5.9294E+02 -1.9954E+02  1.9754E+02
0000343   3.3520E+02 -1.8125E+02  1.1319E+02
0000344   1.3828E+02 -8.0498E+01 -3.9263E+01
0000345   2.5478E+02 -6.7759E+01 -2.7650E+01
0000346   2.4662E+02  3.1697E+02 -5.2817E+01
0000347   3.1497E+02  2.1721E+02  1.9146E+02
0000348   1.0341E+02 -3.9679E+01 -1.2699E+02
0000349   3.0265E+02 -1.5942E+02  5.5052E+00
0000350   1.5859E+02  6.6781E+01 -3.9476E+01
0000351   5.5982E+01  1.1404E+02  3.7264E+01
0000352   1.8377E+02  2.0764E+02  2.2277E+01
0000353   2.3324E+02  8.6150E+01 -2.8512E+01
0000354   8.3836E+01  1.2734E+02  2.1144E+01
0000355   9.3242E+01 -1.0007E+02 -7.7208E+01
0000356   1.2032E+02 -5.5098E+00 -1.2548E+02
0000357   2.1694E+02 -9.4738E+01 -8.9911E+01
0000359   2.4194E+02  6.8795E+01 -5.2868E+01
0000360   1.9361E+02  1.4614E+02  1.3270E+02
0000361   1.7068E+02  1.7519E+02 -1.6000E+02
0000362   6.7583E+01  2.1843E+02  1.5052E+01
0000363   3.2557E+02 -6.7986E+01 -5.7282E+01
0000364   3.0101E+02  5.0418E+00  6.8489E+01
0000365   1.8706E+01  3.4278E+01  9.4596E+01
0000366   1.9310E+02  1.2117E+02 -1.4556E+02
0000367   2.5140E+02 -2.8753E+01  1.3254E+02
0000368   1.0652E+02 -1.7843E+02  1.7078E+02
0000369   1.5804E+02  7.5316E+00  8.7105E+01
0000370   1.3799E+02 -1.7536E+02 -2.8305E+01
0000371   1.6610E+02 -1.8183E+01 -1.0112E+01
0000373   1.1695E+02 -1.6768E+02 -3.5050E+01
0000374   6.9284E+01 -2.9907E+01  1.4889E+02
0000375   2.2397E+02  4.3581E+01 -3.1534E+01
0000376   2.0004E+02 -1.4626E+02 -2.2245E+02
0000377   1.7369E+02  9.6174E+01  9.9110E+01
0000378   8.2176E+01 -8.3728E+01  2.2080E+02
0000379   1.9300E+02  5.9690E+01 -1.7515E+02
0000380   2.8565E+02  1.4872E+02  2.7762E+02
0000381   7.0603E+01  3.0012E+00 -4.4288E+01
0000382   2.4967E+02  1.5480E+02  1.5766E+01
0000383   1.8396E+02 -6.4055E+00 -7.2418E+01
0000384   2.5496E+02  2.4010E+00 -1.4572E+02
0000385   1.4638E+02  2.0711E+02  2.8877E+01
0000386   1.9850E+02  9.4386E+01 -2.4632E+01
0000387   1.0242E+02 -1.6779E+01 -1.1424E+02
0000388   4.1696E+02 -6.6777E+01  1.9329E+01
0000389   4.0138E+02  2.2594E+02  1.3147E+02
0000390   2.6417E+02 -8.2251E+01  9.0850E+00
0000391   8.7758E+01  1.3094E+02 -3.9801E+01
0000392   4.2389E+02 -6.1091E+01 -1.2073E+02
0000393   3.8615E+02  9.6852E+01  7.4691E+01
0000394   2.6689E+01 -2.7923E+02  1.3488E+01
0000395   1.0191E+02 -9.9587E+01 -2.2157E+02
0000396   1.5796E+02  9.3228E+01 -3.7957E+01
0000397   3.1333E+02  1.0560E+02  4.5697E+01
0000398   1.0874E+02  2.7834E+02 -4.7244E+01
0000399   1.9112E+02  7.1061E+01  5.8596E+01
0000400   3.8302E+02  1.2074E+02  2.0504E+02
0000401   1.7428E+02  1.7733E+02  2.0784E+01
0000403   2.5110E+02  9.2957E+01  2.2996E+02
0000404   2.5516E+02 -7.9454E+00  1.1022E+02
0000405   2.0770E+02  1.5300E+02 -4.5965E+01
0000406   2.4998E+02 -4.8967E+01  6.2120E+01
0000407   2.8807E+02  3.4804E+01  1.5225E+02
0000408   3.9885E+02  4.9494E+01 -2.4073E+01
0000409   5.5028E+02  7.8834E+01 -9.4912E+01
0000410   2.5177E+02 -2.5416E+01 -1.5049E+02
0000411   1.5995E+02  1.4527E+02  1.3108E+02
0000413   1.1855E+02 -1.2941E+02 -1.4040E+02
0000414   1.3811E+02 -7.9181E+01  1.2451E+02
0000415   1.6059E+02  7.9475E+01  9.9401E+01
0000416   3.4423E+02  5.4347E+00 -9.7254E+01
0000417   3.7179E+01 -1.1031E+02 -3.1468E+00
0000418   5.3746E+01  5.3206E+01 -1.8535E+02
0000419   2.9495E+02 -1.3412E+01  1.0842E+02
0000420   1.7701E+02  1.2045E+02 -4.0029E+02
0000421   2.9891E+02 -1.6686E+02  2.5783E+01
0000422   1.9970E+02  6.3938E+01 -1.6817E+02
0000423   7.0692E+01 -6.1058E+01 -3.2533E+01
0000424   1.3195E+02 -2.7236E+01 -4.1384E+01
0000425   4.3460E+01  2.2879E+01 -5.5838E+01
0000426   1.9390E+02 -5.1669E+01 -1.0558E+02
0000427   2.8185E+02  1.5328E+02 -2.8155E+00
0000428   2.4119E+02 -5.4022E+01  1.2389E+01
0000429   4.1756E+02  1.9744E+02  1.5402E+02
0000430   6.1879E+01 -9.4692E+01 -5.2082E+01
0000431   1.7440E+02  7.7598E+00  7.3440E+01
0000432   3.0806E+02 -5.3033E+01 -8.6297E+01
0000433   2.7680E+02 -9.1455E+01 -9.4291E+01
0000434   3.7710E+02  1.6626E+02  8.5286E+01
0000435   2.8626E+02  1.0506E+02  4.4955E+01
0000436   7.0249E+01  1.8440E+01 -3.1635E+01
0000437   9.0933E+01  1.4561E+02  2.5021E+02
0000438   3.8007E+02  9.8594E+01 -9.3349E+01
0000439   1.5729E+02 -8.9757E+01 -2.0829E+01
0000440   2.4661E+02  1.8351E+01 -8.8182E+01
0000441   3.8776E+02 -8.0392E+01 -3.2671E+02
0000442   1.6633E+02  1.5530E+02 -6.6761E+01
0000443   1.3162E+02  1.2521E+01  2.4162E+02
0000444   1.9622E+02 -1.3191E+02  9.0462E+01
0000445   2.3758E+02  4.3375E+01  1.3205E+02
0000446   1.2072E+02 -2.0922E+00 -4.2075E+01
0000447   1.4111E+02  7.8161E+01  2.2171E+01
0000448   1.1983E+02 -5.8088E+01 -1.0300E+02
0000449   1.0271E+02 -9.4226E+00  1.0452E+02
0000450   1.7265E+02  7.7810E+01 -2.4134E+01
0000451   2.5701E+02 -6.8229E+01  4.4912E+01
0000452   1.5793E+02 -1.1552E+02 -1.9411E+01
0000454   3.1160E+02 -4.2367E+00 -1.1141E+02
0000455   4.4715E+02  5.0094E+01 -1.3532E+00
0000456   1.6714E+02  1.0686E+02  7.1842E+01
0000457   1.6916E+02  4.0886E+01 -1.3883E+02
0000458   6.0503E+01 -8.9131E+01 -1.0171E+02
0000459   3.6714E+02  3.0036E+01  1.3856E+02
0000460   1.2737E+02 -6.6182E+01 -3.4151E+01
0000461   1.6954E+02 -7.3471E+01 -3.9180E+01
0000462   3.6373E+01  9.1979E+01  1.2324E+02
0000463   4.1766E+02  1.6954E+02  3.3449E+01
0000464   2.1418E+02 -1.3802E+02 -3.9582E+01
0000465   2.1481E+02 -1.4553E+02 -2.6183E+02
0000466   1.1719E+02 -1.1254E+02  7.7795E+01
0000467   5.3322E+01  3.2139E+01 -6.3661E+00
0000468   1.2848E+02  7.9856E+01  1.1993E+02
0000469   3.1478E+02  9.2643E+01  1.2479E+02
0000470   2.9297E+02 -3.0413E+02 -8.6428E+01
0000471   7.5297E+01  7.8258E+01  1.3392E+01
0000472   4.3536E+01 -2.4100E+02 -2.4553E+02
0000473   2.7381E+02 -9.6527E+00  1.4029E+02
0000474   1.3129E+02  3.0184E+01  5.7444E+01
0000475   1.6615E+02 -9.2883E+01 -1.2768E+00
0000476   2.1230E+02 -8.1004E-01  1.1360E+02
0000477   3.8898E+02  2.5041E+01 -1.9203E+02
0000478   1.3181E+02 -1.2318E+02 -1.1764E+02
0000479   1.9327E+02  2.5863E+02  4.6799E+01
0000480   2.8981E+02  1.7139E+01  1.6390E+02
0000481   1.0453E+02  6.4823E+00  7.6946E+01
0000482   1.1732E+02 -1.6707E+01 -3.9731E+01
0000483   9.3512E+01 -1.3466E-01  1.0536E+02
0000484   1.6117E+02 -5.7224E+01 -8.7572E+01
0000485   2.7033E+02 -5.7183E+01 -1.9577E+02
0000486   1.3263E+01 -1.0825E+01  8.0812E+01
0000487   1.1946E+02 -2.9098E+01  2.2133E+02
0000488   2.1438E+02 -1.2873E+02 -9.7406E+01
0000489   1.5256E+02  4.5478E+01  4.8050E+01
0000490   3.8138E+02  3.4183E+01  1.8094E+01
0000491   1.0035E+02 -1.1818E+02  1.2535E+01
0000492   4.4083E+02 -1.5221E+02  1.6476E+02
0000494   1.5265E+02  2.5797E+01 -5.5288E+00
0000495   9.2184E+01 -2.6388E+01 -2.8429E+02
0000496   2.5705E+02  1.7410E+01  8.8393E+01
0000497   3.9257E+02  5.9499E+01  4.1679E+02
0000498   1.5864E+02 -4.3973E+01 -1.5554E+01
0000499   1.9831E+02  1.7661E+02  3.3748E+01
0000500   2.0370E+02 -2.2728E+02 -4.4097E+01
0000501   2.4916E+02 -9.7433E+01 -5.8665E+01
0000502   4.7466E+01 -3.0781E+01  1.7118E+02
0000503   1.4539E+02 -7.0735E+01 -1.9918E+02
0000504   1.0594E+02  1.4958E+01 -2.0110E+02
0000505   2.0234E+02  1.3349E+02 -7.0294E+01
0000506   3.8028E+02  1.1296E+02 -9.8067E+01
0000507   2.6326E+02  1.4785E+01 -1.2313E+02
0000508   1.0409E+02  1.5873E+02 -5.9228E+00
0000509   3.8927E+02  3.9711E+01  2.0084E+02
0000510   1.3408E+02  2.7320E+02  8.3015E+00
0000511   1.2515E+02 -2.4668E+01  1.5956E+01
0000512   2.8608E+02 -7.4545E+01  1.4172E+02
0000513   3.0627E+02 -6.8939E+01 -2.5108E+02
0000514   3.0459E+02  4.3864E+01  1.3196E+02
0000515   9.0535E+01 -1.1917E+02 -8.9651E+01
0000516   3.9747E+02  1.0316E+02  5.3612E+01
0000517   4.1008E+02  1.9256E+02  2.4256E+02
0000518   2.6288E+01 -7.6089E+01 -6.5683E+01
0000519   1.4471E+02  2.6723E+02 -1.6101E+01
0000520   9.7323E+01  8.6273E+01 -1.6239E+02
0000521   6.7957E+01  6.3933E+01  7.1719E-01
0000522   4.0663E+02  1.3725E+02 -1.6050E+02
0000523   2.8307E+02 -6.3661E+01  4.2432E+01
0000524   3.8489E+02  9.7497E+01 -1.5315E+00
0000526   1.2609E+02  1.1802E+02 -2.5973E+02
0000527   2.7917E+02 -2.4131E+01 -9.8308E+01
0000528   1.3015E+02  2.0871E+02  3.0234E+01
0000529   1.2958E+02 -6.3973E+01 -5.5677E+01
0000530   3.5479E+02 -5.2635E+01  1.6558E+02
0000531   2.2033E+02 -1.0951E+02  4.9468E+01
0000532   1.2038E+02  3.0896E+01  1.5986E+02
0000535   2.4932E+01 -8.5525E+01  2.3633E+01
0000537   2.8239E+02 -4.0496E+01  7.9992E+01
0000538   3.3735E+02 -1.3696E+02  2.7543E+01
0000539   1.6139E+02  1.4087E+02  4.2262E+01
0000540   4.8086E+02  2.4416E+02  1.5211E+02
0000541   2.2966E+02 -1.4300E+02  1.6069E+02
0000542   3.0863E+01  1.5122E+02 -8.3632E+00
0000543   2.0693E+02  2.5203E+01 -3.2260E+01
0000544   2.1707E+02  2.5068E+01 -1.6779E+02
0000545   2.9799E+02  1.3066E+02 -1.2797E+01
0000546   3.9478E+02 -1.2841E+02  1.8312E+02
0000547   2.3410E+02 -1.4274E+02  1.7366E+02
0000548   3.2693E+02 -6.9491E+00  1.3748E+02
0000549   2.2102E+02  2.4868E+00  8.2487E+01
0000550   1.5247E+02  8.1251E+01 -1.3241E+02
0000551   3.0864E+02  3.8451E+01 -3.9827E+01
0000552   1.6230E+02 -4.9968E-01 -6.1493E+01
0000553   5.7922E+01 -5.1611E+01  4.6522E+01
0000554   2.9808E+02 -2.3933E+01  1.7944E+02
0000555   1.6293E+02  1.1984E+02 -3.8872E+01
0000556   1.5054E+02 -1.6335E+01  2.5716E+01
0000557   8.5542E+01 -1.7239E+01  7.8944E+01
0000558   3.2414E+02  9.5209E+01 -1.5346E+02
0000559   2.8813E+02  3.0326E+01 -1.8248E+01
0000560   2.3416E+02 -4.1066E+01  9.8025E+01
0000561   2.6524E+02  7.4622E+01 -9.2409E+01
0000562   2.2586E+02 -7.6856E+01 -9.5035E+01
0000564   4.3286E+02  9.5589E+00 -2.1614E+02
0000565   1.8538E+02  1.7307E+02 -5.1137E+01
0000566   2.6748E+02  5.0408E+01  1.0230E+02
0000567   3.2983E+02  1.0043E+01  7.2774E+01
0000568   9.9398E+01 -1.5932E+02  2.6451E+02
0000569   2.9457E+02  1.9627E+02  3.6179E+01
0000570   2.8961E+02  2.1804E+02 -2.6207E+02
0000571   1.2797E+02  1.6050E+02  2.6557E+01
0000573   4.7700E+01  4.5822E+01  2.2591E+01
0000574   7.3669E+01  6.9311E+00  8.0464E+01
0000575   2.6990E+02 -8.1692E+01  1.6136E+02
0000576   1.0065E+02 -1.6580E+00  4.7109E+01
0000577   1.9044E+02 -8.7400E+01 -1.0246E+02
0000578   2.9995E+02 -2.0232E+01  2.4870E+01
0000579   2.5103E+02 -3.7998E+02  1.0700E+01
0000580   2.8316E+02  8.6586E+01 -5.6966E+01
0000581   2.5436E+02 -2.1652E+01 -7.5196E+01
0000582   4.1196E+02  1.8684E+02 -8.8674E+01
0000583   3.7338E+02  1.4229E-01  3.2952E+01
0000584   1.0751E+02  8.3814E+01 -3.0002E+01
0000585   2.7263E+02  6.0854E+01  1.2348E+02
0000586   1.8056E+02  2.7456E+02  9.9186E+01
0000587   1.9107E+02  1.8599E+01  1.8825E+02
0000588   2.3358E+02 -6.6727E+01 -1.3670E+01
0000589   2.2096E+02 -1.3345E+02  1.7526E+02
0000590   1.4428E+02  3.1049E+01  1.8274E+02
0000591   1.3461E+02  2.3137E+02  3.8730E+01
0000592   1.4833E+02 -2.2775E+02 -2.3873E+02
0000593   3.9762E+02 -5.5697E+01  2.0514E+02
0000594   1.7048E+02  6.0965E+01 -1.7780E+02
0000595   4.3104E+01  7.6537E+01 -1.1013E+02
0000596   1.0673E+02 -3.8589E+00  2.1182E+00
0000597   1.0108E+02  1.0420E+02 -5.7312E+01
0000598   9.2632E+01  2.2968E+02 -1.5562E+02
0000599   2.3030E+02  1.3593E+02  1.6036E+01
0000600   1.7301E+02  2.7817E+02  2.2952E+02
0000601   2.9135E+01 -6.1433E+01  7.4620E+01
0000602   2.3216E+02 -1.1561E+02  5.1413E+00
0000603   1.9397E+02 -1.2973E+02 -1.8537E+02
0000604   7.3553E+01 -2.0339E+02  8.5546E+01
0000605   2.8382E+02 -5.6246E+01 -2.1063E+01
0000607   2.2346E+02  1.6057E+02  1.0888E+02
0000608   7.1827E+01  1.5932E+02 -1.5523E+02
0000609   5.6905E+01 -4.2337E+01  1.8773E+02
0000610   2.1567E+02  8.9605E+01 -1.9629E+02
0000611   3.4388E+02  1.0286E+01  8.3107E+01
0000612   2.5492E+02  1.7997E+01  4.2226E+01
0000613   8.4141E+01 -7.7544E+01  4.7965E+01
0000614   1.7649E+02  6.2243E+01  8.0853E+01
0000615   2.6067E+02  2.1248E+02  3.2298E+01
0000616   1.2947E+02 -9.5533E+00  8.1663E+01
0000617   5.8599E+01  3.3832E+02  1.7996E+02
0000618   4.9661E+01 -2.0221E+02  2.4415E+01
0000619   1.2222E+02 -3.4896E+02 -6.8970E+01
0000620   8.7937E+01  1.2088E+02 -9.1122E+01
0000621   3.4758E+02 -1.6095E+01 -5.1136E+01
0000622   1.8615E+02  8.2080E+01 -7.9040E+01
0000623   1.8769E+02 -1.9035E+01 -3.3105E+01
0000624   2.2372E+02  6.8793E+01  9.2061E+01
0000625   2.1384E+02 -1.0341E+02  3.2687E+01
0000626   1.0078E+02 -4.6506E+01  1.7250E+02
0000627   1.1122E+01  5.0560E+00  1.2885E+02
0000628   8.7819E+01  7.3452E+00  2.9470E+02
0000629   2.9105E+02 -8.8865E+01 -1.9321E+02
0000630   8.3608E+01 -1.0720E+02  6.0655E+01
0000631   4.0950E+02  5.8365E+01 -5.7684E+01
0000632   2.3696E+02 -9.4364E+01 -1.7297E+02
0000633   3.8372E+02  8.6514E+01  4.4848E+01
0000634   2.4777E+01  1.3798E+02  4.8409E+01
0000635   3.1392E+02 -1.7782E+02  8.9260E+01
0000636   3.5345E+02 -1.6097E+02  5.1893E+01
0000637   2.1682E+02 -1.5515E+02 -1.7110E+02
0000638   9.7318E+01  1.9513E+01  1.7050E+01
0000639   2.5489E+02  6.3930E+00  1.2947E+02
0000640   1.8615E+02 -1.7271E+01 -3.6639E+01
0000641   1.8047E+02 -3.1654E+01  1.0745E+02
0000642   2.1797E+02 -7.4126E+01  1.0049E+02
0000643   1.6372E+02 -1.8486E+02  4.3293E+01
0000644   1.9027E+01 -1.4112E+02 -3.0249E+01
0000645   1.1300E+02  5.7223E+01 -7.9643E+01
0000646   3.3519E+02 -2.3939E+02 -7.6201E+01
0000647   2.3170E+02 -1.3482E+02  1.0997E+02
0000648   1.4633E+02  3.4019E+01  5.9430E+01
0000650   1.2149E+02  1.1490E+02  2.0876E+01
0000652   2.2341E+02  3.1830E+02 -2.2184E+02
0000653   9.2796E+01  1.5302E+02  1.1833E+02
0000654   2.0290E+02  7.5823E+01 -1.0973E+01
0000655   2.4061E+02  2.6930E+01 -2.6028E+01
0000656   2.1732E+02 -2.1444E+01 -2.3965E+01
0000658   1.5918E+02 -1.0464E+02 -8.8319E+01
0000659   9.7773E+01  6.5548E+01 -6.4728E+01
0000660   2.3932E+02 -2.4177E+02 -2.8088E+01
0000661   1.7368E+02  7.2751E+01  3.6453E+01
0000662   1.2527E+02 -4.8232E+01 -3.9260E+01
0000663   1.5769E+02  4.8100E+01  1.3868E+02
0000664   2.0311E+02 -1.7649E+02  9.3846E+01
0000665   6.3695E+01 -6.2659E+01  1.3727E+01
0000666   3.3962E+02  1.0828E+02  2.6049E+02
0000667   3.0720E+02  1.8784E+02 -5.8688E+01
0000668   2.5498E+02 -2.4472E+01 -8.2998E+01
0000669   3.6915E+02 -8.9309E+01  8.3167E+01
0000670   4.4935E+02 -1.3036E+02 -5.8659E+01
0000672   3.1802E+02 -1.4805E+02  5.6013E+01
0000673   2.2006E+02 -9.1368E+01  3.6184E+01
0000674   3.1756E+02  1.7160E+02  5.3394E+01
0000675   1.1852E+02  1.4731E+01  3.7255E+00
0000677   1.0539E+02 -9.3380E+01 -8.7717E+01
0000678   2.2492E+02  1.3242E+02 -3.2965E+01
0000679   1.0126E+02 -1.6037E+02  1.3431E+02
0000680   4.7878E+02 -1.7495E+02 -7.5926E+00
0000681   1.8696E+02 -1.2531E+02  1.4411E+02
0000682   2.0199E+02 -5.5550E+01  8.6606E+01
0000683   4.2794E+02  2.5819E+02  6.0269E+01
0000684   1.7030E+02 -5.1288E+01 -2.0952E+02
0000685   2.7207E+02  1.8395E+01  8.0432E+01
0000686   2.6170E+02 -1.7626E+00  6.3035E+01
0000687   2.6426E+02 -1.9450E+02  5.5284E+01
0000688   1.3125E+02  2.2746E+02 -1.6913E+02
0000689   3.1318E+02  1.9023E+01 -7.0483E+01
0000690   2.9065E+02  1.2465E+02  2.1973E+00
0000691   1.4258E+02 -8.8923E+01  1.5357E+02
0000692   5.5063E+01  3.3719E+01  9.9424E+00
0000693   1.3447E+02 -6.3229E+00 -3.1790E+01
0000694   8.2220E+01 -4.4858E+01  5.3858E+01
0000695   8.2504E+01  1.0431E+02  1.1159E+02
0000696   3.4160E+01  4.0234E+01  1.8415E+02
0000697   1.1734E+02  2.7476E+01  2.0875E+02
0000698   2.2257E+02  1.5630E+02 -9.7668E+01
0000700   2.7431E+02  7.4892E+01 -3.8133E+01
0000701   2.7702E+01 -2.2664E+02  5.0399E+01
0000702   1.1652E+02  3.6840E+01  6.6029E+01
0000703   3.3705E+01  1.3720E+02 -1.4926E+02
0000704   2.5642E+02  1.1364E+02 -6.3249E+00
0000705   2.0831E+02  1.0655E+02  2.8088E+02
0000706   1.8156E+02 -9.2760E+01 -1.3469E+02
0000707   3.5682E+02 -2.5367E+02  4.5034E+01
0000708   1.3664E+02 -6.6176E+01  3.2110E+01
0000709   7.1317E+01 -4.7446E+01 -1.0245E+02
0000710   6.1246E+01 -3.4854E+02 -1.7165E+02
0000711   2.7609E+02 -3.6130E+00 -8.1948E+01
0000712   4.0065E+01 -2.4496E+01 -2.0816E+01
0000713   1.7447E+02 -6.4101E+01  6.1033E+01
0000714   1.4592E+02 -6.0586E+01 -3.1426E+01
0000715   3.4677E+02  6.8068E-01  1.1025E+02
0000716   2.1708E+02 -1.3555E+02 -1.6888E+02
0000717   2.9453E+02  8.5132E+01  1.5670E+02
0000718   7.6615E+01 -5.8366E+01  1.0231E+02
0000719   2.0564E+02  3.1328E+01 -1.2847E+02
0000720   4.5627E+02  1.8885E+02  3.4810E+01
0000722   8.1113E+01 -1.5629E+02 -1.8638E+02
0000723   3.5872E+02  7.6907E+01 -2.6389E+01
0000724   1.2832E+02  1.8646E+02  2.3310E+02
0000725   1.3017E+02  5.4379E+01  5.6993E+01
0000726   2.8998E+02  1.1358E+02 -1.5961E+02
0000727   1.9700E+02 -1.3259E+01  2.5906E+02
0000728   1.9952E+02 -6.7100E+01 -3.6065E+01
0000729   3.3751E+02 -3.2953E+00 -2.0207E+01
0000730   3.6443E+02  1.9825E+02  8.7889E+01
0000731   3.0239E+02  1.8544E+00 -9.9150E+01
0000732   2.1373E+02 -8.3800E+01  7.8130E+01
0000733   3.6663E+02  2.4166E+01  6.9417E+01
0000734   2.6497E+01  3.2768E+02  9.4408E+01
0000735   1.4330E+02 -1.8718E+02  6.1540E+00
0000736   3.4850E+02 -7.1610E+01 -6.3513E+01
0000737   2.2729E+02 -8.2182E+01 -4.0397E+01
0000739   4.7603E+02 -8.4482E+01  1.8753E+02
0000740   3.5594E+02  4.1893E+01  6.0056E+01
0000741   1.5788E+02  5.2775E+01  9.3768E+01
0000742   2.6078E+02 -1.1492E+02 -1.6033E+02
0000743   4.1513E+02  9.9675E+01 -5.2585E+01
0000744   2.5847E+02  2.4143E+02  1.1641E+02
0000745   1.7101E+02 -1.4947E+02 -2.4952E+01
0000746   1.0758E+02  9.3322E-01  1.8936E+02
0000747   8.8972E+01  3.8917E+01  1.0853E+02
0000748   1.8250E+02 -1.8720E+02  9.6699E+01
0000749   8.6289E+01  5.8275E+01  2.0215E+02
0000750   1.0941E+02  2.0244E+02 -8.9122E+01
0000751   2.1782E+02  4.3426E+02 -1.5014E+02
0000752   2.3282E+02  1.9024E+02 -7.8371E+01
0000753   2.8592E+02 -6.1345E+01  5.0745E+01
0000754   1.9928E+02  4.5216E+00  8.1539E+00
0000755   2.8250E+02  9.3764E+01  2.3557E+02
0000756   8.8217E+00 -2.8453E-01 -6.0309E+01
0000757   3.1474E+02  8.0241E+01 -8.7069E+00
0000758   1.8634E+02 -2.6305E+01  5.6823E+00
0000759   6.7543E+01 -2.0752E+01  2.4612E+02
0000760   4.3989E+02  8.1170E+01  1.5743E+01
0000762   2.9407E+02 -1.1297E+02  1.5841E+02
0000763   2.7714E+02 -5.4041E+01 -6.4862E+01
0000764   1.4393E+01 -1.0812E+01  1.0507E+02
0000765   3.8177E+02 -6.5524E+01  3.3563E+02
0000766   3.3273E+02 -4.5391E+01  7.2776E+01
0000767   1.7691E+02 -1.9926E+02 -2.4797E+02
0000768   9.3180E+01  1.0556E+01  1.1684E+02
0000769   1.5702E+02 -2.5731E+02  9.9883E+01
0000770   1.9716E+02 -2.0397E+01  4.6287E+01
0000771   1.3760E+02  9.8996E+00 -1.6204E+01
0000773   4.8057E+01 -1.1295E+02 -6.6317E+01
0000775   2.0751E+02  8.1230E+01  3.2000E+02
0000776   1.5879E+02  1.8829E+02  1.0977E+02
0000777   1.5577E+02 -6.1958E+01  3.1135E+01
0000778   2.7607E+02 -6.5726E+01  8.5125E+00
0000779   2.2740E+02 -2.4956E+02 -1.0188E+02
0000780   2.6924E+02 -1.9064E+02  1.5065E+01
0000781   2.7566E+02 -1.2199E+02 -1.0056E+02
0000782   9.2069E+01  8.1257E+01  2.7729E+01
0000783   3.7638E+02 -1.5723E+01 -4.7179E+01
0000784   3.1493E+02  8.8186E+01 -3.0540E+02
0000785   1.8926E+02 -5.9316E+01 -8.7915E+01
0000786   1.2907E+02 -8.4391E+01  2.7777E+00
0000787   3.1732E+02 -1.2661E+02  1.9130E+02
0000788   3.1146E+02  8.5395E-01 -4.9584E+01
0000789   3.5165E+02 -4.4967E+01 -2.2284E+02
0000790   2.3471E+02 -7.4973E+01  3.1162E+01
0000791   3.6450E+02 -1.0269E+02 -2.3413E+02
0000792   2.6701E+02  1.0483E+02 -1.1093E+02
0000793   5.2362E+01 -2.9343E+01 -3.9525E+00
0000795   1.3059E+02 -2.0498E+02  4.3284E-01
0000796   2.8748E+01  9.7170E+01 -7.3338E+01
0000797   7.8458E+01 -2.4465E+02  6.7397E+01
0000798   2.6207E+02  6.9880E+01 -2.4141E+02
0000799   3.9671E+02  1.4006E+02 -1.4268E+02
0000801   1.8247E+02 -2.1028E+02  1.1836E+02
0000802   3.4309E+02  2.7317E+01 -3.7300E+01
0000803   3.2403E+02  8.1687E+01  2.6849E+02
0000804   4.1590E+02  1.0912E+01 -5.3899E+01
0000805   2.1779E+02 -3.1771E+01  2.1747E+02
0000806   2.0054E+02  1.3681E+02  3.2797E+01
0000807   3.3110E+02 -1.9468E+02 -3.5367E+01
0000808   1.4137E+02  1.7152E+02  6.0887E+01
0000809   9.2369E+01  7.1353E+01 -4.8864E+01
0000810   1.3949E+02  4.3212E+01 -1.7777E+02
0000811   2.2987E+02  2.9220E+01 -5.1527E+00
0000813   6.2797E+01 -6.6226E+01 -4.3271E+00
0000815   7.6993E+01  1.4890E+01  4.4963E+01
0000816   3.5826E+02  7.4823E+01  1.1152E+02
0000817   4.1843E+02  1.3037E+02 -7.9721E+01
0000818   2.4503E+02  1.1805E+02 -1.7679E+02
0000819   1.1891E+02  1.1356E+02  1.2288E+02
0000820   1.0804E+02  2.8666E+01  4.6492E+01
0000821   3.0997E+02  1.4358E+02  7.3874E+01
0000822   1.4342E+02 -1.2891E+02  5.9857E+01
0000823   2.9548E+02 -2.3310E+01  1.7782E+01
0000824   3.1206E+02  4.1126E+01  1.5386E+02
0000825   2.6386E+02 -1.9250E+02  1.3263E+02
0000826   5.4832E+01 -7.4498E+00 -4.4507E+01
0000827   2.6034E+02  1.2412E+02 -4.4576E+01
0000828   8.7876E+01  1.8334E+02  1.5971E+02
0000829   3.8254E+02  9.3456E+01  8.7704E+01
0000830   9.4390E+01  1.9942E+00  1.1081E+02
0000831   1.0493E+02 -1.5192E+01  1.6349E+02
0000832   2.0163E+02 -3.2560E+01 -9.2503E+01
0000833   2.8874E+02  1.3691E+02  1.5105E+01
0000834   3.2217E+02 -3.0515E+02  1.2705E+02
0000835   2.5126E+02  1.1309E+02 -1.6160E+02
0000836   1.2322E+02 -7.8099E+00  5.7145E-01
0000838   9.8010E+01  3.0735E+00  9.1889E+01
0000839   1.7166E+02 -4.1113E+00  5.1734E+01
0000840   1.2891E+02 -2.2881E+01  2.6729E+01
0000841   7.3934E+01 -9.7427E+01 -2.4686E+00
0000843   3.4147E+02  9.6230E+01  1.5683E+02
0000844   4.4092E+02  2.3513E+02  2.0804E+02
0000845   2.5196E+02  1.4915E+00 -1.0789E+02
0000846   1.1921E+02  5.6852E+01 -6.5797E+01
0000847   1.2964E+02 -1.4113E+01  2.4632E+01
0000848   2.8492E+02  1.3282E+01  6.6041E+01
0000849   8.8957E+01 -7.1724E+01  1.8849E+02
0000850   2.8874E+02 -9.6854E+01 -3.9746E+00
0000851   1.8259E+02 -1.5605E+02 -1.4634E+02
0000852   1.5991E+02 -1.3684E+02  1.7027E+01
0000853   2.8764E+02 -7.2469E+01  1.1705E+02
0000854   3.2421E+02  1.2308E+02 -1.7976E+02
0000855   3.8631E+02  4.2394E+01  2.3056E+01
0000856   2.5241E+02  1.3240E+02 -5.4292E+01
0000857   8.4907E+01  1.0844E+02 -1.9382E+02
0000858   1.9247E+02 -3.1206E+01  1.2348E+02
0000859   2.5176E+02  1.2755E+01  5.4284E+01
0000860   1.7056E+02  5.5637E+01  2.3307E+02
0000862   3.4436E+02 -6.2041E+01 -1.0141E+02
0000863   1.3034E+02 -8.5737E+01  1.3173E+02
0000864   2.9996E+02 -4.8220E+01  1.5947E+02
0000865   2.2431E+02  1.3395E+02 -9.7326E+01
0000866   3.0136E+02  1.5623E+02 -2.1466E+02
0000867   3.8207E+02 -1.4805E+02 -1.4949E+02
0000868   5.7616E+01 -5.7170E+01 -1.5434E+02
0000869   2.7175E+02 -5.1427E+00  5.8819E+01
0000870   4.3767E+02  2.8591E+02 -9.3679E+01
0000872   1.2063E+02  3.6769E+01  1.8902E+01
0000873   2.5523E+02  5.7971E+00  1.4165E+02
0000874   1.3091E+02  7.1777E+00 -1.5513E+02
0000875   3.8533E+02  8.0761E+01  3.9385E+01
0000876   4.0160E+02  9.9904E+00 -2.8901E+02
0000877   1.4274E+02  2.5975E+01 -3.7247E+01
0000878   1.5521E+02 -1.7399E+01 -8.3889E+01
0000879   1.6819E+02  1.0333E+02  2.3665E+00
0000880   3.2801E+01 -6.2039E+01 -5.0228E+01
0000881   2.9674E+02 -1.0158E+02  1.3803E+01
0000882   1.7984E+02 -8.3579E+01  1.9066E+02
0000883   2.7504E+02 -5.8713E+01 -1.4408E+02
0000884   1.3522E+02 -1.1131E+02  8.6264E+01
0000885   1.1996E+02  9.8232E+01 -4.6725E+01
0000886   3.7692E+02 -3.8252E+01 -1.7108E+02
0000887   2.2165E+02  9.0984E+01  1.6040E+02
0000889   2.6744E+02 -6.3603E+01 -2.1579E+02
0000891   1.1322E+02  3.4905E+01  1.3814E+02
0000892   2.8264E+02 -9.5818E+01  8.1841E+01
0000893   2.0313E+02  1.9261E+02 -1.0330E+02
0000894   1.1354E+02 -4.9091E+01 -2.7198E+00
0000895   1.2784E+02 -6.4820E+01 -8.4327E+01
0000896   1.0351E+02  1.5047E+02 -8.9422E+01
0000897   1.8577E+02 -8.2374E+00 -1.9356E+02
0000898   8.5100E+01  1.2894E+02 -1.7492E+02
0000899   5.9194E+01 -1.9787E+02  6.1504E+01
0000900   1.5348E+01 -3.5058E+01  8.9702E+01
0000901   1.2036E+02  9.4898E+01  2.4237E+01
0000902   3.2839E+02  4.1061E+00  1.9139E+02
0000903   7.9238E+01 -9.4054E+01 -2.1248E+02
0000904   9.9253E+01 -3.8032E+00 -1.7986E+02
0000905   2.5697E+02  3.9583E+01 -2.7452E+02
0000906   3.3264E+02  1.6293E+02  1.5694E+01
0000907   7.6122E+01  5.4879E+01 -9.6969E+01
0000908   2.4902E+02 -5.6320E+01 -8.7484E+01
0000909   9.7238E+01 -1.3207E+02  3.9624E+02
0000910   2.7983E+02 -5.9694E+01  1.2021E+02
0000911   1.1098E+02 -1.1773E+02  8.3745E+01
0000912   1.4309E+02 -1.1536E+02 -1.0107E+02
0000913   2.2102E+02 -2.0524E+01 -7.0397E+01
0000914   2.1819E+02  1.3713E+02  8.0752E+01
0000915   2.2871E+02 -2.1824E+01  1.9189E+02
0000916   3.1124E+02  3.5588E+01 -9.9954E+01
0000917   1.1570E+02  1.3093E+01 -3.0819E+01
0000918   1.9755E+01  2.5665E+00  4.0524E+01
0000919   1.8299E+02 -8.8771E+00 -9.6927E+01
0000920   1.7647E+02  1.2573E+02 -7.3423E+00
0000921   4.4335E+02  4.0050E+01 -1.1480E+02
0000922   4.0544E+02  4.0612E+01  1.8257E+02
0000923   5.0466E+01 -3.4196E+01 -5.2034E+01
0000924   6.4829E+01 -5.5438E+01  8.7585E+00
0000925   1.9832E+02 -1.1854E+02  8.9726E+01
0000926   1.8437E+02  1.6644E+02 -4.1809E+01
0000927   1.9653E+02  3.0608E+01  4.5448E+01
0000928   1.0718E+02  8.6997E+01 -5.7738E+01
0000929   1.6768E+02  2.8615E+02 -1.4243E+02
0000930   2.1419E+02 -1.9183E+01  1.4641E+02
0000931   1.3523E+02  7.0834E+01 -8.7639E+00
0000932   1.7251E+02  1.0443E+02  9.2655E+01
0000933   1.9637E+02  6.7043E+01 -6.5268E+00
0000934   1.7701E+02 -1.8689E+02  2.3494E+02
0000935   3.5639E+02 -4.5030E+01  1.0566E+02
0000936   1.5083E+01  2.1891E+01  3.0790E+01
0000937   2.5300E+02 -4.9307E+01  2.1467E+02
0000938   1.4836E+02  1.4019E+02 -1.3907E+01
0000939   2.2024E+02  1.7959E+02  2.2045E+01
0000940   2.0615E+02  4.2575E+01 -1.3602E+02
0000941   1.6690E+02  4.9218E+01  1.4136E+02
0000942   2.3886E+02 -1.4925E+01 -1.3980E+01
0000943   7.3664E+01  1.3651E+02 -2.6827E+02
0000944   1.5350E+02  4.8764E+01 -3.4075E+01
0000945   3.8021E+02 -4.7546E+01  2.2894E+01
0000946   5.0315E+02  8.9131E+01 -7.4786E+01
0000947   2.4649E+02  1.9421E+02 -1.6473E+02
0000948   1.1224E+02  5.4408E+01  3.3077E+01
0000949   1.4520E+02  2.4281E+01  8.2384E+01
0000950   5.0862E+01  1.5298E+02  3.4724E+01
0000951   1.8454E+02  8.2551E+01  2.6526E+01
0000952   4.0746E+01 -7.1147E+01 -6.5065E+01
0000953   3.1343E+02 -3.4000E+01 -1.4942E+02
0000954   7.8999E+01 -1.7360E+02  1.9163E+02
0000955   2.0040E+02  2.9124E+02  5.1599E+01
0000956   1.1566E+02 -5.3882E+01  1.4360E+02
0000957   2.9221E+02 -2.3114E+02 -5.1661E+01
0000958   1.7537E+02 -5.6132E+00  5.2679E+01
0000959   2.5360E+02 -4.6528E+01  7.0320E+01
0000960   1.4119E+02 -1.4622E+01 -3.4726E+00
0000962   1.2241E+02 -1.1268E+02 -2.7133E+01
0000963   2.2664E+02 -6.7236E+01 -2.7673E+01
0000964   1.3115E+02  3.4991E+01  6.8473E+01
0000965   1.3710E+02 -3.9766E+01  2.4957E+02
0000967   1.7939E+02 -1.6111E+01 -1.9795E+01
0000968   4.2711E+02  2.2198E+02 -7.6247E+01
0000969   2.9057E+01  7.8047E+01  7.1726E+01
0000970   2.6459E+02 -2.9667E+01 -1.6036E+01
0000971   1.7208E+02 -2.6507E+01 -1.0196E+02
0000972   4.5869E+01  7.7478E+01  1.1161E+02
0000974   1.0964E+02 -1.2751E+02  9.4659E+01
0000975   1.0655E+02  1.4736E+02 -1.3885E+01
0000976   4.6798E+01 -2.2663E+01  9.3738E+01
0000977   7.4614E+01  3.0610E+02 -9.9059E+01
0000978   1.0021E+02 -1.6118E+02 -7.5710E+01
0000979   1.7780E+02  2.9661E+01  8.1130E+01
0000980   2.9946E+02 -2.5046E+02  3.3885E-01
0000981   4.6890E+02  2.7460E+02  1.0846E+01
0000982   2.2521E+02 -1.7496E+02  3.0127E+01
0000983   2.4579E+02  1.1802E+02  1.5203E+02
0000984   1.4005E+02 -1.0915E+02  1.7419E+02
0000985   2.8756E+02  1.0720E+02  1.5037E+02
0000986   3.1444E+02  1.3725E+02 -2.4843E+00
0000987   2.6076E+02  6.0477E+01 -2.5344E+02
0000988   2.8266E+02 -2.5162E+02  2.3346E+02
0000989   1.3134E+02  1.2136E+02 -1.2876E+02
0000990   3.5330E+02 -1.4406E+02  2.5921E-02
0000991   4.1680E+02  3.5810E+01  6.8430E+01
0000992   9.0049E+01  1.6863E+01 -1.0019E+02
0000993   4.2728E+01  2.6670E+02 -1.5978E+02
0000994   3.8663E+02 -1.1137E+02 -1.3249E+02
0000995   2.9714E+02 -9.8411E+00  1.8444E+02
0000996   3.7688E+02 -4.2089E+00  4.1092E+01
0000997   1.8478E+02  2.9316E+02  1.6456E+01
0000998   3.9887E+02 -1.2275E+02 -3.8186E+00
0000999   2.2683E+02  2.0318E+02 -1.5326E+02
0001000   3.9843E+02 -1.3466E+01  1.0915E+02
