============================== SRIM-2013.00 ==============================
==============================================================================
====== SRIM Outputs\RANGE_3D.txt : File of Final Ion Positions =====

Ion =  F (09)   Ion Mass= 018.9984
Energy  = 4000000.E-05 keV
Ion Angle to Surface = 00.0 degrees
==================== TARGET =======================
  Layer # 1 - None
  Layer # 1 - Bottom Depth=500000.E-01 A
  Layer # 1 - Density =0007.8700 g/cm3
  Layer # 1 -  100 % of Fe
様様様様様様様様様様様様様様様様様様様様様様様様様様
                                            
Ion       Depth  X   Lateral Y   Lateral Z  
Number    (Angstrom) (Angstrom)  (Angstrom) 
-------  ----------- ----------- -----------
0000001   5.6316E+02  3.0704E+02 -3.0202E+01
0000002   6.1828E+02  5.0643E+02  2.8977E+02
0000003   8.4664E+01  2.8977E+02 -1.1010E+02
0000004   3.4546E+02 -5.2034E+01  2.4810E+02
0000005   2.8674E+02 -2.0232E+02 -1.0104E+02
0000006   4.9045E+02 -1.9503E+02  4.8021E+02
0000007   4.2735E+02  5.8206E+01 -1.6377E+02
0000008   1.6747E+02  3.3853E+02  5.9468E+01
0000009   1.9296E+02 -9.9580E+00  2.8884E+02
0000010   1.8553E+02 -1.3987E+02 -2.1509E+02
0000011   6.6846E+02 -2.1287E+02  6.7895E+01
0000012   1.6768E+02  9.7064E+01 -2.7525E+02
0000013   3.7672E+02 -2.0444E+02 -7.5392E+01
0000014   7.3521E+02  5.3126E+01 -2.0269E+02
0000015   6.0266E+02 -8.3398E+01 -3.0302E+02
0000016   1.1018E+02 -3.9760E+01  1.3578E+02
0000017   4.0459E+01  6.5682E+01 -2.0900E+02
0000019   4.1051E+02  5.7065E+01  2.9900E+01
0000020   5.0079E+01 -4.0531E+02  1.8220E+02
0000021   2.8277E+02 -1.8505E+02 -2.0178E+02
0000022   3.4101E+02 -4.9534E+01 -2.8471E+02
0000023   2.4574E+02 -1.7929E+02  1.5746E+02
0000024   4.0242E+02  3.7524E+02 -3.3389E+01
0000026   1.6267E+02 -2.2031E+02  1.5201E+02
0000027   4.8651E+02 -2.8568E+02  3.1171E+02
0000028   5.5775E+02  3.1809E+02  1.3337E+02
0000029   1.6435E+02 -1.5845E+02  5.1979E+00
0000030   4.4076E+02  1.4515E+01  1.7034E+02
0000031   3.2740E+02  4.3603E+01 -4.9398E+02
0000033   2.4440E+02 -3.7552E+02  6.2387E+02
0000034   6.1050E+02 -1.2247E+02  1.8665E+02
0000035   1.6387E+02  3.5136E+02  5.2051E+01
0000036   3.1328E+02 -1.7301E+01 -3.8823E+01
0000037   3.2741E+02 -2.0684E+02  1.3458E+02
0000038   2.3376E+02  4.1819E+02 -1.4930E+02
0000039   2.7226E+02 -1.5939E+02  2.3653E+02
0000040   5.7564E+02 -2.9844E+02  3.3579E+02
0000041   4.6816E+02 -1.6193E+02  1.8612E+01
0000042   3.8825E+02 -1.6302E+02 -7.7535E+01
0000043   6.3464E+02 -2.1814E+02  5.2282E+01
0000044   1.9530E+02  1.6435E+02  1.7790E+02
0000045   6.2996E+02  1.9448E+01  1.4992E+02
0000046   6.1415E+02 -1.1515E+01  3.9222E+02
0000047   3.6363E+02 -1.1386E+02 -1.8092E+02
0000048   1.0294E+02  2.0623E+02  4.5597E+01
0000049   1.5293E+02 -2.0294E+02  7.8303E+01
0000050   1.2217E+02 -2.0744E+01 -2.1154E+02
0000051   3.4734E+02  8.5839E+01 -3.2702E+02
0000052   6.7365E+02 -6.2539E+01  2.6798E+02
0000053   5.9397E+02 -4.5104E+01  1.3269E+02
0000054   2.8509E+02 -4.5885E+01 -1.4920E+02
0000055   4.2130E+02  3.2168E+02  3.7033E+02
0000056   3.5602E+02  3.0248E+00  2.4021E+02
0000057   6.4828E+02  1.2337E+02 -2.9980E+01
0000058   3.4400E+02 -1.2856E+02  4.1846E+02
0000059   2.5233E+02 -1.3160E+01  3.3520E+02
0000061   2.4974E+02  2.2790E+02 -2.1582E+02
0000062   7.2277E+02 -3.5839E+01  1.7650E+02
0000063   5.1970E+02  1.0439E+02 -3.7541E+02
0000064   2.9541E+02 -2.9931E+02 -2.0151E+02
0000065   2.3125E+02  3.8082E+02 -2.5768E+02
0000066   6.1478E+02 -3.0455E+02 -4.3612E+01
0000067   5.6688E+02 -2.9137E+02 -1.5212E+02
0000068   5.9730E+02 -5.7751E+01  1.8444E+02
0000069   5.7756E+02 -9.5261E+01  5.1218E+01
0000070   4.8532E+02  2.4514E+02  2.8536E+02
0000071   5.3046E+02  3.0317E+02 -6.6460E+01
0000072   6.5078E+02  2.4731E+02  3.1089E+02
0000073   4.1128E+01  1.2566E+02 -9.6139E+01
0000074   6.5285E+02  3.2487E+01  4.3120E+02
0000075   9.6070E+02  4.6048E+02 -1.1207E+02
0000076   3.8816E+02  3.5186E+02  2.0532E+02
0000077   4.2996E+02  5.4469E+01  3.5506E+02
0000078   7.9521E+02  1.2470E+02  4.0175E+02
0000079   2.7000E+02 -2.3713E+02 -2.2941E+02
0000080   6.6228E+02  3.9204E+01 -2.1055E+02
0000081   4.9708E+02  5.6565E+01 -1.8532E+02
0000082   1.2404E+02  2.5533E+01 -1.6088E+02
0000083   1.3843E+02 -1.0118E+02 -9.7479E+01
0000084   3.1616E+02 -1.1446E+02  9.9511E+01
0000086   2.3888E+02 -1.2473E+02  3.5524E+02
0000087   1.9155E+02  4.2046E+01 -8.4049E+00
0000088   5.2071E+02 -2.0283E+02  2.1145E+02
0000089   5.2484E+02 -5.6668E+01 -4.1023E+02
0000090   5.0064E+02  4.1080E+01  9.0393E+02
0000091   4.0457E+02  5.4904E+02 -2.1894E+02
0000092   6.5449E+02  3.4940E+01  2.7350E+01
0000094   2.1189E+02 -1.2243E+02 -1.9199E+02
0000095   3.8049E+02  7.6124E+01 -3.1585E+02
0000096   6.0305E+02 -7.8750E+02 -2.9120E+02
0000097   4.2073E+02 -8.1366E+01  2.8220E+01
0000098   3.0105E+02  3.5277E+02  1.3897E+01
0000099   3.4083E+02 -2.2624E+02 -1.2928E+02
0000100   5.1934E+02  1.2433E+02  2.1913E+02
0000101   4.9645E+02  1.1555E+02 -7.4994E+01
0000102   3.7808E+02  2.1974E+01 -1.5754E+02
0000103   6.8075E+02  7.0206E+01  2.4826E+01
0000104   5.4716E+02 -2.7321E+02  1.1787E+02
0000105   4.2695E+02  2.9340E+02 -2.6437E+02
0000106   6.1611E+02  2.6255E+02  3.2244E+01
0000107   7.4031E+02  2.0927E+01 -3.7133E+02
0000108   1.9583E+02 -3.2967E+02 -1.8979E+02
0000109   2.5016E+02  3.0712E+00 -6.9992E+01
0000110   4.4081E+02 -4.0999E+02 -3.2153E+02
0000111   6.2326E+02 -4.6644E+02  3.0115E+02
0000112   1.7353E+02 -1.4177E+02 -9.3730E+01
0000113   7.9127E+01 -1.6680E+01 -2.5649E+02
0000114   4.6794E+02  1.4009E+02 -1.9326E+02
0000115   4.6065E+02  1.6985E+02  1.5891E+02
0000116   5.1001E+02  3.2771E+01  1.1103E+02
0000117   4.0542E+02  2.9509E+02  1.6884E+02
0000118   5.2239E+02 -5.3277E+01 -6.2189E+02
0000119   2.9540E+02 -1.0647E+02 -7.0659E+01
0000120   4.9027E+02  3.7523E+02  1.9319E+02
0000121   4.3492E+02  1.2897E+02 -5.9990E+01
0000122   1.0576E+03  3.6549E+01  2.1065E+02
0000123   3.5764E+02  7.8389E+00 -3.9468E+02
0000124   4.2007E+02  8.2019E+01  4.5034E+02
0000125   1.5223E+02  5.6609E+00  3.3735E+02
0000126   2.9864E+02  3.8462E+01  1.2799E+02
0000127   4.8273E+02 -6.3040E+01  5.4964E+01
0000128   2.2744E+02 -1.9953E+02 -1.2806E+02
0000130   9.0686E+02  1.9197E+02 -2.1865E+02
0000131   7.5957E+02  2.0049E+02  9.0122E+01
0000132   4.2298E+02  2.0720E+02 -3.8591E+02
0000133   5.7541E+02 -1.9217E+02  1.8604E+02
0000134   4.9906E+02  1.0951E+02  4.1924E+02
0000135   4.8253E+02  5.3508E+02  3.2787E+02
0000136   5.5753E+02 -1.7844E+01 -2.9601E+02
0000137   3.5370E+02 -1.7649E+02 -2.6829E+02
0000138   6.5442E+02 -1.0377E+02  3.4634E+01
0000139   8.0388E+02  2.5495E+02 -3.8340E+00
0000140   3.1760E+02  1.2538E+02  1.9938E+02
0000141   4.6304E+02 -9.1427E+01  1.8133E+01
0000142   2.8482E+02  1.5966E+01  2.8050E+02
0000143   3.7659E+02 -3.0607E+02 -2.6484E+02
0000144   4.8188E+02  3.3342E+02 -1.7456E+02
0000145   2.3584E+02  1.8492E+02  3.3597E+02
0000146   4.0514E+02 -8.8746E+01  8.2619E+00
0000147   2.8113E+02  1.9647E+02 -1.7736E+02
0000148   7.0470E+01  3.7447E+02 -2.2891E+02
0000149   3.8906E+02 -3.1991E+02  6.9115E+01
0000150   6.2185E+02  1.4249E+02 -1.9256E+02
0000151   7.7319E+01 -1.2049E+01  8.9840E+01
0000152   5.4042E+02  2.0253E+02  2.0503E+02
0000153   1.0525E+02 -1.1366E+02  6.6865E+00
0000154   4.1297E+02 -2.2954E+02  1.1352E+02
0000156   5.3693E+02 -1.4096E+02 -1.0144E+02
0000157   4.6437E+02  1.4215E+02 -3.8167E+01
0000158   5.8619E+02  1.4974E+02 -4.0559E+01
0000159   8.0331E+02  1.0929E+02 -2.6829E+02
0000160   4.0183E+02 -1.7146E+01  8.2349E+01
0000161   6.4920E+02  1.1855E+02 -2.9255E+02
0000162   1.8084E+02 -2.3372E+02  1.0552E+02
0000163   5.9508E+02 -2.2519E+02  1.2407E+02
0000164   2.4498E+02  1.8497E+02  3.2866E+02
0000165   3.3834E+02 -1.2776E+02 -1.5003E+02
0000166   3.8984E+02  2.2289E+02  1.2246E+02
0000167   3.7487E+02 -5.9190E+01 -9.7058E+00
0000168   5.9228E+02 -4.0750E+01  9.1512E+01
0000169   3.7882E+02  2.2622E+02  1.2949E+02
0000170   6.5875E+02  3.8906E+02 -4.2311E+02
0000171   7.1437E+02 -2.5128E+01  7.7817E+01
0000172   1.8275E+02  2.6577E+02  3.9671E+01
0000173   3.8964E+02  5.9505E+02 -1.0589E+02
0000174   4.3863E+02 -2.4587E+01 -1.4800E+02
0000175   5.8286E+02  3.9200E+02  1.8750E+02
0000176   1.4665E+02  4.9208E+00 -6.4501E+01
0000177   3.5948E+02  3.1531E+02 -1.4224E+02
0000178   4.5946E+02 -6.7696E+01 -1.5680E+02
0000179   4.4725E+02  2.4202E+02 -2.8735E+02
0000180   7.2520E+02 -1.5249E+01 -3.2968E+02
0000181   3.5448E+02 -2.9559E+02 -2.0888E+01
0000182   6.9660E+02 -3.9364E+01  6.5102E+01
0000183   6.2707E+02 -2.3126E+01  9.3673E+01
0000184   3.8143E+02  8.8251E+01 -5.2604E+01
0000185   4.2675E+02  1.3230E+02 -5.2595E+02
0000186   4.3196E+02 -6.2950E+02 -7.5943E+01
0000187   3.6987E+02 -9.9890E+01 -1.7036E+02
0000188   4.5441E+02 -1.3365E+02 -7.4720E+01
0000189   3.6410E+02  4.8689E+00 -1.3070E+02
0000190   2.9115E+02  1.6804E+02  3.4144E+02
0000191   5.0800E+02 -1.9602E+02  7.2651E+01
0000192   1.3339E+02 -4.7162E+02  7.7603E+01
0000193   5.6010E+02  2.3978E+02  1.2388E+02
0000194   3.9376E+01  1.3277E+02 -1.0852E+02
0000195   4.6575E+02  2.8185E+01  4.9157E+01
0000196   4.3650E+02 -4.7723E+01  1.1595E+02
0000197   4.6732E+02 -1.1886E+02 -1.3300E+02
0000198   4.1752E+01 -1.0554E+02 -2.1890E+02
0000199   4.7192E+02 -1.2033E+02  2.2034E+02
0000200   4.6019E+02 -1.2703E+02  2.1179E+02
0000201   1.4537E+02  1.1225E+02 -3.8470E+01
0000202   3.9318E+02 -1.0410E+02  5.2184E+01
0000203   4.9296E+02 -1.5022E+02  4.1441E+02
0000204   2.1913E+02 -1.3771E+02  3.0187E+02
0000205   9.8801E+01  2.9845E+02  6.9784E+00
0000206   5.1761E+02 -1.1596E+02  4.2202E+02
0000207   3.1574E+02  1.6605E+02 -1.5807E+02
0000208   1.9415E+02 -3.5750E+02 -2.8487E+02
0000209   5.7887E+02 -4.4515E+02  1.5388E+02
0000210   4.1508E+02 -2.1160E+02  1.2210E+02
0000211   4.7912E+02  3.8432E+01 -1.7168E+02
0000212   7.1457E+02 -2.3658E+02 -3.7215E+02
0000213   2.3379E+02  5.6458E+01  1.3323E+01
0000214   5.0589E+02 -1.6686E+01  4.8909E+01
0000215   3.5922E+02  1.0817E+02  1.0883E+02
0000216   3.2961E+02  1.4651E+01 -7.7230E-01
0000217   1.3967E+02  1.0947E+02 -2.0488E+02
0000218   3.4644E+02 -8.5208E+01 -1.8239E+02
0000219   7.7641E+01  3.4631E+02  2.1502E+02
0000220   1.8329E+02  4.9180E+01  1.0388E+02
0000221   4.4516E+02  5.5777E+01 -1.0446E+02
0000222   6.0831E+02  4.8065E+01  1.8672E+02
0000223   1.7068E+02  1.1672E+02  3.3236E+01
0000224   4.5702E+02  5.2592E+02 -2.1941E+02
0000225   2.6058E+02 -5.0439E+02 -1.7207E+02
0000226   5.3925E+02  2.1754E+02 -4.7610E+02
0000227   3.9176E+02  2.9357E+01  4.1534E+02
0000228   3.8015E+01 -1.0132E+02 -2.8190E+02
0000229   1.8350E+02  4.4767E+01 -3.0577E+02
0000230   2.9916E+02  4.4758E+01  1.5502E+02
0000231   3.5431E+02  8.6596E+01  5.4159E+01
0000232   4.0323E+02  7.5964E+01  2.3687E+02
0000233   3.6575E+02 -1.6526E+02 -1.9779E+02
0000234   4.4546E+02  2.4882E+02  4.9074E+01
0000235   8.7368E+02 -1.7072E+02  5.1239E+02
0000236   1.8460E+02 -3.2101E+02 -6.8062E+01
0000237   5.6848E+02  5.8694E+01  4.0608E+01
0000238   3.7186E+02  4.0033E+02  2.5036E+02
0000239   3.1757E+02  2.7178E+01  1.9257E+02
0000240   5.2590E+02  6.3609E+01 -9.9699E+01
0000241   1.4333E+02  3.4290E+01  2.8600E+02
0000242   1.1240E+02  3.0864E+02  2.1469E+02
0000243   2.4543E+02  1.7913E+02 -6.4489E+01
0000244   3.6596E+02  1.4164E+02 -4.0113E+01
0000245   2.2920E+02 -6.3984E+00  4.2970E+01
0000246   2.2378E+02 -2.5474E+01  2.9594E+01
0000247   2.8587E+02 -1.1259E+01  3.8075E+02
0000248   1.6118E+02  2.3797E+02 -5.4653E+02
0000249   1.8508E+02  2.4467E+02  3.3236E+02
0000250   2.6625E+02 -1.0588E+02  2.0098E+02
0000251   2.4762E+02 -1.8135E+02 -2.6659E+02
0000252   4.0999E+02  4.2473E+02 -2.4268E+02
0000253   4.5240E+02 -3.2663E+01  2.1638E+02
0000254   3.4046E+02 -2.8858E+02 -1.9896E+02
0000255   2.7784E+02  3.6516E+01  2.6581E+02
0000256   3.8390E+02 -1.7887E+00  1.3801E+02
0000257   4.3310E+02 -2.3507E+02 -9.7802E+01
0000258   1.3581E+02 -4.3920E+01 -1.6330E+02
0000259   3.3121E+02 -2.1050E+02 -1.6176E+02
0000260   2.9061E+02 -2.6532E+02  8.4622E+00
0000261   3.5772E+02  3.6438E+00 -1.2325E+02
0000262   4.4427E+02 -1.7415E+02  8.4006E+00
0000263   5.0151E+02  8.5265E+00 -4.1903E+02
0000264   5.3714E+02  1.2936E+02 -1.0639E+02
0000265   8.2327E+01 -2.2808E+02 -1.7934E+02
0000266   2.3144E+01  2.9675E+01  1.0982E+02
0000267   3.9473E+02 -1.7433E+02  9.3917E+01
0000268   6.4822E+02 -5.3070E+00  1.8318E+02
0000269   1.2733E+01 -3.0599E+02  6.6136E+01
0000271   2.0861E+02 -1.4395E+01  7.0537E+01
0000272   4.4629E+02  4.3729E+02  1.0995E+02
0000273   4.0460E+01 -2.7396E+01 -2.3179E+02
0000274   5.2319E+02 -4.7393E+01  4.7431E+01
0000275   5.3345E+02 -1.2169E+02  1.7679E+02
0000276   2.4398E+02 -2.0735E+02 -1.7824E+00
0000277   7.0380E+02 -1.9111E+02 -5.1457E+02
0000278   5.1508E+02  2.3276E+02 -3.0400E+01
0000279   5.5022E+01 -3.4448E+01 -7.4822E+01
0000280   6.4469E+02 -1.5345E+02 -7.4856E+01
0000281   2.5730E+02 -1.9105E+01 -2.8653E+01
0000282   3.7574E+02 -3.9074E+02  3.0182E+02
0000283   3.2987E+02  1.8819E+02 -4.1114E+01
0000284   3.3092E+02 -1.2750E+02 -1.6302E+02
0000285   5.0819E+02  2.5833E+02 -1.1074E+02
0000286   9.1055E+02 -2.5788E+01  3.1865E+02
0000287   1.3633E+02  3.4509E+02  3.0616E+02
0000288   6.7336E+02 -2.3496E+02  1.8642E+02
0000289   2.4479E+02  5.9367E+01 -5.8148E+01
0000290   4.7832E+02 -4.8876E-01  4.0803E+02
0000291   7.0291E+02  4.0970E+02  1.5802E+02
0000292   7.5497E+01 -1.6484E+02  1.0276E+02
0000293   5.9625E+02 -2.8319E+01  1.0817E+01
0000294   1.2181E+02  2.4342E+02  8.5973E+01
0000295   3.2902E+02 -4.2968E+02  8.8769E+00
0000296   2.3073E+02 -3.6117E+02 -2.5988E+02
0000297   6.5527E+02 -6.2149E+01  5.4724E+02
0000298   5.2187E+02  2.9484E+02 -3.1847E+02
0000299   6.4774E+01  3.7330E+02 -1.2026E+02
0000300   3.6551E+02  1.9084E+01 -2.1343E+02
0000301   1.4441E+02  6.2563E+01 -1.1755E+02
0000302   1.3040E+02  2.0426E+01 -1.4711E+02
0000303   4.0851E+02 -4.5990E+01  5.2162E+02
0000304   4.8354E+02 -3.6478E+02 -2.2733E+02
0000305   4.2929E+02  2.3709E+02  2.3602E+02
0000306   3.2714E+02 -2.8218E+02  3.0248E+02
0000307   3.4415E+02  2.3582E+02 -1.4996E+02
0000308   2.7238E+02 -7.4477E+02  2.9279E+02
0000309   5.0243E+02  1.0181E+02  2.5891E+02
0000310   1.9949E+02 -6.2287E+01  5.0973E+01
0000311   6.5540E+02 -6.8148E+01 -8.2018E+01
0000312   4.9812E+02  1.5731E+02  3.3023E+01
0000313   2.4952E+02  4.4633E+01 -1.7321E+02
0000314   3.2951E+02  1.5241E+02 -4.4848E+02
0000315   4.3616E+02 -7.5469E+00  8.6157E+00
0000316   2.3683E+02  1.4425E+02  3.8246E+02
0000317   1.0049E+03  1.1743E+02 -2.5405E+02
0000318   1.3226E+02  1.6205E+02 -2.2940E+01
0000319   4.4050E+02 -3.3746E+02  7.5246E+01
0000320   6.8780E+02 -2.9468E+02 -2.0454E+02
0000321   5.9157E+02  2.6522E+02 -3.5571E+02
0000322   2.7483E+02 -5.4671E+01 -2.1895E+02
0000323   8.7162E+02  2.1832E+02  2.0516E+02
0000325   4.4323E+02  2.1605E+02  4.1430E-01
0000326   6.6009E+02 -3.1015E+02 -1.6667E+02
0000327   6.4866E+02 -7.9683E+01  1.8797E+02
0000328   4.8291E+02  1.9161E+02 -3.6348E+02
0000329   3.3825E+02 -3.9271E+02  1.7179E+02
0000330   5.2502E+02  8.8919E+01 -6.2428E+02
0000331   3.4512E+02  7.0607E+01 -5.7878E+01
0000332   6.8260E+02 -4.0424E+02 -1.5543E+02
0000333   6.5849E+02  3.3255E+02 -1.2749E+02
0000334   6.2975E+02  1.1206E+02 -3.1626E+02
0000335   5.7482E+02  3.0817E+02  5.0991E+01
0000336   9.0345E+02  1.4992E+02  2.1858E+02
0000337   4.6983E+02 -1.2724E+02 -1.4276E+02
0000338   3.4117E+02 -4.1027E+02  9.5235E+01
0000339   3.9638E+02 -8.5511E+01 -2.2332E+01
0000340   6.2124E+02 -1.2421E+02 -2.1957E+02
0000341   1.0230E+03 -1.1651E+02  5.0672E+01
0000342   6.1994E+02 -3.2273E+01 -6.6924E+01
0000343   4.1355E+02 -2.6664E+02  1.3699E+02
0000344   2.3825E+02 -3.4518E+02 -3.4855E+02
0000345   7.0834E+02  1.2311E+02 -3.2498E+02
0000346   9.1839E+02  1.1801E+01 -1.6241E+02
0000347   3.3212E+02  5.1371E+02  1.1032E+02
0000348   1.4488E+02  1.2202E+02  1.4245E+02
0000349   9.8903E+02  2.5464E+02  1.0823E+02
0000351   2.2973E+02 -1.3834E+01 -1.4524E+02
0000352   3.7084E+02  1.6302E+02 -2.1005E+02
0000353   5.7024E+02 -1.8099E+02  9.4474E+01
0000354   1.3248E+02  8.3430E+01 -3.4506E+02
0000355   3.8168E+02 -1.4533E+02 -3.6086E+02
0000356   1.9537E+02  1.5147E+02  1.8870E+02
0000357   5.3945E+02  4.0265E+01  1.6208E+02
0000358   4.5207E+02 -5.6510E+02  1.0176E+02
0000359   3.5106E+02  1.5277E+02 -4.7466E+02
0000360   3.1986E+02 -6.1158E+02 -3.8085E+01
0000361   2.8471E+02 -1.9614E+02  2.0778E+02
0000362   5.8797E+02 -3.4280E+02 -1.8034E+02
0000364   6.8625E+02 -3.2302E+02  1.2959E+02
0000365   1.8248E+02  3.7248E+02 -2.0826E+01
0000366   3.4118E+02 -1.6175E+02 -1.0042E+02
0000367   5.9018E+02  5.6889E+01  1.9793E+02
0000368   4.7471E+02  1.2245E+02 -3.5676E+02
0000369   4.1741E+02 -8.6743E+01  9.2492E+01
0000370   5.4127E+02 -5.5085E+01 -6.6775E+01
0000371   3.6550E+02 -1.2382E+02  1.0264E+02
0000372   2.1320E+02  9.6133E+01 -6.7495E+00
0000373   4.6792E+01  2.2793E+02  1.4038E+01
0000374   6.6482E+02 -3.5542E+02 -3.3091E+02
0000375   2.5204E+02  4.3986E+02 -1.8899E+02
0000376   5.1283E+02  2.3266E+02 -1.0134E+02
0000377   4.3144E+02  6.3888E+01  3.2993E+02
0000378   6.2345E+02  1.7289E+02  2.6395E+00
0000379   5.4487E+02  3.5655E+00 -4.0015E+01
0000380   6.5477E+02 -3.2393E+02  3.4180E+02
0000381   5.5978E+02 -9.2066E+01 -4.8496E+01
0000382   1.6432E+02 -4.8343E+02 -6.2093E+01
0000383   5.3015E+02  3.1705E+02 -6.2519E+01
0000384   4.7099E+02 -3.7821E+02 -1.9819E+02
0000385   5.6516E+02  1.0033E+02  5.3338E+02
0000386   5.0806E+02  1.0245E+02  2.7888E+02
0000387   6.1400E+02  1.3206E+02 -6.0594E+01
0000388   3.3945E+02 -1.9294E+02 -9.7961E+01
0000389   5.4152E+02  1.9841E+02 -9.4927E+01
0000390   3.6290E+02  1.2328E+02 -3.8532E+02
0000391   6.4815E+02  4.3790E+01  1.5208E+02
0000392   4.5425E+02  4.3427E+01  2.0289E+02
0000394   1.3340E+02 -8.2983E+01 -4.7945E+01
0000395   1.4874E+02 -3.6328E+02  2.5847E+02
0000396   2.1879E+02 -1.3567E+02  1.5852E+02
0000397   2.8415E+02 -1.6411E+02 -7.3948E+01
0000398   4.5714E+02 -1.4848E+02  1.1637E+02
0000399   3.4787E+02  9.0285E+01 -2.4456E+02
0000400   3.7712E+02 -2.0954E+02  3.4123E+02
0000401   6.9220E+02 -2.4704E+02  6.8696E+01
0000402   8.5939E+02 -5.7375E+02  3.9664E+02
0000403   5.2056E+02 -2.2947E+02  5.1431E+02
0000404   4.0716E+02 -5.4781E+02  5.6928E+01
0000405   6.6907E+02 -3.2311E+02  1.5027E+01
0000406   5.0268E+02  1.5753E+02  9.4921E+01
0000407   5.0536E+02  2.0159E+02  5.9755E+02
0000408   5.2133E+02  4.6759E+01  1.5561E+02
0000409   5.3543E+02 -3.1325E+02  1.6554E+02
0000410   4.1614E+02  2.6005E+02  2.2438E+01
0000411   2.6853E+02  2.4964E+02 -4.9375E+02
0000412   3.0322E+02  6.5246E+01  1.4241E+01
0000413   3.2093E+02  5.9693E-01 -2.6304E+02
0000414   4.2155E+02 -1.5819E+02 -3.8214E+02
0000415   3.3150E+02 -2.3307E+02  1.5658E+02
0000416   6.0111E+02  1.0753E+02  1.1114E+02
0000417   5.6812E+02  8.6379E+01  1.7772E+02
0000418   5.4029E+02 -2.3705E+02  1.7701E+02
0000419   1.7418E+02 -2.3226E+01 -5.1223E+02
0000420   4.1569E+02  1.9482E+02  3.6751E+02
0000421   6.3433E+02  2.5702E+02  3.1226E+02
0000422   1.7904E+02  2.7459E+02 -3.4825E+02
0000423   1.2741E+02 -3.9301E+02 -9.5332E+01
0000424   1.3476E+02 -7.6831E+01  4.2148E+01
0000425   1.8874E+02 -2.1997E+01  2.4569E+00
0000426   4.1673E+02 -4.1831E+02  2.4154E+02
0000427   1.3899E+02  2.1572E+01 -4.0753E+01
0000428   6.2397E+02  4.4534E+02 -5.3563E+01
0000429   5.7973E+02 -1.0441E+02  4.8282E+00
0000430   3.6979E+02  2.7882E+02  3.6827E+02
0000431   4.6127E+02 -3.5950E+02  5.1715E+02
0000432   5.8480E+02 -1.9020E+02 -4.3604E+01
0000433   3.4093E+02  4.6091E+01  3.8935E+01
0000434   6.3882E+02 -1.8608E+01 -2.8671E+02
0000435   2.4491E+02 -4.0399E+02  2.3993E+01
0000436   2.0684E+02  4.5284E+02  1.5986E+02
0000437   3.1064E+02 -6.5977E+01  5.1103E+01
0000438   5.7892E+02 -2.2930E+02 -9.8433E+01
0000439   1.0280E+02 -9.2800E+01 -8.7140E+01
0000440   7.9136E+02  2.5870E+02  4.4411E+01
0000441   2.2761E+02  3.5260E+02 -1.6399E+02
0000442   5.4941E+02 -1.5400E+02 -2.0136E+02
0000443   7.0497E+02  3.5779E+02  6.2909E+01
0000444   4.1274E+02 -5.3173E+01 -4.5158E+02
0000445   2.6519E+02  3.9368E+02  1.7323E+02
0000446   3.3703E+01  4.1654E+02  4.6229E+02
0000447   2.3060E+02 -9.0124E+00 -2.0786E+02
0000448   6.8292E+02 -4.5976E+01 -1.2864E+02
0000449   4.4602E+02  5.3550E+00  3.2444E+02
0000450   4.5671E+02 -5.6000E+01 -9.1010E+01
0000451   5.3102E+02 -1.3958E+02  2.0238E+02
0000452   3.2594E+02  1.9451E+02 -1.3122E+02
0000453   3.5090E+02 -2.9861E+02  5.0491E+02
0000454   5.5243E+02  1.9294E+01 -1.0021E+01
0000455   5.6960E+02  2.2621E+02 -6.1970E+01
0000456   5.9175E+02  1.2857E+02 -2.9920E+02
0000457   5.0370E+02  1.6433E+02 -4.2843E+01
0000458   4.1057E+02  6.9593E+01 -2.0809E+02
0000459   7.6682E+02  8.5963E+01  6.3713E+01
0000460   4.5181E+02 -1.1401E+02  1.0914E+02
0000461   5.6271E+02 -5.1039E+02 -4.1222E+01
0000462   3.4658E+02  2.2923E+01  6.2690E+01
0000463   2.5922E+02 -2.7106E+02  2.7442E+02
0000464   3.1045E+02 -4.2898E+01 -9.6415E+01
0000465   5.4413E+02 -1.2384E+02  1.4397E+02
0000466   4.0692E+02 -4.8962E+01 -8.9886E+01
0000467   2.4070E+02 -5.4837E+01  1.6384E+02
0000468   2.5405E+02  1.5801E+01 -2.3575E+00
0000469   7.2700E+02  1.2400E+02 -1.8428E+02
0000470   5.2991E+02  8.8256E+01 -1.8634E+01
0000471   3.9959E+02 -6.7307E+01 -2.4111E+02
0000472   8.7124E+01  9.6320E+01  1.3892E+02
0000473   2.8568E+02 -6.0506E+02  2.1569E+02
0000474   2.1464E+02 -8.8772E+01 -7.0104E+01
0000475   4.5313E+02 -1.0471E+02  1.5262E+02
0000476   6.7889E+02 -8.8479E+01 -1.4767E+02
0000477   1.7154E+02  9.9987E+00 -2.2010E+02
0000478   1.4199E+02  1.3371E+02 -2.9405E+01
0000479   5.6105E+02 -3.3833E+01 -1.6536E+02
0000480   7.8866E+02  3.8887E+02  5.7457E+02
0000481   5.3363E+02 -2.3268E+02  3.9620E+01
0000482   6.5883E+02 -4.6906E+01 -3.4114E+02
0000483   3.1880E+02 -3.7627E+02 -2.4990E+02
0000484   4.6240E+02 -8.5912E+01  1.1455E+02
0000485   5.2772E+02  3.9897E+02 -1.0788E+02
0000486   7.2440E+02  1.6727E+02 -9.2990E+00
0000487   2.1753E+02  1.3497E+02 -8.0400E+01
0000488   3.5230E+02 -2.7336E+02  1.1514E+00
0000489   5.5162E+02 -2.2602E-01 -6.9328E+01
0000490   2.2329E+02 -1.0495E+02 -2.2315E+02
0000491   4.7118E+02 -1.1223E+02  2.0380E+02
0000492   2.8683E+02 -3.2934E+02  2.8288E+02
0000493   2.2586E+02 -2.9284E+02  4.8153E+01
0000494   5.3304E+02  7.8210E+01 -1.1546E+02
0000495   2.3062E+02 -1.6649E+02  7.5658E+01
0000496   6.9649E+02  6.0745E+01 -3.8629E+02
0000497   5.4020E+02  2.8184E+00 -6.6135E+01
0000498   2.0542E+02  7.3506E+02 -2.0603E+02
0000499   1.8801E+02  3.2031E+01  2.4058E+02
0000500   5.9725E+02 -2.1736E+02  7.4346E+01
0000501   5.4651E+02 -1.0774E+02  3.0920E+02
0000503   1.9073E+02 -3.3043E+02 -3.6159E+01
0000504   2.2615E+02  2.5148E+01  1.2147E+02
0000505   2.2619E+02  7.8833E+01 -5.4048E-01
0000506   5.9764E+02  6.8747E+01 -9.5952E+01
0000507   4.3269E+02 -1.4793E+02 -2.2442E+02
0000508   5.2489E+02  8.1493E+01 -2.9518E+02
0000509   1.6251E+02 -3.9236E+01  1.5694E+02
0000510   1.4156E+02  3.3694E+02 -3.4292E+02
0000511   4.1852E+02  3.5004E+02 -9.8859E+01
0000512   4.3051E+02 -3.0574E+02  3.8776E+02
0000513   5.5043E+02 -6.6177E+01 -6.0259E+01
0000514   1.1874E+02  1.4190E+02  3.1788E+02
0000515   6.4560E+02 -2.0719E+02 -1.8807E+02
0000516   3.1105E+02 -2.3304E+02  2.5553E+02
0000517   3.1256E+02 -5.6944E+01 -4.0151E+02
0000518   3.2313E+02  2.4019E+02 -1.8014E+02
0000519   2.5186E+02  2.7817E+02  9.2536E+01
0000520   5.7461E+02  3.4112E+01 -2.3479E+02
0000521   1.5136E+02  1.3921E+01 -1.5212E+02
0000522   4.5234E+02 -3.5417E+02 -2.4700E+02
0000523   5.5753E+02 -2.3771E+02  1.8422E+02
0000524   4.2209E+02 -2.3204E+02  5.9785E+01
0000525   2.9413E+01 -3.0125E+01 -2.2134E+02
0000526   7.5012E+02  2.6764E+02 -1.8333E+02
0000527   5.5326E+02  1.5145E+02  2.5900E+02
0000528   2.7574E+02 -9.0926E-01 -2.4219E+02
0000529   1.6492E+02  7.0763E+00  2.8543E+01
0000530   4.9001E+02  5.9631E+02 -1.9612E+02
0000531   3.6483E+02  1.5318E+02 -1.5564E+02
0000533   5.0642E+01  1.3185E+02  6.6491E+01
0000534   6.9071E+02 -1.0311E+02  1.9895E+02
0000535   2.3372E+02 -1.5896E+02  3.2097E+01
0000536   5.9751E+02  8.1684E+00 -3.6437E+02
0000537   2.5107E+02 -2.7345E+02  1.0170E+02
0000538   2.6115E+02 -4.0848E+02 -4.4293E+01
0000539   1.1244E+02  5.4499E+02 -8.5518E+01
0000540   4.4541E+02  3.6149E+01 -1.1523E+02
0000541   6.4792E+02 -4.4265E+01 -2.3480E+02
0000542   2.1955E+02  1.7408E+02  1.6978E+02
0000543   6.8271E+02 -4.2143E+02  2.9839E+02
0000544   2.8189E+02 -1.0665E+02 -4.4673E+02
0000545   4.0364E+02 -4.3325E+02 -2.1956E+02
0000546   5.4278E+02  1.0727E+02 -2.6537E+01
0000547   5.1167E+02 -1.1800E+02  6.0566E+01
0000548   7.6242E+02  3.0983E+02 -1.0100E+02
0000549   4.6566E+02 -7.2198E+00 -1.0760E+01
0000550   6.6288E+02  1.6007E+02 -4.2646E+02
0000551   5.2250E+02  1.7316E+02 -1.9734E+02
0000552   7.2688E+02  2.3187E+02  1.7619E+02
0000553   3.5643E+02  6.0504E-01 -2.2209E+02
0000554   2.1724E+02 -4.0846E+02  2.1996E+02
0000555   2.5473E+02  1.4242E+02 -3.2060E+02
0000556   2.0594E+02  1.3623E+02  2.5014E+02
0000557   4.0998E+02 -1.1498E+02 -2.5317E+02
0000558   4.3506E+01  2.0618E+02  7.6321E+01
0000559   4.4073E+02 -3.6120E+02 -2.0580E+02
0000560   6.7762E+02 -8.4388E+01 -2.1745E+02
0000561   5.1618E+02  4.1526E+02  1.9572E+02
0000562   1.6638E+02  2.1685E+02  1.0088E+02
0000563   5.8064E+02  2.6091E+02 -3.8522E+01
0000564   8.0919E+02 -2.9012E+02 -3.3778E+02
0000565   3.6891E+02  1.9017E+02  1.2509E+02
0000566   4.5749E+02 -6.2433E+02  3.7208E+02
0000567   3.3524E+02  7.4726E+01  2.2805E+02
0000568   4.9322E+02  1.2452E+01  2.8035E+02
0000569   4.2611E+02  1.9251E+02  1.4867E+02
0000570   1.4651E+02 -7.6595E+01  2.1207E+02
0000571   6.5294E+02  3.9947E+02 -1.9107E+02
0000572   5.4551E+02  4.8954E+02 -3.4888E+02
0000573   2.3161E+02 -5.3967E+02 -3.2005E+02
0000574   5.3731E+01 -3.5621E+01 -4.3698E+02
0000575   1.5849E+02 -3.6028E+02  2.2635E+01
0000576   3.8445E+02 -1.0707E+01 -1.7957E+02
0000577   3.8859E+02 -1.1336E+02 -8.0608E+01
0000578   3.9456E+02 -1.8378E+02 -2.8711E+02
0000579   2.8394E+02 -1.9934E+02  2.6973E+02
0000580   4.6080E+02  1.6126E+02 -2.8727E+02
0000581   3.2849E+02 -2.6792E+02 -4.8489E+01
0000582   6.6158E+02  1.1632E+02 -1.0086E+01
0000583   6.3201E+01 -1.5740E+02  3.0859E+02
0000584   5.1596E+02 -1.4700E+02  6.9897E+01
0000585   3.7151E+02 -2.1048E+02 -1.4749E+02
0000586   2.9104E+02 -4.9801E+01  3.8947E+02
0000587   2.2024E+02 -3.2107E+02  7.9959E+01
0000588   5.0841E+02  3.8100E+02  1.7044E+00
0000589   6.4686E+02 -7.2402E+01  1.9052E+02
0000590   3.8805E+02 -3.0647E+00  3.1318E+02
0000591   2.2893E+02  3.0834E+02  2.4112E+01
0000592   5.9626E+02  8.5649E+01 -2.4531E+02
0000594   2.5823E+02  2.8119E+02 -1.0773E+02
0000595   3.1341E+02  3.6369E+02 -4.1855E+02
0000596   4.6837E+02  9.3464E+01 -5.0440E+02
0000597   6.4553E+02 -1.9403E+02 -2.7676E+01
0000598   4.0544E+02 -2.9991E+02  2.0727E+02
0000599   5.0099E+02 -7.1002E+01 -7.2096E+01
0000600   5.0739E+02  7.0078E+01 -3.6246E+02
0000601   5.5555E+02  3.7048E+02 -1.6467E+02
0000602   4.9064E+01  4.1084E+02 -1.2130E+02
0000603   1.5420E+02 -4.0912E+01 -2.2141E+02
0000604   4.9632E+02  2.0375E+02 -4.0682E+02
0000605   2.0838E+02 -1.7698E+02 -1.1268E+02
0000606   2.0818E+02  1.5022E+02 -3.3130E+01
0000607   2.8544E+02 -2.1526E+02 -2.5527E+02
0000608   6.5722E+02 -2.3290E+02  1.9570E+02
0000609   3.2588E+02  1.7897E+02  3.4788E+02
0000610   4.0216E+02 -2.9420E+02 -2.0720E+02
0000611   3.7326E+02 -4.4824E+01 -2.9950E+02
0000612   2.4696E+02 -9.3095E+01 -7.6570E+01
0000613   3.1681E+02 -1.1082E+02 -4.1830E+01
0000614   2.0647E+02 -4.5618E+02  7.3929E+00
0000615   5.0269E+02  1.6094E+02  5.5579E+01
0000616   7.7423E+02 -4.3597E+01  1.4736E+01
0000617   2.6930E+02  1.6164E+01 -1.5557E+02
0000618   5.3963E+02 -4.4309E+02  2.1779E+02
0000619   2.8123E+02  2.0528E+02 -5.1490E+01
0000620   3.6871E+02  1.2238E+01 -7.6822E-01
0000621   2.9163E+02  5.1591E+01  3.4505E+02
0000622   4.8904E+02  1.7171E+02 -1.0190E+02
0000623   1.9030E+02 -4.9152E+01  2.2463E+02
0000624   3.7680E+02  1.7232E+02  6.7688E+01
0000625   5.3285E+02 -1.5130E+02  4.7581E+00
0000626   5.1916E+02  2.8199E+02  4.5333E+01
0000627   2.4600E+02 -2.2898E+02 -8.3478E+00
0000628   7.5166E+02 -3.7376E+01  1.8827E+02
0000629   3.6518E+02  1.7864E+02  2.1356E+02
0000630   3.9544E+02 -2.0888E+01 -4.4960E+02
0000631   1.1649E+02  6.8008E+01 -1.4551E+02
0000632   5.2327E+02  2.1139E+02 -5.2908E+02
0000633   5.3726E+02 -3.7200E+01  2.3519E+02
0000634   6.6658E+02 -7.2344E+01 -1.5127E+00
0000635   3.6569E+02  2.7633E+02  4.9402E+02
0000636   2.5579E+02  3.0069E+01  2.9342E+02
0000637   4.4345E+02 -2.1695E+02 -3.5030E+01
0000638   1.8563E+02  4.5015E+02  2.1446E+02
0000639   2.6111E+02 -1.0131E+02 -1.6136E+02
0000640   1.7799E+02  3.8396E+02  1.9507E+02
0000641   4.5578E+02 -1.9820E+02  1.8549E+02
0000642   5.5504E+02 -2.9145E+02 -6.3766E+01
0000643   3.5633E+02  6.5252E+01  2.2588E+02
0000644   4.0697E+02 -1.3966E+01 -4.8401E+02
0000645   3.2299E+02 -3.6888E+01  3.1298E+02
0000647   6.8040E+02  2.6435E+02  3.1799E+02
0000648   5.4218E+02  8.6669E+01  4.3457E+02
0000649   7.5189E+02 -2.9364E+02 -1.8714E+02
0000650   5.9186E+02  3.3710E+02  1.8271E+02
0000651   5.5142E+02  1.7544E+02 -6.5346E+00
0000653   6.3615E+02 -1.6481E+02  4.2725E+01
0000654   1.0610E+01  2.0800E+01  5.2221E+01
0000655   2.7489E+02  5.7166E+01 -1.7065E+02
0000656   1.8612E+02  2.7356E+02 -2.3938E+02
0000657   1.1581E+02 -8.0107E+01  3.1860E+02
0000658   3.7217E+02 -4.8606E+01 -2.8302E+02
0000659   6.3010E+02  7.6404E+01  1.9580E+01
0000660   3.8659E+02 -2.8292E+02 -6.6477E+01
0000661   2.0851E+02  8.8564E+00  2.3046E+02
0000662   5.0141E+02  1.0956E+02 -8.2903E+01
0000663   3.5615E+02  2.2255E+02 -1.1841E+00
0000665   2.8619E+02 -1.3360E+02 -2.3427E+01
0000666   1.5937E+02  1.9893E+01 -2.6821E+02
0000667   4.3522E+02  7.8838E+01 -2.0966E+02
0000668   3.0211E+02  3.4602E+01 -3.1860E+02
0000669   1.8861E+02 -1.1767E+01  1.4396E+02
0000670   3.5997E+02 -1.6390E+02 -1.2653E+02
0000671   1.0849E+02 -1.8541E+02  9.7056E+01
0000672   4.4242E+02 -1.4657E+02  6.9374E+02
0000673   7.0132E+02 -2.3676E+02  1.3713E+02
0000674   4.0268E+01 -3.6776E+02  1.1038E+02
0000675   5.8421E+02 -3.7060E+01  6.3493E+01
0000676   4.3826E+02  2.9163E+02  2.5279E+02
0000677   7.0377E+02  2.6284E+02 -1.2295E+02
0000678   3.9073E+02 -1.6176E+02 -3.3544E+01
0000679   3.9437E+02 -2.0341E+02 -1.6078E+01
0000680   6.3348E+01  6.3852E+01  2.0416E+02
0000681   5.0544E+02  3.2581E+02 -7.8324E+01
0000682   5.2011E+02  1.5389E+02 -2.6326E+02
0000683   2.7880E+02  2.2102E+01  1.9704E+02
0000684   5.8845E+02 -3.6353E+02 -2.3967E+01
0000685   7.1864E+02  9.0606E+01  1.3485E+02
0000686   6.3251E+02 -3.3009E+02 -5.0042E+02
0000687   8.6660E+02 -5.8584E+01 -3.9993E+01
0000688   4.5717E+02  7.8547E+01  4.2601E+02
0000689   1.5219E+02  1.9046E+01 -9.6569E+01
0000690   4.2495E+02 -8.8404E+01  1.3278E+02
0000691   1.6549E+02 -1.8715E+01 -1.1111E+02
0000692   3.6627E+02  2.7604E+02  1.6930E+02
0000693   2.5061E+02 -2.2986E+01 -1.0655E+02
0000694   3.0064E+02  8.2223E+00  8.8307E+01
0000695   4.3237E+02  3.3497E+01 -1.9410E+02
0000696   1.5639E+02  3.2509E+02 -1.5770E+02
0000697   2.8092E+02  3.1357E+01  6.9537E+01
0000698   3.3109E+02 -2.0212E+02 -2.1894E+01
0000699   3.3284E+02  1.0818E+02  1.1229E+02
0000700   1.0444E+02 -2.5985E+02  1.4150E+02
0000701   2.0474E+02  3.5994E+02 -4.9781E+01
0000702   8.8959E+02 -2.9974E+02  1.7655E+02
0000704   3.8498E+02  1.4601E+02  2.1951E+02
0000705   5.5076E+02  3.3528E+02 -4.1797E+02
0000706   5.3870E+02 -4.6971E+01  7.1814E+01
0000707   2.8601E+02  2.0936E+02 -2.3655E+01
0000708   6.9432E+02  5.2537E+01  1.2557E+01
0000709   1.5688E+02  2.6939E+01 -1.1029E+02
0000710   1.3663E+02 -9.2267E+01 -2.5160E+02
0000711   3.7907E+02  7.1444E+00  1.7239E+02
0000712   1.0513E+02 -1.4688E+00  6.5346E+02
0000713   5.6154E+02 -1.0892E+02  3.0413E+02
0000714   2.0518E+02 -4.8561E+00 -4.1204E+01
0000715   5.0060E+02 -9.9784E+01 -3.6329E+02
0000716   1.7948E+02  3.4054E+02  1.1560E+00
0000717   1.1899E+02 -8.5303E+01  1.5088E+01
0000718   2.9969E+02 -3.9340E+01 -1.6415E+01
0000719   2.9674E+02 -4.8272E+01  7.3752E+00
0000720   2.3356E+02  3.7606E+02 -3.4511E+02
0000721   2.3459E+02 -3.4515E+02  7.6715E+01
0000722   6.0424E+02  7.2813E+01  4.9124E+02
0000723   3.4886E+02  1.3308E+02 -2.1698E+02
0000724   2.5091E+02 -2.3356E+02  3.1006E+02
0000725   4.5934E+02 -3.2278E+01  1.2423E+01
0000726   2.8584E+02  3.7229E+00  3.4678E+02
0000727   5.8717E+02  2.0891E+02  4.7897E+02
0000728   6.4100E+02  2.5023E+02 -1.0399E+02
0000729   3.4264E+02 -2.1072E+02 -1.5891E+02
0000731   4.6168E+02 -9.4324E+01  1.1566E+02
0000732   3.0210E+02  1.6394E+02  2.4821E+02
0000733   2.4017E+02  3.3137E+00 -7.9900E+00
0000734   5.1964E+02  8.8183E+01  1.5675E+02
0000735   2.1942E+02  1.4034E+01  4.2062E+01
0000736   2.9517E+02 -4.2367E+02  3.4369E+02
0000737   6.9289E+02  1.5406E+02  1.2992E+02
0000738   5.8955E+02  1.0018E+02 -2.6681E+01
0000739   7.5282E+02 -3.7270E+02  2.8138E+01
0000740   3.8198E+02  6.8547E+01  9.7773E+01
0000741   4.6564E+02 -1.3813E+02  5.0286E+00
0000742   1.6829E+02  8.1105E+01 -3.1912E+02
0000743   1.7980E+02 -7.6144E+01 -2.3811E+01
0000744   1.2970E+02 -2.0166E+02  5.0355E+01
0000745   5.7292E+02  9.5177E+01 -3.5221E+01
0000746   2.5649E+02  5.6413E+01  1.6127E+02
0000748   5.4104E+02  3.0038E+02 -2.5239E+01
0000749   1.7044E+02  1.1115E+02 -7.8618E+01
0000750   2.2603E+02  7.6002E+01  6.3920E+01
0000752   6.4947E+02  1.3470E+02  2.4024E+02
0000753   4.6080E+02 -1.5972E+01  2.8690E+02
0000754   2.8078E+02 -1.6244E+02  5.4298E+01
0000755   3.7678E+02 -2.0618E+02 -4.1486E+01
0000756   5.6290E+02  1.3763E+02  3.4829E+02
0000757   2.8534E+02  2.8023E+02  4.5921E+00
0000758   6.0456E+02 -2.5044E+02 -6.3668E+01
0000759   5.9836E+02 -1.2170E+01 -2.8488E+02
0000760   1.8159E+02  2.0525E+02 -6.0252E+01
0000761   6.2810E+02  6.4220E+01 -1.6822E+02
0000762   2.1943E+01 -3.5184E+02  1.9032E+02
0000763   3.9025E+02  1.1600E+02 -3.0589E+01
0000764   5.3175E+02 -3.5810E+02 -5.6196E+01
0000765   3.6012E+02 -1.6926E+02  1.4538E+02
0000766   3.8973E+02 -1.4587E+02  9.1640E+01
0000767   5.7600E+02  8.9321E+01 -1.9295E+01
0000768   6.8874E+02  5.3053E+01  7.5439E+00
0000769   4.0402E+02  1.4241E+02  3.3205E+02
0000770   2.7812E+02 -3.8896E+02 -7.4118E+01
0000771   4.2834E+02  2.7881E+02 -5.5772E+02
0000772   2.7794E+02 -1.6952E+02  1.8630E+01
0000773   3.5586E+02 -3.0169E+02  1.9210E+02
0000774   6.1488E+02  2.9569E+02 -2.4506E+02
0000775   2.1489E+02  3.1318E+02  5.5681E+01
0000776   6.7446E+02  5.0630E+01  4.5163E+02
0000777   7.3538E+02  1.8211E+02 -2.7618E+02
0000779   1.1685E+02 -3.4262E+00  3.0857E+02
0000780   3.0692E+02 -1.5930E+02 -1.3762E+02
0000781   2.7215E+02  8.6153E+01  1.5885E+02
0000782   2.1860E+02  4.6067E+00 -2.9754E+02
0000783   3.5829E+02 -4.5730E+01 -3.1183E+02
0000784   4.6534E+02  3.7792E+02 -3.7316E+02
0000785   1.7677E+02  3.4617E+02  1.8505E+02
0000786   6.7618E+02 -5.8153E+01 -1.3222E+01
0000787   5.0452E+02  1.5626E+02 -1.2882E+02
0000788   7.7614E+02  1.9807E+02  1.8396E+02
0000789   2.5018E+02 -2.4131E+02  2.6183E+02
0000790   2.3897E+02 -6.0506E+01 -2.2957E+02
0000791   2.5870E+02  2.3465E+01  1.3985E+01
0000792   5.2740E+02 -2.6664E+01  6.7180E+01
0000793   3.3671E+02 -3.5856E+02 -7.6501E+01
0000794   3.8551E+02 -2.7374E+02  2.5880E+02
0000795   5.4464E+02 -2.1853E+02 -1.4994E+02
0000796   1.8008E+02 -1.9496E+02 -3.2401E+02
0000797   9.3127E+01  5.3597E+01 -2.7738E+02
0000798   3.6434E+02  3.1729E+02 -1.9708E+02
0000799   4.1682E+02  2.3412E+02  3.2235E+02
0000800   1.8622E+02 -2.7871E+02  1.7703E+02
0000801   1.5229E+02  3.7235E+02 -6.9632E+01
0000802   7.9961E+02 -1.3943E+02 -5.5058E+01
0000803   1.9659E+02  3.5349E+02  2.7731E+02
0000804   2.1021E+02  1.1849E+02 -5.8235E+02
0000805   4.4900E+02  2.1304E+02 -1.4550E+02
0000806   4.1180E+02 -4.3681E+01 -1.3055E+02
0000807   7.8464E+02  2.9594E+01 -1.1028E+01
0000808   4.8325E+02 -1.3735E-01  8.0449E-01
0000809   6.3405E+02 -1.4643E+02 -3.6513E+02
0000810   6.3018E+02  1.9867E+01  9.2526E+01
0000811   2.9939E+02 -3.6022E+02  1.6444E+02
0000812   3.2026E+02  3.4054E+02  1.9188E+02
0000813   1.6976E+02  3.7794E+02  2.0406E+02
0000814   2.9546E+02 -2.9046E+02 -8.5732E+01
0000815   5.2435E+01  1.2884E+02 -1.4785E+02
0000816   4.3545E+02  1.2824E+02  1.1368E+02
0000817   6.5598E+02  1.1019E+02 -2.7904E+02
0000818   7.2239E+02  6.7473E+01 -1.5534E+02
0000819   2.3952E+02 -4.3522E+02 -5.5434E+02
0000820   5.2473E+02 -2.2371E+02  2.5317E+02
0000821   3.7235E+01 -4.6260E+00 -6.8544E+01
0000822   2.3271E+02 -1.7659E+02 -1.0823E+02
0000823   7.3494E+02  1.9621E+02  4.4767E+02
0000824   2.6305E+02  4.9152E+01  3.3302E+02
0000825   3.5670E+02  1.8895E+02  8.7111E+01
0000826   3.0805E+02 -6.3449E+01 -3.4024E+01
0000827   1.5556E+02 -3.3372E+02 -1.3045E+02
0000828   6.0054E+01 -1.4276E+01 -1.0921E+02
0000829   6.9478E+01 -1.0889E+02 -7.9198E+01
0000830   3.3571E+02 -2.0704E+02 -3.1528E+02
0000831   1.7726E+02 -1.6806E+02 -6.2252E+01
0000832   6.1252E+02 -7.2674E+01 -2.7140E+02
0000833   3.4315E+02 -8.1029E+01  9.9169E+01
0000834   6.0914E+02  1.0395E+02  2.0560E+02
0000835   4.5119E+02  1.4838E+02 -2.7761E+02
0000836   3.0307E+02 -1.6897E+02 -1.2636E+02
0000837   5.9371E+02  1.6615E+02 -2.2704E+02
0000838   2.9585E+02  4.0981E+02  3.4394E+02
0000839   5.4069E+02 -1.8117E+02 -1.9914E+02
0000840   4.2379E+02 -4.6866E+01  4.9332E+02
0000841   4.0856E+02 -1.1546E+02 -1.5205E+02
0000842   4.8802E+02 -4.3135E+02 -1.4860E+02
0000843   5.0608E+02 -1.9696E+02 -2.1913E+02
0000844   4.5403E+02 -2.9664E+02 -3.7786E+02
0000845   6.2317E+02  1.2637E+02 -1.6894E+02
0000846   6.8622E+02 -1.0287E+02  2.6880E+02
0000847   3.6249E+02 -4.5268E+02 -1.6836E+01
0000848   1.2639E+02  1.5759E+02 -4.0405E+02
0000849   5.9009E+02  1.2275E+02  1.0569E+02
0000850   2.8588E+02 -3.2745E+02 -2.9466E+02
0000851   2.5066E+02  4.0965E+02  4.4709E+01
0000852   3.7883E+02  2.6732E+02 -1.9931E+02
0000853   2.4804E+02 -1.0051E+02  3.3725E+00
0000854   5.8204E+02 -4.3814E+01 -1.4657E+02
0000855   2.9533E+02  1.5341E+02 -2.6490E+02
0000856   1.5269E+02 -3.2850E+01  8.2362E+01
0000857   5.2410E+02  8.0432E+01  2.0678E+02
0000858   2.6405E+02  3.2313E+01 -4.6355E+02
0000859   5.1296E+02 -4.4923E+01  8.9614E+00
0000860   1.6871E+02 -2.4501E+02  2.6240E+02
0000861   3.9308E+02  5.3427E+01 -3.4143E+02
0000863   1.4275E+02 -1.2005E+02 -1.4309E+02
0000864   4.0497E+02  1.3326E+02 -1.8623E+02
0000865   4.1314E+02 -4.9854E+01 -7.1021E+00
0000866   4.9965E+02 -1.9210E+02  3.1219E+02
0000867   3.3592E+02 -1.3460E+02  1.3105E+02
0000868   1.2208E+02  1.5033E+02 -2.7634E+01
0000869   3.5331E+02 -1.5818E+02  1.4558E+02
0000870   1.8462E+02 -4.9797E+02 -7.8056E+01
0000871   3.7048E+02 -1.8891E+02  3.1890E+02
0000872   3.2018E+02  3.9029E+02 -3.8077E+02
0000873   4.0106E+02 -2.9757E+01  1.3662E+01
0000874   1.4761E+02  1.1136E+02 -8.3850E+00
0000875   3.6318E+01  1.9971E+01 -2.0566E+02
0000876   3.2654E+02  7.9611E+00 -3.8363E+02
0000877   3.4097E+02 -1.2259E+02 -7.6840E+01
0000878   1.4556E+02  9.3434E+01  1.3207E+02
0000879   1.2862E+02  2.6540E+02  1.5852E+02
0000880   1.2745E+02  1.6885E+02  4.3639E+02
0000881   2.0830E+02 -5.8162E+01  1.9986E+02
0000883   3.0229E+02  4.8572E+02 -1.1636E+02
0000884   6.0451E+02 -1.1679E+02 -4.1721E+02
0000885   4.2296E+02  6.1175E+00  1.3789E+02
0000886   6.2590E+02 -7.3064E+01 -3.4078E+01
0000887   6.9101E+02 -1.2240E+02  3.2302E+02
0000888   9.2708E+00 -9.1087E+01  1.5827E+02
0000889   2.0488E+02 -6.6230E+01  1.4619E+02
0000890   3.1729E+02 -4.9371E+01  2.0425E+02
0000891   3.1334E+02  3.1482E+02  2.0063E+01
0000892   6.3008E+02 -2.3585E+02 -3.4861E+01
0000893   1.7783E+02 -2.1462E+02 -1.2497E+02
0000894   9.3061E+01 -1.5004E+02 -7.6300E+01
0000895   6.7980E+02  3.4880E+02 -1.7544E+01
0000896   6.3989E+02  1.0725E+02 -5.6327E+02
0000897   5.2554E+02  8.9648E+01 -2.3758E+02
0000898   2.0692E+02 -1.5687E+02 -9.6375E+01
0000899   4.1611E+02  3.6131E+02 -9.7598E+01
0000900   1.2508E+02 -3.7131E+02 -9.4899E+01
0000901   6.8837E+02  3.9631E+01  2.6232E+02
0000902   2.9417E+02  1.0725E+02 -1.6013E+02
0000903   7.3766E+02  9.7216E+01 -2.7607E+02
0000904   4.1720E+02  4.1652E+02  5.1508E+01
0000905   2.6187E+02 -8.8519E-01 -1.0190E+02
0000906   1.6752E+02 -2.4907E+02 -3.0544E+01
0000907   6.2849E+02  1.2985E+02 -1.5386E+02
0000908   6.2597E+02 -5.4336E+02 -2.3559E+02
0000909   1.4880E+02  1.2945E+02  9.0969E+01
0000910   2.3898E+02  1.1392E+02  1.3680E+01
0000911   5.2526E+02 -1.3565E+02 -1.8165E+02
0000913   2.1262E+02 -1.8639E-01  1.0099E+02
0000914   4.2602E+02  2.3317E+01  3.0771E+02
0000916   1.6042E+02  2.9628E+02  2.6779E+02
0000917   2.7019E+02 -1.7913E+02 -1.9497E+02
0000918   1.2510E+02 -2.4316E+02  6.2189E+01
0000919   6.5746E+02  3.0661E+01  3.7889E+02
0000920   3.4862E+02 -3.4106E+01 -5.0095E+01
0000921   5.0863E+02 -2.8611E+02 -2.3842E+02
0000922   2.1103E+02 -1.5781E+02 -5.6094E+01
0000923   5.7793E+02  1.9756E+02 -3.2296E+01
0000924   4.0905E+02 -5.4881E+01 -1.3853E+02
0000925   6.5185E+02 -2.4555E+02  1.2063E+02
0000926   2.9270E+02  1.0458E+02 -2.4072E+02
0000927   2.8593E+02 -1.8142E+02  7.5266E+01
0000928   4.2522E+02 -7.7934E+01 -1.9711E+02
0000929   2.3488E+02  3.9201E+01  2.0414E+02
0000930   9.0058E+00 -3.8985E+01  4.5023E+02
0000931   3.0530E+02 -1.4630E+02 -9.1043E+01
0000932   3.1520E+02  9.4253E+01 -1.3489E+02
0000933   6.4132E+02  2.4255E+02 -1.6767E+02
0000934   7.3564E+02 -2.0500E+02 -1.6509E+01
0000935   1.0911E+02 -1.6026E+02  5.9889E+01
0000936   4.2752E+02  1.9620E+02  3.3240E+02
0000937   2.9353E+02 -1.7586E+02 -1.4581E+02
0000938   7.5946E+02 -2.1703E+02 -5.0809E+01
0000939   5.8120E+02  2.1981E+01  2.9046E+02
0000940   9.2010E+02 -2.2753E+02 -1.4463E+01
0000941   2.3983E+02 -8.5909E+01  1.4695E+01
0000942   4.4047E+02  3.5364E+02  6.0510E+01
0000943   2.8263E+02  2.0229E+02  2.8439E+01
0000944   2.6792E+02  1.4019E+02 -1.9602E+02
0000945   4.3743E+02 -3.3504E+01 -1.6090E+02
0000946   7.8526E+02 -2.8364E+02 -9.8610E+01
0000947   5.2944E+02  4.8204E+01 -2.8810E+02
0000948   2.4002E+02  2.2252E+01 -7.5708E+00
0000949   1.6692E+02 -2.1342E+00 -1.3309E+01
0000950   2.7423E+02 -3.0165E+02  3.9516E+01
0000951   5.8404E+02  2.6425E+01 -1.8787E+02
0000952   2.8548E+02  8.3501E+01 -2.5959E+02
0000953   4.9384E+02 -1.5941E+02  2.8933E+02
0000954   1.0836E+02 -5.7324E+01  2.7620E+02
0000955   6.0546E+02 -1.8208E+02  4.6528E+02
0000956   4.1863E+02  2.4745E+02  9.6426E+01
0000957   2.8616E+02 -7.0480E+01 -3.6509E+02
0000958   2.0916E+02 -2.8470E+02  7.1320E+01
0000959   2.8487E+02 -2.4086E+02 -1.5328E+02
0000960   2.2441E+02  1.6262E+02  4.1462E+01
0000961   3.8983E+02 -1.5770E+01 -1.5907E+02
0000962   4.7924E+02  2.3530E+02 -2.0514E+02
0000963   4.7704E+01  1.3641E+02  1.7901E+02
0000964   1.3945E+02 -1.2657E+02 -2.3075E+02
0000965   5.2313E+02  2.9116E+02 -1.8208E+02
0000966   4.8366E+02  3.8590E+02 -2.9007E+02
0000967   2.3843E+02 -3.0257E+02 -2.7978E+02
0000968   5.2834E+02 -2.3367E+02 -5.8602E+02
0000969   7.6170E+02 -3.3899E+02 -1.2623E+02
0000970   7.9166E+02  3.9366E+01  1.6796E+02
0000971   2.6227E+02 -1.0523E+02  1.7403E+02
0000972   2.6591E+02  1.2638E+02  1.2059E+02
0000973   1.5114E+02 -9.1109E+01  1.1300E+02
0000974   6.0262E+02 -8.2926E+01 -3.6315E+02
0000975   4.5780E+02 -1.5711E+01 -2.8113E+02
0000976   2.6169E+02  3.3685E+02  7.7304E+01
0000977   6.2269E+02  1.1712E+02  5.6109E+01
0000978   6.1106E+02  1.5377E+02  4.4556E+02
0000979   6.5427E+02  2.4048E+02  1.6898E+02
0000980   3.8458E+02 -3.2968E+02 -5.5032E+02
0000981   2.8156E+02 -1.3653E+02  8.7497E+01
0000982   2.8549E+02 -7.8335E+01  1.6731E+02
0000983   3.5482E+02 -3.9011E+01 -2.2000E+01
0000984   1.9678E+02 -9.1191E+01 -2.0521E+02
0000985   3.4019E+02  5.5529E+02 -1.1086E+02
0000986   5.5332E+02 -1.7754E+02 -8.8513E+01
0000987   3.1961E+02  3.2059E+02  1.2492E+02
0000988   2.7705E+02 -8.1622E+01 -1.8740E+02
0000989   1.8762E+02  1.3458E+02  2.5488E+02
0000990   9.1425E+01 -2.9238E+02  6.0209E+01
0000991   3.4423E+02 -2.5566E+02  1.2236E+02
0000992   2.8894E+02 -1.1687E+02 -1.6904E+02
0000993   3.1016E+02  1.4276E+02 -1.8995E+02
0000995   5.7206E+02 -6.9902E+00 -3.1588E+02
0000996   2.3087E+02 -2.7232E+02  1.1169E+02
0000997   4.2674E+02 -2.7636E+02 -4.0632E+02
0000998   7.8553E+02  1.1543E+02  2.4719E+02
0000999   4.1835E+02  1.8766E+02 -4.0653E+00
0001000   3.3367E+02  5.5938E+01 -2.9692E+02
